2015-03-23 00
<HTML>
<TITLE>University of Wyoming - Radiosonde Data</TITLE>
<BODY BGCOLOR="white">
<H2>96749 WIII Jakarta Observations at 00Z 23 Mar 2015</H2>
<PRE>
-----------------------------------------------------------------------------
   PRES   HGHT   TEMP   DWPT   RELH   MIXR   DRCT   SKNT   THTA   THTE   THTV
    hPa     m      C      C      %    g/kg    deg   knot     K      K      K 
-----------------------------------------------------------------------------
 1009.0      8   23.6   22.8     95  17.67      0      0  296.0  347.0  299.1
 1008.0     17   23.6   21.9     90  16.72     17      0  296.1  344.4  299.0
 1000.0     88   23.8   21.1     85  16.03    155      2  296.9  343.4  299.8
  986.0    212   25.0   20.3     75  15.46    155      3  299.4  344.7  302.1
  976.0    302   24.7   19.9     75  15.28    155      4  299.9  344.8  302.6
  925.0    773   23.0   18.1     74  14.34    240      6  302.8  345.5  305.4
  913.0    887   22.8   16.8     69  13.36    258      6  303.8  343.7  306.2
  912.0    896   22.7   16.8     69  13.34    260      6  303.8  343.7  306.2
  851.0   1496   18.5   14.3     77  12.22    280      2  305.4  342.2  307.6
  850.0   1506   18.4   14.3     77  12.20    285      2  305.4  342.2  307.6
  822.0   1791   17.0   12.1     73  10.92    345      2  306.8  340.0  308.8
  794.0   2085   15.5    9.9     69   9.71    355      4  308.3  338.1  310.1
  766.0   2390   13.9    7.5     65   8.57     20      6  309.8  336.4  311.4
  746.0   2615   12.8    5.8     62   7.81     57      5  310.9  335.3  312.4
  739.0   2694   12.5    5.6     63   7.79     70      4  311.4  335.8  312.9
  713.0   2994   11.2    5.0     65   7.70     80      2  313.2  337.5  314.7
  700.0   3148   10.6    4.6     66   7.65     75      4  314.2  338.4  315.6
  688.0   3291    9.9    2.9     62   6.92     70      4  315.0  337.1  316.3
  652.0   3737    7.8   -2.2     49   5.02     92      5  317.5  333.8  318.4
  616.0   4198    4.8   -4.0     53   4.64    115      6  319.3  334.6  320.2
  594.0   4494    3.0   -5.2     55   4.40    130      4  320.4  335.0  321.3
  561.0   4958    0.0   -7.0     59   4.05    107      4  322.2  335.8  323.0
  551.0   5100   -0.9   -7.5     61   3.96    100      4  322.8  336.2  323.6
  531.0   5393   -2.6   -8.7     63   3.76    320      4  324.1  336.9  324.9
  511.0   5698   -4.5   -9.8     66   3.56    330      4  325.5  337.7  326.2
  500.0   5870   -5.5  -10.5     68   3.46     15      2  326.3  338.1  326.9
  499.0   5886   -5.5  -10.5     68   3.46     20      2  326.5  338.4  327.1
  494.0   5965   -5.9  -15.9     45   2.25     45      2  326.9  334.8  327.4
  492.0   5997   -6.1  -15.6     47   2.32     55      2  327.0  335.2  327.5
  473.0   6304   -8.4  -12.7     71   3.05    100      2  327.9  338.5  328.5
  467.0   6404   -9.1  -11.8     81   3.34    131      2  328.2  339.8  328.9
  455.0   6605  -10.1  -14.8     69   2.69    195      2  329.4  338.8  329.9
  435.0   6951  -11.9  -19.9     51   1.82    166      3  331.4  338.0  331.8
  432.0   7005  -12.1  -18.1     61   2.14    162      3  331.8  339.5  332.2
  426.0   7112  -12.7  -22.7     43   1.46    153      3  332.4  337.7  332.6
  421.0   7202  -13.5  -17.6     71   2.29    145      3  332.5  340.7  332.9
  405.0   7496  -15.6  -20.4     67   1.87    120      4  333.4  340.2  333.8
  400.0   7590  -16.3  -21.3     65   1.76    115      4  333.7  340.1  334.1
  317.0   9288  -28.4  -34.2     57   0.67     60      6  339.8  342.4  339.9
  300.0   9690  -31.3  -37.3     55   0.52     60      8  341.1  343.2  341.2
  276.0  10278  -36.1  -42.1     54   0.34     71      9  342.4  343.9  342.5
  258.0  10745  -40.1  -44.7     61   0.28     79     10  343.2  344.4  343.3
  256.0  10798  -40.5                          80     10  343.3         343.3
  250.0  10960  -41.9                          90     10  343.6         343.6
  245.0  11093  -43.0                          95     10  343.9         343.9
  214.0  11984  -50.5                          90     14  345.8         345.8
  204.0  12300  -53.2                         115     14  346.4         346.4
  200.0  12430  -54.3                         115     14  346.6         346.6
  177.0  13186  -59.8                          85     16  349.9         349.9
  169.0  13472  -61.9                         105     12  351.1         351.1
  161.0  13772  -64.1                          90      6  352.3         352.3
  153.0  14087  -66.4                         330      2  353.5         353.5
  150.0  14210  -67.3                         300      4  354.0         354.0
  145.0  14406  -68.8                         250      6  354.9         354.9
  125.0  15262  -75.2                         195     14  358.6         358.6
  107.0  16160  -82.0                         175     10  362.1         362.1
  100.0  16550  -84.9                         120     12  363.4         363.4
   96.0  16777  -84.4                          75     16  368.8         368.8
   86.0  17390  -83.0                          95     25  383.4         383.4
   81.0  17723  -82.2                          90     19  391.6         391.6
   77.0  18005  -81.5                          25     16  398.7         398.7
   73.4  18272  -80.9                          38     11  405.5         405.5
   73.0  18302  -80.6                          40     10  406.7         406.7
   70.0  18540  -78.5                          75     12  416.1         416.1
   69.0  18623  -78.2                          85     12  418.6         418.6
   66.0  18880  -77.1                          90      8  426.1         426.1
   62.0  19241  -75.7                          65      6  437.0         437.0
   59.0  19527  -74.6                          85     16  445.8         445.8
   56.0  19828  -73.4                          75     21  455.2         455.2
   54.9  19943  -72.9                          79     20  458.9         458.9
   52.8  20174  -67.7                          85     19  476.1         476.1
   50.0  20500  -69.3                          95     17  479.8         479.8
   47.8  20767  -70.5                         100     23  483.1         483.1
   46.0  20997  -68.3                         105     29  493.6         493.6
   44.2  21236  -66.1                         102     32  504.8         504.8
   34.0  22850  -61.2                          85     54  556.9         556.9
   30.0  23620  -58.9                          95     51  583.5         583.5
   23.3  25234  -54.5                          95     60  640.0         640.0
   23.0  25317  -54.3                          95     60  643.0         643.0
   22.0  25601  -53.5                          90     60  653.5         653.5
   20.0  26210  -51.9                          95     52  676.6         676.6
   18.0  26898  -50.5                         100     51  701.5         701.5
   15.1  28046  -48.3                          76     22  745.0         745.0
   15.0  28090  -47.6                          75     21  748.7         748.7
   14.6  28269  -44.9                          16     21  763.6         763.6
   14.0  28548  -45.8                         285     21  769.8         769.8
   13.0  29040  -47.4                         325     10  780.7         780.7
   12.7  29195  -47.9                         325      9  784.2         784.2
   12.3  29408  -43.3                         325      9  807.6         807.6
   12.0  29574  -43.4                         325      8  813.1         813.1
   11.0  30159  -43.5                         235     17  833.0         833.0
   10.0  30800  -43.7                         255     17  855.3         855.3
    9.0  31512  -41.6                         265     25  889.6         889.6
    8.7  31741  -40.9                                     900.9         900.9
</PRE><H3>Station information and sounding indices</H3><PRE>
                         Station identifier: WIII
                             Station number: 96749
                           Observation time: 150323/0000
                           Station latitude: -6.11
                          Station longitude: 106.65
                          Station elevation: 8.0
                            Showalter index: 0.51
                               Lifted index: -0.40
    LIFT computed using virtual temperature: -0.70
                                SWEAT index: 177.60
                                    K index: 32.20
                         Cross totals index: 19.80
                      Vertical totals index: 23.90
                        Totals totals index: 43.70
      Convective Available Potential Energy: 65.08
             CAPE using virtual temperature: 104.01
                      Convective Inhibition: -269.09
             CINS using virtual temperature: -198.75
                           Equilibrum Level: 310.08
 Equilibrum Level using virtual temperature: 306.84
                   Level of Free Convection: 551.68
             LFCT using virtual temperature: 586.65
                     Bulk Richardson Number: 59.75
          Bulk Richardson Number using CAPV: 95.50
  Temp [K] of the Lifted Condensation Level: 292.46
Pres [hPa] of the Lifted Condensation Level: 924.41
   Equivalent potential temp [K] of the LCL: 344.46
     Mean mixed layer potential temperature: 299.12
              Mean mixed layer mixing ratio: 15.52
              1000 hPa to 500 hPa thickness: 5782.00
Precipitable water [mm] for entire sounding: 50.47
</PRE>
<P>Description of the 
<A HREF="/upperair/columns.html">data columns</A>
or <A HREF="/upperair/indices.html">sounding indices</A>.

<P>
<FORM>
<INPUT CLASS="button" TYPE="button" VALUE=" Close this window " 
 onClick="window.close();">
<INPUT CLASS="button" TYPE="button" VALUE=" Select another map " 
 onClick="window.blur();">
</FORM>
<HR SIZE="1">
<I>Interested in graduate studies in atmospheric science?
Check out our program at the
<a href="http://www.uwyo.edu/atsc/howtoapply/"
target=_top>University of Wyoming
</a></I>
<HR SIZE="1"><FONT SIZE="-1">
Questions about the weather data provided by this site can be
addressed to <A HREF="mailto:ldoolman@uwyo.edu">
Larry Oolman (ldoolman@uwyo.edu)</A></FONT>
<HR SIZE="1">
<SCRIPT TYPE="text/javascript">
<!--
window.focus();
// -->
</SCRIPT>
</BODY>
</HTML>
