2013-04-29 00
<HTML>
<TITLE>University of Wyoming - Radiosonde Data</TITLE>
<BODY BGCOLOR="white">
<H2>96749 WIII Jakarta Observations at 00Z 29 Apr 2013</H2>
<PRE>
-----------------------------------------------------------------------------
   PRES   HGHT   TEMP   DWPT   RELH   MIXR   DRCT   SKNT   THTA   THTE   THTV
    hPa     m      C      C      %    g/kg    deg   knot     K      K      K 
-----------------------------------------------------------------------------
 1009.0      8   25.6   23.7     89  18.69    150      4  298.0  352.5  301.3
 1000.0     88   26.6   22.0     76  16.96    145      8  299.8  349.6  302.8
  992.0    159   26.8   20.8     70  15.86    140     11  300.6  347.4  303.5
  976.0    303   26.1   20.1     70  15.43    130     16  301.3  347.0  304.1
  925.0    776   23.8   17.8     69  14.06    120     19  303.6  345.7  306.2
  912.0    899   23.1   16.9     68  13.46    115     19  304.1  344.4  306.6
  850.0   1511   19.4   12.4     64  10.75    115     16  306.4  339.1  308.4
  797.0   2063   16.8    9.8     63   9.63    129     10  309.4  339.1  311.2
  794.0   2095   16.6    9.6     63   9.51    130     10  309.5  338.9  311.3
  766.0   2397   14.9    7.3     60   8.44    155     10  310.9  337.1  312.4
  739.0   2700   13.2    5.0     58   7.47    110     10  312.2  335.7  313.6
  713.0   3002   11.5    2.8     55   6.59    210      2  313.5  334.4  314.8
  700.0   3157   10.6    1.6     54   6.18    235      2  314.2  333.9  315.4
  688.0   3300    9.8    0.7     53   5.88    255      2  314.9  333.7  316.0
  640.0   3896    6.4   -3.1     50   4.76     65      4  317.6  333.2  318.5
  617.0   4198    4.7   -5.1     49   4.27    185      8  319.0  333.1  319.8
  602.0   4401    3.6   -6.4     48   3.96    169      5  319.9  333.1  320.7
  594.0   4509    2.7   -5.0     57   4.45    160      4  320.1  334.9  321.0
  588.0   4592    2.0   -4.0     64   4.86    161      4  320.2  336.3  321.2
  587.0   4606    2.2   -6.8     51   3.93    162      4  320.6  333.8  321.4
  582.0   4675    1.8   -2.5     73   5.50    163      4  320.9  339.0  322.0
  579.0   4717    1.6   -4.4     64   4.79    164      4  321.2  337.1  322.1
  573.0   4801    1.7  -13.5     31   2.36    165      4  322.3  330.4  322.7
  568.0   4872    1.8  -21.2     16   1.25    157      5  323.2  327.7  323.4
  552.0   5102    0.6  -16.4     27   1.93    130      8  324.4  331.2  324.8
  544.0   5219    0.0  -14.0     34   2.39    108      7  325.1  333.4  325.5
  537.0   5323   -0.9  -13.9     37   2.44     88      7  325.2  333.7  325.7
  520.0   5579   -2.3  -18.3     28   1.75     39      5  326.5  332.7  326.8
  512.0   5702   -3.4  -14.8     41   2.39     15      4  326.6  335.0  327.1
  503.0   5843   -4.7  -10.7     63   3.38     30      6  326.7  338.3  327.4
  500.0   5890   -4.9  -12.9     53   2.85     35      6  327.0  336.9  327.6
  493.0   6000   -5.0  -18.0     36   1.90     45      6  328.2  334.9  328.5
  479.0   6226   -5.3  -28.3     15   0.78     46      6  330.5  333.5  330.7
  451.0   6694   -8.9  -20.9     37   1.61     48      5  331.8  337.6  332.1
  432.0   7025  -11.3  -23.3     36   1.36     49      4  332.8  337.9  333.1
  422.0   7204  -12.0  -19.5     54   1.95     50      4  334.1  341.2  334.5
  421.0   7222  -12.1  -19.1     56   2.02     49      4  334.2  341.6  334.7
  406.0   7497  -14.2  -20.5     59   1.85     35      6  335.0  341.8  335.4
  400.0   7610  -15.1  -21.1     60   1.79     15      6  335.3  341.8  335.6
  390.0   7796  -16.5  -22.3     61   1.65    340      6  335.9  342.0  336.2
  375.0   8083  -18.6  -24.2     61   1.45    320      4  336.9  342.3  337.2
  360.0   8383  -20.8  -26.2     62   1.26    325      6  337.9  342.6  338.1
  346.0   8674  -23.0  -28.1     63   1.10    275      4  338.8  343.0  339.0
  332.0   8977  -25.2  -30.1     64   0.95    280      6  339.8  343.4  340.0
  318.0   9293  -27.5  -32.2     65   0.81    320      6  340.7  343.9  340.9
  300.0   9720  -30.7  -35.0     66   0.65    245      4  342.0  344.6  342.1
  293.0   9887  -32.1  -37.0     62   0.55    225      6  342.4  344.6  342.5
  280.0  10207  -34.7  -40.7     54   0.39    246      7  343.1  344.7  343.1
  269.0  10484  -36.9  -43.7     49   0.30    265      8  343.8  345.0  343.8
  254.0  10882  -40.1  -48.1     42   0.19    265     10  344.7  345.6  344.8
  250.0  10990  -40.9                         265     10  345.1         345.1
  215.0  11990  -49.3                         260     12  347.3         347.3
  200.0  12470  -53.3                         270     14  348.2         348.2
  196.0  12596  -54.4                         265     14  348.5         348.5
  178.0  13195  -59.4                         255     14  350.0         350.0
  162.0  13781  -64.3                         265     12  351.3         351.3
  154.0  14096  -66.9                         285     12  351.9         351.9
  150.0  14260  -68.3                         265     10  352.2         352.2
  139.0  14710  -71.3                         215     10  354.8         354.8
  132.0  15016  -73.3                         215      8  356.4         356.4
  130.0  15106  -73.9                         256      7  356.9         356.9
  126.0  15287  -74.7                         340      4  358.7         358.7
  109.0  16123  -78.3                         333     16  367.1         367.1
  102.0  16498  -80.8                         330     21  369.3         369.3
  100.0  16610  -81.5                         325     19  370.0         370.0
   97.0  16779  -82.4                         315     16  371.6         371.6
   91.0  17133  -84.2                         335      8  374.8         374.8
   88.2  17306  -85.1                         295      2  376.3         376.3
   87.0  17382  -84.8                         235      4  378.5         378.5
   82.0  17710  -83.3                         225      8  387.9         387.9
   78.0  17987  -82.1                         185     23  396.0         396.0
   74.9  18212  -81.1                         116     23  402.7         402.7
   74.0  18281  -77.6                          95     23  411.4         411.4
   73.5  18319  -75.7                          93     24  416.3         416.3
   70.0  18600  -76.5                          75     31  420.4         420.4
   67.4  18819  -74.3                          75     31  429.7         429.7
   66.3  18915  -71.7                          75     32  437.4         437.4
   60.0  19495  -75.7                          75     33  441.0         441.0
   58.3  19661  -76.9                          75     32  442.1         442.1
   57.0  19792  -75.3                          75     31  448.5         448.5
   56.0  19894  -74.1                          81     30  453.6         453.6
   55.2  19978  -69.1                          87     30  466.9         466.9
   51.0  20452  -68.0                         115     27  480.1         480.1
   50.0  20570  -67.7                         105     29  483.5         483.5
   47.0  20949  -66.0                          85     25  496.2         496.2
   44.0  21353  -64.2                         105     23  510.0         510.0
   40.0  21937  -61.6                          85     21  530.6         530.6
   38.0  22251  -60.2                          45     16  542.0         542.0
   37.8  22284  -60.1                          32     16  543.1         543.1
   37.0  22416  -60.6                         340     14  545.3         545.3
   35.0  22761  -61.8                         325     12  550.8         550.8
   33.6  23014  -62.7                         294      5  554.9         554.9
   33.0  23126  -62.0                         280      2  559.7         559.7
   32.0  23318  -60.7                         185     17  568.0         568.0
   30.0  23720  -58.1                         155     17  585.7         585.7
   29.2  23891  -57.1                         143     16  593.0         593.0
   29.0  23935  -56.3                         140     16  596.4         596.4
   28.1  24136  -52.5                         153     15  612.2         612.2
   27.0  24399  -51.2                         170     14  622.9         622.9
   26.0  24647  -50.0                         170     10  633.1         633.1
   25.0  24905  -48.7                         355      6  643.9         643.9
   22.5  25597  -45.3                         293     15  673.7         673.7
   22.0  25747  -45.7                         280     17  676.8         676.8
   21.0  26056  -46.6                         225     10  683.2         683.2
   20.0  26380  -47.5                         240     12  690.0         690.0
   18.0  27076  -47.6                         270     14  710.9         710.9
   16.0  27853  -47.6                         290     16  735.0         735.0
   15.0  28279  -47.7                          45      2  748.5         748.5
   14.7  28413  -47.7                          13      6  752.8         752.8
   14.0  28737  -47.1                         295     16  765.3         765.3
   13.0  29231  -46.2                         275     33  784.8         784.8
   11.0  30342  -44.2                         265     31  830.4         830.4
   10.7  30526  -43.9                                     838.2         838.2
</PRE><H3>Station information and sounding indices</H3><PRE>
                         Station identifier: WIII
                             Station number: 96749
                           Observation time: 130429/0000
                           Station latitude: -6.11
                          Station longitude: 106.65
                          Station elevation: 8.0
                            Showalter index: 2.36
                               Lifted index: -0.99
    LIFT computed using virtual temperature: -1.47
                                SWEAT index: 186.81
                                    K index: 27.70
                         Cross totals index: 17.30
                      Vertical totals index: 24.30
                        Totals totals index: 41.60
      Convective Available Potential Energy: 177.40
             CAPE using virtual temperature: 275.29
                      Convective Inhibition: -195.91
             CINS using virtual temperature: -129.83
                           Equilibrum Level: 229.53
 Equilibrum Level using virtual temperature: 229.93
                   Level of Free Convection: 629.69
             LFCT using virtual temperature: 702.72
                     Bulk Richardson Number: 62.90
          Bulk Richardson Number using CAPV: 97.61
  Temp [K] of the Lifted Condensation Level: 292.49
Pres [hPa] of the Lifted Condensation Level: 906.01
   Equivalent potential temp [K] of the LCL: 347.61
     Mean mixed layer potential temperature: 300.87
              Mean mixed layer mixing ratio: 15.90
              1000 hPa to 500 hPa thickness: 5802.00
Precipitable water [mm] for entire sounding: 46.81
</PRE>
<P>Description of the 
<A HREF="/upperair/columns.html">data columns</A>
or <A HREF="/upperair/indices.html">sounding indices</A>.

<P>
<FORM>
<INPUT CLASS="button" TYPE="button" VALUE=" Close this window " 
 onClick="window.close();">
<INPUT CLASS="button" TYPE="button" VALUE=" Select another map " 
 onClick="window.blur();">
</FORM>
<HR SIZE="1">
<I>Interested in graduate studies in atmospheric science?
Check out our program at the
<a href="http://www.uwyo.edu/atsc/howtoapply/"
target=_top>University of Wyoming
</a></I>
<HR SIZE="1"><FONT SIZE="-1">
Questions about the weather data provided by this site can be
addressed to <A HREF="mailto:ldoolman@uwyo.edu">
Larry Oolman (ldoolman@uwyo.edu)</A></FONT>
<HR SIZE="1">
<SCRIPT TYPE="text/javascript">
<!--
window.focus();
// -->
</SCRIPT>
</BODY>
</HTML>
