2013-12-20 12
<HTML>
<TITLE>University of Wyoming - Radiosonde Data</TITLE>
<BODY BGCOLOR="white">
<H2>96749 WIII Jakarta Observations at 00Z 20 Dec 2013</H2>
<PRE>
-----------------------------------------------------------------------------
   PRES   HGHT   TEMP   DWPT   RELH   MIXR   DRCT   SKNT   THTA   THTE   THTV
    hPa     m      C      C      %    g/kg    deg   knot     K      K      K 
-----------------------------------------------------------------------------
 1009.0      8   24.4   21.9     86  16.70    245      6  296.8  345.2  299.8
 1006.0     35   26.6   19.6     65  14.49    243      7  299.2  341.7  301.8
 1000.0     89   26.4   19.4     65  14.39    240     10  299.6  341.8  302.1
  992.0    160   27.0   18.0     58  13.27    237     14  300.8  340.1  303.2
  989.0    187   27.6   17.6     54  12.97    235     16  301.7  340.2  304.1
  977.0    294   26.8   17.5     57  13.07    230     23  301.9  340.8  304.3
  925.0    776   23.2   17.2     69  13.53    230     25  303.0  343.4  305.5
  912.0    899   22.5   16.3     68  12.93    235     25  303.5  342.2  305.9
  859.0   1418   19.4   12.4     64  10.64    239     28  305.5  337.7  307.5
  851.0   1499   18.7   11.7     64  10.24    240     29  305.6  336.6  307.5
  850.0   1509   18.6   11.6     64  10.19    240     29  305.6  336.5  307.5
  794.0   2087   15.1    9.8     71   9.66    235     17  307.9  337.4  309.6
  734.0   2753   11.0    7.7     80   9.06    210     21  310.4  338.5  312.1
  700.0   3148    9.6    6.0     78   8.45    195     23  313.1  339.6  314.7
  667.0   3548    7.6    3.5     75   7.43    182     25  315.2  338.8  316.6
  640.0   3886    5.3    2.3     81   7.10    170     27  316.4  339.1  317.7
  617.0   4185    3.3    1.2     86   6.82    170     25  317.4  339.4  318.7
  602.0   4386    2.0    0.5     90   6.64    170     23  318.1  339.5  319.4
  573.0   4784    0.6   -1.3     87   6.10    170     19  321.0  340.9  322.1
  561.0   4955    0.0   -2.1     86   5.88    161     18  322.2  341.6  323.4
  512.0   5681   -4.0   -5.4     90   5.01    120     16  325.8  342.7  326.8
  500.0   5870   -5.1   -6.3     91   4.80    125     16  326.8  343.0  327.7
  439.0   6873  -11.1  -12.1     92   3.47    150     17  331.6  343.8  332.3
  400.0   7590  -15.3  -16.2     93   2.72    105     17  335.0  344.8  335.6
  390.0   7779  -16.6  -17.6     92   2.48    100     19  335.8  344.8  336.3
  351.0   8564  -21.9  -23.2     89   1.69    104     23  338.9  345.2  339.2
  300.0   9700  -30.3  -33.4     74   0.77    110     29  342.6  345.6  342.7
  280.0  10181  -34.3  -37.8     70   0.53    105     29  343.7  345.8  343.8
  253.0  10889  -40.1  -44.3     64   0.30     96     33  345.1  346.4  345.2
  250.0  10970  -40.7                          95     33  345.4         345.4
  205.0  12286  -52.3                          85     27  347.4         347.4
  200.0  12450  -53.7                          80     29  347.6         347.6
  150.0  14230  -69.5                          75     39  350.2         350.2
  119.0  15569  -80.5                          75     54  353.9         353.9
  107.0  16169  -79.8                          90     21  366.2         366.2
  103.0  16383  -79.5                         126     18  370.7         370.7
  101.0  16494  -80.3                         145     16  371.3         371.3
  100.0  16550  -80.7                         145     16  371.6         371.6
   96.2  16768  -82.5                         150     19  372.2         372.2
   91.0  17079  -82.4                         140     19  378.2         378.2
   86.0  17395  -82.4                          95     12  384.5         384.5
   82.0  17662  -82.3                          15     12  389.9         389.9
   78.7  17891  -82.3                           3     12  394.6         394.6
   75.9  18098  -74.9                         352     12  414.1         414.1
   73.0  18325  -74.4                         340     12  419.8         419.8
   70.0  18570  -73.9                          65      2  426.0         426.0
   66.0  18918  -72.9                         290     10  435.4         435.4
   63.0  19193  -72.1                         290      8  443.0         443.0
   60.0  19482  -71.2                         325     10  451.1         451.1
   57.0  19785  -70.4                         335     12  459.7         459.7
   54.0  20105  -69.4                         295     12  469.0         469.0
   52.0  20328  -68.8                         320      4  475.6         475.6
   50.0  20560  -68.1                          25      6  482.6         482.6
   49.0  20682  -67.6                          65      6  486.7         486.7
   47.0  20935  -66.5                          35      8  495.1         495.1
   44.0  21335  -64.7                         285      2  508.9         508.9
   42.7  21520  -61.1                         271      5  522.1         522.1
   40.0  21927  -60.9                         240     12  532.3         532.3
   37.0  22412  -60.7                         185     14  544.8         544.8
   32.0  23317  -60.4                         225     10  568.9         568.9
   31.2  23475  -60.3                         207     12  573.2         573.2
   30.0  23720  -59.1                         180     14  582.9         582.9
   29.0  23934  -57.9                         150     14  591.9         591.9
   28.0  24155  -56.7                         131     14  601.2         601.2
   25.1  24846  -58.1                          70     16  616.3         616.3
   24.0  25131  -57.3                          45     16  626.5         626.5
   23.0  25401  -56.6                          40     14  636.4         636.4
   22.0  25684  -55.8                         340      6  646.8         646.8
   21.0  25980  -55.0                         205     10  658.0         658.0
   20.0  26290  -54.1                         180     12  669.8         669.8
   19.0  26622  -53.1                         115     14  682.9         682.9
   17.0  27341  -50.9                          95     29  712.1         712.1
   16.7  27456  -50.5                         101     30  716.8         716.8
   16.0  27738  -46.1                         115     33  739.9         739.9
   15.9  27780  -45.5                         114     33  743.3         743.3
   13.2  29009  -49.5                          75     47  770.1         770.1
   13.0  29109  -49.5                          75     51  773.4         773.4
   11.1  30143  -49.9                          84     42  807.7         807.7
   11.0  30202  -47.5                          85     41  818.5         818.5
   10.9  30263  -45.1                          85     43  829.4         829.4
   10.0  30840  -43.7                          85     58  855.3         855.3
    9.0  31556  -41.9                          90     62  888.4         888.4
    8.0  32356  -39.9                          90     68  926.9         926.9
    7.9  32441  -39.6                          90     68  931.1         931.1
    7.4  32885  -38.5                                     953.3         953.3
</PRE><H3>Station information and sounding indices</H3><PRE>
                         Station identifier: WIII
                             Station number: 96749
                           Observation time: 131220/0000
                           Station latitude: -6.11
                          Station longitude: 106.65
                          Station elevation: 8.0
                            Showalter index: 3.27
                               Lifted index: 1.33
    LIFT computed using virtual temperature: 1.34
                                SWEAT index: 213.21
                                    K index: 31.70
                         Cross totals index: 16.70
                      Vertical totals index: 23.70
                        Totals totals index: 40.40
      Convective Available Potential Energy: 0.00
             CAPE using virtual temperature: 0.00
                      Convective Inhibition: 0.00
             CINS using virtual temperature: 0.00
                     Bulk Richardson Number: 0.00
          Bulk Richardson Number using CAPV: 0.00
  Temp [K] of the Lifted Condensation Level: 289.28
Pres [hPa] of the Lifted Condensation Level: 867.92
   Equivalent potential temp [K] of the LCL: 341.04
     Mean mixed layer potential temperature: 301.24
              Mean mixed layer mixing ratio: 13.50
              1000 hPa to 500 hPa thickness: 5781.00
Precipitable water [mm] for entire sounding: 54.10
</PRE>
<P>Description of the 
<A HREF="/upperair/columns.html">data columns</A>
or <A HREF="/upperair/indices.html">sounding indices</A>.

<P>
<FORM>
<INPUT CLASS="button" TYPE="button" VALUE=" Close this window " 
 onClick="window.close();">
<INPUT CLASS="button" TYPE="button" VALUE=" Select another map " 
 onClick="window.blur();">
</FORM>
<HR SIZE="1">
<I>Interested in graduate studies in atmospheric science?
Check out our program at the
<a href="http://www.uwyo.edu/atsc/howtoapply/"
target=_top>University of Wyoming
</a></I>
<HR SIZE="1"><FONT SIZE="-1">
Questions about the weather data provided by this site can be
addressed to <A HREF="mailto:ldoolman@uwyo.edu">
Larry Oolman (ldoolman@uwyo.edu)</A></FONT>
<HR SIZE="1">
<SCRIPT TYPE="text/javascript">
<!--
window.focus();
// -->
</SCRIPT>
</BODY>
</HTML>
