2015-07-18 12
<HTML>
<TITLE>University of Wyoming - Radiosonde Data</TITLE>
<BODY BGCOLOR="white">
<H2>96749 WIII Jakarta Observations at 00Z 18 Jul 2015</H2>
<PRE>
-----------------------------------------------------------------------------
   PRES   HGHT   TEMP   DWPT   RELH   MIXR   DRCT   SKNT   THTA   THTE   THTV
    hPa     m      C      C      %    g/kg    deg   knot     K      K      K 
-----------------------------------------------------------------------------
 1011.0      8   24.4   21.5     84  16.25    100      5  296.6  343.7  299.5
 1000.0    105   25.0   22.3     85  17.28    100      8  298.1  348.5  301.2
  978.0    301   24.6   19.2     72  14.57    100     16  299.7  342.5  302.3
  965.0    418   24.4   17.4     65  13.13     96     17  300.6  339.4  303.0
  925.0    788   21.8   15.8     69  12.35     85     19  301.6  338.2  303.8
  913.0    901   21.1   14.7     67  11.63     85     19  302.1  336.6  304.2
  851.0   1508   17.6    8.6     56   8.30     80     21  304.5  329.7  306.0
  850.0   1518   17.8    6.8     49   7.34     80     21  304.8  327.2  306.1
  847.0   1548   18.0    1.0     32   4.88     79     21  305.3  320.5  306.2
  819.0   1835   15.6   10.6     72   9.89     67     20  305.7  335.7  307.5
  802.0   2013   15.0    8.0     63   8.46     59     19  306.9  332.8  308.5
  793.0   2109   15.4    3.5     45   6.26     55     19  308.4  327.9  309.5
  782.0   2227   16.0   -2.0     29   4.24     51     18  310.2  323.8  311.0
  739.0   2702   12.8   -6.8     25   3.12     35     16  311.8  322.0  312.4
  705.0   3098   10.2  -10.8     22   2.39     52     20  313.1  321.1  313.6
  700.0   3157   10.2  -12.8     18   2.05     55     21  313.8  320.7  314.1
  627.0   4067    6.0   -8.0     36   3.35     94     23  319.0  330.2  319.6
  616.0   4211    5.0   -8.8     36   3.19    100     23  319.4  330.2  320.0
  565.0   4912    0.0  -13.0     37   2.50    123     18  321.6  330.1  322.0
  551.0   5111   -1.4  -14.6     36   2.25    130     17  322.2  330.0  322.6
  510.0   5723   -5.8  -19.6     33   1.59    145     14  324.1  329.8  324.4
  500.0   5880   -6.9  -20.9     32   1.45    125     12  324.6  329.8  324.9
  491.0   6020   -7.7  -22.8     29   1.25    105     10  325.3  329.8  325.5
  472.0   6324   -9.4  -27.0     22   0.89    105      6  326.8  330.2  327.0
  455.0   6607  -11.0  -30.9     18   0.64    145      8  328.3  330.7  328.4
  454.0   6624  -11.1  -31.1     17   0.63    142      8  328.4  330.8  328.5
  447.0   6743   -9.9  -35.9     10   0.40    121      6  331.4  332.9  331.4
  437.0   6916  -10.8  -37.4      9   0.35     90      4  332.4  333.8  332.5
  420.0   7218  -12.3  -39.9      8   0.28     85     10  334.3  335.4  334.3
  400.0   7590  -14.1  -43.1      7   0.21     45      8  336.6  337.5  336.6
  388.0   7818  -15.6  -43.6      7   0.21     30     10  337.5  338.4  337.6
  373.0   8112  -17.6  -44.4      8   0.20     80     16  338.8  339.6  338.8
  342.0   8761  -21.9  -45.9      9   0.18    123     22  341.4  342.2  341.4
  330.0   9019  -24.0  -47.4     10   0.16    140     25  342.0  342.7  342.1
  300.0   9710  -29.5  -51.5     10   0.11    125     25  343.7  344.2  343.7
  250.0  10980  -40.1  -60.1     10   0.05     85     27  346.3  346.5  346.3
  234.0  11422  -43.5                          75     35  347.8         347.8
  200.0  12470  -51.5                          85     19  351.1         351.1
  195.0  12628  -52.9                          80     19  351.4         351.4
  162.0  13788  -62.8                          35     39  353.9         353.9
  150.0  14270  -66.9                          35     43  354.6         354.6
  139.0  14711  -70.2                          35     56  356.6         356.6
  108.0  16174  -81.3                          95     27  362.3         362.3
  100.0  16620  -84.7                         110     35  363.8         363.8
   91.0  17142  -84.3                         105     51  374.6         374.6
   87.3  17372  -84.1                          99     48  379.4         379.4
   79.7  17881  -80.7                          86     42  396.4         396.4
   76.8  18090  -80.5                          80     40  401.1         401.1
   75.2  18211  -74.5                          77     38  416.1         416.1
   74.0  18305  -74.2                          75     37  418.6         418.6
   70.0  18630  -73.1                          85     37  427.7         427.7
   69.5  18672  -73.1                          85     38  428.6         428.6
   67.0  18893  -69.0                          85     45  442.1         442.1
   64.0  19169  -63.8                          80     27  459.3         459.3
   62.3  19331  -60.7                         108     20  469.6         469.6
   61.0  19461  -61.2                         130     14  471.2         471.2
   58.0  19771  -62.5                         140     23  475.2         475.2
   52.7  20360  -64.9                         110     29  482.8         482.8
   50.0  20680  -64.3                          80     31  491.5         491.5
   43.0  21617  -62.0                          75     17  518.7         518.7
   39.0  22224  -60.6                          50      2  537.1         537.1
   37.0  22551  -59.8                         200      6  547.2         547.2
   35.0  22896  -59.0                         115     10  558.2         558.2
   32.0  23453  -57.6                          55     12  576.2         576.2
   31.3  23590  -57.3                          17      9  580.8         580.8
   31.0  23652  -56.7                           0      8  584.1         584.1
   30.0  23860  -54.5                         310     10  595.5         595.5
   29.0  24079  -52.9                         250     14  605.7         605.7
   27.7  24376  -50.7                         250     16  619.8         619.8
   27.0  24543  -50.7                         250     17  624.3         624.3
   26.0  24789  -50.7                         280     23  631.1         631.1
   20.0  26500  -50.7                         280     41  680.2         680.2
   18.0  27184  -51.1                         270     43  699.8         699.8
   14.6  28542  -51.9                         273     47  740.2         740.2
   13.0  29305  -47.0                         275     49  782.0         782.0
   12.3  29669  -44.7                         273     50  802.7         802.7
   11.0  30414  -45.1                         270     52  827.1         827.1
   10.0  31050  -45.5                         265     41  848.6         848.6
    8.0  32544  -43.3                         275     23  913.2         913.2
    7.0  33447  -41.3                         270     21  956.8         956.8
    6.8  33643  -40.9                                     966.6         966.6
</PRE><H3>Station information and sounding indices</H3><PRE>
                         Station identifier: WIII
                             Station number: 96749
                           Observation time: 150718/0000
                           Station latitude: -6.11
                          Station longitude: 106.65
                          Station elevation: 8.0
                            Showalter index: 5.80
                               Lifted index: -1.29
    LIFT computed using virtual temperature: -1.88
                                SWEAT index: 135.60
                                    K index: 8.50
                         Cross totals index: 13.70
                      Vertical totals index: 24.70
                        Totals totals index: 38.40
      Convective Available Potential Energy: 51.86
             CAPE using virtual temperature: 92.67
                      Convective Inhibition: -272.02
             CINS using virtual temperature: -130.72
                           Equilibrum Level: 450.48
 Equilibrum Level using virtual temperature: 448.56
                   Level of Free Convection: 554.77
             LFCT using virtual temperature: 582.84
                     Bulk Richardson Number: 15.14
          Bulk Richardson Number using CAPV: 27.06
  Temp [K] of the Lifted Condensation Level: 291.81
Pres [hPa] of the Lifted Condensation Level: 916.19
   Equivalent potential temp [K] of the LCL: 343.14
     Mean mixed layer potential temperature: 299.21
              Mean mixed layer mixing ratio: 15.10
              1000 hPa to 500 hPa thickness: 5775.00
Precipitable water [mm] for entire sounding: 34.20
</PRE>
<P>Description of the 
<A HREF="/upperair/columns.html">data columns</A>
or <A HREF="/upperair/indices.html">sounding indices</A>.

<P>
<FORM>
<INPUT CLASS="button" TYPE="button" VALUE=" Close this window " 
 onClick="window.close();">
<INPUT CLASS="button" TYPE="button" VALUE=" Select another map " 
 onClick="window.blur();">
</FORM>
<HR SIZE="1">
<I>Interested in graduate studies in atmospheric science?
Check out our program at the
<a href="http://www.uwyo.edu/atsc/howtoapply/"
target=_top>University of Wyoming
</a></I>
<HR SIZE="1"><FONT SIZE="-1">
Questions about the weather data provided by this site can be
addressed to <A HREF="mailto:ldoolman@uwyo.edu">
Larry Oolman (ldoolman@uwyo.edu)</A></FONT>
<HR SIZE="1">
<SCRIPT TYPE="text/javascript">
<!--
window.focus();
// -->
</SCRIPT>
</BODY>
</HTML>
