2014-03-31 12
<HTML>
<TITLE>University of Wyoming - Radiosonde Data</TITLE>
<BODY BGCOLOR="white">
<H2>96749 WIII Jakarta Observations at 00Z 31 Mar 2014</H2>
<PRE>
-----------------------------------------------------------------------------
   PRES   HGHT   TEMP   DWPT   RELH   MIXR   DRCT   SKNT   THTA   THTE   THTV
    hPa     m      C      C      %    g/kg    deg   knot     K      K      K 
-----------------------------------------------------------------------------
 1008.0      8   25.6   23.5     88  18.47    170      3  298.1  351.9  301.4
 1007.0     17   25.2   22.9     87  17.81    168      3  297.8  349.6  300.9
 1000.0     82   25.4   22.7     85  17.72    155      4  298.6  350.3  301.7
  979.0    269   25.6   22.3     82  17.66    116      9  300.6  352.6  303.7
  976.0    296   25.5   22.0     81  17.43    110     10  300.7  352.1  303.8
  925.0    768   23.4   17.4     69  13.70     95     12  303.2  344.1  305.7
  911.0    901   22.6   16.4     68  13.07     95     12  303.8  342.9  306.2
  880.0   1202   21.0   14.2     65  11.73    100     14  305.1  340.4  307.2
  863.0   1372   20.0   13.0     64  11.02     80     12  305.8  339.1  307.8
  850.0   1503   19.2   14.2     73  12.12     65     10  306.2  342.9  308.5
  793.0   2091   15.9   11.0     73  10.49     70     10  308.9  341.0  310.8
  712.0   3003   10.8    6.0     72   8.30     85      8  312.9  338.9  314.5
  700.0   3147   10.0    5.2     72   7.98     75      8  313.5  338.7  315.0
  662.0   3604    7.5    3.0     73   7.20     60     12  315.7  338.7  317.1
  616.0   4193    4.2    0.0     74   6.27     75     12  318.5  338.8  319.7
  577.0   4728    1.2   -2.6     76   5.51     75     10  321.0  339.2  322.1
  552.0   5084    0.0   -3.9     75   5.22     75      8  323.7  341.1  324.7
  551.0   5099   -0.1   -4.0     75   5.19     75      8  323.8  341.1  324.8
  531.0   5392   -1.8   -6.1     72   4.59     55      6  325.2  340.7  326.1
  500.0   5870   -4.5   -9.5     68   3.74     85      6  327.5  340.3  328.2
  492.0   5997   -5.3  -10.8     65   3.43     95      4  328.0  339.8  328.6
  483.0   6143   -6.3  -12.3     62   3.10     96      5  328.5  339.3  329.1
  472.0   6324   -7.1  -15.1     53   2.52     98      6  329.7  338.6  330.2
  421.0   7207  -13.0  -18.6     62   2.10    105     12  333.1  340.7  333.6
  407.0   7468  -14.7  -19.7     66   1.98    115     15  334.1  341.4  334.5
  400.0   7600  -15.3  -19.0     73   2.14    120     16  335.0  342.8  335.4
  390.0   7791  -16.3  -23.3     55   1.51    115     16  336.1  341.8  336.4
  389.0   7810  -16.4  -23.5     54   1.48    115     16  336.2  341.8  336.5
  331.0   9003  -24.4  -37.2     30   0.48    110     19  341.2  343.1  341.3
  329.0   9047  -24.7  -37.7     29   0.46    110     19  341.3  343.2  341.4
  309.0   9499  -28.7  -32.9     67   0.78    114     22  341.9  345.0  342.1
  300.0   9710  -30.1  -35.1     62   0.65    115     23  342.8  345.4  343.0
  292.0   9902  -31.4  -40.7     39   0.37    110     23  343.6  345.2  343.7
  289.0   9975  -31.9  -42.9     33   0.30    106     23  343.9  345.2  344.0
  268.0  10499  -36.5  -45.3     40   0.25     80     23  344.7  345.7  344.7
  257.0  10790  -39.1  -46.6     45   0.23     85     27  345.0  346.0  345.1
  253.0  10899  -40.1  -47.1     47   0.22     85     26  345.1  346.1  345.2
  250.0  10980  -40.7                          85     25  345.4         345.4
  200.0  12460  -52.9                         105     16  348.8         348.8
  196.0  12586  -54.0                         110     16  349.2         349.2
  170.0  13471  -61.5                         170     10  351.2         351.2
  150.0  14250  -68.1                         250      8  352.6         352.6
  146.0  14409  -69.2                         260     10  353.4         353.4
  139.0  14697  -71.2                         260      6  354.9         354.9
  132.0  15000  -73.3                         350      4  356.4         356.4
  122.0  15462  -76.5                         312      4  358.7         358.7
  119.0  15604  -77.1                         300      4  360.2         360.2
  113.0  15900  -78.3                         225      6  363.4         363.4
  109.0  16105  -79.1                         268      6  365.5         365.5
  107.0  16209  -79.7                         290      6  366.3         366.3
  102.0  16479  -81.4                         305      8  368.1         368.1
  100.0  16590  -82.1                         285      8  368.9         368.9
   91.0  17112  -84.9                         170     12  373.3         373.3
   87.0  17360  -86.3                         162      6  375.4         375.4
   86.0  17424  -86.1                         160      4  377.0         377.0
   82.0  17687  -85.4                         210      2  383.7         383.7
   77.0  18034  -84.4                         185      2  392.7         392.7
   73.0  18328  -83.6                         315      6  400.5         400.5
   70.0  18560  -82.9                         330     12  406.7         406.7
   66.0  18888  -81.9                         310     10  415.7         415.7
   65.9  18897  -81.9                         308     10  416.0         416.0
   63.0  19156  -74.9                         245     14  436.9         436.9
   61.5  19295  -71.1                         243     17  448.2         448.2
   57.0  19753  -66.7                         235     27  468.1         468.1
   54.0  20079  -63.5                         285     19  482.6         482.6
   53.6  20123  -63.1                         285     21  484.6         484.6
   51.0  20429  -63.7                         285     31  490.2         490.2
   50.0  20550  -63.9                         285     27  492.5         492.5
   46.0  21060  -64.4                         285     23  503.2         503.2
   40.4  21854  -65.1                         229     25  520.4         520.4
   40.0  21916  -65.0                         225     25  522.3         522.3
   36.0  22565  -63.3                         205      6  542.5         542.5
   35.0  22739  -62.9                          70     10  548.0         548.0
   33.0  23102  -62.0                          90     10  559.7         559.7
   31.0  23488  -61.0                         195     12  572.4         572.4
   30.0  23690  -60.5                         165     16  579.1         579.1
   29.0  23902  -59.7                         140     19  587.0         587.0
   27.0  24349  -58.0                          50      6  603.9         603.9
   26.9  24373  -57.9                          60      6  604.8         604.8
   26.0  24589  -56.4                         155      8  615.0         615.0
   24.6  24941  -53.9                         120     31  631.9         631.9
   24.0  25098  -54.6                         105     41  634.5         634.5
   21.5  25797  -57.5                          99     41  646.0         646.0
   21.1  25917  -54.5                          98     41  658.5         658.5
   20.0  26260  -53.5                          95     41  671.7         671.7
   19.0  26593  -53.0                          95     29  683.2         683.2
   18.0  26943  -52.4                         110     33  695.5         695.5
   16.0  27707  -51.3                          95     43  723.2         723.2
   14.0  28572  -49.9                          90     60  755.9         755.9
   13.7  28713  -49.7                          86     62  761.3         761.3
   13.2  28957  -46.5                          78     65  780.4         780.4
   13.0  29059  -46.4                          75     66  784.4         784.4
   12.0  29593  -45.5                          65     58  805.4         805.4
   10.0  30810  -43.7                          90     58  855.3         855.3
    9.9  30878  -43.5                                     858.5         858.5
</PRE><H3>Station information and sounding indices</H3><PRE>
                         Station identifier: WIII
                             Station number: 96749
                           Observation time: 140331/0000
                           Station latitude: -6.11
                          Station longitude: 106.65
                          Station elevation: 8.0
                            Showalter index: 1.22
                               Lifted index: -1.68
    LIFT computed using virtual temperature: -2.09
                                SWEAT index: 196.41
                                    K index: 33.10
                         Cross totals index: 18.70
                      Vertical totals index: 23.70
                        Totals totals index: 42.40
      Convective Available Potential Energy: 646.70
             CAPE using virtual temperature: 760.72
                      Convective Inhibition: -95.31
             CINS using virtual temperature: -58.33
                           Equilibrum Level: 181.84
 Equilibrum Level using virtual temperature: 181.26
                   Level of Free Convection: 747.04
             LFCT using virtual temperature: 790.52
                     Bulk Richardson Number: 164.58
          Bulk Richardson Number using CAPV: 193.59
  Temp [K] of the Lifted Condensation Level: 294.24
Pres [hPa] of the Lifted Condensation Level: 933.16
   Equivalent potential temp [K] of the LCL: 350.65
     Mean mixed layer potential temperature: 300.13
              Mean mixed layer mixing ratio: 17.22
              1000 hPa to 500 hPa thickness: 5788.00
Precipitable water [mm] for entire sounding: 54.39
</PRE>
<P>Description of the 
<A HREF="/upperair/columns.html">data columns</A>
or <A HREF="/upperair/indices.html">sounding indices</A>.

<P>
<FORM>
<INPUT CLASS="button" TYPE="button" VALUE=" Close this window " 
 onClick="window.close();">
<INPUT CLASS="button" TYPE="button" VALUE=" Select another map " 
 onClick="window.blur();">
</FORM>
<HR SIZE="1">
<I>Interested in graduate studies in atmospheric science?
Check out our program at the
<a href="http://www.uwyo.edu/atsc/howtoapply/"
target=_top>University of Wyoming
</a></I>
<HR SIZE="1"><FONT SIZE="-1">
Questions about the weather data provided by this site can be
addressed to <A HREF="mailto:ldoolman@uwyo.edu">
Larry Oolman (ldoolman@uwyo.edu)</A></FONT>
<HR SIZE="1">
<SCRIPT TYPE="text/javascript">
<!--
window.focus();
// -->
</SCRIPT>
</BODY>
</HTML>
