2015-11-27 12
<HTML>
<TITLE>University of Wyoming - Radiosonde Data</TITLE>
<BODY BGCOLOR="white">
<H2>96749 WIII Jakarta Observations at 00Z 27 Nov 2015</H2>
<PRE>
-----------------------------------------------------------------------------
   PRES   HGHT   TEMP   DWPT   RELH   MIXR   DRCT   SKNT   THTA   THTE   THTV
    hPa     m      C      C      %    g/kg    deg   knot     K      K      K 
-----------------------------------------------------------------------------
 1008.0      8   26.4   23.5     84  18.47    180      3  298.9  352.9  302.2
 1000.0     84   26.2   21.4     75  16.33    190      4  299.4  347.2  302.3
  976.0    298   25.1   20.5     76  15.85    220     10  300.3  346.9  303.1
  943.0    600   23.5   19.3     77  15.17    215      2  301.7  346.6  304.4
  925.0    770   22.6   18.6     78  14.80    315      2  302.4  346.4  305.1
  911.0    902   21.8   17.6     77  14.14     35      2  302.9  345.0  305.5
  880.0   1202   20.0   15.5     75  12.72     45      6  304.1  342.2  306.4
  850.0   1502   18.2   13.3     73  11.42     35      8  305.2  339.6  307.3
  792.0   2099   15.0   10.8     76  10.34     15     12  308.0  339.6  309.9
  700.0   3142    9.4    6.3     81   8.63     30     10  312.9  339.9  314.5
  682.0   3358    8.6    5.0     78   8.08     30      9  314.3  339.8  315.8
  638.0   3908    6.2   -3.8     49   4.57     30      6  317.6  332.6  318.5
  631.0   3999    5.8   -5.2     45   4.14     35      7  318.2  331.8  319.0
  615.0   4208    4.9   -6.1     45   3.95     45      8  319.4  332.6  320.2
  584.0   4629    3.0   -8.0     44   3.60     87      5  322.0  334.2  322.7
  571.0   4811    2.0  -10.3     40   3.07    105      4  322.9  333.4  323.5
  554.0   5055    0.6  -13.4     34   2.47     77      4  324.1  332.6  324.6
  550.0   5113    0.3  -14.3     33   2.31     70      4  324.3  332.4  324.8
  547.0   5157    0.0  -15.0     31   2.19     74      4  324.5  332.2  325.0
  518.0   5591   -3.1  -16.1     36   2.11    114      4  325.9  333.3  326.3
  511.0   5698   -3.9  -11.9     54   3.02    124      4  326.2  336.6  326.8
  510.0   5714   -4.0  -12.0     54   3.01    125      4  326.3  336.7  326.9
  500.0   5870   -4.7  -12.7     54   2.90    115      6  327.2  337.3  327.8
  491.0   6012   -5.3  -14.6     48   2.52    105      6  328.2  337.0  328.7
  486.0   6093   -5.7  -15.7     45   2.33    116      6  328.7  336.9  329.1
  485.0   6109   -5.9  -11.9     63   3.19    118      6  328.6  339.7  329.3
  473.0   6303   -7.1  -13.3     61   2.91    145      6  329.5  339.8  330.1
  455.0   6604   -8.9  -15.5     59   2.53    150      2  330.9  339.9  331.4
  438.0   6899  -10.7  -17.6     57   2.20    310      4  332.3  340.2  332.7
  436.0   6934  -10.9  -17.9     56   2.16    309      4  332.4  340.2  332.9
  421.0   7201  -12.6  -20.8     50   1.74    305      4  333.6  340.0  333.9
  404.0   7514  -14.6  -24.3     44   1.34     30      4  334.9  339.9  335.2
  400.0   7590  -15.1  -25.1     42   1.25     25      6  335.3  340.0  335.5
  394.0   7704  -16.1  -25.1     46   1.27     20      7  335.4  340.2  335.7
  389.0   7800  -16.6  -24.5     50   1.36     15      8  336.0  341.1  336.3
  374.0   8096  -18.2  -22.8     67   1.65    330     10  337.7  343.8  338.1
  369.0   8197  -18.7  -22.2     74   1.76    332     10  338.3  344.8  338.7
  345.0   8688  -22.3  -25.9     72   1.35    340     12  340.0  345.1  340.3
  300.0   9710  -29.7  -33.7     68   0.74    295     12  343.4  346.4  343.6
  294.0   9854  -31.1  -35.1     68   0.66    288     12  343.4  346.1  343.5
  292.0   9901  -31.5  -35.7     67   0.63    285     12  343.5  346.1  343.6
  257.0  10789  -38.8  -46.2     45   0.24    290     12  345.6  346.6  345.6
  251.0  10953  -40.1  -48.1     42   0.20    299     12  345.9  346.8  346.0
  250.0  10980  -40.1                         300     12  346.3         346.3
  235.0  11390  -43.7                         325     12  347.0         347.0
  200.0  12460  -53.1                         340     16  348.5         348.5
  187.0  12876  -56.7                         350     19  349.5         349.5
  162.0  13764  -64.4                          15     31  351.2         351.2
  150.0  14240  -68.5                          20     37  351.9         351.9
  139.0  14686  -72.0                          25     41  353.5         353.5
  132.0  14988  -74.4                          35     41  354.5         354.5
  118.0  15644  -79.5                          42     38  356.6         356.6
  113.0  15889  -80.5                          45     37  359.2         359.2
  109.0  16093  -81.3                          40     29  361.4         361.4
  107.0  16198  -81.1                          30     23  363.7         363.7
  102.0  16468  -80.5                         310      8  369.8         369.8
  100.0  16580  -80.3                         285     10  372.3         372.3
   96.0  16813  -79.7                         230     17  377.9         377.9
   91.0  17119  -78.9                         205     19  385.2         385.2
   87.0  17377  -78.3                         235     10  391.5         391.5
   82.0  17715  -77.4                         270     23  400.0         400.0
   74.0  18302  -75.9                         260     31  415.0         415.0
   70.0  18620  -75.1                         245     19  423.4         423.4
   67.0  18873  -74.9                         250      8  429.2         429.2
   64.2  19120  -74.7                         281     11  434.9         434.9
   63.0  19232  -74.0                         295     12  438.7         438.7
   57.0  19824  -70.4                         265     16  459.6         459.6
   52.0  20368  -67.1                         275     19  479.5         479.5
   50.0  20600  -65.7                         295     14  488.2         488.2
   49.0  20723  -65.4                         305     10  491.8         491.8
   45.5  21173  -64.3                         277     13  505.0         505.0
   43.0  21523  -63.5                         255     16  515.2         515.2
   41.0  21818  -62.8                         220      4  524.0         524.0
   39.0  22127  -62.1                         260      6  533.3         533.3
   33.0  23160  -59.7                         275     16  565.8         565.8
   32.0  23351  -59.2                         270     12  571.9         571.9
   30.0  23750  -58.3                         200     10  585.1         585.1
   29.0  23967  -57.4                         185      8  593.3         593.3
   26.0  24664  -54.5                         215      8  620.3         620.3
   24.0  25175  -52.4                         295     16  640.8         640.8
   23.2  25392  -51.5                         294     21  649.6         649.6
   21.0  26035  -52.8                         290     37  664.4         664.4
   20.0  26350  -53.5                         285     37  671.7         671.7
   18.6  26815  -54.9                         283     27  681.4         681.4
   17.0  27399  -51.6                         280     14  709.7         709.7
   16.0  27793  -49.4                         255     12  729.4         729.4
   15.3  28083  -47.7                                     744.2         744.2
</PRE><H3>Station information and sounding indices</H3><PRE>
                         Station identifier: WIII
                             Station number: 96749
                           Observation time: 151127/0000
                           Station latitude: -6.11
                          Station longitude: 106.65
                          Station elevation: 8.0
                            Showalter index: 2.34
                               Lifted index: -0.67
    LIFT computed using virtual temperature: -1.13
                                SWEAT index: 181.61
                                    K index: 33.10
                         Cross totals index: 18.00
                      Vertical totals index: 22.90
                        Totals totals index: 40.90
      Convective Available Potential Energy: 72.00
             CAPE using virtual temperature: 163.72
                      Convective Inhibition: -86.43
             CINS using virtual temperature: -58.59
                           Equilibrum Level: 284.19
 Equilibrum Level using virtual temperature: 281.25
                   Level of Free Convection: 732.16
             LFCT using virtual temperature: 777.03
                     Bulk Richardson Number: 4.32
          Bulk Richardson Number using CAPV: 9.82
  Temp [K] of the Lifted Condensation Level: 292.91
Pres [hPa] of the Lifted Condensation Level: 918.55
   Equivalent potential temp [K] of the LCL: 347.30
     Mean mixed layer potential temperature: 300.12
              Mean mixed layer mixing ratio: 16.08
              1000 hPa to 500 hPa thickness: 5786.00
Precipitable water [mm] for entire sounding: 51.33
</PRE>
<P>Description of the 
<A HREF="/upperair/columns.html">data columns</A>
or <A HREF="/upperair/indices.html">sounding indices</A>.

<P>
<FORM>
<INPUT CLASS="button" TYPE="button" VALUE=" Close this window " 
 onClick="window.close();">
<INPUT CLASS="button" TYPE="button" VALUE=" Select another map " 
 onClick="window.blur();">
</FORM>
<HR SIZE="1">
<I>Interested in graduate studies in atmospheric science?
Check out our program at the
<a href="http://www.uwyo.edu/atsc/howtoapply/"
target=_top>University of Wyoming
</a></I>
<HR SIZE="1"><FONT SIZE="-1">
Questions about the weather data provided by this site can be
addressed to <A HREF="mailto:ldoolman@uwyo.edu">
Larry Oolman (ldoolman@uwyo.edu)</A></FONT>
<HR SIZE="1">
<SCRIPT TYPE="text/javascript">
<!--
window.focus();
// -->
</SCRIPT>
</BODY>
</HTML>
