2013-03-09 00
<HTML>
<TITLE>University of Wyoming - Radiosonde Data</TITLE>
<BODY BGCOLOR="white">
<H2>96749 WIII Jakarta Observations at 00Z 09 Mar 2013</H2>
<PRE>
-----------------------------------------------------------------------------
   PRES   HGHT   TEMP   DWPT   RELH   MIXR   DRCT   SKNT   THTA   THTE   THTV
    hPa     m      C      C      %    g/kg    deg   knot     K      K      K 
-----------------------------------------------------------------------------
 1010.0      8   25.4   24.0     92  19.02    250      6  297.7  353.1  301.1
 1000.0     94   25.4   22.7     85  17.72    260     10  298.6  350.3  301.7
  977.0    298   24.3   21.6     85  16.93    290     17  299.4  349.0  302.4
  925.0    778   21.6   19.0     85  15.19    275     14  301.4  346.3  304.1
  912.0    900   20.9   18.6     87  14.99    270     14  301.9  346.2  304.6
  850.0   1508   17.2   16.4     95  14.00    265     14  304.1  346.0  306.7
  793.0   2093   14.3   13.0     92  12.04    255     16  307.2  343.8  309.4
  765.0   2397   12.9   11.3     90  11.11    260     14  308.8  342.8  310.8
  712.0   3002    9.9    7.8     87   9.42    210      8  311.9  341.3  313.7
  703.0   3110    9.4    7.2     86   9.14    214      8  312.5  341.0  314.2
  700.0   3145    9.2    5.6     78   8.21    215      8  312.6  338.4  314.2
  699.0   3157    9.0    4.8     75   7.77    215      8  312.6  337.0  314.0
  687.0   3301    9.0    4.4     73   7.67    220      8  314.1  338.4  315.6
  677.0   3422    9.0    4.0     71   7.59    212      9  315.4  339.6  316.9
  643.0   3848    6.2   -1.8     57   5.24    184     10  316.9  333.9  317.9
  627.0   4054    4.8    1.3     78   6.75    170     11  317.6  339.4  318.9
  616.0   4198    4.2   -1.4     67   5.66    160     12  318.5  336.9  319.6
  594.0   4494    2.8   -6.8     49   3.88    145      8  320.3  333.2  321.0
  587.0   4590    2.4   -8.6     44   3.42    156      6  320.9  332.4  321.5
  572.0   4799    1.0   -5.9     60   4.32    180      2  321.6  336.0  322.4
  562.0   4941    0.0   -4.1     74   5.05    248      2  322.0  338.8  323.0
  551.0   5098   -0.8   -4.8     75   4.90    325      2  322.9  339.2  323.8
  531.0   5392   -2.4   -6.0     76   4.61    305      6  324.4  340.0  325.4
  511.0   5697   -4.0   -7.4     77   4.33    315      6  326.1  340.8  326.9
  500.0   5870   -4.9   -8.1     78   4.18    330      4  327.0  341.2  327.8
  492.0   5996   -5.6   -9.0     77   3.96    340      4  327.6  341.2  328.4
  473.0   6303   -7.4  -11.1     75   3.48     75      8  329.1  341.1  329.8
  455.0   6605   -9.2  -13.2     72   3.05     80      6  330.6  341.2  331.2
  452.0   6656   -9.5  -13.6     72   2.98     89      6  330.8  341.3  331.4
  438.0   6897  -10.9  -15.2     71   2.70    130      6  332.0  341.6  332.6
  421.0   7199  -12.6  -17.1     69   2.38    140     10  333.6  342.1  334.0
  400.0   7590  -14.9  -19.7     67   2.02    125     10  335.5  342.9  335.9
  396.0   7666  -15.5  -19.6     71   2.06    124     11  335.7  343.2  336.1
  374.0   8096  -18.1  -22.1     71   1.75    115     14  337.7  344.2  338.1
  368.0   8218  -18.9  -22.8     71   1.67    121     14  338.3  344.5  338.6
  363.0   8320  -19.5  -30.5     37   0.84    126     14  338.8  342.1  339.0
  359.0   8402  -20.1  -31.5     36   0.77    130     14  339.1  342.1  339.2
  341.0   8782  -22.9  -35.9     29   0.53    125     12  340.3  342.4  340.4
  335.0   8912  -24.1  -28.3     68   1.12    124     12  340.4  344.7  340.6
  304.0   9614  -29.2  -32.4     74   0.83    115      8  342.8  346.1  343.0
  300.0   9710  -29.9  -33.0     74   0.80    105      8  343.1  346.3  343.3
  280.0  10191  -33.9  -37.5     70   0.54     95      8  344.1  346.3  344.3
  252.0  10926  -40.1  -44.5     63   0.29     95      6  345.5  346.8  345.6
  250.0  10980  -40.5                          95      6  345.7         345.7
  245.0  11114  -41.6                          90      6  346.1         346.1
  224.0  11708  -46.4                         150     12  347.7         347.7
  200.0  12460  -52.5                         140     12  349.5         349.5
  196.0  12586  -53.5                         140     12  349.8         349.8
  187.0  12878  -56.0                         105      8  350.7         350.7
  170.0  13471  -60.9                         105     14  352.2         352.2
  154.0  14086  -66.0                          90     23  353.6         353.6
  150.0  14250  -67.3                          85     23  354.0         354.0
  146.0  14408  -68.5                          75     21  354.6         354.6
  119.0  15602  -77.9                         105     17  358.6         358.6
  114.0  15853  -79.9                          95     19  359.4         359.4
  101.0  16534  -81.9                          65     25  368.2         368.2
  100.0  16590  -81.1                          60     21  370.8         370.8
   96.0  16817  -82.3                          45     12  372.9         372.9
   86.0  17427  -85.4                          75      6  378.4         378.4
   82.0  17692  -86.8                          10      8  380.9         380.9
   81.6  17719  -86.9                          10      8  381.1         381.1
   70.1  18552  -85.5                          79     25  401.0         401.0
   70.0  18560  -85.3                          80     25  401.6         401.6
   69.0  18642  -83.9                          85     27  406.3         406.3
   61.8  19267  -72.9                          81     28  443.6         443.6
   59.3  19511  -70.1                          80     29  455.1         455.1
   59.0  19541  -70.2                          80     29  455.7         455.7
   54.0  20065  -71.0                          95     21  465.5         465.5
   50.0  20520  -71.7                         100     43  474.1         474.1
   49.0  20639  -71.5                         100     45  477.3         477.3
   46.0  21017  -69.0                         100     52  492.2         492.2
   41.4  21649  -64.7                          97     61  517.8         517.8
   38.2  22138  -64.9                          95     68  529.3         529.3
   38.0  22171  -64.5                          95     68  531.0         531.0
   37.8  22204  -64.2                          95     68  532.7         532.7
   33.0  23053  -55.1                          95     37  577.8         577.8
   32.2  23206  -53.5                          90     33  586.2         586.2
   30.0  23660  -53.7                          75     21  597.6         597.6
   28.0  24103  -54.2                          30     12  608.2         608.2
   26.8  24385  -54.5                          77      8  615.0         615.0
   26.0  24582  -51.8                         110      6  627.9         627.9
   25.1  24811  -48.7                         204     11  643.2         643.2
   25.0  24837  -48.8                         215     12  643.5         643.5
   23.0  25382  -51.8                         185     23  650.5         650.5
   22.9  25411  -51.9                         190     23  650.9         650.9
   22.0  25671  -51.9                         160      8  658.4         658.4
   21.0  25973  -51.9                         315      8  667.2         667.2
   20.0  26290  -51.9                         310     12  676.6         676.6
   19.0  26624  -51.3                         180      6  688.3         688.3
   18.0  26977  -50.7                         145     12  700.9         700.9
   17.0  27350  -50.1                         295      4  714.5         714.5
   16.0  27745  -49.4                         220      6  729.1         729.1
   14.7  28297  -48.5                         169     10  750.1         750.1
   14.1  28573  -44.9                         144     12  771.3         771.3
   14.0  28621  -44.9                         140     12  772.9         772.9
   12.0  29651  -44.6                          85     27  808.6         808.6
   10.0  30870  -44.3                         300      8  853.1         853.1
    9.1  31500  -45.9                          74      8  870.2         870.2
    9.0  31573  -45.7                          90      8  873.7         873.7
    8.0  32361  -43.7                          65     12  911.5         911.5
    7.9  32445  -43.5                                     915.7         915.7
</PRE><H3>Station information and sounding indices</H3><PRE>
                         Station identifier: WIII
                             Station number: 96749
                           Observation time: 130309/0000
                           Station latitude: -6.11
                          Station longitude: 106.65
                          Station elevation: 8.0
                            Showalter index: -0.39
                               Lifted index: -1.64
    LIFT computed using virtual temperature: -1.95
                                SWEAT index: 228.81
                                    K index: 34.90
                         Cross totals index: 21.30
                      Vertical totals index: 22.10
                        Totals totals index: 43.40
      Convective Available Potential Energy: 459.46
             CAPE using virtual temperature: 565.46
                      Convective Inhibition: -21.53
             CINS using virtual temperature: -15.47
                           Equilibrum Level: 212.54
 Equilibrum Level using virtual temperature: 212.46
                   Level of Free Convection: 865.14
             LFCT using virtual temperature: 876.13
                     Bulk Richardson Number: 71.98
          Bulk Richardson Number using CAPV: 88.58
  Temp [K] of the Lifted Condensation Level: 294.44
Pres [hPa] of the Lifted Condensation Level: 945.78
   Equivalent potential temp [K] of the LCL: 349.42
     Mean mixed layer potential temperature: 299.18
              Mean mixed layer mixing ratio: 17.19
              1000 hPa to 500 hPa thickness: 5776.00
Precipitable water [mm] for entire sounding: 58.71
</PRE>
<P>Description of the 
<A HREF="/upperair/columns.html">data columns</A>
or <A HREF="/upperair/indices.html">sounding indices</A>.

<P>
<FORM>
<INPUT CLASS="button" TYPE="button" VALUE=" Close this window " 
 onClick="window.close();">
<INPUT CLASS="button" TYPE="button" VALUE=" Select another map " 
 onClick="window.blur();">
</FORM>
<HR SIZE="1">
<I>Interested in graduate studies in atmospheric science?
Check out our program at the
<a href="http://www.uwyo.edu/atsc/howtoapply/"
target=_top>University of Wyoming
</a></I>
<HR SIZE="1"><FONT SIZE="-1">
Questions about the weather data provided by this site can be
addressed to <A HREF="mailto:ldoolman@uwyo.edu">
Larry Oolman (ldoolman@uwyo.edu)</A></FONT>
<HR SIZE="1">
<SCRIPT TYPE="text/javascript">
<!--
window.focus();
// -->
</SCRIPT>
</BODY>
</HTML>
