2013-08-11 12
<HTML>
<TITLE>University of Wyoming - Radiosonde Data</TITLE>
<BODY BGCOLOR="white">
<H2>96749 WIII Jakarta Observations at 00Z 11 Aug 2013</H2>
<PRE>
-----------------------------------------------------------------------------
   PRES   HGHT   TEMP   DWPT   RELH   MIXR   DRCT   SKNT   THTA   THTE   THTV
    hPa     m      C      C      %    g/kg    deg   knot     K      K      K 
-----------------------------------------------------------------------------
 1010.0      8   24.2   22.5     90  17.32    160      1  296.5  346.6  299.6
 1000.0     99   24.6   21.7     84  16.64    150      2  297.8  346.2  300.7
  993.0    161   25.6   21.1     76  16.14    142      3  299.4  346.7  302.2
  977.0    303   24.9   19.8     73  15.11    125      4  300.0  344.4  302.7
  944.0    605   23.3   17.0     68  13.11    355      2  301.4  340.2  303.8
  925.0    783   22.4   15.4     65  12.03    320      2  302.2  338.0  304.4
  913.0    896   21.7   14.7     64  11.66    300      2  302.6  337.4  304.8
  882.0   1194   19.9   12.9     64  10.72    290      4  303.8  336.0  305.7
  852.0   1493   18.1   11.1     64   9.84    250     14  304.9  334.7  306.7
  850.0   1513   18.0   11.0     64   9.79    250     14  305.0  334.6  306.8
  793.0   2104   14.6    6.6     59   7.79    250      6  307.4  331.4  308.9
  790.0   2136   14.4    6.4     59   7.69    241      6  307.6  331.3  309.0
  757.0   2496   12.0    8.5     79   9.28    145      6  308.8  337.3  310.5
  739.0   2696   10.8    7.2     78   8.68     90      6  309.6  336.4  311.2
  700.0   3148    8.0    4.2     77   7.44    105      8  311.3  334.6  312.7
  687.0   3302    7.3    2.1     70   6.53    115     12  312.2  332.8  313.4
  679.0   3399    6.8    0.8     66   6.01    103     11  312.7  331.8  313.8
  663.0   3593    6.1   -4.3     47   4.20     80      8  314.0  327.7  314.8
  639.0   3893    5.0  -12.3     27   2.34    100      8  316.1  324.0  316.5
  616.0   4191    3.9  -20.2     15   1.25     95     12  318.1  322.6  318.4
  603.0   4365    3.2  -24.8     11   0.85     95     11  319.3  322.4  319.5
  593.0   4499    2.2  -25.8     11   0.79     95     10  319.7  322.6  319.9
  571.0   4803    0.0  -28.0     10   0.67    113     15  320.6  323.1  320.7
  550.0   5098   -1.8  -29.8     10   0.59    130     19  321.9  324.1  322.0
  500.0   5850   -6.3  -34.3      9   0.42    130     10  325.3  326.9  325.4
  491.0   5992   -7.3  -36.2      8   0.35    130     10  325.8  327.1  325.8
  472.0   6299   -9.5  -40.5      6   0.24    100      6  326.7  327.7  326.8
  460.0   6498  -11.3  -13.9     81   2.86     57      6  326.9  336.8  327.5
  454.0   6599  -12.1  -14.4     83   2.78     35      6  327.1  336.8  327.7
  437.0   6890  -14.4  -15.8     89   2.56     15      8  327.7  336.7  328.2
  424.0   7120  -16.3  -17.0     94   2.39     30     12  328.2  336.6  328.7
  406.0   7448  -16.9  -23.9     55   1.37     52     19  331.5  336.6  331.8
  402.0   7522  -16.7  -27.7     38   0.98     57     20  332.7  336.4  332.9
  400.0   7560  -16.7  -22.7     60   1.55     60     21  333.2  338.9  333.5
  399.0   7579  -16.7  -22.7     60   1.56     60     21  333.4  339.2  333.8
  396.0   7635  -16.7  -30.7     29   0.75     62     22  334.1  337.1  334.3
  388.0   7786  -17.8  -30.6     32   0.78     65     23  334.6  337.6  334.8
  342.0   8719  -24.7  -29.7     63   0.96     65     25  337.6  341.2  337.8
  303.0   9589  -30.6  -34.1     71   0.71     65     27  341.1  343.9  341.3
  300.0   9660  -31.1  -34.5     72   0.69     70     27  341.4  344.1  341.6
  290.0   9898  -33.1  -36.9     69   0.56     76     29  341.9  344.1  342.0
  286.0   9995  -33.1  -46.1     26   0.21     78     30  343.3  344.2  343.3
  266.0  10495  -37.5  -59.4      8   0.05     90     35  344.0  344.2  344.0
  255.0  10786  -40.1  -67.1      4   0.02     87     34  344.4  344.4  344.4
  250.0  10920  -41.1                          85     33  344.8         344.8
  200.0  12400  -54.3                          75     29  346.6         346.6
  176.0  13187  -61.2                          80     35  348.1         348.1
  150.0  14170  -69.9                          70     51  349.5         349.5
  137.0  14704  -73.8                          70     49  351.8         351.8
  136.0  14747  -74.1                          71     49  352.0         352.0
  130.0  15006  -75.8                          75     52  353.5         353.5
  116.0  15660  -80.1                          85     52  357.2         357.2
  111.0  15909  -80.6                          75     49  360.8         360.8
  110.0  15960  -80.7                          72     46  361.6         361.6
  107.0  16118  -75.9                          63     38  373.5         373.5
  101.0  16452  -74.5                          43     20  382.4         382.4
  100.0  16510  -74.7                          40     17  383.1         383.1
   95.0  16807  -74.6                          10     21  389.0         389.0
   91.3  17037  -74.5                          15     21  393.6         393.6
   91.0  17057  -74.3                          15     21  394.5         394.5
   88.1  17246  -71.9                         345     19  402.9         402.9
   78.0  17961  -71.7                         230     12  417.5         417.5
   75.4  18160  -71.7                         230     10  421.6         421.6
   70.0  18600  -69.3                         230      6  435.8         435.8
   67.0  18867  -68.4                         265     14  443.2         443.2
   60.0  19539  -66.2                         265     21  462.4         462.4
   55.0  20069  -64.4                         290     27  478.0         478.0
   52.0  20411  -63.3                         290     23  488.4         488.4
   50.0  20650  -62.5                         260     25  495.8         495.8
   48.8  20800  -61.9                         260     26  500.6         500.6
   39.0  22193  -61.0                         260     35  536.1         536.1
   36.7  22571  -60.7                         282     29  546.2         546.2
   35.0  22869  -57.6                         300     25  561.6         561.6
   34.6  22942  -56.9                         300     26  565.4         565.4
   30.0  23850  -55.3                         295     39  593.3         593.3
   27.5  24406  -53.7                         287     50  612.7         612.7
   27.0  24523  -54.1                         285     52  614.9         614.9
   23.0  25544  -57.3                         275     41  634.2         634.2
   20.0  26430  -55.3                         260     37  666.2         666.2
   17.0  27478  -51.8                         285     25  709.1         709.1
   15.3  28158  -49.5                         287     32  738.3         738.3
   13.0  29231  -48.1                         290     43  778.2         778.2
   11.0  30332  -46.7                         295     37  821.4         821.4
   10.0  30960  -45.9                         295     37  847.1         847.1
    9.0  31665  -45.1                         290     37  876.1         876.1
    7.3  33064  -43.5                         223     25  936.6         936.6
    7.0                                       210     23                     
</PRE><H3>Station information and sounding indices</H3><PRE>
                         Station identifier: WIII
                             Station number: 96749
                           Observation time: 130811/0000
                           Station latitude: -6.11
                          Station longitude: 106.65
                          Station elevation: 8.0
                            Showalter index: 2.91
                               Lifted index: -1.26
    LIFT computed using virtual temperature: -2.05
                                SWEAT index: 170.01
                                    K index: 31.50
                         Cross totals index: 17.30
                      Vertical totals index: 24.30
                        Totals totals index: 41.60
      Convective Available Potential Energy: 266.61
             CAPE using virtual temperature: 406.46
                      Convective Inhibition: -109.11
             CINS using virtual temperature: -67.53
                           Equilibrum Level: 310.48
 Equilibrum Level using virtual temperature: 309.58
                   Level of Free Convection: 754.61
             LFCT using virtual temperature: 790.83
                     Bulk Richardson Number: 588.51
          Bulk Richardson Number using CAPV: 897.22
  Temp [K] of the Lifted Condensation Level: 292.31
Pres [hPa] of the Lifted Condensation Level: 919.67
   Equivalent potential temp [K] of the LCL: 344.60
     Mean mixed layer potential temperature: 299.40
              Mean mixed layer mixing ratio: 15.48
              1000 hPa to 500 hPa thickness: 5751.00
Precipitable water [mm] for entire sounding: 40.95
</PRE>
<P>Description of the 
<A HREF="/upperair/columns.html">data columns</A>
or <A HREF="/upperair/indices.html">sounding indices</A>.

<P>
<FORM>
<INPUT CLASS="button" TYPE="button" VALUE=" Close this window " 
 onClick="window.close();">
<INPUT CLASS="button" TYPE="button" VALUE=" Select another map " 
 onClick="window.blur();">
</FORM>
<HR SIZE="1">
<I>Interested in graduate studies in atmospheric science?
Check out our program at the
<a href="http://www.uwyo.edu/atsc/howtoapply/"
target=_top>University of Wyoming
</a></I>
<HR SIZE="1"><FONT SIZE="-1">
Questions about the weather data provided by this site can be
addressed to <A HREF="mailto:ldoolman@uwyo.edu">
Larry Oolman (ldoolman@uwyo.edu)</A></FONT>
<HR SIZE="1">
<SCRIPT TYPE="text/javascript">
<!--
window.focus();
// -->
</SCRIPT>
</BODY>
</HTML>
