2013-02-05 12
<HTML>
<TITLE>University of Wyoming - Radiosonde Data</TITLE>
<BODY BGCOLOR="white">
<H2>96749 WIII Jakarta Observations at 00Z 05 Feb 2013</H2>
<PRE>
-----------------------------------------------------------------------------
   PRES   HGHT   TEMP   DWPT   RELH   MIXR   DRCT   SKNT   THTA   THTE   THTV
    hPa     m      C      C      %    g/kg    deg   knot     K      K      K 
-----------------------------------------------------------------------------
 1010.0      8   24.0   23.8     99  18.78    280      3  296.3  350.6  299.6
 1000.0     97   24.4   22.5     89  17.50    255      4  297.6  348.4  300.7
  985.0    230   25.4   21.5     79  16.69    213      4  299.8  348.9  302.8
  977.0    302   25.1   21.1     78  16.40    190      4  300.2  348.5  303.2
  944.0    604   23.9   19.3     76  15.20     55      2  302.0  347.1  304.7
  925.0    783   23.2   18.3     74  14.52     45      4  303.0  346.3  305.7
  913.0    896   22.5   17.8     75  14.26      0      4  303.4  345.9  306.0
  852.0   1496   18.5   15.2     81  12.90     50      2  305.3  344.2  307.7
  850.0   1516   18.4   15.1     81  12.86     50      2  305.4  344.1  307.8
  794.0   2094   15.6   11.9     79  11.15    110      6  308.4  342.5  310.5
  740.0   2691   12.7    8.6     76   9.57    165      6  311.5  341.3  313.3
  714.0   2994   11.2    6.9     75   8.83    115      4  313.1  340.8  314.8
  700.0   3162   10.4    6.0     74   8.45    115      8  314.0  340.6  315.6
  666.0   3575    7.4    4.0     79   7.71    112     11  315.1  339.6  316.6
  640.0   3899    5.5    1.9     77   6.88    110     14  316.6  338.6  317.9
  617.0   4196    3.8   -0.1     76   6.18     95      8  317.9  337.9  319.1
  570.0   4841    0.0   -4.4     72   4.87     79     16  320.7  336.8  321.7
  531.0   5404   -2.9   -8.3     66   3.86     65     23  323.8  336.8  324.5
  509.0   5740   -4.7  -10.7     63   3.34     69     15  325.6  337.0  326.2
  500.0   5880   -5.3  -11.3     63   3.24     70     12  326.5  337.7  327.1
  495.0   5959   -5.5  -11.5     63   3.22     70     12  327.2  338.4  327.9
  492.0   6007   -5.5  -15.5     45   2.34     71     12  327.8  336.0  328.2
  453.0   6650   -9.7  -18.7     48   1.94     74      9  330.3  337.3  330.7
  439.0   6891  -11.3  -22.3     40   1.47     75      8  331.3  336.7  331.6
  438.0   6909  -11.4  -20.8     46   1.68     75      8  331.3  337.4  331.7
  436.0   6944  -11.7  -17.7     61   2.19     78      9  331.4  339.3  331.9
  428.0   7086  -12.3  -21.3     47   1.64     91     10  332.4  338.4  332.8
  422.0   7193  -13.0  -19.5     58   1.94    100     12  332.9  339.9  333.3
  416.0   7303  -13.7  -17.7     72   2.30    100     12  333.3  341.6  333.8
  400.0   7600  -15.5  -18.9     75   2.16    100     12  334.8  342.6  335.2
  359.0   8407  -20.0  -27.4     52   1.13     85     17  339.2  343.6  339.5
  353.0   8533  -20.7  -28.7     49   1.02     89     16  339.9  343.9  340.1
  318.0   9288  -27.0  -33.7     53   0.70    115     12  341.5  344.3  341.6
  300.0   9710  -30.5  -36.5     56   0.56    110     10  342.3  344.5  342.4
  283.0  10122  -33.5  -42.5     40   0.32    118     10  343.7  345.1  343.8
  280.0  10197  -34.1  -43.8     37   0.28    120     10  343.9  345.0  343.9
  262.0  10659  -38.1  -52.1     22   0.12    123     12  344.6  345.2  344.7
  253.0  10899  -40.1  -47.1     47   0.22    124     14  345.1  346.1  345.2
  250.0  10980  -40.7                         125     14  345.4         345.4
  246.0  11087  -41.6                         125     14  345.7         345.7
  205.0  12296  -51.7                         100     12  348.2         348.2
  200.0  12460  -53.1                         105     10  348.5         348.5
  187.0  12876  -56.7                         115      6  349.5         349.5
  178.0  13181  -59.3                          80      4  350.1         350.1
  154.0  14077  -67.1                          75      8  351.7         351.7
  150.0  14240  -68.5                          70     10  351.9         351.9
  139.0  14679  -72.1                          90     10  353.3         353.3
  126.0  15246  -76.8                         105     10  354.9         354.9
  113.0  15874  -82.0                          90     17  356.5         356.5
  108.0  16136  -84.1                         102     16  357.1         357.1
  107.0  16187  -84.3                         105     16  357.6         357.6
  100.0  16560  -85.9                          80     21  361.5         361.5
   96.9  16732  -86.7                          65     31  363.2         363.2
   96.0  16783  -86.2                          65     33  365.2         365.2
   90.2  17127  -82.9                          79     30  378.3         378.3
   86.0  17396  -79.0                          90     27  391.5         391.5
   83.7  17549  -76.7                         144     14  399.1         399.1
   82.0  17666  -77.0                         185      4  400.9         400.9
   78.0  17952  -77.6                         225     17  405.4         405.4
   70.0  18570  -78.9                         200     27  415.3         415.3
   68.4  18702  -79.5                         188     24  416.7         416.7
   66.0  18907  -78.2                         170     19  423.9         423.9
   63.0  19174  -76.4                         115     19  433.5         433.5
   61.2  19340  -75.3                         106     21  439.5         439.5
   57.0  19752  -75.7                          85     27  447.7         447.7
   51.0  20395  -76.2                         105     17  460.9         460.9
   50.0  20510  -76.3                         100     21  463.3         463.3
   48.1  20733  -77.1                          99     29  466.6         466.6
   42.0  21518  -74.1                          94     58  492.4         492.4
   38.0  22114  -68.2                          90     80  521.6         521.6
   36.9  22288  -66.5                          87     81  530.5         530.5
   36.0  22442  -63.6                          85     82  541.7         541.7
   35.8  22477  -63.0                          85     82  544.3         544.3
   33.2  22948  -54.1                          85     50  579.5         579.5
   33.0  22987  -54.0                          85     47  580.7         580.7
   30.0  23600  -53.1                          40     14  599.3         599.3
   28.1  24020  -54.3                         234     10  607.3         607.3
   28.0  24043  -54.4                         225     10  607.8         607.8
   27.0  24275  -54.8                         205     12  612.8         612.8
   25.0  24765  -55.8                         115     12  623.6         623.6
   23.3  25214  -56.7                         107     13  633.6         633.6
   22.0  25581  -55.4                         100     14  648.1         648.1
   20.0  26190  -53.1                         120     14  672.9         672.9
   19.0  26526  -51.9                         105     16  686.5         686.5
   17.0  27255  -49.3                          60     21  717.0         717.0
   15.0  28076  -46.4                         260      4  752.7         752.7
   14.3  28389  -45.3                         260      7  766.8         766.8
   14.0  28530  -45.4                         260      8  771.1         771.1
   12.0  29555  -46.3                         270     16  802.7         802.7
   11.2  30014  -46.7                         131      6  817.2         817.2
   11.0  30134  -46.2                          95      4  823.0         823.0
   10.0  30770  -43.9                         135      8  854.5         854.5
    9.0  31478  -43.5                         110     17  882.4         882.4
    8.7  31706  -43.3                                     891.6         891.6
</PRE><H3>Station information and sounding indices</H3><PRE>
                         Station identifier: WIII
                             Station number: 96749
                           Observation time: 130205/0000
                           Station latitude: -6.11
                          Station longitude: 106.65
                          Station elevation: 8.0
                            Showalter index: -0.06
                               Lifted index: -1.69
    LIFT computed using virtual temperature: -2.12
                                SWEAT index: 197.21
                                    K index: 34.40
                         Cross totals index: 20.40
                      Vertical totals index: 23.70
                        Totals totals index: 44.10
      Convective Available Potential Energy: 376.51
             CAPE using virtual temperature: 464.25
                      Convective Inhibition: -114.48
             CINS using virtual temperature: -80.60
                           Equilibrum Level: 216.66
 Equilibrum Level using virtual temperature: 216.82
                   Level of Free Convection: 688.88
             LFCT using virtual temperature: 722.28
                     Bulk Richardson Number: 42.39
          Bulk Richardson Number using CAPV: 52.27
  Temp [K] of the Lifted Condensation Level: 293.86
Pres [hPa] of the Lifted Condensation Level: 936.41
   Equivalent potential temp [K] of the LCL: 348.44
     Mean mixed layer potential temperature: 299.45
              Mean mixed layer mixing ratio: 16.75
              1000 hPa to 500 hPa thickness: 5783.00
Precipitable water [mm] for entire sounding: 55.95
</PRE>
<P>Description of the 
<A HREF="/upperair/columns.html">data columns</A>
or <A HREF="/upperair/indices.html">sounding indices</A>.

<P>
<FORM>
<INPUT CLASS="button" TYPE="button" VALUE=" Close this window " 
 onClick="window.close();">
<INPUT CLASS="button" TYPE="button" VALUE=" Select another map " 
 onClick="window.blur();">
</FORM>
<HR SIZE="1">
<I>Interested in graduate studies in atmospheric science?
Check out our program at the
<a href="http://www.uwyo.edu/atsc/howtoapply/"
target=_top>University of Wyoming
</a></I>
<HR SIZE="1"><FONT SIZE="-1">
Questions about the weather data provided by this site can be
addressed to <A HREF="mailto:ldoolman@uwyo.edu">
Larry Oolman (ldoolman@uwyo.edu)</A></FONT>
<HR SIZE="1">
<SCRIPT TYPE="text/javascript">
<!--
window.focus();
// -->
</SCRIPT>
</BODY>
</HTML>
