2013-03-18 12
<HTML>
<TITLE>University of Wyoming - Radiosonde Data</TITLE>
<BODY BGCOLOR="white">
<H2>96749 WIII Jakarta Observations at 00Z 18 Mar 2013</H2>
<PRE>
-----------------------------------------------------------------------------
   PRES   HGHT   TEMP   DWPT   RELH   MIXR   DRCT   SKNT   THTA   THTE   THTV
    hPa     m      C      C      %    g/kg    deg   knot     K      K      K 
-----------------------------------------------------------------------------
 1009.0      8   25.4   23.5     89  18.45    210      2  297.8  351.5  301.1
 1000.0     86   24.8   22.1     85  17.07    215      6  297.9  347.7  301.0
  976.0    299   24.3   19.6     75  14.98    230     14  299.5  343.5  302.2
  925.0    771   23.2   14.2     57  11.12    245     14  303.0  336.3  305.1
  912.0    894   22.5   13.5     57  10.76    250     14  303.5  335.8  305.5
  881.0   1194   20.7   11.7     56   9.90    235     14  304.7  334.6  306.5
  879.0   1214   20.6   11.6     56   9.85    236     14  304.8  334.6  306.6
  850.0   1503   18.8   11.8     64  10.33    245     12  305.8  337.1  307.7
  821.0   1799   17.3   10.6     65   9.86    240     12  307.3  337.4  309.1
  793.0   2094   15.8    9.4     66   9.42    255     10  308.8  337.7  310.5
  765.0   2401   14.3    8.2     67   8.96    235     10  310.3  338.1  312.0
  753.0   2535   13.6    7.6     67   8.77    235     11  311.0  338.2  312.6
  739.0   2693   13.1    4.9     58   7.41    235     12  312.1  335.4  313.5
  715.0   2971   12.2    0.2     44   5.46    212     10  314.1  331.6  315.1
  713.0   2994   12.0    0.3     44   5.51    210     10  314.1  331.8  315.1
  700.0   3148   10.8    0.8     50   5.83    230      8  314.4  333.1  315.5
  639.0   3901    5.8   -0.3     65   5.90    295      6  317.0  336.1  318.1
  623.0   4110    4.4   -0.6     70   5.91    285      6  317.7  336.9  318.9
  616.0   4202    3.8   -1.2     70   5.73    280      6  318.1  336.7  319.2
  597.0   4457    2.2   -2.8     70   5.24    277      7  319.1  336.2  320.1
  576.0   4746    0.0   -2.1     86   5.73    274      7  319.8  338.5  320.9
  560.0   4971   -1.1   -8.1     59   3.73    271      8  321.1  333.6  321.8
  554.0   5057   -1.9   -4.1     85   5.13    270      8  321.1  338.0  322.1
  551.0   5100   -2.0   -4.4     84   5.03    270      8  321.4  338.1  322.4
  531.0   5394   -3.1   -6.6     77   4.43    315      4  323.6  338.4  324.4
  520.0   5561   -3.7   -7.8     73   4.11    288      5  324.8  338.7  325.6
  511.0   5698   -4.5   -8.8     72   3.86    265      6  325.5  338.6  326.2
  500.0   5870   -5.5  -10.1     70   3.57    275      6  326.3  338.5  327.0
  473.0   6301   -8.0  -13.6     64   2.85    290      6  328.4  338.4  329.0
  437.0   6917  -11.5  -18.5     56   2.05    266      5  331.5  338.8  331.9
  421.0   7202  -13.5  -18.8     65   2.07    255      4  332.4  339.9  332.9
  415.0   7311  -14.3  -18.9     68   2.08    268      3  332.8  340.3  333.2
  405.0   7496  -15.4  -23.5     50   1.42    290      2  333.8  339.0  334.0
  400.0   7590  -15.9  -25.9     42   1.16    315      2  334.2  338.6  334.5
  394.0   7704  -16.7  -25.7     46   1.20    348      2  334.6  339.1  334.9
  389.0   7799  -17.3  -23.6     58   1.48     15      2  335.1  340.6  335.4
  384.0   7896  -17.9  -21.4     74   1.81     27      3  335.5  342.2  335.9
  380.0   7975  -17.7  -26.7     45   1.14     36      3  336.8  341.1  337.0
  374.0   8093  -18.4  -26.3     50   1.20     50      4  337.4  341.9  337.6
  364.0   8295  -19.7  -25.7     59   1.30     32      5  338.3  343.2  338.6
  345.0   8690  -22.7  -30.0     51   0.93    355      6  339.5  343.1  339.7
  335.0   8906  -24.3  -32.3     48   0.76    357      8  340.1  343.1  340.3
  304.0   9605  -29.8  -36.9     50   0.54      5     14  342.0  344.2  342.1
  300.0   9700  -30.5  -37.5     50   0.51      5     14  342.3  344.3  342.4
  254.0  10853  -40.1  -46.1     53   0.24     23     12  344.7  345.8  344.8
  250.0  10960  -41.1                          25     12  344.8         344.8
  234.0  11399  -44.8                          35     10  345.8         345.8
  204.0  12309  -52.4                         100     12  347.7         347.7
  200.0  12440  -53.5                          95     12  347.9         347.9
  177.0  13201  -59.4                          65     17  350.6         350.6
  161.0  13792  -63.9                          95     21  352.6         352.6
  153.0  14109  -66.4                          85     14  353.5         353.5
  152.0  14150  -66.7                          75     13  353.6         353.6
  150.0  14230  -67.1                          55     10  354.3         354.3
  146.0  14390  -68.0                          20      4  355.6         355.6
  139.0  14680  -69.5                         260     12  357.9         357.9
  132.0  14985  -71.1                         280     12  360.3         360.3
  119.0  15597  -74.4                         260     12  365.1         365.1
  115.0  15799  -75.5                         263     15  366.7         366.7
  102.0  16487  -78.3                         275     25  374.1         374.1
  101.0  16543  -78.5                         277     25  374.7         374.7
  100.0  16600  -79.1                         280     25  374.6         374.6
   92.0  17066  -82.6                         285     29  376.7         376.7
   82.0  17708  -87.5                         250     23  379.3         379.3
   78.0  17984  -86.5                         260     10  386.9         386.9
   74.0  18274  -85.4                          80     10  395.0         395.0
   70.0  18580  -84.3                          75     21  403.7         403.7
   68.1  18732  -84.5                          89     19  406.5         406.5
   66.0  18906  -83.3                         105     17  412.8         412.8
   60.3  19409  -79.7                         105     24  431.6         431.6
   56.0  19827  -79.7                         105     29  440.8         440.8
   53.0  20138  -79.7                          95     31  447.8         447.8
   52.8  20159  -79.7                          95     31  448.3         448.3
   50.0  20470  -75.1                         100     37  466.1         466.1
   43.3  21325  -66.3                          94     56  507.3         507.3
   39.7  21857  -63.3                          90     67  527.5         527.5
   39.4  21904  -62.5                          90     68  530.8         530.8
   39.0  21969  -61.3                          90     68  535.2         535.2
   36.6  22368  -54.3                          85     46  563.1         563.1
   34.0  22843  -53.9                          80     21  576.2         576.2
   31.0  23439  -53.3                         150      6  593.2         593.2
   30.0  23650  -53.1                         285      2  599.3         599.3
   28.0  24096  -52.5                          80      2  612.8         612.8
   27.0  24331  -52.2                         165      6  620.1         620.1
   25.0  24828  -51.6                          65      6  635.7         635.7
   24.0  25092  -51.2                         315     14  644.2         644.2
   23.0  25367  -50.9                         350     16  653.1         653.1
   22.0  25654  -50.5                           0     10  662.5         662.5
   21.0  25955  -50.1                         340      8  672.6         672.6
   20.0  26270  -49.7                          10      6  683.3         683.3
   19.0  26607  -49.4                         330      6  694.3         694.3
   18.0  26963  -49.1                         195      2  706.2         706.2
   16.0  27737  -48.3                          15      6  732.7         732.7
   15.0  28161  -47.9                         265      8  747.7         747.7
   14.0  28615  -47.5                         215      8  764.0         764.0
   13.0  29102  -47.1                         265      2  781.9         781.9
   12.0  29628  -46.6                         135      8  801.7         801.7
   11.0  30200  -46.0                          70     12  823.8         823.8
   10.4  30569  -45.7                          94     17  838.4         838.4
   10.0  30830  -44.3                         110     21  853.1         853.1
    9.4  31246  -42.3                                     875.9         875.9
</PRE><H3>Station information and sounding indices</H3><PRE>
                         Station identifier: WIII
                             Station number: 96749
                           Observation time: 130318/0000
                           Station latitude: -6.11
                          Station longitude: 106.65
                          Station elevation: 8.0
                            Showalter index: 2.59
                               Lifted index: -0.36
    LIFT computed using virtual temperature: -0.64
                                SWEAT index: 171.61
                                    K index: 26.10
                         Cross totals index: 17.30
                      Vertical totals index: 24.30
                        Totals totals index: 41.60
      Convective Available Potential Energy: 51.96
             CAPE using virtual temperature: 90.87
                      Convective Inhibition: -262.38
             CINS using virtual temperature: -186.13
                           Equilibrum Level: 384.95
 Equilibrum Level using virtual temperature: 383.47
                   Level of Free Convection: 613.80
             LFCT using virtual temperature: 637.09
                     Bulk Richardson Number: 34.11
          Bulk Richardson Number using CAPV: 59.65
  Temp [K] of the Lifted Condensation Level: 292.32
Pres [hPa] of the Lifted Condensation Level: 921.65
   Equivalent potential temp [K] of the LCL: 344.36
     Mean mixed layer potential temperature: 299.24
              Mean mixed layer mixing ratio: 15.50
              1000 hPa to 500 hPa thickness: 5784.00
Precipitable water [mm] for entire sounding: 47.65
</PRE>
<P>Description of the 
<A HREF="/upperair/columns.html">data columns</A>
or <A HREF="/upperair/indices.html">sounding indices</A>.

<P>
<FORM>
<INPUT CLASS="button" TYPE="button" VALUE=" Close this window " 
 onClick="window.close();">
<INPUT CLASS="button" TYPE="button" VALUE=" Select another map " 
 onClick="window.blur();">
</FORM>
<HR SIZE="1">
<I>Interested in graduate studies in atmospheric science?
Check out our program at the
<a href="http://www.uwyo.edu/atsc/howtoapply/"
target=_top>University of Wyoming
</a></I>
<HR SIZE="1"><FONT SIZE="-1">
Questions about the weather data provided by this site can be
addressed to <A HREF="mailto:ldoolman@uwyo.edu">
Larry Oolman (ldoolman@uwyo.edu)</A></FONT>
<HR SIZE="1">
<SCRIPT TYPE="text/javascript">
<!--
window.focus();
// -->
</SCRIPT>
</BODY>
</HTML>
