2013-03-15 12
<HTML>
<TITLE>University of Wyoming - Radiosonde Data</TITLE>
<BODY BGCOLOR="white">
<H2>96749 WIII Jakarta Observations at 00Z 15 Mar 2013</H2>
<PRE>
-----------------------------------------------------------------------------
   PRES   HGHT   TEMP   DWPT   RELH   MIXR   DRCT   SKNT   THTA   THTE   THTV
    hPa     m      C      C      %    g/kg    deg   knot     K      K      K 
-----------------------------------------------------------------------------
 1011.0      8   24.4   23.7     96  18.65    180      2  296.6  350.6  299.9
 1000.0    106   24.8   22.7     88  17.72    205      4  297.9  349.6  301.1
  994.0    159   26.0   22.9     83  18.05    219      5  299.7  352.7  302.9
  978.0    302   25.1   21.8     82  17.08    255      6  300.1  350.4  303.2
  946.0    595   23.2   19.4     79  15.22    260      6  301.1  346.1  303.9
  925.0    792   22.0   17.8     77  14.06    245      4  301.8  343.5  304.3
  914.0    895   21.4   17.1     77  13.64    235      2  302.2  342.7  304.7
  850.0   1522   17.6   13.1     75  11.27    245      6  304.6  338.5  306.6
  794.0   2097   14.7   10.4     76  10.07    250     10  307.4  338.1  309.3
  714.0   2994   10.1    6.2     77   8.39    265     16  311.8  338.0  313.4
  700.0   3161    9.2    5.4     77   8.10    255     12  312.6  338.1  314.2
  664.0   3594    6.6    2.5     75   6.93    235     12  314.5  336.5  315.8
  617.0   4197    3.0   -1.6     71   5.54    240     10  317.1  335.0  318.1
  614.0   4237    2.8   -1.9     71   5.45    241     10  317.2  334.9  318.3
  595.0   4490    1.4   -2.8     74   5.26    245     10  318.4  335.6  319.4
  577.0   4738    0.0   -3.7     76   5.07    235     12  319.6  336.3  320.6
  552.0   5091   -2.7   -7.1     72   4.08    220     16  320.5  334.1  321.3
  543.0   5222   -3.7   -8.4     70   3.76    219     15  320.8  333.4  321.5
  538.0   5295   -4.3   -6.9     82   4.26    219     14  320.9  335.1  321.8
  509.0   5731   -6.3  -11.3     68   3.18    216      9  323.6  334.5  324.3
  500.0   5870   -7.3   -9.5     84   3.74    215      8  324.1  336.8  324.8
  492.0   5996   -7.8   -9.6     86   3.76    210      8  325.0  337.8  325.7
  483.0   6139   -8.3   -9.8     89   3.78    205      8  326.1  339.0  326.8
  455.0   6598  -11.0  -13.3     83   3.04    190      6  328.3  338.9  328.9
  438.0   6890  -12.7  -15.5     80   2.63    220      8  329.7  339.0  330.2
  421.0   7194  -14.5  -17.8     76   2.25    213     10  331.2  339.2  331.6
  400.0   7580  -16.3  -23.3     55   1.47    205     12  333.7  339.1  334.0
  392.0   7732  -17.5  -24.5     54   1.35    202     12  334.1  339.1  334.4
  388.0   7807  -18.0  -25.1     54   1.29    200     12  334.4  339.2  334.7
  373.0   8096  -19.9  -27.4     51   1.09    180     10  335.7  339.8  335.9
  330.0   8992  -25.7  -34.7     43   0.61    225      4  339.6  342.1  339.7
  317.0   9287  -27.7  -37.0     40   0.50    170      6  340.9  342.9  341.0
  300.0   9690  -30.3  -40.3     37   0.38    160      6  342.6  344.1  342.6
  299.0   9714  -30.3  -40.3     37   0.38    159      6  342.9  344.5  343.0
  267.0  10504  -37.3  -45.9     40   0.24    125     10  344.0  345.0  344.0
  255.0  10825  -40.1  -48.1     42   0.19    128     14  344.4  345.2  344.4
  250.0  10960  -41.1                         130     16  344.8         344.8
  204.0  12300  -52.8                         125     14  347.1         347.1
  200.0  12430  -53.9                         120     14  347.2         347.2
  163.0  13711  -63.9                          87     14  351.4         351.4
  161.0  13787  -62.1                          85     14  355.6         355.6
  153.0  14099  -64.5                          95     10  356.7         356.7
  150.0  14220  -65.5                          85      8  357.1         357.1
  146.0  14378  -66.8                          65      4  357.6         357.6
  138.0  14708  -69.4                         120      8  358.8         358.8
  125.0  15286  -74.1                         145     10  360.6         360.6
  119.0  15574  -76.4                         160     16  361.5         361.5
  113.0  15877  -78.8                         145     19  362.3         362.3
  109.0  16088  -80.5                         122     23  362.9         362.9
  107.0  16191  -81.0                         110     25  363.9         363.9
  100.0  16570  -82.7                          90     27  367.7         367.7
   99.0  16626  -82.9                          90     29  368.4         368.4
   91.0  17095  -83.5                          70     25  376.1         376.1
   86.0  17410  -84.0                          95     25  381.3         381.3
   80.4  17784  -84.5                          99     26  387.6         387.6
   76.0  18099  -80.5                         103     27  402.3         402.3
   74.4  18222  -74.5                         104     27  417.4         417.4
   73.0  18333  -73.6                         105     27  421.6         421.6
   70.0  18580  -71.5                          95     25  431.1         431.1
   66.0  18927  -71.5                          80     21  438.4         438.4
   65.4  18981  -71.5                          83     20  439.6         439.6
   63.0  19203  -70.8                          95     16  445.9         445.9
   57.0  19798  -68.8                          65     25  463.3         463.3
   54.0  20120  -67.7                          82     23  473.0         473.0
   50.0  20580  -69.3                         105     21  479.8         479.8
   49.0  20700  -69.7                         105     23  481.6         481.6
   45.9  21090  -70.9                          95     27  487.8         487.8
   44.0  21340  -71.3                          90     27  492.6         492.6
   40.3  21859  -72.3                         105     38  502.8         502.8
   38.0  22208  -70.2                         115     45  516.6         516.6
   36.0  22530  -68.3                         115     45  529.6         529.6
   32.4  23177  -59.1                          90     23  570.3         570.3
   31.0  23454  -59.5                          80     14  576.5         576.5
   30.1  23639  -59.7                          89     16  580.8         580.8
   30.0  23660  -59.5                          90     16  581.9         581.9
   28.0  24102  -57.8                          60     25  598.2         598.2
   27.0  24336  -56.9                          65     17  606.9         606.9
   26.0  24578  -56.0                          95     14  616.1         616.1
   24.0  25091  -54.0                          40     17  636.1         636.1
   22.0  25649  -51.9                          70      4  658.5         658.5
   21.0  25947  -50.7                         140     12  670.8         670.8
   20.0  26260  -49.5                         100     19  683.9         683.9
   19.8  26326  -49.3                          84     17  686.5         686.5
   19.0  26599  -44.7                          20      8  708.9         708.9
   18.0  26960  -44.8                         140      4  719.8         719.8
   17.0  27342  -44.8                         205      4  731.5         731.5
   16.0  27747  -44.9                         305      2  744.0         744.0
   15.0  28178  -44.9                          80     12  757.7         757.7
   14.0  28639  -45.0                         120     14  772.6         772.6
   12.2  29559  -45.1                         142     20  803.1         803.1
   12.0  29670  -44.5                         145     21  809.2         809.2
   11.3  30074  -42.1                         104     20  831.7         831.7
   11.0                                        85     19                     
</PRE><H3>Station information and sounding indices</H3><PRE>
                         Station identifier: WIII
                             Station number: 96749
                           Observation time: 130315/0000
                           Station latitude: -6.11
                          Station longitude: 106.65
                          Station elevation: 8.0
                            Showalter index: 0.23
                               Lifted index: -4.25
    LIFT computed using virtual temperature: -4.65
                                SWEAT index: 177.21
                                    K index: 34.20
                         Cross totals index: 20.40
                      Vertical totals index: 24.90
                        Totals totals index: 45.30
      Convective Available Potential Energy: 1022.36
             CAPE using virtual temperature: 1161.03
                      Convective Inhibition: -30.64
             CINS using virtual temperature: -16.71
                           Equilibrum Level: 178.02
 Equilibrum Level using virtual temperature: 177.22
                   Level of Free Convection: 851.23
             LFCT using virtual temperature: 882.99
                     Bulk Richardson Number: 408.92
          Bulk Richardson Number using CAPV: 464.39
  Temp [K] of the Lifted Condensation Level: 294.43
Pres [hPa] of the Lifted Condensation Level: 942.00
   Equivalent potential temp [K] of the LCL: 350.00
     Mean mixed layer potential temperature: 299.51
              Mean mixed layer mixing ratio: 17.25
              1000 hPa to 500 hPa thickness: 5764.00
Precipitable water [mm] for entire sounding: 53.88
</PRE>
<P>Description of the 
<A HREF="/upperair/columns.html">data columns</A>
or <A HREF="/upperair/indices.html">sounding indices</A>.

<P>
<FORM>
<INPUT CLASS="button" TYPE="button" VALUE=" Close this window " 
 onClick="window.close();">
<INPUT CLASS="button" TYPE="button" VALUE=" Select another map " 
 onClick="window.blur();">
</FORM>
<HR SIZE="1">
<I>Interested in graduate studies in atmospheric science?
Check out our program at the
<a href="http://www.uwyo.edu/atsc/howtoapply/"
target=_top>University of Wyoming
</a></I>
<HR SIZE="1"><FONT SIZE="-1">
Questions about the weather data provided by this site can be
addressed to <A HREF="mailto:ldoolman@uwyo.edu">
Larry Oolman (ldoolman@uwyo.edu)</A></FONT>
<HR SIZE="1">
<SCRIPT TYPE="text/javascript">
<!--
window.focus();
// -->
</SCRIPT>
</BODY>
</HTML>
