2015-07-01 12
<HTML>
<TITLE>University of Wyoming - Radiosonde Data</TITLE>
<BODY BGCOLOR="white">
<H2>96749 WIII Jakarta Observations at 00Z 01 Jul 2015</H2>
<PRE>
-----------------------------------------------------------------------------
   PRES   HGHT   TEMP   DWPT   RELH   MIXR   DRCT   SKNT   THTA   THTE   THTV
    hPa     m      C      C      %    g/kg    deg   knot     K      K      K 
-----------------------------------------------------------------------------
 1013.0      8   24.6   20.3     77  15.04    190      5  296.6  340.2  299.3
 1005.0     79   24.6   20.9     80  15.75    172      6  297.3  343.1  300.1
 1000.0    123   24.6   20.9     80  15.83    160      6  297.8  343.8  300.6
  980.0    301   24.6   20.9     80  16.16    110      6  299.5  346.9  302.4
  976.0    337   24.6   20.9     80  16.22    114      6  299.8  347.5  302.7
  947.0    600   22.9   19.3     80  15.09    140      8  300.7  345.2  303.4
  925.0    806   21.6   18.0     80  14.24    135      6  301.4  343.5  304.0
  915.0    900   21.0   17.5     80  13.95    130      4  301.8  343.1  304.3
  884.0   1197   19.2   15.9     81  13.03    170      2  302.9  341.7  305.2
  850.0   1536   17.2   14.1     82  12.04      0      0  304.1  340.3  306.4
  824.0   1801   16.2   12.1     77  10.91    295      6  305.8  338.8  307.8
  799.0   2063   15.2   10.2     72   9.87    274      3  307.4  337.6  309.3
  795.0   2106   15.2    8.8     65   8.99    270      2  307.9  335.5  309.6
  777.0   2300   15.2    2.2     41   5.81    247      3  309.9  328.2  311.0
  768.0   2398   14.9   -1.6     32   4.46    235      4  310.6  324.8  311.4
  746.0   2644   14.0  -11.0     17   2.22    190     11  312.2  319.6  312.6
  741.0   2700   13.8   -2.8     31   4.21    180     12  312.6  326.2  313.4
  740.0   2712   13.8   -1.2     36   4.76    180     12  312.7  328.0  313.6
  700.0   3177   10.6   -7.4     28   3.15    185      8  314.2  324.6  314.8
  631.0   4029    3.4   -7.6     44   3.44    193     17  315.4  326.8  316.1
  628.0   4068    4.8  -20.2     14   1.23    194     17  317.5  321.8  317.7
  617.0   4211    5.2  -21.8     12   1.09    195     19  319.5  323.4  319.7
  557.0   5037    0.0  -15.0     31   2.15    269     14  322.9  330.4  323.3
  552.0   5108   -0.5  -15.5     31   2.09    275     14  323.1  330.3  323.5
  532.0   5400   -2.8  -17.3     32   1.85    320     12  323.8  330.3  324.2
  512.0   5703   -5.1  -19.3     32   1.63    330      6  324.6  330.4  324.9
  500.0   5890   -6.5  -20.5     32   1.51    290      4  325.1  330.4  325.4
  493.0   6000   -7.0  -23.8     25   1.14    265      2  325.7  329.8  325.9
  480.0   6208   -8.1  -30.1     15   0.66    180      3  326.9  329.4  327.0
  474.0   6306   -8.4  -31.6     13   0.58    140      4  327.8  329.9  327.9
  457.0   6589   -9.1  -36.1      9   0.39    112      6  330.3  331.8  330.3
  456.0   6606   -9.2  -36.3      9   0.38    110      6  330.3  331.8  330.4
  439.0   6898  -11.2  -40.0      7   0.27    140      6  331.4  332.5  331.5
  428.0   7094  -12.5  -42.5      6   0.21    114      9  332.2  333.0  332.2
  422.0   7202  -12.6  -45.7      4   0.15    100     10  333.4  334.1  333.5
  409.0   7441  -12.7  -52.7      2   0.07     97     14  336.2  336.6  336.3
  400.0   7610  -14.3  -50.3      3   0.10     95     16  336.3  336.7  336.3
  360.0   8383  -20.2  -50.4      5   0.11     95     21  338.6  339.1  338.7
  305.0   9599  -29.6  -50.5     11   0.12    110     29  342.0  342.5  342.0
  300.0   9720  -30.5  -50.5     12   0.12    105     31  342.3  342.8  342.3
  268.0  10513  -37.7  -53.7     17   0.10     96     32  343.0  343.4  343.0
  258.0  10775  -40.1  -53.1     24   0.11     93     33  343.2  343.7  343.2
  250.0  10990  -42.1                          90     33  343.3         343.3
  235.0  11395  -45.5                          90     27  344.4         344.4
  200.0  12450  -54.3                          80     35  346.6         346.6
  196.0  12576  -55.2                          75     39  347.2         347.2
  187.0  12871  -57.3                          70     43  348.5         348.5
  170.0  13467  -61.5                         100     25  351.1         351.1
  150.0  14250  -67.1                          90     21  354.3         354.3
  149.0  14290  -67.7                          89     21  353.9         353.9
  139.0  14697  -70.4                          80     17  356.2         356.2
  133.0  14955  -72.2                         105     21  357.7         357.7
  112.0  15960  -78.9                          95     17  363.1         363.1
  108.0  16168  -77.8                         100     14  369.0         369.0
  103.0  16440  -76.3                         233      9  376.9         376.9
  102.0  16496  -76.4                         260      8  377.7         377.7
  100.0  16610  -76.7                         250     10  379.3         379.3
   97.0  16785  -76.8                         225     14  382.4         382.4
   87.0  17409  -77.2                          65      4  393.6         393.6
   83.0  17679  -77.4                         120      2  398.5         398.5
   79.0  17963  -77.6                         120      6  403.8         403.8
   77.7  18058  -77.7                         109      7  405.6         405.6
   75.0  18262  -76.7                          85     10  411.8         411.8
   70.0  18660  -74.7                          90     21  424.2         424.2
   58.0  19783  -68.1                          95     33  462.6         462.6
   55.0  20100  -66.2                          85     29  473.9         473.9
   50.3  20633  -63.1                         108     23  493.5         493.5
   50.0  20670  -63.1                         110     23  494.4         494.4
   45.0  21319  -62.8                         130     12  510.3         510.3
   43.0  21598  -62.6                         135     21  517.3         517.3
   41.5  21817  -62.5                         126     20  522.9         522.9
   37.0  22535  -58.2                          95     17  551.4         551.4
   35.2  22847  -56.3                          48     15  564.2         564.2
   34.0  23067  -56.4                          15     14  569.5         569.5
   32.0  23451  -56.7                          30     17  578.8         578.8
   31.0  23652  -56.8                         345     16  583.8         583.8
   30.0  23860  -56.9                         305     14  588.9         588.9
   29.0  24075  -56.6                         265     12  595.6         595.6
   28.0  24297  -56.2                         280     14  602.5         602.5
   26.5  24646  -55.7                         254     16  613.6         613.6
   26.0  24768  -54.5                         245     17  620.2         620.2
   24.2  25230  -50.1                         276     24  645.9         645.9
   24.0  25284  -50.1                         280     25  647.4         647.4
   23.0  25561  -50.3                         290     43  654.9         654.9
   20.0  26470  -50.7                         265     58  680.2         680.2
   18.5  26978  -51.1                         268     56  694.3         694.3
   16.2  27856  -44.5                         272     54  742.6         742.6
   15.0  28368  -45.5                         275     52  755.8         755.8
   12.4  29635  -47.9                         258     36  789.6         789.6
   12.0  29853  -47.8                         255     33  797.6         797.6
   11.0  30429  -47.3                         270     19  819.1         819.1
   10.0  31060  -46.9                         265     12  843.4         843.4
    9.0  31760  -46.4                         270     21  870.9         870.9
    8.0  32542  -45.9                         225     16  902.8         902.8
    7.6  32882  -45.7                                     917.0         917.0
</PRE><H3>Station information and sounding indices</H3><PRE>
                         Station identifier: WIII
                             Station number: 96749
                           Observation time: 150701/0000
                           Station latitude: -6.11
                          Station longitude: 106.65
                          Station elevation: 8.0
                            Showalter index: 0.29
                               Lifted index: -1.67
    LIFT computed using virtual temperature: -2.30
                                SWEAT index: 173.20
                                    K index: 19.80
                         Cross totals index: 20.60
                      Vertical totals index: 23.70
                        Totals totals index: 44.30
      Convective Available Potential Energy: 74.47
             CAPE using virtual temperature: 165.58
                      Convective Inhibition: -158.44
             CINS using virtual temperature: -86.70
                           Equilibrum Level: 243.57
 Equilibrum Level using virtual temperature: 243.64
                   Level of Free Convection: 666.41
             LFCT using virtual temperature: 693.86
                     Bulk Richardson Number: 15.73
          Bulk Richardson Number using CAPV: 34.97
  Temp [K] of the Lifted Condensation Level: 292.94
Pres [hPa] of the Lifted Condensation Level: 932.46
   Equivalent potential temp [K] of the LCL: 345.16
     Mean mixed layer potential temperature: 298.87
              Mean mixed layer mixing ratio: 15.85
              1000 hPa to 500 hPa thickness: 5767.00
Precipitable water [mm] for entire sounding: 39.61
</PRE>
<P>Description of the 
<A HREF="/upperair/columns.html">data columns</A>
or <A HREF="/upperair/indices.html">sounding indices</A>.

<P>
<FORM>
<INPUT CLASS="button" TYPE="button" VALUE=" Close this window " 
 onClick="window.close();">
<INPUT CLASS="button" TYPE="button" VALUE=" Select another map " 
 onClick="window.blur();">
</FORM>
<HR SIZE="1">
<I>Interested in graduate studies in atmospheric science?
Check out our program at the
<a href="http://www.uwyo.edu/atsc/howtoapply/"
target=_top>University of Wyoming
</a></I>
<HR SIZE="1"><FONT SIZE="-1">
Questions about the weather data provided by this site can be
addressed to <A HREF="mailto:ldoolman@uwyo.edu">
Larry Oolman (ldoolman@uwyo.edu)</A></FONT>
<HR SIZE="1">
<SCRIPT TYPE="text/javascript">
<!--
window.focus();
// -->
</SCRIPT>
</BODY>
</HTML>
