2015-08-13 12
<HTML>
<TITLE>University of Wyoming - Radiosonde Data</TITLE>
<BODY BGCOLOR="white">
<H2>96749 WIII Jakarta Observations at 00Z 13 Aug 2015</H2>
<PRE>
-----------------------------------------------------------------------------
   PRES   HGHT   TEMP   DWPT   RELH   MIXR   DRCT   SKNT   THTA   THTE   THTV
    hPa     m      C      C      %    g/kg    deg   knot     K      K      K 
-----------------------------------------------------------------------------
 1011.0      8   25.6   22.3     82  17.09     50      2  297.8  347.6  300.9
 1000.0    104   25.8   24.0     90  19.21     55      4  298.9  355.2  302.4
  978.0    299   24.7   22.6     88  17.99     60     10  299.7  352.5  302.9
  925.0    788   21.8   19.0     84  15.19     75     12  301.6  346.5  304.3
  913.0    902   21.5   18.1     81  14.51     80     12  302.4  345.5  305.1
  884.0   1182   20.8   15.8     73  12.93     94     10  304.5  343.3  306.9
  882.0   1202   20.7   15.7     73  12.88     95     10  304.6  343.2  306.9
  852.0   1501   18.7   14.2     75  12.09    130     10  305.6  342.0  307.8
  850.0   1521   18.6   14.1     75  12.04    130     10  305.6  341.9  307.8
  823.0   1794   17.0   12.4     74  11.13    135      8  306.8  340.6  308.8
  794.0   2098   15.3   10.6     74  10.19    120      8  308.1  339.2  309.9
  713.0   3008   10.0    5.0     71   7.73     90     13  311.9  336.1  313.3
  700.0   3161   10.8   -2.2     40   4.67     85     14  314.4  329.5  315.3
  688.0   3305   10.7   -5.8     31   3.63     75     16  315.9  327.8  316.6
  676.0   3451   10.6   -9.4     24   2.79     81     15  317.3  326.7  317.9
  640.0   3902    7.9   -9.6     28   2.89    100     10  319.3  329.1  319.9
  618.0   4191    6.2   -9.8     31   2.95    145      4  320.5  330.6  321.1
  595.0   4498    3.3  -11.8     32   2.62    195      2  320.6  329.6  321.2
  573.0   4802    0.4  -13.7     34   2.32    225      4  320.7  328.7  321.2
  570.0   4845    0.0  -14.0     34   2.28    245      4  320.7  328.6  321.2
  552.0   5100   -1.9  -14.4     38   2.27     10      2  321.4  329.3  321.9
  534.0   5363   -3.9  -14.9     42   2.26      6     11  322.1  329.9  322.6
  532.0   5393   -3.8  -14.2     45   2.42      5     12  322.6  330.9  323.0
  525.0   5497   -3.5  -11.5     54   3.04    353     13  324.2  334.6  324.8
  512.0   5694   -5.2  -12.2     58   2.94    330     16  324.4  334.5  324.9
  500.0   5880   -6.9  -12.9     62   2.85    340     19  324.6  334.4  325.1
  476.0   6263   -9.3  -14.3     67   2.67    349     26  326.2  335.5  326.7
  474.0   6296   -9.4  -15.8     60   2.37    350     27  326.4  334.7  326.9
  460.0   6528  -10.5  -26.5     26   0.96    342     19  327.9  331.4  328.1
  456.0   6595   -9.5  -30.3     17   0.68    340     17  329.9  332.5  330.1
  455.0   6612   -9.3  -31.3     15   0.62    341     17  330.4  332.8  330.6
  438.0   6905  -10.8  -36.3     10   0.39    355     14  332.2  333.7  332.2
  422.0   7192  -12.2  -41.1      7   0.25     30     12  333.9  334.9  333.9
  417.0   7283  -12.7  -42.7      6   0.21     29     12  334.4  335.3  334.4
  400.0   7600  -15.3  -43.3      7   0.21     25     10  335.0  335.9  335.1
  389.0   7805  -16.8  -44.5      7   0.19     15      8  335.7  336.5  335.8
  331.0   8989  -25.6  -51.6      7   0.10     50     16  339.6  340.0  339.6
  304.0   9613  -30.2  -55.3      7   0.07     70     12  341.4  341.7  341.4
  300.0   9710  -30.9  -55.9      7   0.07     70     14  341.7  342.0  341.7
  255.0  10836  -40.1  -61.1      9   0.04     79     18  344.4  344.5  344.4
  250.0  10970  -41.1                          80     19  344.8         344.8
  200.0  12450  -53.3                          80     19  348.2         348.2
  195.0  12608  -54.4                          80     17  349.0         349.0
  177.0  13210  -58.6                          50     12  351.8         351.8
  150.0  14240  -65.9                          90     17  356.4         356.4
  132.0  14997  -71.9                         110     25  359.0         359.0
  125.0  15319  -74.4                         110     27  360.0         360.0
  120.0  15561  -76.3                          99     25  360.8         360.8
  102.0  16488  -80.5                          55     19  369.9         369.9
  101.0  16544  -80.7                          55     17  370.5         370.5
  100.0  16600  -80.5                          55     16  371.9         371.9
   96.0  16833  -79.7                          50     10  378.0         378.0
   91.0  17139  -78.6                         150      6  386.0         386.0
   87.0  17396  -77.6                         175     16  392.8         392.8
   84.8  17543  -77.1                         227     10  396.8         396.8
   82.5  17705  -67.1                         283      3  420.3         420.3
   82.0  17742  -67.3                         295      2  420.7         420.7
   75.0  18277  -69.9                         220      2  426.1         426.1
   70.0  18690  -71.9                         155      4  430.2         430.2
   67.0  18946  -73.5                         120      6  432.2         432.2
   65.5  19078  -74.3                         105     10  433.2         433.2
   61.0  19503  -71.5                          70     19  448.5         448.5
   58.0  19804  -69.4                          70     12  459.5         459.5
   55.0  20121  -67.3                          95     17  471.4         471.4
   50.0  20690  -63.5                          35     12  493.4         493.4
   47.2  21046  -60.1                         335      9  509.8         509.8
   45.0  21344  -60.3                         285      6  516.3         516.3
   43.0  21627  -60.4                          20     14  522.7         522.7
   42.3  21729  -60.5                           7     16  525.0         525.0
   39.5  22160  -55.7                         315     24  547.4         547.4
   39.0  22242  -55.6                         305     25  549.7         549.7
   34.0  23119  -54.5                         260     25  574.5         574.5
   32.0  23507  -54.0                         280     21  585.9         585.9
   30.0  23920  -53.5                         275     19  598.2         598.2
   28.8  24183  -52.7                         273     22  607.4         607.4
   27.2  24554  -50.3                         269     26  624.1         624.1
   23.0  25643  -51.7                         260     39  650.7         650.7
   21.3  26142  -52.3                         260     27  663.3         663.3
   21.0                                       260     25                     
</PRE><H3>Station information and sounding indices</H3><PRE>
                         Station identifier: WIII
                             Station number: 96749
                           Observation time: 150813/0000
                           Station latitude: -6.11
                          Station longitude: 106.65
                          Station elevation: 8.0
                            Showalter index: -0.80
                               Lifted index: -4.60
    LIFT computed using virtual temperature: -5.20
                                SWEAT index: 208.21
                                    K index: 26.60
                         Cross totals index: 21.00
                      Vertical totals index: 25.50
                        Totals totals index: 46.50
      Convective Available Potential Energy: 1125.20
             CAPE using virtual temperature: 1334.74
                      Convective Inhibition: -33.50
             CINS using virtual temperature: -15.13
                           Equilibrum Level: 177.01
 Equilibrum Level using virtual temperature: 177.01
                   Level of Free Convection: 820.48
             LFCT using virtual temperature: 856.87
                     Bulk Richardson Number: 1067.60
          Bulk Richardson Number using CAPV: 1266.41
  Temp [K] of the Lifted Condensation Level: 295.28
Pres [hPa] of the Lifted Condensation Level: 952.06
   Equivalent potential temp [K] of the LCL: 352.16
     Mean mixed layer potential temperature: 299.46
              Mean mixed layer mixing ratio: 18.00
              1000 hPa to 500 hPa thickness: 5776.00
Precipitable water [mm] for entire sounding: 47.00
</PRE>
<P>Description of the 
<A HREF="/upperair/columns.html">data columns</A>
or <A HREF="/upperair/indices.html">sounding indices</A>.

<P>
<FORM>
<INPUT CLASS="button" TYPE="button" VALUE=" Close this window " 
 onClick="window.close();">
<INPUT CLASS="button" TYPE="button" VALUE=" Select another map " 
 onClick="window.blur();">
</FORM>
<HR SIZE="1">
<I>Interested in graduate studies in atmospheric science?
Check out our program at the
<a href="http://www.uwyo.edu/atsc/howtoapply/"
target=_top>University of Wyoming
</a></I>
<HR SIZE="1"><FONT SIZE="-1">
Questions about the weather data provided by this site can be
addressed to <A HREF="mailto:ldoolman@uwyo.edu">
Larry Oolman (ldoolman@uwyo.edu)</A></FONT>
<HR SIZE="1">
<SCRIPT TYPE="text/javascript">
<!--
window.focus();
// -->
</SCRIPT>
</BODY>
</HTML>
