2013-10-24 00
<HTML>
<TITLE>University of Wyoming - Radiosonde Data</TITLE>
<BODY BGCOLOR="white">
<H2>96749 WIII Jakarta Observations at 00Z 24 Oct 2013</H2>
<PRE>
-----------------------------------------------------------------------------
   PRES   HGHT   TEMP   DWPT   RELH   MIXR   DRCT   SKNT   THTA   THTE   THTV
    hPa     m      C      C      %    g/kg    deg   knot     K      K      K 
-----------------------------------------------------------------------------
 1010.0      8   24.6   23.2     92  18.10      0      0  296.9  349.4  300.1
 1000.0     94   25.6   21.1     76  16.03    135      2  298.8  345.6  301.6
  993.0    156   26.4   20.4     70  15.44    135      3  300.1  345.6  302.9
  977.0    299   25.5   19.9     71  15.16    135      4  300.6  345.3  303.4
  944.0    601   23.6   18.7     74  14.58    135      4  301.6  344.8  304.3
  925.0    780   22.4   18.0     76  14.24     65      2  302.2  344.5  304.8
  912.0    902   21.5   17.5     78  14.02     20      2  302.5  344.1  305.0
  881.0   1201   19.2   16.4     84  13.49     15      2  303.1  343.3  305.6
  850.0   1511   16.8   15.2     90  12.94     75      2  303.7  342.4  306.1
  821.0   1807   15.2   12.7     85  11.36    125      4  305.1  339.3  307.1
  808.0   1943   15.6    5.6     51   7.11    130      7  306.9  328.8  308.2
  793.0   2100   14.6    4.0     49   6.46    135     10  307.5  327.5  308.7
  712.0   3002    9.1   -5.3     36   3.63    125      6  311.0  322.7  311.7
  700.0   3144    8.2   -6.8     34   3.30    125      6  311.5  322.3  312.2
  689.0   3275    7.6   -7.4     34   3.20    125      6  312.3  322.7  312.9
  687.0   3299    7.4   -7.4     34   3.22    125      6  312.3  322.9  312.9
  671.0   3492    6.0   -7.0     39   3.39    144      5  312.9  323.9  313.5
  669.0   3517    6.0   -3.0     52   4.61    146      5  313.1  328.0  314.0
  664.0   3578    6.4  -10.6     28   2.58    153      4  314.2  322.9  314.7
  662.0   3603    6.3  -10.7     29   2.57    155      4  314.4  322.9  314.9
  638.0   3904    4.5  -11.8     29   2.43    210      8  315.7  323.9  316.2
  623.0   4098    3.4  -12.6     30   2.34    161      5  316.6  324.5  317.0
  615.0   4202    2.5   -9.9     39   2.94    135      4  316.8  326.6  317.3
  596.0   4456    0.4   -3.5     75   4.98    105      6  317.1  333.4  318.1
  593.0   4496    0.2   -6.3     61   4.05    100      6  317.4  330.8  318.2
  588.0   4564    0.0  -11.0     43   2.82    100      6  317.9  327.4  318.4
  577.0   4715   -0.9  -18.9     24   1.50     99      6  318.6  323.8  318.9
  567.0   4855   -1.5  -13.5     40   2.39     98      6  319.5  327.6  319.9
  558.0   4982   -2.5   -4.7     85   4.86     97      6  319.7  335.8  320.7
  553.0   5054   -2.3   -5.8     77   4.51     97      6  320.8  335.8  321.7
  551.0   5082   -1.9  -11.9     46   2.80     97      6  321.6  331.2  322.1
  548.0   5126   -2.1  -13.1     43   2.56     97      6  321.9  330.6  322.4
  544.0   5184   -2.3   -6.0     76   4.52     96      6  322.3  337.4  323.2
  529.0   5405   -3.6   -7.2     76   4.25     95      6  323.3  337.6  324.1
  509.0   5709   -5.5   -8.8     78   3.90    135      6  324.7  337.9  325.4
  500.0   5850   -6.3   -9.5     78   3.74    105      6  325.3  338.0  326.0
  497.0   5897   -6.3  -11.3     68   3.26     97      6  325.9  337.1  326.5
  480.0   6169   -8.1  -18.1     44   1.93     52      6  326.9  333.7  327.3
  478.0   6202   -8.3  -14.3     62   2.66     46      6  327.0  336.3  327.6
  472.0   6300   -8.7  -20.7     37   1.57     30      6  327.7  333.4  328.0
  463.0   6449   -9.7  -15.7     62   2.44     13      6  328.3  336.9  328.8
  441.0   6825  -11.1  -21.1     44   1.62    330      6  331.1  337.0  331.4
  436.0   6913  -11.5  -18.0     59   2.15    320      6  331.6  339.4  332.1
  434.0   6948  -11.7  -16.7     66   2.40    324      6  331.9  340.4  332.4
  426.0   7091  -12.5  -24.5     36   1.24    342      4  332.6  337.2  332.9
  420.0   7199  -13.3  -23.5     42   1.37    355      2  333.0  338.1  333.3
  409.0   7401  -14.7  -21.7     55   1.66    265      2  333.7  339.8  334.0
  408.0   7420  -14.5  -27.5     32   0.99    257      2  334.2  337.9  334.4
  403.0   7513  -15.1  -25.6     40   1.18    215      2  334.5  339.0  334.8
  400.0   7570  -15.5  -24.5     46   1.32    195      2  334.8  339.7  335.0
  388.0   7796  -17.1  -26.6     44   1.13    125      4  335.6  339.9  335.8
  358.0   8394  -21.3  -32.0     38   0.74     90      4  337.8  340.7  337.9
  351.0   8541  -22.3  -33.3     36   0.66    103      4  338.3  340.9  338.4
  329.0   9006  -26.1  -37.1     35   0.48    145      4  339.4  341.4  339.5
  303.0   9598  -30.9  -41.9     33   0.32    175      4  340.7  342.0  340.8
  300.0   9670  -31.5  -42.5     33   0.30    170      4  340.9  342.1  340.9
  290.0   9908  -33.7  -43.8     35   0.27    155      4  341.1  342.2  341.2
  288.0   9957  -34.1  -44.1     36   0.27    159      4  341.1  342.3  341.2
  278.0  10201  -36.2  -46.2     35   0.22    180      2  341.6  342.6  341.7
  260.0  10664  -40.1  -50.1     33   0.15    126      6  342.4  343.1  342.5
  250.0  10930  -42.1                          95      8  343.3         343.3
  233.0  11394  -46.0                          50     12  344.5         344.5
  203.0  12302  -53.5                          30     17  346.4         346.4
  200.0  12400  -54.3                          35     17  346.6         346.6
  150.0  14180  -70.1                          55     16  349.1         349.1
  137.0  14705  -74.4                          55     21  350.7         350.7
  122.0  15376  -79.9                          80     23  352.5         352.5
  117.0  15614  -79.1                          80     33  358.2         358.2
  111.0  15913  -78.1                          75     51  365.4         365.4
  105.0  16229  -77.1                          65     35  373.3         373.3
  103.0  16339  -75.1                          47     24  379.2         379.2
  100.0  16510  -75.9                          20      6  380.8         380.8
   95.0  16803  -77.4                         230     10  383.5         383.5
   88.0  17240  -79.7                         203     10  387.4         387.4
   86.0  17371  -77.1                         195     10  395.2         395.2
   85.7  17391  -76.7                         196     10  396.4         396.4
   81.0  17715  -76.5                         215     16  403.2         403.2
   77.0  18007  -76.3                         260      6  409.4         409.4
   75.8  18097  -76.3                         256     10  411.4         411.4
   73.0  18316  -74.3                         245     19  420.0         420.0
   70.0  18560  -72.1                         270     25  429.8         429.8
   66.8  18836  -70.9                         265     25  438.2         438.2
   60.0  19471  -70.7                         255     25  452.4         452.4
   56.1  19868  -70.5                         259     24  461.5         461.5
   54.7  20019  -66.9                         260     23  473.1         473.1
   50.0  20560  -67.1                         265     21  484.9         484.9
   40.6  21821  -66.1                         265     25  517.2         517.2
   40.0  21914  -65.6                         265     25  520.5         520.5
   31.0  23496  -57.7                         240     31  581.2         581.2
   30.0  23700  -56.7                         255     25  589.5         589.5
   28.1  24116  -55.7                         266     32  603.4         603.4
   26.0  24608  -56.8                         280     41  613.9         613.9
   23.2  25331  -58.3                         273     34  629.7         629.7
   22.0  25667  -57.6                         270     31  641.5         641.5
   20.0  26270  -56.3                         290     33  663.1         663.1
   17.0  27316  -51.7                         290     29  709.4         709.4
   16.2  27626  -50.3                         292     29  723.7         723.7
   14.0  28598  -47.0                         300     29  765.8         765.8
   12.0  29625  -43.5                         270     23  812.6         812.6
   11.0  30205  -41.5                         255     29  840.2         840.2
   10.7  30389  -40.9                                     849.2         849.2
</PRE><H3>Station information and sounding indices</H3><PRE>
                         Station identifier: WIII
                             Station number: 96749
                           Observation time: 131024/0000
                           Station latitude: -6.11
                          Station longitude: 106.65
                          Station elevation: 8.0
                            Showalter index: -0.39
                               Lifted index: -1.64
    LIFT computed using virtual temperature: -1.91
                                SWEAT index: 192.40
                                    K index: 23.30
                         Cross totals index: 21.50
                      Vertical totals index: 23.10
                        Totals totals index: 44.60
      Convective Available Potential Energy: 302.15
             CAPE using virtual temperature: 459.76
                      Convective Inhibition: -52.16
             CINS using virtual temperature: -43.97
                           Equilibrum Level: 233.54
 Equilibrum Level using virtual temperature: 233.55
                   Level of Free Convection: 826.31
             LFCT using virtual temperature: 846.39
                     Bulk Richardson Number: 1187.36
          Bulk Richardson Number using CAPV: 1806.72
  Temp [K] of the Lifted Condensation Level: 292.24
Pres [hPa] of the Lifted Condensation Level: 911.98
   Equivalent potential temp [K] of the LCL: 345.59
     Mean mixed layer potential temperature: 300.05
              Mean mixed layer mixing ratio: 15.53
              1000 hPa to 500 hPa thickness: 5756.00
Precipitable water [mm] for entire sounding: 43.57
</PRE>
<P>Description of the 
<A HREF="/upperair/columns.html">data columns</A>
or <A HREF="/upperair/indices.html">sounding indices</A>.

<P>
<FORM>
<INPUT CLASS="button" TYPE="button" VALUE=" Close this window " 
 onClick="window.close();">
<INPUT CLASS="button" TYPE="button" VALUE=" Select another map " 
 onClick="window.blur();">
</FORM>
<HR SIZE="1">
<I>Interested in graduate studies in atmospheric science?
Check out our program at the
<a href="http://www.uwyo.edu/atsc/howtoapply/"
target=_top>University of Wyoming
</a></I>
<HR SIZE="1"><FONT SIZE="-1">
Questions about the weather data provided by this site can be
addressed to <A HREF="mailto:ldoolman@uwyo.edu">
Larry Oolman (ldoolman@uwyo.edu)</A></FONT>
<HR SIZE="1">
<SCRIPT TYPE="text/javascript">
<!--
window.focus();
// -->
</SCRIPT>
</BODY>
</HTML>
