2015-05-13 12
<HTML>
<TITLE>University of Wyoming - Radiosonde Data</TITLE>
<BODY BGCOLOR="white">
<H2>96749 WIII Jakarta Observations at 00Z 13 May 2015</H2>
<PRE>
-----------------------------------------------------------------------------
   PRES   HGHT   TEMP   DWPT   RELH   MIXR   DRCT   SKNT   THTA   THTE   THTV
    hPa     m      C      C      %    g/kg    deg   knot     K      K      K 
-----------------------------------------------------------------------------
 1010.0      8   25.2   22.5     85  17.32    200      7  297.5  347.9  300.6
 1000.0    101   25.6   22.7     84  17.72    175      8  298.8  350.6  301.9
  978.0    298   25.6   21.6     78  16.87    125     10  300.6  350.4  303.7
  960.0    462   25.6   20.6     74  16.19    118     11  302.2  350.3  305.2
  925.0    788   22.6   19.8     84  15.98    105     14  302.4  349.9  305.3
  914.0    892   22.0   19.0     83  15.40    105     14  302.8  348.6  305.6
  855.0   1471   18.6   14.7     78  12.45     91     14  305.1  342.6  307.4
  850.0   1521   18.6   13.9     74  11.88     90     14  305.6  341.5  307.8
  795.0   2093   16.4    4.3     44   6.58     70      6  309.2  329.8  310.4
  789.0   2158   16.2    3.2     42   6.14     69      6  309.6  328.9  310.8
  753.0   2554   13.0   10.4     84  10.63     66      6  310.3  343.1  312.3
  741.0   2689   12.5    8.6     77   9.57     65      6  311.2  340.9  313.0
  721.0   2919   11.6    5.6     67   7.97     42      6  312.6  337.7  314.1
  717.0   2965   11.8    1.8     50   6.12     37      6  313.4  332.8  314.5
  715.0   2989   11.7    1.7     50   6.07     35      6  313.4  332.8  314.6
  706.0   3095   11.0    1.0     50   5.86     35      6  313.9  332.6  315.0
  700.0   3166   10.4    4.4     66   7.55     35      6  314.0  337.8  315.4
  693.0   3250   10.2    4.2     66   7.52     35      6  314.6  338.5  316.1
  689.0   3298   10.4   -0.6     46   5.35     35      6  315.4  332.7  316.4
  685.0   3346   10.6   -5.4     32   3.75     41      6  316.1  328.5  316.9
  665.0   3591    9.0   -7.5     30   3.30     70      4  317.1  328.0  317.7
  645.0   3844    7.4   -9.6     29   2.88     64      6  318.0  327.7  318.6
  617.0   4207    4.2    0.2     75   6.33     56      9  318.4  338.9  319.6
  610.0   4300    4.2   -3.8     56   4.76     54     10  319.4  335.1  320.3
  596.0   4488    2.8   -4.5     59   4.62     50     12  319.9  335.2  320.8
  590.0   4570    2.2   -4.8     60   4.56     51     12  320.1  335.3  321.0
  565.0   4919    1.0  -23.0     15   1.07     57     11  322.7  326.6  322.9
  549.0   5149    0.0  -25.0     13   0.92     61     11  324.2  327.6  324.4
  513.0   5687   -3.4  -24.1     19   1.07     70     10  326.4  330.4  326.6
  500.0   5890   -4.7  -23.7     21   1.14     65      8  327.2  331.4  327.5
  475.0   6289   -7.5  -25.0     23   1.06     40      8  328.6  332.5  328.8
  457.0   6590   -9.7  -26.0     25   1.01      0      6  329.5  333.3  329.7
  452.0   6676  -10.3  -26.3     26   0.99     10      6  329.8  333.5  330.0
  423.0   7183  -12.6  -33.5     16   0.54     70      8  333.2  335.3  333.3
  400.0   7610  -14.5  -39.5     10   0.31     70     12  336.1  337.3  336.1
  376.0   8075  -17.5  -40.5     12   0.30     80     10  338.1  339.4  338.2
  365.0   8298  -18.9  -40.9     12   0.29     99     10  339.1  340.3  339.1
  347.0   8667  -21.5  -42.2     14   0.27    130     10  340.5  341.6  340.5
  333.0   8968  -23.7  -43.3     15   0.25    120     14  341.6  342.6  341.6
  300.0   9730  -29.1  -46.1     18   0.20    160     14  344.2  345.1  344.3
  282.0  10169  -32.5  -50.2     15   0.14    185     12  345.5  346.1  345.5
  275.0  10348  -33.9  -51.9     15   0.12    182     12  346.0  346.5  346.0
  259.0  10764  -37.4  -52.3     20   0.12    175     12  346.8  347.3  346.8
  250.0  11010  -39.5  -52.5     24   0.12    190     12  347.2  347.7  347.2
  247.0  11092  -40.1  -52.1     27   0.13    195     12  347.5  348.1  347.5
  237.0  11366  -42.5                         210     12  348.1         348.1
  200.0  12490  -52.1                         220     12  350.1         350.1
  188.0  12877  -55.4                         215     12  351.1         351.1
  171.0  13470  -60.4                         195     14  352.4         352.4
  150.0  14290  -67.3                         200     17  354.0         354.0
  148.0  14367  -67.9                         200     17  354.3         354.3
  127.0  15246  -74.6                         155      6  358.0         358.0
  120.0  15572  -77.1                         125      2  359.3         359.3
  114.0  15867  -79.3                          25      2  360.4         360.4
  103.0  16450  -83.8                           5     10  362.5         362.5
  100.0  16620  -85.1                          25     12  363.1         363.1
   94.1  16954  -85.9                          80     17  367.9         367.9
   92.0  17079  -85.6                          85     23  370.8         370.8
   83.0  17646  -84.4                         100     33  384.3         384.3
   82.1  17706  -84.3                          97     32  385.8         385.8
   74.0  18291  -78.1                          65     27  410.3         410.3
   73.7  18314  -77.9                          68     26  411.3         411.3
   70.0  18610  -75.7                         100     17  422.1         422.1
   69.7  18635  -75.5                         105     17  423.1         423.1
   67.0  18868  -69.3                         150     17  441.3         441.3
   50.0  20620  -69.7                          70     25  478.8         478.8
   46.2  21091  -69.3                          78     28  490.7         490.7
   45.0  21252  -68.7                          80     29  495.9         495.9
   41.0  21821  -66.7                          75     45  514.4         514.4
   35.0  22788  -63.1                          90     54  547.3         547.3
   32.0  23336  -61.1                          80     66  566.9         566.9
   31.7  23393  -60.9                          80     66  568.9         568.9
   30.0  23730  -59.7                          85     66  581.3         581.3
   25.0  24892  -53.4                         110     29  630.6         630.6
   23.3  25341  -50.9                         135     18  650.6         650.6
   23.0  25426  -50.7                         140     16  653.6         653.6
   22.0  25717  -50.0                         140     16  664.0         664.0
   21.0  26021  -49.3                         100     23  675.1         675.1
   20.0  26340  -48.5                          85     12  687.0         687.0
   19.0  26680  -46.4                         185      8  703.7         703.7
   18.7  26785  -45.7                         186     12  709.0         709.0
   18.0  27043  -43.8                         190     21  722.8         722.8
   17.0  27428  -40.9                         245     12  744.0         744.0
   16.8  27508  -40.3                         247     14  748.4         748.4
   15.0  28277  -42.5                         270     35  765.9         765.9
   14.8  28368  -42.7                         271     34  768.0         768.0
   13.0  29249  -40.9                         280     23  803.1         803.1
   12.4  29570  -40.3                         283     28  816.2         816.2
   12.0  29794  -40.2                         285     31  824.4         824.4
   10.0  31040  -39.5                         275     29  871.0         871.0
    9.6  31320  -38.7                         277     31  884.2         884.2
    9.0  31763  -38.5                         280     33  901.5         901.5
    8.1  32487  -38.1                         284     42  930.5         930.5
    8.0                                       285     43                     
</PRE><H3>Station information and sounding indices</H3><PRE>
                         Station identifier: WIII
                             Station number: 96749
                           Observation time: 150513/0000
                           Station latitude: -6.11
                          Station longitude: 106.65
                          Station elevation: 8.0
                            Showalter index: 1.59
                               Lifted index: -1.69
    LIFT computed using virtual temperature: -2.51
                                SWEAT index: 202.81
                                    K index: 31.20
                         Cross totals index: 18.60
                      Vertical totals index: 23.30
                        Totals totals index: 41.90
      Convective Available Potential Energy: 352.21
             CAPE using virtual temperature: 526.62
                      Convective Inhibition: -81.75
             CINS using virtual temperature: -44.11
                           Equilibrum Level: 222.44
 Equilibrum Level using virtual temperature: 222.76
                   Level of Free Convection: 758.57
             LFCT using virtual temperature: 801.94
                     Bulk Richardson Number: 40.55
          Bulk Richardson Number using CAPV: 60.62
  Temp [K] of the Lifted Condensation Level: 293.96
Pres [hPa] of the Lifted Condensation Level: 929.05
   Equivalent potential temp [K] of the LCL: 350.10
     Mean mixed layer potential temperature: 300.22
              Mean mixed layer mixing ratio: 16.98
              1000 hPa to 500 hPa thickness: 5789.00
Precipitable water [mm] for entire sounding: 45.82
</PRE>
<P>Description of the 
<A HREF="/upperair/columns.html">data columns</A>
or <A HREF="/upperair/indices.html">sounding indices</A>.

<P>
<FORM>
<INPUT CLASS="button" TYPE="button" VALUE=" Close this window " 
 onClick="window.close();">
<INPUT CLASS="button" TYPE="button" VALUE=" Select another map " 
 onClick="window.blur();">
</FORM>
<HR SIZE="1">
<I>Interested in graduate studies in atmospheric science?
Check out our program at the
<a href="http://www.uwyo.edu/atsc/howtoapply/"
target=_top>University of Wyoming
</a></I>
<HR SIZE="1"><FONT SIZE="-1">
Questions about the weather data provided by this site can be
addressed to <A HREF="mailto:ldoolman@uwyo.edu">
Larry Oolman (ldoolman@uwyo.edu)</A></FONT>
<HR SIZE="1">
<SCRIPT TYPE="text/javascript">
<!--
window.focus();
// -->
</SCRIPT>
</BODY>
</HTML>
