2015-12-02 12
<HTML>
<TITLE>University of Wyoming - Radiosonde Data</TITLE>
<BODY BGCOLOR="white">
<H2>96749 WIII Jakarta Observations at 00Z 02 Dec 2015</H2>
<PRE>
-----------------------------------------------------------------------------
   PRES   HGHT   TEMP   DWPT   RELH   MIXR   DRCT   SKNT   THTA   THTE   THTV
    hPa     m      C      C      %    g/kg    deg   knot     K      K      K 
-----------------------------------------------------------------------------
 1009.0      8   25.2   24.2     94  19.27      0      0  297.6  353.7  301.0
 1000.0     92   25.4   22.9     86  17.94    235      2  298.6  351.0  301.8
  985.0    226   26.4   22.3     78  17.55    235      5  300.9  352.6  304.0
  977.0    298   26.1   21.8     77  17.12    235      6  301.3  351.9  304.3
  944.0    601   24.9   19.5     72  15.39    245      6  303.0  348.8  305.8
  925.0    781   24.2   18.2     69  14.43    240      6  304.1  347.2  306.7
  912.0    905   23.4   17.6     70  14.13    230      6  304.4  346.8  307.0
  882.0   1196   21.4   16.3     73  13.43    250      2  305.3  345.7  307.8
  870.0   1316   20.6   15.8     74  13.15    296      2  305.7  345.3  308.1
  851.0   1507   18.9   15.5     81  13.20     10      2  305.8  345.6  308.2
  850.0   1517   18.8   15.5     81  13.20     10      2  305.8  345.6  308.2
  822.0   1802   17.1   13.8     81  12.17     55      4  307.0  343.9  309.2
  794.0   2097   15.3   11.9     80  11.17     65      8  308.2  342.3  310.2
  752.0   2559   12.6    9.1     79   9.74     71     11  310.0  340.1  311.8
  700.0   3159   10.4    3.4     62   7.03     80     14  314.0  336.3  315.3
  652.0   3748    7.2   -4.8     42   4.13     84     11  316.8  330.4  317.6
  640.0   3901    6.2   -4.8     45   4.20     85     10  317.4  331.2  318.2
  617.0   4201    4.4   -4.8     51   4.36     80     12  318.6  333.0  319.4
  615.0   4227    4.2   -4.8     52   4.38     80     12  318.7  333.1  319.5
  608.0   4321    4.0  -11.0     33   2.73     79     12  319.5  328.8  320.0
  556.0   5043    0.0  -14.0     34   2.34     73     12  323.0  331.1  323.5
  542.0   5248   -0.9  -11.9     43   2.85     71     12  324.3  334.1  324.9
  535.0   5351   -0.9  -23.9     16   1.04     71     12  325.5  329.3  325.7
  531.0   5411   -1.1  -22.7     18   1.17     70     12  326.0  330.2  326.2
  513.0   5686   -2.1  -17.1     31   1.96     84     13  328.0  335.0  328.4
  501.0   5874   -3.5  -21.5     23   1.38     94     14  328.5  333.5  328.8
  500.0   5890   -3.7  -20.7     25   1.48     95     14  328.5  333.8  328.8
  492.0   6017   -4.5  -12.5     54   2.99     99     14  329.0  339.5  329.6
  488.0   6081   -4.5  -13.5     49   2.78    101     14  329.8  339.6  330.3
  443.0   6832   -9.9  -11.9     85   3.49    123     14  332.2  344.4  332.9
  439.0   6902  -10.3  -14.3     73   2.90    125     14  332.6  342.8  333.1
  437.0   6937  -10.5  -15.5     67   2.63    125     14  332.7  342.1  333.3
  436.0   6955  -10.3  -21.3     40   1.61    126     14  333.2  339.1  333.5
  428.0   7096  -11.5  -25.5     30   1.13    128     15  333.4  337.7  333.7
  423.0   7186  -11.9  -17.9     61   2.22    129     15  334.1  342.1  334.5
  421.0   7222  -11.9  -22.9     40   1.45    130     15  334.5  339.9  334.8
  400.0   7610  -14.9  -23.9     46   1.40    135     16  335.5  340.7  335.8
  390.0   7801  -16.4  -23.7     53   1.45    135     17  336.0  341.4  336.3
  375.0   8096  -18.7  -23.5     66   1.54    120     14  336.8  342.5  337.1
  367.0   8257  -19.5  -21.8     82   1.83    112     12  337.8  344.6  338.1
  360.0   8400  -20.5  -23.1     80   1.67    105     10  338.3  344.6  338.7
  345.0   8714  -22.6  -25.9     75   1.35    120     10  339.6  344.7  339.8
  331.0   9019  -24.7  -28.6     70   1.10    105     10  340.8  345.0  341.0
  328.0   9086  -24.9  -33.9     43   0.67    107     10  341.4  344.0  341.5
  323.0   9198  -25.9  -31.9     57   0.82    109      9  341.5  344.7  341.6
  305.0   9611  -29.0  -38.1     41   0.47    120      8  342.8  344.7  342.9
  300.0   9730  -29.9  -39.9     37   0.40    105      8  343.1  344.8  343.2
  296.0   9825  -30.5  -43.5     27   0.28     93      8  343.6  344.8  343.6
  292.0   9920  -31.3  -43.8     28   0.27     80      8  343.8  344.9  343.9
  256.0  10838  -38.9  -46.9     43   0.22     63     13  345.7  346.7  345.8
  250.0  11000  -40.1  -53.1     24   0.11     60     14  346.3  346.8  346.3
  246.0  11107  -41.0                          55     12  346.6         346.6
  215.0  12000  -48.4                          70     12  348.8         348.8
  200.0  12480  -52.3                          45     12  349.8         349.8
  187.0  12898  -56.0                          45      8  350.6         350.6
  150.0  14270  -68.1                          50     10  352.6         352.6
  121.0  15528  -78.9                          58     23  355.2         355.2
  113.0  15916  -79.9                          60     27  360.3         360.3
  110.0  16069  -80.3                          65     21  362.3         362.3
  102.0  16498  -79.2                         100     21  372.4         372.4
  100.0  16610  -78.9                          75     19  375.0         375.0
   92.0  17089  -76.2                         315     17  389.4         389.4
   90.6  17178  -75.7                         309     17  392.1         392.1
   79.0  17961  -81.1                         255     16  396.6         396.6
   78.0  18033  -80.7                         250     16  399.0         399.0
   74.0  18333  -78.8                         270      8  408.9         408.9
   70.0  18650  -76.9                         325     12  419.6         419.6
   67.0  18905  -74.9                         310     14  429.2         429.2
   64.0  19171  -72.8                         250     14  439.5         439.5
   60.7  19479  -70.3                         242     20  451.7         451.7
   60.0  19547  -70.4                         240     21  452.9         452.9
   57.0  19849  -71.0                         260     29  458.2         458.2
   55.0  20059  -71.4                         250     27  462.0         462.0
   51.9  20400  -72.1                         217     19  468.2         468.2
   50.0  20620  -69.9                         195     14  478.4         478.4
   49.0  20743  -69.3                         185     12  482.6         482.6
   45.0  21259  -66.6                         165     16  501.1         501.1
   43.0  21535  -65.1                         200     10  511.2         511.2
   40.1  21959  -62.9                         171      8  527.0         527.0
   40.0  21974  -62.9                         170      8  527.5         527.5
   39.0  22133  -62.4                          75      6  532.4         532.4
   37.0  22461  -61.6                         295      6  542.7         542.7
   35.0  22808  -60.6                         245      8  553.8         553.8
   32.0  23367  -59.2                         300     10  572.1         572.1
   30.0  23770  -58.1                         320     16  585.7         585.7
   29.0  23986  -57.3                         320     16  593.5         593.5
   26.0  24683  -54.8                         290     14  619.4         619.4
   24.0  25193  -53.0                         220     16  639.1         639.1
   23.5  25327  -52.5                                     644.3         644.3
</PRE><H3>Station information and sounding indices</H3><PRE>
                         Station identifier: WIII
                             Station number: 96749
                           Observation time: 151202/0000
                           Station latitude: -6.11
                          Station longitude: 106.65
                          Station elevation: 8.0
                            Showalter index: 0.97
                               Lifted index: -1.15
    LIFT computed using virtual temperature: -1.95
                                SWEAT index: 204.01
                                    K index: 31.00
                         Cross totals index: 19.20
                      Vertical totals index: 22.50
                        Totals totals index: 41.70
      Convective Available Potential Energy: 648.87
             CAPE using virtual temperature: 817.21
                      Convective Inhibition: -84.50
             CINS using virtual temperature: -64.67
                           Equilibrum Level: 180.08
 Equilibrum Level using virtual temperature: 178.66
                   Level of Free Convection: 802.55
             LFCT using virtual temperature: 827.76
                     Bulk Richardson Number: 46.85
          Bulk Richardson Number using CAPV: 59.01
  Temp [K] of the Lifted Condensation Level: 294.25
Pres [hPa] of the Lifted Condensation Level: 928.87
   Equivalent potential temp [K] of the LCL: 351.41
     Mean mixed layer potential temperature: 300.53
              Mean mixed layer mixing ratio: 17.31
              1000 hPa to 500 hPa thickness: 5798.00
Precipitable water [mm] for entire sounding: 51.34
</PRE>
<P>Description of the 
<A HREF="/upperair/columns.html">data columns</A>
or <A HREF="/upperair/indices.html">sounding indices</A>.

<P>
<FORM>
<INPUT CLASS="button" TYPE="button" VALUE=" Close this window " 
 onClick="window.close();">
<INPUT CLASS="button" TYPE="button" VALUE=" Select another map " 
 onClick="window.blur();">
</FORM>
<HR SIZE="1">
<I>Interested in graduate studies in atmospheric science?
Check out our program at the
<a href="http://www.uwyo.edu/atsc/howtoapply/"
target=_top>University of Wyoming
</a></I>
<HR SIZE="1"><FONT SIZE="-1">
Questions about the weather data provided by this site can be
addressed to <A HREF="mailto:ldoolman@uwyo.edu">
Larry Oolman (ldoolman@uwyo.edu)</A></FONT>
<HR SIZE="1">
<SCRIPT TYPE="text/javascript">
<!--
window.focus();
// -->
</SCRIPT>
</BODY>
</HTML>
