2015-08-08 00
<HTML>
<TITLE>University of Wyoming - Radiosonde Data</TITLE>
<BODY BGCOLOR="white">
<H2>96749 WIII Jakarta Observations at 00Z 08 Aug 2015</H2>
<PRE>
-----------------------------------------------------------------------------
   PRES   HGHT   TEMP   DWPT   RELH   MIXR   DRCT   SKNT   THTA   THTE   THTV
    hPa     m      C      C      %    g/kg    deg   knot     K      K      K 
-----------------------------------------------------------------------------
 1010.0      8   23.4   22.6     95  17.43    170      2  295.7  346.0  298.8
 1008.0     25   24.6   22.7     89  17.58    168      2  297.1  348.1  300.2
 1000.0     93   24.2   21.7     86  16.64    160      4  297.4  345.7  300.3
  983.0    244   24.8   20.1     75  15.31    145      7  299.4  344.3  302.2
  977.0    297   24.4   20.0     76  15.35    140      8  299.6  344.6  302.3
  944.0    598   22.4   19.7     85  15.56     75      6  300.5  346.3  303.3
  925.0    776   21.2   19.5     90  15.68     75      4  301.0  347.3  303.8
  912.0    898   20.5   18.7     89  15.11     75      4  301.5  346.2  304.2
  881.0   1196   18.9   16.7     87  13.79     65      4  302.8  343.9  305.3
  851.0   1495   17.3   14.8     85  12.56     80      2  304.1  341.8  306.4
  850.0   1505   17.2   14.7     85  12.52     80      2  304.1  341.7  306.4
  841.0   1596   16.6   13.9     84  12.01    112      3  304.4  340.5  306.6
  821.0   1802   16.7    4.2     43   6.34    185      4  306.7  326.3  307.9
  808.0   1938   16.8   -2.2     27   4.05    220      5  308.2  321.0  308.9
  793.0   2097   15.5    0.5     36   5.02    260      6  308.4  324.2  309.4
  767.0   2379   13.2    5.2     58   7.28    265     11  308.9  331.5  310.2
  700.0   3144    9.0    4.8     75   7.76    280     25  312.4  336.8  313.9
  687.0   3299    8.2    3.4     72   7.15    280     21  313.2  335.8  314.6
  664.0   3580    6.8    0.8     66   6.15    278     20  314.7  334.4  315.9
  657.0   3668    6.4   -3.6     49   4.48    277     20  315.2  329.8  316.1
  650.0   3755    7.0  -23.0     10   0.93    276     19  316.8  320.2  317.0
  639.0   3894    5.8  -18.2     16   1.44    275     19  317.0  322.1  317.3
  616.0   4193    3.3   -7.8     44   3.47    290     19  317.4  329.0  318.1
  605.0   4340    2.0   -2.7     71   5.21    292     20  317.6  334.6  318.6
  594.0   4488    1.4   -8.2     49   3.49    295     21  318.6  330.2  319.2
  571.0   4805    0.0  -20.0     21   1.38    277     15  320.6  325.4  320.9
  551.0   5089   -1.1  -29.9      9   0.58    260     10  322.6  324.8  322.7
  533.0   5354   -2.1  -39.1      4   0.24    273      8  324.4  325.4  324.5
  530.0   5399   -2.4  -36.0      6   0.34    275      8  324.6  325.9  324.7
  515.0   5626   -3.9  -19.9     28   1.54    327      4  325.5  331.0  325.8
  510.0   5703   -4.5  -12.3     54   2.92    345      2  325.7  335.8  326.2
  508.0   5734   -4.7   -9.3     70   3.74    358      3  325.8  338.5  326.5
  505.0   5781   -2.7  -35.7      6   0.36     17      4  328.8  330.2  328.8
  502.0   5828   -1.5  -34.5      6   0.41     37      5  330.8  332.4  330.9
  500.0   5860   -1.9  -32.9      7   0.48     50      6  330.7  332.5  330.8
  492.0   5985   -2.8  -33.5      7   0.46    100      8  331.0  332.8  331.1
  473.0   6290   -5.1  -35.1      7   0.41     60     12  331.9  333.6  332.0
  438.0   6886   -9.6  -38.2      8   0.32    100     16  333.6  334.9  333.7
  400.0   7590  -14.9  -41.9      8   0.24     90     19  335.5  336.5  335.6
  379.0   7995  -17.5  -40.5     12   0.30     81     20  337.3  338.5  337.4
  330.0   9015  -24.3  -36.3     32   0.52     56     22  341.6  343.7  341.7
  318.0   9282  -26.7  -37.9     34   0.46     50     23  341.9  343.8  342.0
  300.0   9700  -30.5  -40.5     37   0.37     50     14  342.3  343.8  342.4
  292.0   9890  -32.0  -41.1     40   0.36     45     10  342.8  344.3  342.9
  275.0  10313  -35.3  -42.3     49   0.34      7      6  343.9  345.4  344.0
  268.0  10491  -36.8  -44.4     45   0.28    350      4  344.3  345.5  344.4
  257.0  10780  -39.2  -47.8     40   0.20    285      2  344.9  345.8  345.0
  253.0  10889  -40.1  -49.1     38   0.17    279      3  345.1  345.9  345.2
  250.0  10970  -40.7                         275      4  345.4         345.4
  245.0  11104  -41.8                         265      4  345.7         345.7
  235.0  11380  -44.2                           5      6  346.3         346.3
  200.0  12450  -53.3                          15     35  348.2         348.2
  195.0  12607  -54.7                          15     35  348.5         348.5
  161.0  13792  -65.2                          25     41  350.4         350.4
  150.0  14230  -69.1                          40     45  350.9         350.9
  134.0  14896  -74.5                          44     56  352.8         352.8
  132.0  14982  -74.8                          45     58  353.7         353.7
  119.0  15582  -77.0                          50     87  360.4         360.4
  117.0  15680  -77.3                          50     86  361.5         361.5
  109.0  16090  -73.9                          42     51  375.3         375.3
  102.0  16476  -75.7                          35     19  379.1         379.1
  100.0  16590  -76.3                          25     16  380.1         380.1
   97.0  16764  -77.3                           0      4  381.4         381.4
   93.1  16999  -78.7                         215     12  383.2         383.2
   92.0  17068  -78.4                         205     19  385.1         385.1
   74.0  18328  -72.9                          50     29  421.4         421.4
   70.0  18650  -71.5                          75     33  431.1         431.1
   67.0  18910  -70.0                         100     29  439.8         439.8
   64.0  19182  -68.4                         100     35  449.1         449.1
   63.1  19266  -67.9                          89     32  452.0         452.0
   58.2  19757  -61.3                          28     17  477.4         477.4
   58.0  19779  -61.4                          25     16  477.8         477.8
   55.0  20105  -62.3                         285     10  483.0         483.0
   53.0  20332  -62.9                         265     16  486.7         486.7
   50.0  20690  -63.9                         280      8  492.5         492.5
   49.7  20727  -64.1                         277      8  492.9         492.9
   48.0  20946  -63.4                         260      8  499.5         499.5
   45.0  21351  -62.0                         290     16  512.0         512.0
   43.0  21637  -61.1                         265     21  521.0         521.0
   38.0  22414  -58.6                         260     16  546.2         546.2
   34.0  23113  -56.3                         230     19  569.9         569.9
   31.0  23694  -54.4                         250      8  590.2         590.2
   30.0  23900  -53.7                         275     12  597.6         597.6
   28.0  24348  -52.4                         270     14  613.1         613.1
   27.0  24584  -51.8                         220      4  621.4         621.4
   26.0  24829  -51.0                         295     12  630.1         630.1
   22.9  25654  -48.7                         277     28  660.3         660.3
   21.0  26221  -49.6                         265     39  674.1         674.1
   20.0  26540  -50.1                         265     37  682.1         682.1
   18.0  27233  -49.8                         250     35  703.9         703.9
   16.0  28008  -49.5                         265     35  729.1         729.1
   12.0  29901  -48.6                         285     31  794.5         794.5
   10.0  31100  -48.1                         275     23  838.9         838.9
    9.7  31301  -48.1                         271     22  846.2         846.2
    9.0  31799  -45.5                         260     21  874.5         874.5
    8.5  32179  -43.5                                     896.7         896.7
</PRE><H3>Station information and sounding indices</H3><PRE>
                         Station identifier: WIII
                             Station number: 96749
                           Observation time: 150808/0000
                           Station latitude: -6.11
                          Station longitude: 106.65
                          Station elevation: 8.0
                            Showalter index: 4.31
                               Lifted index: 2.89
    LIFT computed using virtual temperature: 2.10
                                SWEAT index: 186.40
                                    K index: 29.60
                         Cross totals index: 16.60
                      Vertical totals index: 19.10
                        Totals totals index: 35.70
      Convective Available Potential Energy: 46.54
             CAPE using virtual temperature: 133.43
                      Convective Inhibition: -88.37
             CINS using virtual temperature: -48.45
                           Equilibrum Level: 507.21
 Equilibrum Level using virtual temperature: 506.48
                   Level of Free Convection: 713.83
             LFCT using virtual temperature: 779.79
                     Bulk Richardson Number: 2.45
          Bulk Richardson Number using CAPV: 7.03
  Temp [K] of the Lifted Condensation Level: 292.97
Pres [hPa] of the Lifted Condensation Level: 932.60
   Equivalent potential temp [K] of the LCL: 345.26
     Mean mixed layer potential temperature: 298.88
              Mean mixed layer mixing ratio: 15.89
              1000 hPa to 500 hPa thickness: 5767.00
Precipitable water [mm] for entire sounding: 42.58
</PRE>
<P>Description of the 
<A HREF="/upperair/columns.html">data columns</A>
or <A HREF="/upperair/indices.html">sounding indices</A>.

<P>
<FORM>
<INPUT CLASS="button" TYPE="button" VALUE=" Close this window " 
 onClick="window.close();">
<INPUT CLASS="button" TYPE="button" VALUE=" Select another map " 
 onClick="window.blur();">
</FORM>
<HR SIZE="1">
<I>Interested in graduate studies in atmospheric science?
Check out our program at the
<a href="http://www.uwyo.edu/atsc/howtoapply/"
target=_top>University of Wyoming
</a></I>
<HR SIZE="1"><FONT SIZE="-1">
Questions about the weather data provided by this site can be
addressed to <A HREF="mailto:ldoolman@uwyo.edu">
Larry Oolman (ldoolman@uwyo.edu)</A></FONT>
<HR SIZE="1">
<SCRIPT TYPE="text/javascript">
<!--
window.focus();
// -->
</SCRIPT>
</BODY>
</HTML>
