2014-11-15 00
<HTML>
<TITLE>University of Wyoming - Radiosonde Data</TITLE>
<BODY BGCOLOR="white">
<H2>96749 WIII Jakarta Observations at 00Z 15 Nov 2014</H2>
<PRE>
-----------------------------------------------------------------------------
   PRES   HGHT   TEMP   DWPT   RELH   MIXR   DRCT   SKNT   THTA   THTE   THTV
    hPa     m      C      C      %    g/kg    deg   knot     K      K      K 
-----------------------------------------------------------------------------
 1010.0      8   24.0   22.6     92  17.43    195      3  296.3  346.7  299.4
 1000.0     93   25.0   22.3     85  17.28    225      4  298.1  348.5  301.2
  990.0    182   25.8   20.8     74  15.89    255      4  299.8  346.5  302.7
  977.0    298   25.2   20.0     73  15.33    295      4  300.4  345.5  303.1
  944.0    599   23.7   18.0     70  13.95    250      6  301.8  343.1  304.3
  925.0    778   22.8   16.8     69  13.18    255      8  302.6  341.9  305.0
  912.0    901   22.0   16.3     70  12.93    255     10  303.0  341.6  305.4
  881.0   1200   20.0   15.0     73  12.33    265      6  304.0  340.9  306.2
  851.0   1501   18.1   13.7     76  11.74    295      8  305.0  340.3  307.1
  850.0   1511   18.0   13.7     76  11.72    295      8  305.0  340.3  307.1
  793.0   2101   14.4   10.9     79  10.43    310      4  307.3  339.1  309.2
  768.0   2373   12.8    9.6     81   9.86    337      3  308.4  338.6  310.2
  749.0   2584   12.0    4.0     58   6.85    359      2  309.7  331.1  311.0
  739.0   2697   11.6    6.3     70   8.18     10      2  310.4  335.8  311.9
  731.0   2788   11.2    8.2     82   9.42      8      2  311.0  340.2  312.7
  700.0   3149    9.2    5.4     77   8.10      0      0  312.6  338.1  314.2
  687.0   3303    8.5    2.5     66   6.69     70      2  313.6  334.8  314.8
  663.0   3596    7.2   -3.1     48   4.60     70      2  315.3  330.2  316.2
  639.0   3900    5.9   -8.9     34   3.05      5      2  317.1  327.3  317.7
  638.0   3912    5.8   -9.2     33   3.00      5      2  317.2  327.2  317.8
  620.0   4146    4.0    0.3     77   6.35      1      5  317.7  338.2  318.9
  616.0   4198    3.7    0.1     78   6.29      0      6  317.9  338.3  319.1
  575.0   4754    0.0   -2.1     86   5.74    352      9  319.9  338.7  321.1
  516.0   5613   -5.1   -6.6     89   4.55    339     13  323.8  339.1  324.7
  500.0   5860   -6.1   -8.1     86   4.18    335     14  325.5  339.7  326.4
  492.0   5986   -6.5  -10.9     71   3.40    335     13  326.6  338.2  327.2
  472.0   6309   -7.9  -11.6     75   3.35    335     10  328.7  340.3  329.3
  467.0   6392   -8.3  -11.8     76   3.34    339     10  329.2  340.8  329.9
  454.0   6609   -9.4  -13.6     72   2.97    350     10  330.5  340.9  331.1
  404.0   7504  -14.1  -20.9     57   1.80    280     12  335.6  342.2  336.0
  400.0   7580  -14.5  -21.5     55   1.73    280     14  336.1  342.4  336.4
  384.0   7889  -16.3  -26.3     42   1.17    274     15  337.6  342.1  337.9
  373.0   8102  -18.0  -27.6     43   1.07    270     16  338.2  342.3  338.4
  330.0   9001  -25.0  -33.2     47   0.71    300     14  340.6  343.4  340.8
  300.0   9700  -30.5  -37.5     50   0.51    285     16  342.3  344.3  342.4
  279.0  10207  -34.7  -40.8     54   0.39    290     17  343.4  345.0  343.5
  254.0  10862  -40.1  -45.1     59   0.27    303     19  344.7  345.9  344.8
  250.0  10970  -41.1                         305     19  344.8         344.8
  214.0  11994  -50.2                         320     21  346.4         346.4
  200.0  12440  -54.1                         320     19  346.9         346.9
  177.0  13196  -59.8                         335     19  349.9         349.9
  161.0  13782  -64.2                           5     27  352.1         352.1
  153.0  14097  -66.6                         355     21  353.2         353.2
  150.0  14220  -67.5                         340     21  353.6         353.6
  145.0  14418  -69.1                         315     21  354.3         354.3
  131.0  15012  -73.9                         290     35  356.1         356.1
  125.0  15286  -76.2                         285     35  356.9         356.9
  115.0  15773  -80.1                         277     26  358.1         358.1
  106.0  16232  -81.2                         270     17  364.5         364.5
  102.0  16449  -81.7                         286     23  367.6         367.6
  101.0  16504  -81.9                         290     25  368.2         368.2
  100.0  16560  -82.1                         290     25  368.9         368.9
   94.0  16904  -84.1                         280     21  371.5         371.5
   86.0  17398  -83.3                         240     23  382.7         382.7
   84.2  17515  -83.1                         219     18  385.4         385.4
   82.3  17644  -78.3                         196     12  397.7         397.7
   81.0  17735  -78.2                         180      8  399.8         399.8
   77.0  18025  -77.8                         160     14  406.4         406.4
   73.0  18330  -77.4                          20      4  413.5         413.5
   70.0  18570  -77.1                         320     10  419.1         419.1
   65.0  18994  -77.1                         327     11  428.1         428.1
   63.0  19176  -75.5                         330     12  435.5         435.5
   57.0  19762  -70.4                          60      2  459.7         459.7
   54.1  20068  -67.7                          74      8  472.8         472.8
   54.0  20079  -67.7                          75      8  473.0         473.0
   51.0  20421  -67.5                          60     16  481.2         481.2
   50.0  20540  -67.5                          75     17  484.0         484.0
   49.3  20625  -67.3                          85     20  486.4         486.4
   49.0  20662  -66.7                          90     21  488.6         488.6
   47.7  20825  -64.3                          93     25  498.2         498.2
   42.0  21606  -63.4                         105     45  518.9         518.9
   33.2  23049  -61.7                          97     54  559.4         559.4
   31.0  23476  -59.3                          95     56  577.1         577.1
   30.0  23680  -58.1                          95     62  585.7         585.7
   26.0  24589  -54.0                          90     66  621.7         621.7
   25.9  24613  -53.9                          90     66  622.7         622.7
   21.0  25965  -52.0                          75     66  667.0         667.0
   20.0  26280  -51.5                          75     66  677.8         677.8
   18.0  26962  -52.5                          79     60  695.3         695.3
   14.0  28618  -45.7                          90     47  770.1         770.1
   12.9  29158  -43.5                          90     42  796.0         796.0
   11.0  30236  -40.6                          90     33  843.5         843.5
   10.8  30360  -40.3                                     849.1         849.1
</PRE><H3>Station information and sounding indices</H3><PRE>
                         Station identifier: WIII
                             Station number: 96749
                           Observation time: 141115/0000
                           Station latitude: -6.11
                          Station longitude: 106.65
                          Station elevation: 8.0
                            Showalter index: 0.67
                               Lifted index: -1.53
    LIFT computed using virtual temperature: -1.75
                                SWEAT index: 194.41
                                    K index: 34.00
                         Cross totals index: 19.80
                      Vertical totals index: 24.10
                        Totals totals index: 43.90
      Convective Available Potential Energy: 120.09
             CAPE using virtual temperature: 187.16
                      Convective Inhibition: -94.67
             CINS using virtual temperature: -70.85
                           Equilibrum Level: 428.13
 Equilibrum Level using virtual temperature: 420.09
                   Level of Free Convection: 770.52
             LFCT using virtual temperature: 794.42
                     Bulk Richardson Number: 65.67
          Bulk Richardson Number using CAPV: 102.35
  Temp [K] of the Lifted Condensation Level: 292.62
Pres [hPa] of the Lifted Condensation Level: 919.98
   Equivalent potential temp [K] of the LCL: 345.85
     Mean mixed layer potential temperature: 299.69
              Mean mixed layer mixing ratio: 15.78
              1000 hPa to 500 hPa thickness: 5767.00
Precipitable water [mm] for entire sounding: 52.27
</PRE>
<P>Description of the 
<A HREF="/upperair/columns.html">data columns</A>
or <A HREF="/upperair/indices.html">sounding indices</A>.

<P>
<FORM>
<INPUT CLASS="button" TYPE="button" VALUE=" Close this window " 
 onClick="window.close();">
<INPUT CLASS="button" TYPE="button" VALUE=" Select another map " 
 onClick="window.blur();">
</FORM>
<HR SIZE="1">
<I>Interested in graduate studies in atmospheric science?
Check out our program at the
<a href="http://www.uwyo.edu/atsc/howtoapply/"
target=_top>University of Wyoming
</a></I>
<HR SIZE="1"><FONT SIZE="-1">
Questions about the weather data provided by this site can be
addressed to <A HREF="mailto:ldoolman@uwyo.edu">
Larry Oolman (ldoolman@uwyo.edu)</A></FONT>
<HR SIZE="1">
<SCRIPT TYPE="text/javascript">
<!--
window.focus();
// -->
</SCRIPT>
</BODY>
</HTML>
