2015-12-24 12
<HTML>
<TITLE>University of Wyoming - Radiosonde Data</TITLE>
<BODY BGCOLOR="white">
<H2>96749 WIII Jakarta Observations at 00Z 24 Dec 2015</H2>
<PRE>
-----------------------------------------------------------------------------
   PRES   HGHT   TEMP   DWPT   RELH   MIXR   DRCT   SKNT   THTA   THTE   THTV
    hPa     m      C      C      %    g/kg    deg   knot     K      K      K 
-----------------------------------------------------------------------------
 1010.0      8   25.0   21.9     83  16.68    240      6  297.3  345.8  300.3
 1000.0    100   25.6   18.6     65  13.67    240     19  298.8  338.8  301.2
  998.0    118   25.5   18.5     65  13.64    240     23  298.9  338.8  301.3
  950.0    550   23.8   16.8     65  12.80    240     19  301.3  339.2  303.6
  935.0    689   23.2   16.2     65  12.54    252     18  302.1  339.4  304.4
  925.0    783   22.4   16.4     69  12.84    260     17  302.2  340.4  304.5
  913.0    896   21.6   16.3     72  12.92    265     16  302.5  341.0  304.9
  882.0   1195   19.5   16.0     80  13.14    300     12  303.3  342.5  305.7
  850.0   1514   17.2   15.7     91  13.37    305     12  304.1  344.2  306.6
  837.0   1646   16.2   15.1     93  13.06    298     10  304.4  343.6  306.8
  822.0   1800   15.5   12.7     84  11.36    290      8  305.2  339.5  307.3
  809.0   1936   14.8   10.6     76  10.02    279      8  305.9  336.3  307.8
  796.0   2073   16.0    3.0     42   6.00    268      8  308.6  327.4  309.8
  793.0   2105   15.8    2.7     41   5.91    265      8  308.8  327.3  309.9
  766.0   2397   14.4    0.2     38   5.11    190      2  310.4  326.6  311.3
  739.0   2699   13.0   -2.3     34   4.39    185      4  312.0  326.1  312.8
  700.0   3155   10.8   -6.2     30   3.45    230     10  314.4  325.8  315.1
  663.0   3604    8.0   -7.9     32   3.20    275     12  316.2  326.8  316.8
  635.0   3960    5.8   -9.2     33   3.01    269      8  317.6  327.7  318.2
  628.0   4051    5.2    1.1     75   6.64    267      7  317.9  339.4  319.2
  617.0   4195    4.4   -0.6     70   5.97    265      6  318.6  338.0  319.8
  610.0   4288    4.6   -6.4     45   3.90    267      7  319.9  332.9  320.6
  584.0   4642    2.8  -18.2     20   1.57    272      9  321.8  327.3  322.1
  573.0   4796    1.5  -12.9     33   2.49    275     10  322.0  330.5  322.5
  561.0   4966    0.0   -7.0     59   4.05    283     11  322.2  335.8  323.0
  542.0   5242   -1.9   -5.2     78   4.82    297     11  323.1  339.2  324.1
  539.0   5286   -2.1   -9.1     59   3.58    299     12  323.4  335.6  324.1
  531.0   5404   -2.8   -8.0     67   3.95    305     12  323.9  337.3  324.7
  513.0   5678   -4.5   -5.6     92   4.94    305     13  325.1  341.7  326.1
  500.0   5880   -5.3   -8.0     81   4.21    305     14  326.5  340.8  327.3
  464.0   6464   -8.3  -14.3     62   2.74    293      9  329.8  339.5  330.4
  456.0   6598   -9.3  -15.0     63   2.63    290      8  330.2  339.6  330.8
  435.0   6962  -11.9  -16.9     66   2.35    327      8  331.4  339.8  331.9
  432.0   7015  -12.1  -15.0     79   2.78    332      8  331.8  341.6  332.4
  428.0   7086  -12.1  -18.1     61   2.16    339      8  332.7  340.5  333.1
  422.0   7193  -12.8  -18.8     61   2.06    350      8  333.1  340.6  333.5
  400.0   7600  -15.5  -21.5     60   1.73    315      6  334.8  341.1  335.1
  393.0   7733  -16.5  -23.5     55   1.47    307      7  335.1  340.6  335.4
  389.0   7810  -17.1  -20.3     76   1.97    303      8  335.3  342.5  335.7
  374.0   8099  -19.1  -23.5     68   1.54    285     10  336.5  342.2  336.8
  318.0   9292  -27.2  -36.9     39   0.51    275      8  341.2  343.2  341.3
  315.0   9361  -27.7  -37.7     38   0.48    282      8  341.4  343.4  341.5
  305.0   9592  -29.7  -38.4     43   0.46    305      6  341.8  343.7  341.9
  300.0   9710  -30.7  -38.7     45   0.45    335      6  342.0  343.8  342.1
  292.0   9898  -32.2  -39.2     50   0.44     25      6  342.5  344.2  342.6
  268.0  10496  -37.1  -40.9     68   0.40     72     10  343.9  345.5  343.9
  257.0  10782  -39.4  -44.2     61   0.30     95     12  344.6  345.8  344.6
  254.0  10862  -40.1  -45.1     59   0.27     97     13  344.7  345.9  344.8
  250.0  10970  -40.9                         100     14  345.1         345.1
  214.0  12001  -49.4                          90     25  347.6         347.6
  200.0  12450  -53.1                          80     29  348.5         348.5
  170.0  13461  -61.9                          55     29  350.5         350.5
  150.0  14240  -68.7                          60     43  351.6         351.6
  119.0  15584  -79.5                          70     66  355.8         355.8
  107.0  16191  -75.7                          55     35  373.9         373.9
  104.0  16354  -74.7                          37     23  378.9         378.9
  102.0  16466  -75.3                          25     14  379.8         379.8
  100.0  16580  -75.9                          45     10  380.8         380.8
   97.0  16754  -76.4                          85      2  383.3         383.3
   92.0  17057  -77.2                         310     14  387.5         387.5
   87.0  17377  -78.0                         295     35  392.1         392.1
   78.0  18002  -79.6                         255     41  401.1         401.1
   70.8  18556  -81.1                         250     29  409.2         409.2
   70.0  18620  -81.1                         250     27  410.6         410.6
   63.0  19215  -78.8                         240     16  428.2         428.2
   61.1  19388  -78.1                         221     12  433.5         433.5
   60.0  19495  -76.8                         210     10  438.6         438.6
   54.0  20113  -69.5                         125      6  468.8         468.8
   52.0  20335  -66.9                          40      6  480.0         480.0
   51.4  20403  -66.1                          36      6  483.5         483.5
   50.0  20570  -65.9                          25      6  487.8         487.8
   49.0  20694  -65.3                          10      6  492.0         492.0
   44.0  21357  -62.2                         235      2  515.0         515.0
   42.0  21644  -60.8                         310     12  525.3         525.3
   40.0  21945  -59.4                         285     16  536.2         536.2
   38.8  22132  -58.5                         281     18  543.1         543.1
   30.0  23740  -59.7                         250     39  581.3         581.3
   25.0  24876  -62.2                         245     31  605.3         605.3
   24.4  25028  -62.5                         251     25  608.6         608.6
   24.0  25132  -61.9                         255     21  613.2         613.2
   20.0  26280  -55.3                         120     12  666.2         666.2
   19.1  26573  -53.9                          75     10  679.3         679.3
   19.0  26607  -53.8                          70     10  680.5         680.5
   16.0  27720  -51.6                         275      8  722.1         722.1
   14.0  28585  -49.8                          80     23  756.1         756.1
   11.7  29748  -47.5                          80     54  804.2         804.2
   11.3  29978  -46.4                          80     60  816.3         816.3
   11.0  30157  -45.5                          80     60  825.8         825.8
   10.4  30528  -43.7                          77     49  845.8         845.8
   10.0  30790  -44.1                          75     41  853.8         853.8
    7.5  32720  -43.7                          95     56  928.6         928.6
    7.0  33190  -41.3                         100     60  957.1         957.1
    6.4  33799  -38.1                                     995.3         995.3
</PRE><H3>Station information and sounding indices</H3><PRE>
                         Station identifier: WIII
                             Station number: 96749
                           Observation time: 151224/0000
                           Station latitude: -6.11
                          Station longitude: 106.65
                          Station elevation: 8.0
                            Showalter index: -0.08
                               Lifted index: 1.82
    LIFT computed using virtual temperature: 1.77
                                SWEAT index: 226.41
                                    K index: 21.20
                         Cross totals index: 21.00
                      Vertical totals index: 22.50
                        Totals totals index: 43.50
      Convective Available Potential Energy: 0.00
             CAPE using virtual temperature: 0.00
                      Convective Inhibition: 0.00
             CINS using virtual temperature: 0.00
                     Bulk Richardson Number: 0.00
          Bulk Richardson Number using CAPV: 0.00
  Temp [K] of the Lifted Condensation Level: 289.82
Pres [hPa] of the Lifted Condensation Level: 890.87
   Equivalent potential temp [K] of the LCL: 339.39
     Mean mixed layer potential temperature: 299.57
              Mean mixed layer mixing ratio: 13.62
              1000 hPa to 500 hPa thickness: 5780.00
Precipitable water [mm] for entire sounding: 43.91
</PRE>
<P>Description of the 
<A HREF="/upperair/columns.html">data columns</A>
or <A HREF="/upperair/indices.html">sounding indices</A>.

<P>
<FORM>
<INPUT CLASS="button" TYPE="button" VALUE=" Close this window " 
 onClick="window.close();">
<INPUT CLASS="button" TYPE="button" VALUE=" Select another map " 
 onClick="window.blur();">
</FORM>
<HR SIZE="1">
<I>Interested in graduate studies in atmospheric science?
Check out our program at the
<a href="http://www.uwyo.edu/atsc/howtoapply/"
target=_top>University of Wyoming
</a></I>
<HR SIZE="1"><FONT SIZE="-1">
Questions about the weather data provided by this site can be
addressed to <A HREF="mailto:ldoolman@uwyo.edu">
Larry Oolman (ldoolman@uwyo.edu)</A></FONT>
<HR SIZE="1">
<SCRIPT TYPE="text/javascript">
<!--
window.focus();
// -->
</SCRIPT>
</BODY>
</HTML>
