2015-01-30 00
<HTML>
<TITLE>University of Wyoming - Radiosonde Data</TITLE>
<BODY BGCOLOR="white">
<H2>96749 WIII Jakarta Observations at 00Z 30 Jan 2015</H2>
<PRE>
-----------------------------------------------------------------------------
   PRES   HGHT   TEMP   DWPT   RELH   MIXR   DRCT   SKNT   THTA   THTE   THTV
    hPa     m      C      C      %    g/kg    deg   knot     K      K      K 
-----------------------------------------------------------------------------
 1009.0      8   24.8   23.6     93  18.57    240      5  297.2  351.1  300.5
 1000.0     84   24.8   21.5     82  16.44    240      8  297.9  345.8  300.9
  987.0    199   24.4   20.9     81  16.04    240     11  298.7  345.5  301.5
  981.0    253   25.2   20.2     74  15.44    240     13  300.0  345.4  302.8
  976.0    298   25.2   19.7     72  15.04    240     14  300.4  344.7  303.1
  961.0    434   25.2   18.2     65  13.88    243     13  301.8  342.9  304.3
  925.0    769   22.4   17.4     73  13.70    250     12  302.2  342.9  304.7
  911.0    901   21.6   16.9     75  13.48    255     12  302.7  342.8  305.1
  880.0   1202   19.6   15.8     78  12.98    255     14  303.7  342.5  306.0
  867.0   1331   18.8   15.3     80  12.77    266     12  304.1  342.4  306.4
  850.0   1501   18.2   14.1     77  12.04    280     10  305.2  341.5  307.4
  793.0   2093   16.1   10.9     71  10.41    250      6  309.0  341.0  310.9
  752.0   2546   14.4    8.4     67   9.28    235      8  311.9  340.9  313.7
  739.0   2693   13.4    7.7     68   8.98    230      8  312.4  340.5  314.1
  700.0   3149   10.4    5.4     71   8.10    245      6  314.0  339.5  315.5
  688.0   3291    9.5    4.6     71   7.79    250      6  314.6  339.2  316.0
  663.0   3596    7.7    2.9     72   7.17    285      4  315.8  338.7  317.2
  640.0   3887    5.9    1.3     72   6.60     20      6  317.0  338.2  318.3
  616.0   4202    4.0   -0.5     73   6.04    350      4  318.3  337.9  319.4
  609.0   4296    3.4   -1.0     73   5.88    295      3  318.6  337.8  319.8
  594.0   4498    2.2   -2.2     73   5.50    175      2  319.5  337.5  320.6
  572.0   4803    0.3   -4.1     72   4.98    100      6  320.8  337.3  321.8
  568.0   4859    0.0   -4.4     72   4.89    104      6  321.1  337.2  322.0
  551.0   5100   -1.6   -6.0     72   4.45    120      8  322.0  336.9  322.9
  531.0   5393   -3.4   -8.0     71   3.97    100      4  323.2  336.6  324.0
  511.0   5698   -5.4  -10.0     70   3.51    120      4  324.4  336.3  325.1
  500.0   5870   -6.5  -11.2     69   3.27    120      4  325.1  336.2  325.7
  437.0   6896  -13.0  -22.2     46   1.48    145     17  329.5  334.9  329.8
  404.0   7495  -16.9  -28.7     35   0.89    130     10  332.0  335.4  332.2
  402.0   7533  -17.1  -29.1     35   0.86    132     10  332.2  335.5  332.4
  400.0   7570  -17.1  -32.1     26   0.65    135     10  332.7  335.2  332.8
  385.0   7856  -18.7  -38.7     15   0.35    146     10  334.2  335.6  334.3
  383.0   7895  -18.9  -25.9     54   1.22    147     10  334.5  339.0  334.7
  376.0   8032  -19.9  -27.9     49   1.03    152     10  334.9  338.8  335.1
  301.0   9646  -31.5  -35.5     68   0.62    214      8  340.5  343.0  340.7
  300.0   9670  -31.5  -35.5     68   0.62    215      8  340.9  343.3  341.0
  291.0   9881  -33.3  -37.5     66   0.53    220      6  341.3  343.4  341.4
  279.0  10174  -35.8  -40.1     64   0.42    205      4  341.9  343.6  342.0
  259.0  10690  -40.1  -44.9     60   0.27    172      4  342.8  344.0  342.9
  255.0  10796  -41.0                         165      4  343.1         343.1
  250.0  10930  -42.1                         165      4  343.3         343.3
  234.0  11366  -45.8                         135      4  344.2         344.2
  213.0  11985  -51.1                          80      6  345.4         345.4
  204.0  12270  -53.6                          70      6  345.8         345.8
  200.0  12400  -54.7                          80      6  346.0         346.0
  185.0  12882  -58.5                         110     10  347.6         347.6
  168.0  13479  -63.3                          75     10  349.3         349.3
  160.0  13781  -65.7                          65      8  350.2         350.2
  152.0  14098  -68.2                          90      8  351.0         351.0
  150.0  14180  -68.9                         105     10  351.2         351.2
  145.0  14380  -69.8                         145     12  353.0         353.0
  138.0  14672  -71.2                         150     12  355.5         355.5
  132.0  14935  -72.5                         126     13  357.9         357.9
  118.0  15583  -75.2                          65     14  364.5         364.5
  112.0  15885  -76.5                         350      6  367.7         367.7
  109.0  16042  -77.1                         293      7  369.3         369.3
  106.0  16200  -78.3                         235      8  370.1         370.1
  100.0  16530  -80.7                         190     16  371.6         371.6
   91.0  17060  -82.4                         115     25  378.3         378.3
   84.9  17450  -83.7                          95     25  383.3         383.3
   81.0  17713  -83.4                          75     23  389.1         389.1
   77.0  17996  -83.1                          40     21  395.5         395.5
   73.0  18295  -82.7                          30     27  402.3         402.3
   70.7  18474  -82.5                          26     16  406.4         406.4
   70.0  18530  -80.5                          25     12  411.9         411.9
   69.0  18612  -78.9                          20      8  417.0         417.0
   66.7  18806  -75.1                         157      8  429.3         429.3
   66.0  18868  -74.5                         200      8  432.0         432.0
   62.1  19225  -70.7                         162     12  447.9         447.9
   61.2  19312  -66.3                         153     13  459.5         459.5
   59.0  19533  -66.7                         130     16  463.5         463.5
   54.0  20066  -67.5                         115     29  473.4         473.4
   50.0  20530  -68.3                          85     29  482.1         482.1
   49.0  20651  -68.4                          75     31  484.6         484.6
   44.0  21296  -69.2                          90     39  497.9         497.9
   39.9  21882  -69.9                          87     39  510.2         510.2
   38.0  22178  -63.7                          85     39  533.2         533.2
   33.0  23050  -62.3                         100     58  558.9         558.9
   30.0  23640  -61.3                          95     54  577.0         577.0
   24.0  25030  -58.1                          92     68  624.2         624.2
   21.3  25789  -54.4                          90     76  656.9         656.9
   21.0  25880  -54.0                          90     76  660.9         660.9
   20.0  26190  -52.5                          95     74  674.7         674.7
   19.0  26522  -51.6                          95     76  687.5         687.5
   18.9  26556  -51.5                                     688.8         688.8
</PRE><H3>Station information and sounding indices</H3><PRE>
                         Station identifier: WIII
                             Station number: 96749
                           Observation time: 150130/0000
                           Station latitude: -6.11
                          Station longitude: 106.65
                          Station elevation: 8.0
                            Showalter index: -0.21
                               Lifted index: -1.59
    LIFT computed using virtual temperature: -1.93
                                SWEAT index: 193.21
                                    K index: 33.80
                         Cross totals index: 20.60
                      Vertical totals index: 24.70
                        Totals totals index: 45.30
      Convective Available Potential Energy: 258.80
             CAPE using virtual temperature: 319.96
                      Convective Inhibition: -215.03
             CINS using virtual temperature: -171.49
                           Equilibrum Level: 247.99
 Equilibrum Level using virtual temperature: 248.15
                   Level of Free Convection: 615.82
             LFCT using virtual temperature: 640.98
                     Bulk Richardson Number: 52.06
          Bulk Richardson Number using CAPV: 64.37
  Temp [K] of the Lifted Condensation Level: 292.22
Pres [hPa] of the Lifted Condensation Level: 915.37
   Equivalent potential temp [K] of the LCL: 344.96
     Mean mixed layer potential temperature: 299.72
              Mean mixed layer mixing ratio: 15.48
              1000 hPa to 500 hPa thickness: 5786.00
Precipitable water [mm] for entire sounding: 52.47
</PRE>
<P>Description of the 
<A HREF="/upperair/columns.html">data columns</A>
or <A HREF="/upperair/indices.html">sounding indices</A>.

<P>
<FORM>
<INPUT CLASS="button" TYPE="button" VALUE=" Close this window " 
 onClick="window.close();">
<INPUT CLASS="button" TYPE="button" VALUE=" Select another map " 
 onClick="window.blur();">
</FORM>
<HR SIZE="1">
<I>Interested in graduate studies in atmospheric science?
Check out our program at the
<a href="http://www.uwyo.edu/atsc/howtoapply/"
target=_top>University of Wyoming
</a></I>
<HR SIZE="1"><FONT SIZE="-1">
Questions about the weather data provided by this site can be
addressed to <A HREF="mailto:ldoolman@uwyo.edu">
Larry Oolman (ldoolman@uwyo.edu)</A></FONT>
<HR SIZE="1">
<SCRIPT TYPE="text/javascript">
<!--
window.focus();
// -->
</SCRIPT>
</BODY>
</HTML>
