2015-06-11 00
<HTML>
<TITLE>University of Wyoming - Radiosonde Data</TITLE>
<BODY BGCOLOR="white">
<H2>96749 WIII Jakarta Observations at 00Z 11 Jun 2015</H2>
<PRE>
-----------------------------------------------------------------------------
   PRES   HGHT   TEMP   DWPT   RELH   MIXR   DRCT   SKNT   THTA   THTE   THTV
    hPa     m      C      C      %    g/kg    deg   knot     K      K      K 
-----------------------------------------------------------------------------
 1010.0      8   24.4   23.0     92  17.87    230      4  296.7  348.5  299.9
 1008.0     25   26.0   24.4     91  19.53    224      4  298.5  355.6  301.9
 1000.0     95   26.0   24.0     89  19.21    200      4  299.1  355.5  302.6
  977.0    299   24.9   22.8     88  18.30    125      2  300.1  353.9  303.3
  944.0    601   23.3   21.1     87  17.02    100      4  301.4  351.7  304.5
  925.0    780   22.4   20.1     87  16.29    115      4  302.2  350.5  305.1
  912.0    903   21.7   19.4     87  15.82    125      4  302.7  349.8  305.6
  881.0   1203   20.1   17.7     86  14.72    130      8  304.1  348.1  306.7
  850.0   1514   18.4   16.0     86  13.64    110     10  305.4  346.5  307.9
  822.0   1798   16.9   14.4     85  12.71    105      8  306.8  345.3  309.1
  794.0   2092   15.4   12.8     84  11.80    100      8  308.2  344.2  310.4
  711.0   3028   10.6    7.5     81   9.23     91     10  312.8  341.7  314.5
  700.0   3158   10.0    7.8     86   9.57     90     10  313.5  343.5  315.3
  640.0   3890    6.0    3.3     83   7.66     85     12  317.2  341.7  318.6
  617.0   4189    4.4    1.5     81   6.97     65      8  318.6  341.2  320.0
  573.0   4793    1.2   -2.2     78   5.72    110     12  321.6  340.5  322.7
  558.0   5010    0.0   -3.5     77   5.32    119     11  322.7  340.4  323.7
  532.0   5388   -2.4   -5.7     78   4.72    135      8  324.3  340.2  325.2
  503.0   5833   -5.1   -8.3     78   4.09    103     12  326.2  340.1  327.0
  500.0   5880   -5.1   -9.0     74   3.89    100     12  326.8  340.1  327.5
  493.0   5989   -5.8   -9.7     73   3.73     90     12  327.3  340.1  328.0
  456.0   6593   -9.3  -13.8     70   2.90    125     16  330.2  340.4  330.8
  420.0   7230  -13.1  -18.1     66   2.20     94     11  333.2  341.1  333.6
  402.0   7562  -15.9  -20.3     69   1.91     77      8  333.8  340.7  334.1
  401.0   7581  -15.5  -26.5     38   1.10     76      8  334.5  338.7  334.7
  400.0   7600  -15.7  -26.7     38   1.08     75      8  334.5  338.6  334.7
  390.0   7791  -17.0  -26.4     44   1.14     65      8  335.2  339.5  335.4
  388.0   7829  -17.3  -26.3     45   1.16     70      8  335.3  339.7  335.6
  374.0   8104  -19.1  -25.2     59   1.33    105     10  336.5  341.5  336.8
  366.0   8265  -20.1  -24.5     68   1.44    110     11  337.2  342.6  337.5
  345.0   8697  -23.2  -29.1     58   1.00    125     14  338.8  342.6  339.0
  318.0   9293  -27.5  -35.5     46   0.59    115      4  340.8  343.1  340.9
  305.0   9592  -29.9  -35.7     57   0.60    300      4  341.4  343.9  341.6
  300.0   9710  -30.9  -35.8     62   0.60    305      6  341.7  344.1  341.8
  288.0   9999  -32.9  -37.4     64   0.54    321      7  342.9  345.0  343.0
  257.0  10791  -38.9  -46.9     43   0.22      5     10  345.4  346.3  345.4
  252.0  10926  -40.1  -44.9     60   0.28      5      9  345.5  346.7  345.6
  250.0  10980  -40.5                           5      8  345.7         345.7
  246.0  11087  -41.3                           5      8  346.1         346.1
  235.0  11390  -43.7                         325      8  347.0         347.0
  215.0  11980  -48.3                         295      6  348.8         348.8
  205.0  12296  -50.8                         250      6  349.7         349.7
  200.0  12460  -52.1                         210      8  350.1         350.1
  196.0  12586  -53.2                         175     10  350.4         350.4
  154.0  14095  -66.3                         185     23  353.1         353.1
  150.0  14260  -67.7                         185     23  353.3         353.3
  132.0  14998  -73.2                         160     14  356.7         356.7
  125.0  15313  -75.5                         110      8  358.1         358.1
  113.0  15895  -79.8                          55      8  360.5         360.5
  107.0  16210  -82.1                          70      8  361.8         361.8
  105.0  16319  -82.9                          86      9  362.2         362.2
  102.0  16480  -82.9                         111     11  365.2         365.2
  101.0  16535  -83.1                         120     12  365.9         365.9
  100.0  16590  -83.3                         125     16  366.5         366.5
   96.0  16817  -84.1                         140     23  369.2         369.2
   92.4  17029  -84.9                         125     23  371.8         371.8
   78.2  17971  -77.5                          56     35  405.2         405.2
   78.0  17986  -76.8                          55     35  406.9         406.9
   77.1  18053  -73.7                          53     32  414.8         414.8
   74.0  18294  -73.5                          45     23  420.0         420.0
   70.0  18620  -73.3                          60     25  427.2         427.2
   67.0  18875  -73.7                         105     21  431.8         431.8
   63.8  19160  -74.1                         104     24  437.0         437.0
   61.1  19417  -65.5                         103     27  461.5         461.5
   55.0  20048  -67.9                         100     33  470.1         470.1
   50.0  20620  -70.1                          90     29  477.9         477.9
   49.1  20728  -70.5                          90     29  479.4         479.4
   49.0  20740  -70.3                          90     29  480.1         480.1
   43.9  21404  -62.3                          94     44  515.0         515.0
   43.0  21533  -62.0                          95     47  518.8         518.8
   35.0  22815  -59.1                          90     41  557.8         557.8
   33.0  23181  -58.3                          87     19  569.4         569.4
   32.0  23377  -55.6                          85      8  581.6         581.6
   30.8  23620  -52.3                         183      9  597.0         597.0
   30.0  23790  -52.9                         250     10  599.8         599.8
   29.0  24007  -53.7                         265     14  603.4         603.4
   28.0  24231  -54.6                         255     10  607.2         607.2
   26.7  24535  -55.7                         295      6  612.2         612.2
   26.0  24705  -55.5                         320      6  617.4         617.4
   25.0  24954  -55.2                         300      8  625.2         625.2
   24.0  25215  -55.0                         225      6  633.3         633.3
   23.1  25458  -54.7                         252      8  641.0         641.0
   23.0  25486  -54.1                         255      8  643.6         643.6
   22.1  25744  -48.7                         248     14  667.0         667.0
   21.0  26080  -48.5                         240     21  677.5         677.5
   20.0  26400  -48.3                         245     16  687.6         687.6
   19.0  26736  -48.5                         280     21  697.0         697.0
   15.4  28113  -49.5                         289     46  736.9         736.9
   15.1  28243  -46.3                         290     48  751.7         751.7
   15.0  28287  -46.3                         290     49  753.1         753.1
   13.0  29237  -46.0                         275     58  785.5         785.5
   10.0  30980  -45.5                         270     51  848.6         848.6
    9.5  31322  -44.7                         265     48  864.1         864.1
    9.1  31613  -39.7                         262     46  894.0         894.0
    8.0  32491  -40.7                         250     39  923.5         923.5
    7.4  33021  -41.3                                     941.9         941.9
</PRE><H3>Station information and sounding indices</H3><PRE>
                         Station identifier: WIII
                             Station number: 96749
                           Observation time: 150611/0000
                           Station latitude: -6.11
                          Station longitude: 106.65
                          Station elevation: 8.0
                            Showalter index: -0.74
                               Lifted index: -3.42
    LIFT computed using virtual temperature: -3.91
                                SWEAT index: 224.01
                                    K index: 37.30
                         Cross totals index: 21.10
                      Vertical totals index: 23.50
                        Totals totals index: 44.60
      Convective Available Potential Energy: 1384.69
             CAPE using virtual temperature: 1522.54
                      Convective Inhibition: -18.47
             CINS using virtual temperature: -11.22
                           Equilibrum Level: 146.81
 Equilibrum Level using virtual temperature: 146.67
                   Level of Free Convection: 861.14
             LFCT using virtual temperature: 886.93
                     Bulk Richardson Number: 222.15
          Bulk Richardson Number using CAPV: 244.26
  Temp [K] of the Lifted Condensation Level: 295.72
Pres [hPa] of the Lifted Condensation Level: 953.32
   Equivalent potential temp [K] of the LCL: 353.99
     Mean mixed layer potential temperature: 299.80
              Mean mixed layer mixing ratio: 18.47
              1000 hPa to 500 hPa thickness: 5785.00
Precipitable water [mm] for entire sounding: 61.70
</PRE>
<P>Description of the 
<A HREF="/upperair/columns.html">data columns</A>
or <A HREF="/upperair/indices.html">sounding indices</A>.

<P>
<FORM>
<INPUT CLASS="button" TYPE="button" VALUE=" Close this window " 
 onClick="window.close();">
<INPUT CLASS="button" TYPE="button" VALUE=" Select another map " 
 onClick="window.blur();">
</FORM>
<HR SIZE="1">
<I>Interested in graduate studies in atmospheric science?
Check out our program at the
<a href="http://www.uwyo.edu/atsc/howtoapply/"
target=_top>University of Wyoming
</a></I>
<HR SIZE="1"><FONT SIZE="-1">
Questions about the weather data provided by this site can be
addressed to <A HREF="mailto:ldoolman@uwyo.edu">
Larry Oolman (ldoolman@uwyo.edu)</A></FONT>
<HR SIZE="1">
<SCRIPT TYPE="text/javascript">
<!--
window.focus();
// -->
</SCRIPT>
</BODY>
</HTML>
