2013-09-20 12
<HTML>
<TITLE>University of Wyoming - Radiosonde Data</TITLE>
<BODY BGCOLOR="white">
<H2>96749 WIII Jakarta Observations at 00Z 20 Sep 2013</H2>
<PRE>
-----------------------------------------------------------------------------
   PRES   HGHT   TEMP   DWPT   RELH   MIXR   DRCT   SKNT   THTA   THTE   THTV
    hPa     m      C      C      %    g/kg    deg   knot     K      K      K 
-----------------------------------------------------------------------------
 1009.0      8   24.8   21.9     84  16.70    170      4  297.2  345.7  300.2
 1000.0     88   24.8   21.5     82  16.44    150      4  297.9  345.8  300.9
  988.0    194   25.4   21.7     80  16.85    125      5  299.6  349.0  302.6
  976.0    302   24.7   21.2     81  16.57    100      6  300.0  348.7  302.9
  943.0    603   22.9   19.9     84  15.80     70     10  301.0  347.7  303.9
  925.0    772   21.8   19.2     85  15.38     65     10  301.6  347.1  304.4
  911.0    904   21.0   18.2     84  14.70     65     10  302.1  345.7  304.8
  850.0   1502   17.6   13.9     79  11.88     80      6  304.6  340.3  306.7
  846.0   1542   17.6   12.9     74  11.17     77      6  305.0  338.7  307.0
  821.0   1798   16.3    9.7     65   9.31     60      8  306.2  334.6  307.9
  792.0   2103   14.7    6.0     56   7.43     60      8  307.7  330.6  309.1
  776.0   2277   13.8    3.8     51   6.52     37      9  308.5  328.8  309.7
  764.0   2407   13.0    3.7     53   6.56     20     10  309.1  329.5  310.3
  737.0   2709   11.2    3.4     58   6.66     15      8  310.3  331.1  311.5
  711.0   3009    9.4    3.1     65   6.76     40      6  311.5  332.8  312.8
  705.0   3080    9.0    3.0     66   6.78     35      5  311.8  333.1  313.1
  700.0   3139    8.8    3.8     71   7.23     30      4  312.2  334.9  313.6
  686.0   3305    7.5    3.5     76   7.22     15      2  312.6  335.3  313.9
  662.0   3599    5.2    3.0     85   7.20    210      4  313.2  335.9  314.5
  660.0   3623    5.0    2.9     86   7.20    209      4  313.2  335.9  314.6
  645.0   3812    5.6   -2.4     56   5.00    199      8  316.0  332.2  316.9
  638.0   3900    5.0   -2.8     57   4.91    195     10  316.3  332.2  317.2
  615.0   4197    3.0   -4.1     60   4.63    220     12  317.3  332.4  318.2
  592.0   4506    0.9   -5.4     63   4.34    225      8  318.4  332.7  319.2
  582.0   4644    0.0   -6.0     64   4.22    190      8  318.8  332.8  319.6
  565.0   4881   -1.7   -8.7     59   3.53    129      9  319.6  331.3  320.2
  558.0   4980   -0.5  -22.5     17   1.13    103     10  322.1  326.2  322.3
  549.0   5109   -1.1  -24.2     16   0.99     70     10  322.9  326.5  323.1
  500.0   5850   -4.7  -33.7      8   0.45    100     19  327.2  329.0  327.3
  490.0   6006   -5.6  -35.2      8   0.39    100     21  328.0  329.6  328.1
  421.0   7182  -12.3  -46.3      4   0.14    100     22  334.0  334.6  334.0
  400.0   7570  -15.3  -43.3      7   0.21    100     23  335.0  335.9  335.1
  372.0   8112  -19.4  -33.2     28   0.63     90     29  336.6  339.1  336.7
  361.0   8336  -21.1  -29.1     49   0.96     89     28  337.2  340.9  337.4
  314.0   9354  -27.5  -41.5     25   0.32     82     26  342.0  343.4  342.1
  300.0   9680  -30.3  -43.3     27   0.28     80     25  342.6  343.7  342.6
  290.0   9917  -32.3  -44.5     29   0.25     80     21  343.0  344.0  343.0
  255.0  10815  -40.1  -49.1     38   0.17     71     24  344.4  345.1  344.4
  250.0  10950  -41.1                          70     25  344.8         344.8
  200.0  12420  -53.9                          60     43  347.2         347.2
  176.0  13215  -60.6                          50     43  349.2         349.2
  150.0  14210  -68.9                          50     54  351.2         351.2
  139.0  14660  -72.9                          50     64  351.9         351.9
  137.0  14744  -73.3                          50     66  352.6         352.6
  130.0  15047  -75.0                          55     82  355.0         355.0
  124.0  15320  -76.4                          55     82  357.2         357.2
  119.0  15558  -77.7                          55     78  359.1         359.1
  112.0  15907  -76.0                          70     45  368.6         368.6
  108.0  16116  -74.9                          87     28  374.4         374.4
  106.0  16224  -75.2                          95     19  375.8         375.8
  101.0  16503  -76.1                         150     17  379.3         379.3
  100.0  16560  -76.3                         150     17  380.1         380.1
   91.0  17098  -79.1                         155     19  384.8         384.8
   89.9  17168  -79.5                         150     19  385.4         385.4
   86.0  17423  -75.7                         125     12  398.0         398.0
   84.4  17530  -74.1                         190     11  403.4         403.4
   82.0  17698  -74.2                         290     10  406.4         406.4
   78.0  17989  -74.5                         260     12  411.8         411.8
   74.4  18263  -74.7                         260     10  416.9         416.9
   74.0  18295  -74.4                         260     10  418.2         418.2
   70.0  18620  -71.5                         305     10  431.1         431.1
   63.0  19250  -68.8                         280     14  450.3         450.3
   60.0  19542  -67.5                         245     10  459.4         459.4
   57.0  19849  -66.2                         265     10  469.2         469.2
   55.5  20009  -65.5                         265     12  474.4         474.4
   50.0  20640  -67.1                         265     21  484.9         484.9
   45.9  21159  -65.5                         271     28  500.8         500.8
   43.1  21546  -60.5                         276     33  522.2         522.2
   41.0  21858  -60.3                         280     37  530.1         530.1
   32.0  23407  -59.5                         280     31  571.2         571.2
   30.0  23810  -59.3                         255     29  582.4         582.4
   28.0  24245  -58.9                         245     25  595.0         595.0
   25.0  24959  -58.3                         250     31  616.3         616.3
   24.0  25217  -58.1                         230     25  624.1         624.1
   22.0  25765  -57.7                         235     14  641.2         641.2
   21.3  25969  -57.5                         266      8  647.7         647.7
   21.0  26060  -57.0                         280      6  651.8         651.8
   20.0  26370  -55.3                         290     16  666.2         666.2
   17.2  27342  -50.3                         313     39  711.5         711.5
   17.0  27418  -50.3                         315     41  713.8         713.8
   14.0  28681  -50.6                         260     45  753.6         753.6
   13.0  29163  -50.7                         265     27  769.4         769.4
   11.2  30133  -50.9                         278     27  802.1         802.1
   11.0  30252  -49.9                         280     27  809.8         809.8
   10.0  30880  -44.7                         275     14  851.6         851.6
    9.9  30947  -44.1                         284     14  856.3         856.3
    9.0  31592  -42.9                           5     14  884.7         884.7
    8.0  32388  -41.3                         345     17  921.1         921.1
    7.3  33008  -40.1                                     950.5         950.5
</PRE><H3>Station information and sounding indices</H3><PRE>
                         Station identifier: WIII
                             Station number: 96749
                           Observation time: 130920/0000
                           Station latitude: -6.11
                          Station longitude: 106.65
                          Station elevation: 8.0
                            Showalter index: 2.08
                               Lifted index: -0.84
    LIFT computed using virtual temperature: -1.71
                                SWEAT index: 197.80
                                    K index: 31.20
                         Cross totals index: 18.60
                      Vertical totals index: 22.30
                        Totals totals index: 40.90
      Convective Available Potential Energy: 383.02
             CAPE using virtual temperature: 562.67
                      Convective Inhibition: -50.97
             CINS using virtual temperature: -32.06
                           Equilibrum Level: 202.03
 Equilibrum Level using virtual temperature: 201.95
                   Level of Free Convection: 772.18
             LFCT using virtual temperature: 840.17
                     Bulk Richardson Number: 693.45
          Bulk Richardson Number using CAPV: 1018.70
  Temp [K] of the Lifted Condensation Level: 293.60
Pres [hPa] of the Lifted Condensation Level: 933.76
   Equivalent potential temp [K] of the LCL: 347.75
     Mean mixed layer potential temperature: 299.42
              Mean mixed layer mixing ratio: 16.51
              1000 hPa to 500 hPa thickness: 5762.00
Precipitable water [mm] for entire sounding: 45.25
</PRE>
<P>Description of the 
<A HREF="/upperair/columns.html">data columns</A>
or <A HREF="/upperair/indices.html">sounding indices</A>.

<P>
<FORM>
<INPUT CLASS="button" TYPE="button" VALUE=" Close this window " 
 onClick="window.close();">
<INPUT CLASS="button" TYPE="button" VALUE=" Select another map " 
 onClick="window.blur();">
</FORM>
<HR SIZE="1">
<I>Interested in graduate studies in atmospheric science?
Check out our program at the
<a href="http://www.uwyo.edu/atsc/howtoapply/"
target=_top>University of Wyoming
</a></I>
<HR SIZE="1"><FONT SIZE="-1">
Questions about the weather data provided by this site can be
addressed to <A HREF="mailto:ldoolman@uwyo.edu">
Larry Oolman (ldoolman@uwyo.edu)</A></FONT>
<HR SIZE="1">
<SCRIPT TYPE="text/javascript">
<!--
window.focus();
// -->
</SCRIPT>
</BODY>
</HTML>
