2015-07-08 00
<HTML>
<TITLE>University of Wyoming - Radiosonde Data</TITLE>
<BODY BGCOLOR="white">
<H2>96749 WIII Jakarta Observations at 00Z 08 Jul 2015</H2>
<PRE>
-----------------------------------------------------------------------------
   PRES   HGHT   TEMP   DWPT   RELH   MIXR   DRCT   SKNT   THTA   THTE   THTV
    hPa     m      C      C      %    g/kg    deg   knot     K      K      K 
-----------------------------------------------------------------------------
 1010.0      8   24.8   20.3     76  15.08    200      6  297.1  340.9  299.8
 1000.0     98   25.6   20.6     74  15.53    190      6  298.8  344.2  301.5
  986.0    223   25.8   19.8     69  14.98    172      5  300.2  344.2  302.9
  977.0    303   25.2   19.4     70  14.73    160      4  300.4  343.8  303.1
  945.0    595   23.3   17.9     72  13.88     70      6  301.2  342.3  303.8
  925.0    783   22.0   17.0     73  13.35     70      4  301.8  341.4  304.2
  913.0    896   21.2   16.6     75  13.19     75      4  302.1  341.2  304.5
  851.0   1502   16.7   14.4     87  12.29     85      2  303.5  340.3  305.7
  850.0   1512   16.6   14.4     87  12.28     80      2  303.5  340.2  305.8
  822.0   1796   14.5   13.4     93  11.88    290      4  304.2  339.8  306.3
  801.0   2016   12.8   12.6     99  11.57    283     10  304.7  339.5  306.8
  793.0   2101   13.9   10.8     81  10.33    280     12  306.7  338.1  308.6
  788.0   2154   14.6    9.6     72   9.61    282     12  308.0  337.5  309.8
  739.0   2693   11.2    2.6     56   6.30    305     17  310.0  329.8  311.2
  720.0   2912    9.8   -0.2     50   5.27    293     17  310.8  327.5  311.8
  705.0   3087    9.8   -3.2     40   4.31    283     16  312.7  326.6  313.5
  700.0   3146    9.2   -1.8     46   4.81    280     16  312.6  328.1  313.6
  687.0   3301    8.0    0.3     58   5.71    275     17  313.0  331.2  314.1
  680.0   3386    7.4    1.4     66   6.27    277     18  313.2  333.1  314.4
  647.0   3798    9.0  -15.0     17   1.85    286     20  319.5  325.9  319.9
  616.0   4200    5.1  -10.3     32   2.85    295     23  319.6  329.2  320.1
  594.0   4498    2.2   -6.8     51   3.89    293     16  319.5  332.5  320.3
  590.0   4552    2.0   -8.0     48   3.57    292     14  319.9  331.9  320.6
  584.0   4635    2.8  -16.2     23   1.86    291     12  321.8  328.3  322.1
  572.0   4802    2.1  -19.4     19   1.45    290      8  322.9  328.1  323.2
  551.0   5104    1.0  -25.2     12   0.90     40      4  325.0  328.4  325.2
  534.0   5356    0.0  -30.0      8   0.60     82      7  326.8  329.0  326.9
  531.0   5401   -0.3  -30.3      8   0.58     90      8  326.9  329.1  327.0
  500.0   5880   -3.7  -33.7      8   0.45    110     23  328.5  330.2  328.6
  492.0   6004   -4.5  -34.5      8   0.42    110     27  329.1  330.7  329.1
  439.0   6883   -9.8  -39.8      7   0.28    125     29  333.2  334.4  333.3
  400.0   7600  -14.1  -44.1      6   0.19    105     27  336.6  337.4  336.6
  392.0   7753  -14.7  -47.7      4   0.13    105     22  337.7  338.3  337.8
  390.0   7791  -14.9  -47.7      4   0.13    105     21  338.0  338.5  338.0
  360.0   8390  -18.2  -47.8      6   0.14    145     19  341.4  342.0  341.4
  337.0   8884  -20.9  -47.9      7   0.15    127     17  344.2  344.8  344.2
  300.0   9730  -29.1  -46.1     18   0.20     95     14  344.2  345.1  344.3
  281.0  10188  -33.1  -48.3     21   0.17     70     17  344.9  345.7  345.0
  261.0  10705  -37.7  -50.7     24   0.14     42     26  345.6  346.2  345.6
  250.0  11000  -39.5  -48.5     38   0.19     25     31  347.2  348.0  347.2
  248.0  11055  -40.1  -47.1     47   0.22     25     30  347.1  348.1  347.1
  247.0  11082  -40.3                          25     29  347.2         347.2
  216.0  11977  -47.7                           5     14  349.3         349.3
  206.0  12293  -50.3                          35     17  350.0         350.0
  200.0  12490  -51.9                          40     21  350.4         350.4
  171.0  13470  -60.1                          45     35  352.9         352.9
  150.0  14290  -66.9                          70     35  354.6         354.6
  140.0  14691  -69.8                          70     37  356.6         356.6
  114.0  15887  -78.4                          95     33  362.1         362.1
  108.0  16201  -80.7                          88     32  363.5         363.5
  102.0  16520  -82.9                          80     31  365.2         365.2
  100.0  16630  -83.7                          70     31  365.8         365.8
   97.0  16797  -84.2                          60     33  368.0         368.0
   92.0  17088  -85.1                          45     27  371.9         371.9
   89.6  17234  -85.5                          45     25  373.8         373.8
   82.0  17728  -83.0                          80     31  388.5         388.5
   78.0  18006  -81.6                          60     33  397.1         397.1
   70.4  18578  -78.7                          88     39  415.0         415.0
   70.0  18610  -76.5                          90     39  420.4         420.4
   68.1  18771  -70.1                         103     43  437.5         437.5
   67.0  18871  -69.5                         110     45  440.8         440.8
   57.0  19857  -63.9                         125     37  474.4         474.4
   51.1  20524  -60.1                          83     22  498.3         498.3
   50.0  20660  -60.3                          75     19  500.9         500.9
   43.0  21599  -60.8                         325      6  521.8         521.8
   41.0  21896  -61.0                          40      8  528.5         528.5
   39.0  22207  -61.1                         355     16  535.7         535.7
   37.0  22535  -61.3                         345     14  543.4         543.4
   34.0  23065  -59.8                         330     10  560.7         560.7
   32.0  23445  -58.7                         270     12  573.4         573.4
   30.0  23850  -57.5                         245     23  587.3         587.3
   29.0  24067  -56.9                         235     21  594.7         594.7
   28.0  24292  -56.2                         300      6  602.5         602.5
   25.0  25018  -54.1                         255     23  628.4         628.4
   22.4  25722  -52.1                         262     29  654.4         654.4
   20.0  26460  -50.3                         270     35  681.5         681.5
   18.0  27154  -48.3                         275     43  708.6         708.6
   17.0  27530  -47.2                         275     52  723.7         723.7
   15.7  28054  -45.7                         275     49  745.3         745.3
   12.0  29828  -48.7                         275     41  794.1         794.1
   11.4  30167  -49.3                         279     39  803.8         803.8
   10.0  31030  -46.7                         290     33  844.1         844.1
    9.0  31732  -45.0                         300     31  876.4         876.4
    8.6  32035  -44.3                                     890.6         890.6
</PRE><H3>Station information and sounding indices</H3><PRE>
                         Station identifier: WIII
                             Station number: 96749
                           Observation time: 150708/0000
                           Station latitude: -6.11
                          Station longitude: 106.65
                          Station elevation: 8.0
                            Showalter index: 3.10
                               Lifted index: 1.81
    LIFT computed using virtual temperature: 1.05
                                SWEAT index: 199.80
                                    K index: 23.70
                         Cross totals index: 18.10
                      Vertical totals index: 20.30
                        Totals totals index: 38.40
      Convective Available Potential Energy: 5.74
             CAPE using virtual temperature: 21.90
                      Convective Inhibition: -56.50
             CINS using virtual temperature: -47.01
                           Equilibrum Level: 679.51
 Equilibrum Level using virtual temperature: 588.10
                   Level of Free Convection: 830.46
             LFCT using virtual temperature: 837.21
                     Bulk Richardson Number: 0.61
          Bulk Richardson Number using CAPV: 2.32
  Temp [K] of the Lifted Condensation Level: 291.47
Pres [hPa] of the Lifted Condensation Level: 906.02
   Equivalent potential temp [K] of the LCL: 343.40
     Mean mixed layer potential temperature: 299.82
              Mean mixed layer mixing ratio: 14.87
              1000 hPa to 500 hPa thickness: 5782.00
Precipitable water [mm] for entire sounding: 41.41
</PRE>
<P>Description of the 
<A HREF="/upperair/columns.html">data columns</A>
or <A HREF="/upperair/indices.html">sounding indices</A>.

<P>
<FORM>
<INPUT CLASS="button" TYPE="button" VALUE=" Close this window " 
 onClick="window.close();">
<INPUT CLASS="button" TYPE="button" VALUE=" Select another map " 
 onClick="window.blur();">
</FORM>
<HR SIZE="1">
<I>Interested in graduate studies in atmospheric science?
Check out our program at the
<a href="http://www.uwyo.edu/atsc/howtoapply/"
target=_top>University of Wyoming
</a></I>
<HR SIZE="1"><FONT SIZE="-1">
Questions about the weather data provided by this site can be
addressed to <A HREF="mailto:ldoolman@uwyo.edu">
Larry Oolman (ldoolman@uwyo.edu)</A></FONT>
<HR SIZE="1">
<SCRIPT TYPE="text/javascript">
<!--
window.focus();
// -->
</SCRIPT>
</BODY>
</HTML>
