2014-11-20 00
<HTML>
<TITLE>University of Wyoming - Radiosonde Data</TITLE>
<BODY BGCOLOR="white">
<H2>96749 WIII Jakarta Observations at 00Z 20 Nov 2014</H2>
<PRE>
-----------------------------------------------------------------------------
   PRES   HGHT   TEMP   DWPT   RELH   MIXR   DRCT   SKNT   THTA   THTE   THTV
    hPa     m      C      C      %    g/kg    deg   knot     K      K      K 
-----------------------------------------------------------------------------
 1008.0      8   24.6   23.7     95  18.70      0      0  297.1  351.4  300.4
 1000.0     84   25.8   21.7     78  16.64      0      0  298.9  347.7  301.9
  994.0    137   26.8   22.6     78  17.72     32      1  300.5  352.7  303.6
  976.0    298   25.6   21.8     79  17.16    130      2  300.9  351.5  303.9
  943.0    601   23.4   20.3     82  16.13    100      8  301.6  349.3  304.5
  925.0    770   22.2   19.4     84  15.58     95     10  302.0  348.2  304.8
  911.0    902   21.4   18.5     84  14.92     95     10  302.5  346.8  305.2
  850.0   1502   17.6   14.3     81  12.20     75     16  304.6  341.2  306.8
  843.0   1573   17.0   13.5     80  11.67     73     16  304.7  339.8  306.8
  822.0   1788   16.0   12.7     81  11.35     66     16  305.8  340.1  307.9
  820.0   1809   15.9   12.6     81  11.30     65     16  305.9  340.1  308.0
  792.0   2102   14.7   11.2     80  10.67     75     14  307.6  340.2  309.6
  738.0   2698   12.1    8.4     78   9.46     60     10  311.1  340.5  312.9
  712.0   3001   10.8    7.0     77   8.89     65      8  312.9  340.8  314.6
  700.0   3144   10.2    6.3     77   8.63     85      8  313.8  340.9  315.4
  687.0   3299    9.4    5.2     75   8.11    110      8  314.5  340.2  316.1
  621.0   4132    5.0   -1.0     65   5.76    101     16  318.7  337.5  319.8
  616.0   4198    4.8   -4.5     51   4.47    100     17  319.2  334.0  320.1
  606.0   4332    4.4  -11.6     30   2.61    101     18  320.2  329.1  320.8
  590.0   4549    3.2   -5.8     52   4.23    104     19  321.3  335.4  322.1
  575.0   4757    2.2  -10.8     38   2.93    106     19  322.5  332.5  323.1
  560.0   4970    0.6   -7.4     55   3.94    109     20  323.1  336.4  323.8
  554.0   5057    0.0  -10.0     47   3.25    110     21  323.4  334.4  324.0
  551.0   5100   -0.3  -10.3     47   3.19    110     21  323.5  334.4  324.1
  500.0   5870   -5.3  -15.3     45   2.34    105     21  326.5  334.7  327.0
  483.0   6141   -6.7  -18.7     38   1.82    108     21  328.0  334.5  328.4
  477.0   6238   -7.5  -11.0     76   3.48    109     21  328.2  340.2  328.9
  473.0   6304   -7.3  -16.8     47   2.18    110     21  329.2  336.9  329.6
  472.0   6320   -7.3  -18.3     41   1.93    109     21  329.4  336.4  329.8
  462.0   6486   -8.5  -16.5     52   2.29    104     21  330.0  338.1  330.4
  450.0   6690   -9.7  -19.7     44   1.79     97     21  331.0  337.4  331.3
  448.0   6724   -9.9  -14.7     68   2.75     96     21  331.1  340.8  331.7
  445.0   6776   -9.9  -31.9     15   0.60     94     21  331.8  334.1  331.9
  438.0   6898  -11.0  -20.6     45   1.71     90     21  331.9  338.1  332.2
  436.0   6933  -11.3  -17.3     61   2.27     90     21  331.9  340.1  332.4
  427.0   7093  -11.5  -39.5      8   0.29     90     20  333.7  334.9  333.7
  400.0   7590  -14.1  -39.1     10   0.32     90     17  336.6  337.9  336.6
  334.0   8935  -24.1  -52.1      6   0.09     93     20  340.7  341.1  340.7
  333.0   8957  -23.9  -37.9     26   0.44     93     20  341.3  343.0  341.4
  304.0   9614  -30.0  -37.0     50   0.53     95     21  341.7  343.8  341.8
  300.0   9710  -30.9  -36.9     56   0.54     90     21  341.7  343.9  341.8
  297.0   9781  -31.3  -39.3     45   0.43     89     20  342.1  343.9  342.2
  268.0  10491  -36.9  -43.0     53   0.32     75     12  344.1  345.4  344.2
  256.0  10808  -39.5  -44.7     57   0.28     85     16  344.9  346.1  345.0
  253.0  10889  -40.1  -45.1     59   0.27     80     14  345.1  346.3  345.2
  250.0  10970  -40.7                          75     12  345.4         345.4
  214.0  12001  -49.5                          10      4  347.5         347.5
  200.0  12450  -53.3                          20      4  348.2         348.2
  195.0  12607  -54.7                          30      4  348.5         348.5
  178.0  13171  -59.9                          65      4  349.2         349.2
  169.0  13492  -62.8                         150      2  349.6         349.6
  161.0  13792  -65.5                         345      2  349.9         349.9
  153.0  14107  -68.4                          40      6  350.1         350.1
  150.0  14230  -69.5                          45      8  350.2         350.2
  132.0  14968  -75.2                          70     19  353.1         353.1
  112.0  15916  -82.5                          55     35  356.4         356.4
  107.0  16171  -82.1                          55     35  361.9         361.9
  101.0  16494  -81.5                          50     16  369.0         369.0
  100.0  16550  -81.7                          70     14  369.6         369.6
   96.0  16779  -81.5                         150      6  374.3         374.3
   86.0  17398  -81.1                         115     29  387.1         387.1
   85.4  17437  -81.1                         112     28  387.9         387.9
   81.0  17736  -80.4                          90     19  395.3         395.3
   77.0  18022  -79.7                         355      6  402.4         402.4
   75.8  18111  -79.5                          33      5  404.7         404.7
   73.0  18323  -80.5                         125      2  406.9         406.9
   70.0  18560  -81.7                          90     10  409.3         409.3
   67.0  18806  -80.1                          57     10  417.9         417.9
   66.0  18892  -76.3                          45     10  428.0         428.0
   59.0  19550  -71.8                         220     10  452.1         452.1
   57.0  19753  -70.4                         210      4  459.7         459.7
   54.4  20027  -68.5                         111      6  470.2         470.2
   54.0  20071  -68.6                          95      6  471.0         471.0
   50.0  20530  -69.5                         105     16  479.3         479.3
   46.0  21028  -69.6                          95     31  490.6         490.6
   43.1  21417  -69.7                          94     34  499.6         499.6
   34.6  22754  -62.1                          90     46  551.8         551.8
   34.0  22862  -62.0                          90     47  555.0         555.0
   30.0  23640  -60.9                          95     54  578.0         578.0
   23.3  25236  -55.8                          85     74  636.3         636.3
   23.0  25318  -55.5                          85     74  639.4         639.4
   22.0  25598  -54.6                          85     74  650.3         650.3
   20.0  26200  -52.7                          85     70  674.1         674.1
   15.0  28090  -47.4                          90     62  749.6         749.6
   13.0  29030  -44.7                          84     56  790.1         790.1
   12.0  29569  -42.0                          80     52  818.0         818.0
   11.9  29625  -41.7                                     820.9         820.9
</PRE><H3>Station information and sounding indices</H3><PRE>
                         Station identifier: WIII
                             Station number: 96749
                           Observation time: 141120/0000
                           Station latitude: -6.11
                          Station longitude: 106.65
                          Station elevation: 8.0
                            Showalter index: 1.10
                               Lifted index: -2.55
    LIFT computed using virtual temperature: -3.19
                                SWEAT index: 224.61
                                    K index: 33.30
                         Cross totals index: 19.60
                      Vertical totals index: 22.90
                        Totals totals index: 42.50
      Convective Available Potential Energy: 742.42
             CAPE using virtual temperature: 914.15
                      Convective Inhibition: -25.49
             CINS using virtual temperature: -17.38
                           Equilibrum Level: 146.39
 Equilibrum Level using virtual temperature: 146.15
                   Level of Free Convection: 860.24
             LFCT using virtual temperature: 880.26
                     Bulk Richardson Number: 51.92
          Bulk Richardson Number using CAPV: 63.93
  Temp [K] of the Lifted Condensation Level: 294.15
Pres [hPa] of the Lifted Condensation Level: 929.56
   Equivalent potential temp [K] of the LCL: 350.84
     Mean mixed layer potential temperature: 300.36
              Mean mixed layer mixing ratio: 17.18
              1000 hPa to 500 hPa thickness: 5786.00
Precipitable water [mm] for entire sounding: 52.36
</PRE>
<P>Description of the 
<A HREF="/upperair/columns.html">data columns</A>
or <A HREF="/upperair/indices.html">sounding indices</A>.

<P>
<FORM>
<INPUT CLASS="button" TYPE="button" VALUE=" Close this window " 
 onClick="window.close();">
<INPUT CLASS="button" TYPE="button" VALUE=" Select another map " 
 onClick="window.blur();">
</FORM>
<HR SIZE="1">
<I>Interested in graduate studies in atmospheric science?
Check out our program at the
<a href="http://www.uwyo.edu/atsc/howtoapply/"
target=_top>University of Wyoming
</a></I>
<HR SIZE="1"><FONT SIZE="-1">
Questions about the weather data provided by this site can be
addressed to <A HREF="mailto:ldoolman@uwyo.edu">
Larry Oolman (ldoolman@uwyo.edu)</A></FONT>
<HR SIZE="1">
<SCRIPT TYPE="text/javascript">
<!--
window.focus();
// -->
</SCRIPT>
</BODY>
</HTML>
