2015-06-30 12
<HTML>
<TITLE>University of Wyoming - Radiosonde Data</TITLE>
<BODY BGCOLOR="white">
<H2>96749 WIII Jakarta Observations at 00Z 30 Jun 2015</H2>
<PRE>
-----------------------------------------------------------------------------
   PRES   HGHT   TEMP   DWPT   RELH   MIXR   DRCT   SKNT   THTA   THTE   THTV
    hPa     m      C      C      %    g/kg    deg   knot     K      K      K 
-----------------------------------------------------------------------------
 1013.0      8   25.8   22.5     82  17.27    105      3  297.9  348.1  300.9
 1000.0    121   26.0   22.7     82  17.72    100      6  299.1  351.1  302.3
  980.0    298   24.6   21.8     84  17.12     90     10  299.5  349.7  302.6
  925.0    804   20.8   19.3     91  15.48     75      8  300.6  346.2  303.4
  915.0    898   20.3   18.7     90  15.05     75      6  301.0  345.4  303.7
  853.0   1503   17.2   14.7     85  12.48     90      6  303.8  341.1  306.1
  850.0   1533   17.0   14.5     85  12.36     85      6  303.9  341.0  306.2
  849.0   1543   17.0   14.5     85  12.38     84      6  304.0  341.1  306.3
  835.0   1686   18.6    3.6     37   5.97     71      6  307.2  325.7  308.3
  824.0   1799   17.7    4.4     41   6.40     60      6  307.4  327.2  308.6
  797.0   2083   15.4    6.4     55   7.62     74      4  307.9  331.4  309.3
  795.0   2104   15.6    3.4     44   6.17     75      4  308.3  327.5  309.5
  789.0   2169   16.2   -5.8     22   3.16     80      4  309.6  319.9  310.2
  778.0   2288   16.2   -7.8     19   2.74     88      5  310.9  319.9  311.4
  745.0   2654   13.2   -1.8     35   4.52    115      8  311.5  326.0  312.3
  715.0   2999   12.6  -11.4     18   2.25    140     10  314.5  322.1  314.9
  700.0   3177   12.0  -14.0     15   1.86    135      8  315.7  322.1  316.1
  690.0   3295   11.0  -14.1     16   1.86    130      6  316.0  322.4  316.3
  665.0   3598    8.6  -14.5     18   1.88    175      6  316.6  323.0  316.9
  618.0   4200    3.7  -15.2     24   1.90    175     14  317.7  324.2  318.0
  597.0   4483    1.4  -15.6     27   1.91    196     15  318.1  324.7  318.5
  574.0   4799    0.3  -16.7     27   1.82    220     16  320.5  326.8  320.8
  567.0   4897    0.0  -17.0     27   1.79    231     16  321.2  327.5  321.6
  514.0   5674   -6.5  -15.5     49   2.24    317     12  322.5  330.2  322.9
  512.0   5705   -6.4  -18.1     39   1.81    320     12  322.9  329.3  323.3
  508.0   5766   -6.3  -23.3     25   1.16    333     12  323.8  328.0  324.1
  500.0   5890   -6.7  -24.7     22   1.04      0     12  324.8  328.6  325.0
  493.0   6000   -7.1  -24.3     24   1.10     25     12  325.6  329.6  325.8
  484.0   6143   -7.7  -23.7     26   1.17     37     11  326.6  330.9  326.8
  474.0   6302   -8.6  -25.0     25   1.07     50     10  327.5  331.4  327.7
  456.0   6598  -10.1  -27.4     23   0.89     55      8  329.2  332.5  329.3
  439.0   6889  -11.7  -29.7     21   0.74    105      6  330.8  333.6  330.9
  405.0   7505  -15.0  -34.7     17   0.50     75     12  334.2  336.2  334.3
  400.0   7600  -15.5  -35.5     16   0.47     80     12  334.8  336.6  334.9
  391.0   7771  -16.7  -36.7     16   0.42     85     14  335.4  337.1  335.5
  345.0   8695  -22.8  -44.8     12   0.21    110     23  339.3  340.2  339.4
  325.0   9136  -25.7  -48.7     10   0.14     99     25  341.1  341.8  341.2
  300.0   9710  -31.1  -47.1     19   0.18     85     27  341.4  342.2  341.5
  280.0  10189  -35.3  -49.0     23   0.16     80     29  342.1  342.8  342.2
  259.0  10730  -40.1  -51.1     30   0.13     80     33  342.8  343.4  342.9
  250.0  10970  -41.9                          80     35  343.6         343.6
  204.0  12319  -51.9                          65     41  348.4         348.4
  200.0  12450  -52.9                          70     41  348.8         348.8
  177.0  13214  -58.7                         110     33  351.8         351.8
  150.0  14250  -66.5                          90     27  355.3         355.3
  139.0  14706  -69.9                          75     23  357.2         357.2
  137.0  14793  -70.5                          93     18  357.6         357.6
  132.0  15014  -69.5                         140      4  363.2         363.2
  125.0  15331  -72.0                         185     10  364.3         364.3
  108.0  16183  -78.9                         170     16  366.9         366.9
  107.0  16236  -78.9                         160     16  367.8         367.8
  102.0  16507  -79.0                         125     14  372.6         372.6
  100.0  16620  -79.1                         175     10  374.6         374.6
   97.0  16794  -78.8                         280      4  378.4         378.4
   92.0  17096  -78.4                         265     21  385.1         385.1
   87.0  17415  -77.9                         245     10  392.3         392.3
   83.0  17684  -77.5                         205      4  398.4         398.4
   78.0  18039  -77.0                         100      4  406.6         406.6
   74.0  18340  -76.5                         115     14  413.8         413.8
   72.2  18481  -76.3                         100     16  417.1         417.1
   71.0  18578  -74.7                          90     17  422.6         422.6
   70.0  18660  -73.3                          90     17  427.2         427.2
   64.0  19195  -68.9                         110     31  448.1         448.1
   59.8  19600  -65.5                         110     34  464.4         464.4
   58.0  19786  -65.4                         110     35  468.7         468.7
   50.0  20690  -64.7                          55     31  490.6         490.6
   46.6  21121  -63.5                          68     22  503.4         503.4
   45.0  21337  -61.8                          75     17  512.5         512.5
   43.4  21561  -60.1                          95     11  522.1         522.1
   43.0  21619  -60.1                         100     10  523.5         523.5
   39.0  22227  -60.3                          90      8  537.7         537.7
   37.0  22555  -60.5                         155      6  545.6         545.6
   36.0  22726  -60.5                         200     14  549.7         549.7
   34.0  23082  -60.6                         200      8  558.4         558.4
   33.1  23249  -60.7                         187      7  562.5         562.5
   32.0  23462  -58.4                         170      6  574.3         574.3
   30.0  23870  -53.9                         235     14  597.1         597.1
   29.3  24022  -52.9                         249     17  603.9         603.9
   29.0  24089  -52.9                         255     19  605.8         605.8
   28.0  24317  -52.7                         210     17  612.4         612.4
   27.0  24553  -52.5                         250     12  619.2         619.2
   26.0  24798  -52.3                         265     16  626.5         626.5
   24.0  25317  -52.0                         260     16  642.0         642.0
   22.0  25882  -51.5                         310     23  659.4         659.4
   21.0  26183  -51.3                         305     12  668.9         668.9
   20.0  26500  -51.1                         320     19  679.0         679.0
   18.0  27189  -49.0                         270     45  706.5         706.5
   17.6  27336  -48.5                         267     43  712.5         712.5
   16.0  27966  -47.2                         255     33  736.4         736.4
   14.3  28710  -45.7                         284     31  765.5         765.5
   14.0  28850  -45.8                         290     31  769.7         769.7
   12.0  29872  -46.7                         285     45  801.1         801.1
   11.0  30449  -47.2                         280     49  819.4         819.4
   10.2  30949  -47.7                         276     38  835.6         835.6
   10.0  31080  -47.1                         275     35  842.6         842.6
    9.3  31563  -44.7                         278     29  869.4         869.4
    9.0                                       280     27                     
</PRE><H3>Station information and sounding indices</H3><PRE>
                         Station identifier: WIII
                             Station number: 96749
                           Observation time: 150630/0000
                           Station latitude: -6.11
                          Station longitude: 106.65
                          Station elevation: 8.0
                            Showalter index: -0.20
                               Lifted index: -3.49
    LIFT computed using virtual temperature: -4.31
                                SWEAT index: 198.01
                                    K index: 12.20
                         Cross totals index: 21.20
                      Vertical totals index: 23.70
                        Totals totals index: 44.90
      Convective Available Potential Energy: 762.93
             CAPE using virtual temperature: 958.93
                      Convective Inhibition: -7.46
             CINS using virtual temperature: -4.58
                           Equilibrum Level: 199.14
 Equilibrum Level using virtual temperature: 199.11
                   Level of Free Convection: 899.24
             LFCT using virtual temperature: 921.54
                     Bulk Richardson Number: 177.97
          Bulk Richardson Number using CAPV: 223.69
  Temp [K] of the Lifted Condensation Level: 294.39
Pres [hPa] of the Lifted Condensation Level: 943.77
   Equivalent potential temp [K] of the LCL: 349.56
     Mean mixed layer potential temperature: 299.31
              Mean mixed layer mixing ratio: 17.17
              1000 hPa to 500 hPa thickness: 5769.00
Precipitable water [mm] for entire sounding: 38.06
</PRE>
<P>Description of the 
<A HREF="/upperair/columns.html">data columns</A>
or <A HREF="/upperair/indices.html">sounding indices</A>.

<P>
<FORM>
<INPUT CLASS="button" TYPE="button" VALUE=" Close this window " 
 onClick="window.close();">
<INPUT CLASS="button" TYPE="button" VALUE=" Select another map " 
 onClick="window.blur();">
</FORM>
<HR SIZE="1">
<I>Interested in graduate studies in atmospheric science?
Check out our program at the
<a href="http://www.uwyo.edu/atsc/howtoapply/"
target=_top>University of Wyoming
</a></I>
<HR SIZE="1"><FONT SIZE="-1">
Questions about the weather data provided by this site can be
addressed to <A HREF="mailto:ldoolman@uwyo.edu">
Larry Oolman (ldoolman@uwyo.edu)</A></FONT>
<HR SIZE="1">
<SCRIPT TYPE="text/javascript">
<!--
window.focus();
// -->
</SCRIPT>
</BODY>
</HTML>
