2014-02-13 00
<HTML>
<TITLE>University of Wyoming - Radiosonde Data</TITLE>
<BODY BGCOLOR="white">
<H2>96749 WIII Jakarta Observations at 00Z 13 Feb 2014</H2>
<PRE>
-----------------------------------------------------------------------------
   PRES   HGHT   TEMP   DWPT   RELH   MIXR   DRCT   SKNT   THTA   THTE   THTV
    hPa     m      C      C      %    g/kg    deg   knot     K      K      K 
-----------------------------------------------------------------------------
 1009.0      8   24.6   22.9     90  17.78    160      4  297.0  348.6  300.1
 1005.0     43   25.8   23.3     86  18.30    153      4  298.5  352.0  301.8
 1000.0     87   25.6   22.9     85  17.94    145      4  298.8  351.2  301.9
  976.0    301   24.6   21.9     85  17.25     95      4  299.8  350.5  302.9
  943.0    603   23.2   20.4     84  16.30     10      8  301.4  349.5  304.3
  925.0    773   22.4   19.6     84  15.78    345     10  302.2  349.0  305.1
  912.0    895   21.6   18.9     85  15.31    330     10  302.6  348.1  305.4
  850.0   1504   17.6   15.4     87  13.11    320     12  304.6  343.9  307.0
  844.0   1565   17.2   15.0     87  12.87    317     12  304.8  343.4  307.1
  821.0   1801   15.4   13.5     88  11.96    305     12  305.2  341.3  307.4
  814.0   1874   14.8   13.0     89  11.69    298     13  305.4  340.7  307.5
  793.0   2096   16.6    2.3     38   5.73    275     17  309.6  327.7  310.7
  782.0   2215   17.6   -3.4     24   3.82    278     17  311.9  324.3  312.6
  713.0   2995   12.3  -12.1     17   2.14    300     17  314.4  321.6  314.8
  700.0   3150   11.2  -13.8     16   1.89    285     17  314.9  321.3  315.2
  694.0   3222   10.6  -14.4     16   1.82    283     17  315.0  321.2  315.3
  663.0   3598    7.5   -7.9     33   3.20    275     17  315.7  326.3  316.3
  646.0   3813    5.8   -4.2     49   4.36    275     16  316.0  330.3  316.9
  616.0   4197    3.5   -7.7     44   3.48    275     14  317.7  329.3  318.4
  594.0   4492    1.7  -10.4     40   2.92    270     14  318.9  328.8  319.5
  574.0   4769    0.0  -13.0     37   2.46    220     13  320.1  328.5  320.6
  551.0   5092   -2.0  -11.6     48   2.88    160     12  321.5  331.3  322.1
  510.0   5704   -5.7   -8.8     79   3.87    130     16  324.1  337.3  324.9
  504.0   5798   -6.3   -8.4     85   4.05    133     17  324.6  338.2  325.4
  500.0   5860   -6.7   -8.7     86   3.99    135     17  324.8  338.3  325.6
  491.0   6001   -7.6   -9.6     86   3.79    135     17  325.4  338.3  326.1
  473.0   6292   -9.5  -11.4     86   3.40    115     14  326.6  338.3  327.2
  455.0   6594  -11.4  -13.3     86   3.03    125     19  327.8  338.3  328.4
  454.0   6611  -11.5  -13.4     86   3.01    125     19  327.9  338.4  328.5
  431.0   7011  -12.1  -20.1     51   1.81    114     19  332.0  338.6  332.4
  402.0   7542  -16.1  -23.1     55   1.49    101     19  333.5  339.0  333.8
  400.0   7580  -16.5  -22.5     60   1.58    100     19  333.5  339.3  333.8
  373.0   8099  -20.3  -23.6     75   1.54    100     17  335.2  340.9  335.5
  370.0   8159  -20.7  -23.7     77   1.54    100     17  335.4  341.1  335.7
  332.0   8949  -26.5  -34.5     47   0.62    100     20  338.0  340.4  338.1
  300.0   9670  -32.1  -36.2     67   0.58    100     23  340.0  342.3  340.1
  269.0  10431  -38.7  -42.5     67   0.34     95     23  341.2  342.6  341.2
  266.0  10508  -39.3  -43.4     65   0.31     95     23  341.4  342.7  341.5
  262.0  10611  -40.1  -44.5     63   0.28     93     23  341.7  342.9  341.8
  250.0  10930  -42.7                          85     21  342.4         342.4
  213.0  11985  -51.3                          60     35  345.1         345.1
  200.0  12400  -54.7                          75     45  346.0         346.0
  160.0  13781  -65.2                          90     72  350.9         350.9
  150.0  14180  -68.3                          85     78  352.2         352.2
  145.0  14377  -69.8                          85     84  353.1         353.1
  113.0  15828  -80.5                          80     37  359.2         359.2
  106.0  16190  -79.5                          80     35  367.8         367.8
  105.0  16244  -79.3                          83     34  369.1         369.1
  100.0  16520  -80.5                         100     29  371.9         371.9
   95.0  16809  -81.6                         100     29  375.4         375.4
   93.5  16899  -81.9                          99     28  376.4         376.4
   85.0  17435  -81.6                          90     19  387.4         387.4
   77.0  17991  -81.3                          90     35  399.1         399.1
   71.5  18408  -81.1                          74     30  408.1         408.1
   70.2  18513  -75.5                          71     29  422.2         422.2
   70.0  18530  -75.3                          70     29  423.0         423.0
   62.0  19241  -71.3                          35      8  446.8         446.8
   59.5  19482  -69.9                         295     11  455.2         455.2
   59.0  19532  -69.1                         275     12  458.1         458.1
   58.2  19614  -67.7                         263     12  463.0         463.0
   54.0  20061  -69.2                         200     12  469.5         469.5
   52.3  20251  -69.9                         196     12  472.2         472.2
   50.0  20520  -67.5                         190     12  484.0         484.0
   49.0  20642  -66.5                         185     14  489.2         489.2
   48.6  20691  -66.1                         191     13  491.3         491.3
   46.0  21023  -66.3                         235      6  498.6         498.6
   44.0  21292  -66.5                         255     16  504.6         504.6
   40.0  21867  -66.8                         180      6  517.6         517.6
   38.9  22035  -66.9                         150      5  521.5         521.5
   36.0  22512  -63.7                          65      4  541.5         541.5
   34.0  22864  -61.3                          70     12  556.6         556.6
   33.0  23048  -60.1                         115     21  564.7         564.7
   31.3  23374  -57.9                         111     18  579.1         579.1
   31.0  23434  -58.1                         110     17  580.1         580.1
   30.0  23640  -58.9                          95     16  583.5         583.5
   27.0  24300  -59.3                         125     25  600.3         600.3
   25.3  24708  -59.5                         104     22  610.9         610.9
   25.0  24784  -58.8                         100     21  614.9         614.9
   23.0  25313  -54.2                         105      4  643.4         643.4
   22.8  25368  -53.7                         100      4  646.4         646.4
   22.0  25598  -53.8                          80      6  652.9         652.9
   21.0  25896  -53.8                          25      6  661.4         661.4
   20.0  26210  -53.9                          50     12  670.4         670.4
   19.0  26539  -53.9                          85     17  680.5         680.5
   18.0  26886  -53.8                          65     12  691.2         691.2
   16.3  27523  -53.7                          78     30  711.4         711.4
   16.0  27643  -53.5                          80     33  715.9         715.9
   12.3  29344  -50.5                          80     52  782.3         782.3
   12.0  29507  -49.1                          80     54  792.6         792.6
   10.9  30143  -43.9                          83     56  833.8         833.8
   10.0  30720  -44.7                          85     58  851.6         851.6
    9.3  31205  -45.3                          82     62  867.1         867.1
    9.0                                        80     64                     
</PRE><H3>Station information and sounding indices</H3><PRE>
                         Station identifier: WIII
                             Station number: 96749
                           Observation time: 140213/0000
                           Station latitude: -6.11
                          Station longitude: 106.65
                          Station elevation: 8.0
                            Showalter index: -1.37
                               Lifted index: -3.83
    LIFT computed using virtual temperature: -4.20
                                SWEAT index: 225.81
                                    K index: 14.70
                         Cross totals index: 22.10
                      Vertical totals index: 24.30
                        Totals totals index: 46.40
      Convective Available Potential Energy: 1273.84
             CAPE using virtual temperature: 1429.51
                      Convective Inhibition: -32.68
             CINS using virtual temperature: -25.50
                           Equilibrum Level: 165.04
 Equilibrum Level using virtual temperature: 164.64
                   Level of Free Convection: 855.97
             LFCT using virtual temperature: 869.59
                     Bulk Richardson Number: 90.10
          Bulk Richardson Number using CAPV: 101.11
  Temp [K] of the Lifted Condensation Level: 294.60
Pres [hPa] of the Lifted Condensation Level: 943.44
   Equivalent potential temp [K] of the LCL: 350.52
     Mean mixed layer potential temperature: 299.55
              Mean mixed layer mixing ratio: 17.40
              1000 hPa to 500 hPa thickness: 5773.00
Precipitable water [mm] for entire sounding: 45.37
</PRE>
<P>Description of the 
<A HREF="/upperair/columns.html">data columns</A>
or <A HREF="/upperair/indices.html">sounding indices</A>.

<P>
<FORM>
<INPUT CLASS="button" TYPE="button" VALUE=" Close this window " 
 onClick="window.close();">
<INPUT CLASS="button" TYPE="button" VALUE=" Select another map " 
 onClick="window.blur();">
</FORM>
<HR SIZE="1">
<I>Interested in graduate studies in atmospheric science?
Check out our program at the
<a href="http://www.uwyo.edu/atsc/howtoapply/"
target=_top>University of Wyoming
</a></I>
<HR SIZE="1"><FONT SIZE="-1">
Questions about the weather data provided by this site can be
addressed to <A HREF="mailto:ldoolman@uwyo.edu">
Larry Oolman (ldoolman@uwyo.edu)</A></FONT>
<HR SIZE="1">
<SCRIPT TYPE="text/javascript">
<!--
window.focus();
// -->
</SCRIPT>
</BODY>
</HTML>
