2015-10-09 00
<HTML>
<TITLE>University of Wyoming - Radiosonde Data</TITLE>
<BODY BGCOLOR="white">
<H2>96749 WIII Jakarta Observations at 00Z 09 Oct 2015</H2>
<PRE>
-----------------------------------------------------------------------------
   PRES   HGHT   TEMP   DWPT   RELH   MIXR   DRCT   SKNT   THTA   THTE   THTV
    hPa     m      C      C      %    g/kg    deg   knot     K      K      K 
-----------------------------------------------------------------------------
 1012.0      8   24.6   23.9     96  18.86      0      0  296.7  351.4  300.1
 1011.0     17   26.2   23.9     87  18.88      9      0  298.4  353.6  301.8
 1000.0    113   26.0   23.7     87  18.86    110      4  299.1  354.4  302.5
  979.0    299   24.7   22.4     87  17.73    110     10  299.6  351.7  302.8
  925.0    796   21.2   18.8     86  15.00    100     16  301.0  345.2  303.7
  914.0    900   20.9   17.5     81  14.00     95     16  301.6  343.1  304.2
  894.0   1092   20.2   15.2     73  12.30     87     14  302.9  339.6  305.1
  853.0   1496   17.8   10.9     64   9.70     70     10  304.4  333.8  306.2
  850.0   1526   17.6   10.6     64   9.53     70     10  304.6  333.4  306.3
  837.0   1658   16.8    8.8     59   8.56     84      9  305.1  331.1  306.6
  834.0   1688   16.8   13.1     79  11.49     87      9  305.4  340.1  307.5
  795.0   2093   14.6    9.6     72   9.51    130      6  307.2  336.3  309.0
  740.0   2699   11.3    4.3     62   7.08    190      8  310.0  332.1  311.3
  739.0   2710   11.2    4.2     62   7.04    190      8  310.0  332.0  311.3
  729.0   2824   11.0    2.0     54   6.10    187     10  311.0  330.2  312.1
  717.0   2962   11.4   -6.6     28   3.27    184     11  312.9  323.6  313.5
  700.0   3162   10.2   -2.8     40   4.47    180     14  313.8  328.2  314.6
  617.0   4195    0.7   -7.3     55   3.59    180     12  314.4  326.1  315.1
  616.0   4208    0.6   -7.4     55   3.58    176     12  314.4  326.1  315.1
  603.0   4379    0.2  -13.8     34   2.19    126      7  315.9  323.3  316.3
  594.0   4500    0.6  -16.4     27   1.80     90      4  317.7  323.9  318.0
  576.0   4747    1.4  -21.6     16   1.19    210      4  321.4  325.7  321.6
  573.0   4789    1.4  -23.2     14   1.03    230      4  321.9  325.7  322.1
  560.0   4974    1.6  -30.4      7   0.55    135      6  324.2  326.3  324.4
  552.0   5090    1.1  -31.7      7   0.49     75      8  325.0  326.9  325.1
  533.0   5371    0.0  -35.0      5   0.37     91      9  326.9  328.4  327.0
  512.0   5691   -1.7  -35.4      6   0.37    110     10  328.7  330.1  328.7
  500.0   5880   -2.7  -35.7      6   0.37    105     14  329.7  331.1  329.8
  457.0   6584   -8.4  -37.6      7   0.33    105     19  331.1  332.4  331.2
  455.0   6618   -8.7  -37.7      8   0.33    106     19  331.2  332.5  331.2
  408.0   7451  -15.5  -40.5     10   0.28    129     21  332.9  334.0  332.9
  406.0   7488  -15.4  -40.7     10   0.27    130     21  333.4  334.5  333.4
  400.0   7600  -15.3  -41.3      9   0.26    130     17  335.0  336.1  335.1
  376.0   8067  -16.7  -44.7      7   0.19    125      8  339.1  339.9  339.2
  375.0   8086  -16.9  -44.8      7   0.19    125      8  339.2  340.0  339.2
  360.0   8385  -19.4  -46.2      7   0.17    140     12  339.8  340.5  339.9
  331.0   9000  -24.5  -49.1      8   0.13    130     14  341.0  341.6  341.1
  318.0   9293  -26.9  -50.5      9   0.12    150     16  341.6  342.1  341.6
  300.0   9720  -30.5  -52.5     10   0.10    150     14  342.3  342.7  342.3
  268.0  10503  -37.9  -55.3     14   0.08    140     16  342.8  343.1  342.8
  259.0  10740  -40.1  -56.1     16   0.07    118     14  342.8  343.2  342.8
  250.0  10980  -42.1                          95     12  343.3         343.3
  246.0  11086  -43.0                          80     12  343.6         343.6
  200.0  12450  -53.9                          35     14  347.2         347.2
  186.0  12902  -57.5                          15     10  348.7         348.7
  178.0  13175  -59.6                          45      8  349.6         349.6
  153.0  14117  -67.1                          75     12  352.3         352.3
  150.0  14240  -68.1                          70     14  352.6         352.6
  139.0  14689  -71.0                          65     29  355.3         355.3
  132.0  14994  -72.9                          60     29  357.1         357.1
  128.0  15175  -74.1                          68     29  358.1         358.1
  125.0  15314  -73.7                          75     29  361.4         361.4
  116.0  15750  -72.3                         134     15  371.7         371.7
  113.0  15902  -73.2                         155     10  372.8         372.8
  107.0  16219  -75.1                         155      8  375.1         375.1
  105.0  16329  -75.7                         147     13  375.9         375.9
  100.0  16610  -76.1                         125     27  380.4         380.4
   97.0  16784  -76.8                         115     29  382.5         382.5
   87.9  17348  -78.9                          95     19  389.1         389.1
   83.0  17677  -77.5                          90     23  398.3         398.3
   78.0  18035  -76.1                         110     25  408.5         408.5
   72.3  18471  -74.3                          98     18  421.2         421.2
   71.0  18577  -72.7                          95     16  426.7         426.7
   70.0  18660  -71.5                         100     16  431.1         431.1
   67.0  18923  -67.8                         130     14  444.6         444.6
   64.0  19199  -63.9                          95      8  458.9         458.9
   63.1  19284  -62.7                          58      7  463.4         463.4
   61.0  19491  -62.8                         330      6  467.8         467.8
   55.0  20126  -63.0                         250     14  481.2         481.2
   53.0  20353  -63.1                         275     17  486.1         486.1
   50.0  20710  -63.3                         240     10  493.9         493.9
   49.3  20797  -63.3                         221      9  495.9         495.9
   48.0  20962  -61.1                         185      6  504.9         504.9
   47.4  21040  -60.1                         184      7  509.1         509.1
   45.0  21365  -59.9                         180     12  517.2         517.2
   43.0  21650  -59.8                         265     10  524.4         524.4
   41.0  21948  -59.6                         240     14  532.0         532.0
   39.0  22261  -59.4                         235     19  540.1         540.1
   36.0  22762  -59.1                         195     10  553.3         553.3
   33.0  23307  -58.8                         200     10  568.1         568.1
   31.0  23698  -58.6                         170     10  578.9         578.9
   30.3  23841  -58.5                                     582.9         582.9
</PRE><H3>Station information and sounding indices</H3><PRE>
                         Station identifier: WIII
                             Station number: 96749
                           Observation time: 151009/0000
                           Station latitude: -6.11
                          Station longitude: 106.65
                          Station elevation: 8.0
                            Showalter index: 7.06
                               Lifted index: -0.34
    LIFT computed using virtual temperature: -1.34
                                SWEAT index: 161.21
                                    K index: 17.90
                         Cross totals index: 13.30
                      Vertical totals index: 20.30
                        Totals totals index: 33.60
      Convective Available Potential Energy: 1128.02
             CAPE using virtual temperature: 1399.24
                      Convective Inhibition: -7.97
             CINS using virtual temperature: -2.17
                           Equilibrum Level: 157.21
 Equilibrum Level using virtual temperature: 156.89
                   Level of Free Convection: 876.62
             LFCT using virtual temperature: 933.75
                     Bulk Richardson Number: 1266.01
          Bulk Richardson Number using CAPV: 1570.41
  Temp [K] of the Lifted Condensation Level: 295.21
Pres [hPa] of the Lifted Condensation Level: 951.24
   Equivalent potential temp [K] of the LCL: 351.99
     Mean mixed layer potential temperature: 299.47
              Mean mixed layer mixing ratio: 17.94
              1000 hPa to 500 hPa thickness: 5767.00
Precipitable water [mm] for entire sounding: 41.96
</PRE>
<P>Description of the 
<A HREF="/upperair/columns.html">data columns</A>
or <A HREF="/upperair/indices.html">sounding indices</A>.

<P>
<FORM>
<INPUT CLASS="button" TYPE="button" VALUE=" Close this window " 
 onClick="window.close();">
<INPUT CLASS="button" TYPE="button" VALUE=" Select another map " 
 onClick="window.blur();">
</FORM>
<HR SIZE="1">
<I>Interested in graduate studies in atmospheric science?
Check out our program at the
<a href="http://www.uwyo.edu/atsc/howtoapply/"
target=_top>University of Wyoming
</a></I>
<HR SIZE="1"><FONT SIZE="-1">
Questions about the weather data provided by this site can be
addressed to <A HREF="mailto:ldoolman@uwyo.edu">
Larry Oolman (ldoolman@uwyo.edu)</A></FONT>
<HR SIZE="1">
<SCRIPT TYPE="text/javascript">
<!--
window.focus();
// -->
</SCRIPT>
</BODY>
</HTML>
