2014-03-21 12
<HTML>
<TITLE>University of Wyoming - Radiosonde Data</TITLE>
<BODY BGCOLOR="white">
<H2>96749 WIII Jakarta Observations at 00Z 21 Mar 2014</H2>
<PRE>
-----------------------------------------------------------------------------
   PRES   HGHT   TEMP   DWPT   RELH   MIXR   DRCT   SKNT   THTA   THTE   THTV
    hPa     m      C      C      %    g/kg    deg   knot     K      K      K 
-----------------------------------------------------------------------------
 1008.0      8   24.4   23.2     93  18.13    300      3  296.9  349.5  300.1
 1000.0     75   24.4   21.5     84  16.44    290      6  297.6  345.4  300.5
  975.0    297   23.7   20.6     83  15.96    260     14  299.0  345.7  301.9
  925.0    759   22.2   18.8     81  15.00    285     14  302.0  346.5  304.7
  910.0    901   21.6   17.6     78  14.11    295     14  302.8  344.8  305.4
  862.0   1371   19.6   13.6     68  11.48    291     16  305.4  340.1  307.6
  850.0   1492   18.6   13.6     73  11.65    290     16  305.6  340.8  307.8
  820.0   1797   16.8   12.3     75  11.08    275     16  306.9  340.6  308.9
  792.0   2092   15.1   11.1     77  10.55    290     14  308.1  340.4  310.1
  744.0   2622   12.0    8.8     81   9.64    268     11  310.3  340.1  312.1
  737.0   2701   11.7    7.1     73   8.64    265     10  310.8  337.6  312.4
  711.0   3001   10.4    0.5     50   5.61    225      6  312.6  330.5  313.7
  706.0   3060   10.2   -0.8     46   5.14    230      6  313.0  329.4  314.0
  700.0   3131    9.8   -0.2     50   5.42    235      6  313.3  330.6  314.3
  686.0   3297    8.7    0.3     56   5.74    250      8  313.9  332.2  315.0
  662.0   3591    6.8    1.2     68   6.35    305     10  314.9  335.2  316.1
  638.0   3895    4.7    2.1     83   7.05    310     10  316.0  338.5  317.3
  634.0   3946    4.4    2.3     86   7.18    302     10  316.1  339.1  317.5
  615.0   4193    3.3    0.5     82   6.49    265     10  317.6  338.6  318.9
  571.0   4793    0.6   -4.0     71   5.03    250      6  321.3  338.0  322.3
  561.0   4936    0.0   -5.0     69   4.73    257      6  322.2  337.9  323.1
  550.0   5094   -0.8   -6.3     66   4.35    265      6  323.0  337.6  323.9
  529.0   5404   -2.5   -9.0     61   3.68    215      6  324.7  337.2  325.4
  519.0   5556   -3.3  -10.3     58   3.38    215      7  325.5  337.1  326.1
  517.0   5586   -3.3  -16.3     36   2.08    215      8  325.8  333.2  326.2
  502.0   5819   -4.7  -20.7     27   1.47    215     10  326.9  332.2  327.2
  500.0   5850   -5.1  -17.1     38   2.01    215     10  326.8  333.9  327.2
  498.0   5881   -5.3  -16.3     42   2.16    214     10  326.9  334.5  327.3
  495.0   5929   -5.7  -16.7     42   2.10    212     10  327.0  334.4  327.4
  491.0   5992   -6.1  -18.1     38   1.88    210     10  327.2  333.9  327.6
  488.0   6040   -6.5  -11.4     68   3.30    208     10  327.3  338.7  328.0
  461.0   6483   -8.7  -14.7     62   2.67    191      9  329.9  339.4  330.5
  445.0   6756   -9.5  -36.5      9   0.38    180      9  332.3  333.8  332.4
  428.0   7055  -12.1  -16.8     68   2.41    168      9  332.7  341.3  333.2
  419.0   7218  -12.7  -18.7     61   2.10    161      8  333.9  341.5  334.4
  404.0   7494  -14.6  -21.4     56   1.73    150      8  335.0  341.3  335.3
  400.0   7570  -15.1  -22.1     55   1.64    150      8  335.3  341.3  335.6
  388.0   7799  -16.5  -23.9     53   1.44    160      6  336.3  341.7  336.6
  373.0   8096  -18.4  -26.2     50   1.22    135      6  337.7  342.3  337.9
  366.0   8238  -19.3  -27.3     49   1.12    144      5  338.3  342.6  338.5
  358.0   8400  -20.5  -28.2     50   1.05    155      4  338.9  342.9  339.1
  344.0   8692  -22.6  -29.9     51   0.94    105      4  339.9  343.5  340.1
  330.0   8996  -24.8  -31.6     53   0.83    145      6  340.9  344.1  341.1
  308.0   9501  -28.5  -34.5     56   0.67    153      6  342.5  345.2  342.6
  304.0   9595  -29.2  -36.2     51   0.57    155      6  342.8  345.1  342.9
  300.0   9690  -29.9  -37.9     46   0.49    145      8  343.1  345.1  343.2
  291.0   9902  -31.6  -39.6     45   0.42    120     10  343.6  345.4  343.7
  251.0  10933  -40.1  -48.1     42   0.20    125     14  345.9  346.8  346.0
  250.0  10960  -40.3                         125     14  346.0         346.0
  234.0  11399  -44.1                         125     12  346.8         346.8
  224.0  11688  -46.7                         115     12  347.2         347.2
  204.0  12309  -52.1                         140     10  348.1         348.1
  200.0  12440  -53.3                         140     10  348.2         348.2
  169.0  13482  -62.1                         120     21  350.8         350.8
  150.0  14220  -68.3                         120     31  352.2         352.2
  146.0  14378  -69.5                         120     33  352.8         352.8
  139.0  14665  -71.8                         105     37  353.9         353.9
  119.0  15571  -78.9                          95     27  356.8         356.8
  118.0  15620  -79.3                          96     26  357.0         357.0
  112.0  15914  -80.7                         105     21  359.8         359.8
  102.0  16439  -83.1                          85     25  364.9         364.9
  101.0  16494  -82.2                          80     23  367.6         367.6
  100.0  16550  -81.3                          80     21  370.4         370.4
   96.6  16746  -78.1                          67     13  380.3         380.3
   96.0  16781  -78.1                          65     12  381.0         381.0
   91.0  17086  -78.2                         345      4  386.7         386.7
   86.0  17409  -78.3                         310     14  392.8         392.8
   85.9  17415  -78.3                         310     14  392.9         392.9
   83.7  17564  -76.3                         313     12  399.9         399.9
   82.0  17681  -77.0                         315     10  400.9         400.9
   78.0  17966  -78.5                         165      4  403.4         403.4
   72.4  18390  -80.9                         165      8  407.1         407.1
   70.0  18580  -79.3                         155     12  414.4         414.4
   66.0  18922  -76.0                         145     14  428.6         428.6
   63.0  19193  -73.4                         190     12  440.1         440.1
   60.3  19447  -70.9                         177      8  451.2         451.2
   60.0  19477  -70.8                         175      8  452.1         452.1
   57.0  19784  -69.7                         235     10  461.2         461.2
   54.0  20108  -68.6                         270     12  470.9         470.9
   51.7  20368  -67.7                         264     18  478.9         478.9
   50.0  20570  -67.7                         260     23  483.5         483.5
   49.0  20692  -67.6                         255     25  486.6         486.6
   47.0  20943  -67.3                         220     25  493.1         493.1
   44.0  21340  -66.9                         210     21  503.5         503.5
   42.0  21620  -66.6                         225     19  510.9         510.9
   38.0  22223  -66.0                         200     16  527.3         527.3
   37.4  22319  -65.9                         185     13  530.0         530.0
   36.0  22554  -63.5                         150      6  541.9         541.9
   35.0  22728  -61.8                         260     14  550.9         550.9
   32.9  23110  -57.9                         263     26  571.0         571.0
   31.0  23484  -57.6                         265     37  581.4         581.4
   30.0  23690  -57.5                         250     23  587.3         587.3
   27.0  24359  -56.3                         230     10  608.5         608.5
   25.0  24847  -55.5                         190      8  624.5         624.5
   24.2  25054  -55.1                         196      7  631.4         631.4
   23.0  25380  -54.1                         205      6  643.5         643.5
   22.0  25666  -53.3                          35     16  654.3         654.3
   20.7  26058  -52.1                          64     18  669.3         669.3
   20.0  26280  -52.3                          80     19  675.3         675.3
   19.0  26610  -52.7                         115     27  684.0         684.0
   16.5  27519  -53.9                         113     49  708.3         708.3
   14.0  28582  -50.7                         110     74  753.3         753.3
   13.6  28769  -50.1                         113     71  761.5         761.5
   12.0  29596  -47.9                         125     58  797.0         797.0
   10.0  30800  -44.7                         100     78  851.6         851.6
    9.0  31509  -43.2                         100     86  883.2         883.2
    8.3  32053  -42.1                                     908.4         908.4
</PRE><H3>Station information and sounding indices</H3><PRE>
                         Station identifier: WIII
                             Station number: 96749
                           Observation time: 140321/0000
                           Station latitude: -6.11
                          Station longitude: 106.65
                          Station elevation: 8.0
                            Showalter index: 1.47
                               Lifted index: -0.52
    LIFT computed using virtual temperature: -1.09
                                SWEAT index: 205.22
                                    K index: 27.30
                         Cross totals index: 18.70
                      Vertical totals index: 23.70
                        Totals totals index: 42.40
      Convective Available Potential Energy: 63.57
             CAPE using virtual temperature: 131.05
                      Convective Inhibition: -133.73
             CINS using virtual temperature: -98.50
                           Equilibrum Level: 421.67
 Equilibrum Level using virtual temperature: 382.97
                   Level of Free Convection: 678.48
             LFCT using virtual temperature: 743.75
                     Bulk Richardson Number: 313.10
          Bulk Richardson Number using CAPV: 645.49
  Temp [K] of the Lifted Condensation Level: 293.35
Pres [hPa] of the Lifted Condensation Level: 938.86
   Equivalent potential temp [K] of the LCL: 345.84
     Mean mixed layer potential temperature: 298.70
              Mean mixed layer mixing ratio: 16.16
              1000 hPa to 500 hPa thickness: 5775.00
Precipitable water [mm] for entire sounding: 52.05
</PRE>
<P>Description of the 
<A HREF="/upperair/columns.html">data columns</A>
or <A HREF="/upperair/indices.html">sounding indices</A>.

<P>
<FORM>
<INPUT CLASS="button" TYPE="button" VALUE=" Close this window " 
 onClick="window.close();">
<INPUT CLASS="button" TYPE="button" VALUE=" Select another map " 
 onClick="window.blur();">
</FORM>
<HR SIZE="1">
<I>Interested in graduate studies in atmospheric science?
Check out our program at the
<a href="http://www.uwyo.edu/atsc/howtoapply/"
target=_top>University of Wyoming
</a></I>
<HR SIZE="1"><FONT SIZE="-1">
Questions about the weather data provided by this site can be
addressed to <A HREF="mailto:ldoolman@uwyo.edu">
Larry Oolman (ldoolman@uwyo.edu)</A></FONT>
<HR SIZE="1">
<SCRIPT TYPE="text/javascript">
<!--
window.focus();
// -->
</SCRIPT>
</BODY>
</HTML>
