2014-10-13 12
<HTML>
<TITLE>University of Wyoming - Radiosonde Data</TITLE>
<BODY BGCOLOR="white">
<H2>96749 WIII Jakarta Observations at 00Z 13 Oct 2014</H2>
<PRE>
-----------------------------------------------------------------------------
   PRES   HGHT   TEMP   DWPT   RELH   MIXR   DRCT   SKNT   THTA   THTE   THTV
    hPa     m      C      C      %    g/kg    deg   knot     K      K      K 
-----------------------------------------------------------------------------
 1011.0      8   24.6   22.3     87  17.09    210      6  296.8  346.4  299.9
 1009.0     26   26.2   21.9     77  16.70    206      6  298.6  347.4  301.6
 1000.0    108   25.8   21.9     79  16.85    190      6  298.9  348.3  302.0
  991.0    188   26.0   22.7     82  17.88    175      5  299.9  352.5  303.1
  979.0    295   25.2   22.3     84  17.62    155      4  300.2  352.0  303.4
  946.0    597   23.0   21.0     88  16.87    105      4  300.9  350.7  303.9
  925.0    794   21.6   20.2     92  16.40    100      6  301.4  349.9  304.3
  914.0    898   20.9   19.5     92  15.86    100      8  301.6  348.6  304.5
  896.0   1070   19.6   18.3     92  15.00     96     10  302.1  346.6  304.8
  878.0   1246   19.8   14.8     73  12.20     92     11  304.1  340.6  306.3
  850.0   1525   18.8   13.8     73  11.80     85     14  305.8  341.5  308.0
  824.0   1790   17.3   10.4     64   9.71     70      8  306.9  336.6  308.7
  795.0   2096   15.5    6.5     55   7.71    200      2  308.2  332.0  309.6
  781.0   2248   14.6    4.6     51   6.85    208      3  308.8  330.1  310.1
  768.0   2389   13.6    4.9     56   7.11    215      4  309.2  331.3  310.5
  741.0   2690   11.5    5.5     67   7.70    270      6  310.1  334.0  311.5
  728.0   2839   10.4    5.8     73   8.01    261      7  310.5  335.4  312.0
  700.0   3165    9.4  -11.6     21   2.26    240     10  312.9  320.4  313.3
  695.0   3224    9.4  -24.6      7   0.75    234      9  313.5  316.2  313.6
  665.0   3588    7.1  -15.8     18   1.69    195      6  314.9  320.6  315.2
  637.0   3942    4.8   -7.2     41   3.51    216      8  316.2  327.8  316.9
  618.0   4189    3.5  -10.0     36   2.90    230     10  317.5  327.2  318.0
  613.0   4255    3.2  -10.8     35   2.75    234     10  317.8  327.1  318.4
  595.0   4496    1.5   -9.3     45   3.19    250     10  318.5  329.2  319.2
  580.0   4702    0.0   -8.0     55   3.63    284     10  319.1  331.2  319.9
  573.0   4799   -0.8   -8.0     58   3.66    300     10  319.3  331.5  320.0
  552.0   5096   -3.2   -8.2     69   3.77    300     12  319.9  332.4  320.6
  543.0   5227   -4.3   -8.2     74   3.82    292     12  320.1  332.8  320.8
  535.0   5345   -3.5  -23.5     20   1.08    284     12  322.4  326.3  322.6
  531.0   5404   -3.5  -26.1     16   0.86    280     12  323.1  326.2  323.2
  500.0   5880   -3.7  -46.7      2   0.12    355      4  328.5  328.9  328.5
  493.0   5991   -3.9  -46.9      2   0.11     10      6  329.5  330.0  329.5
  488.0   6071   -4.1  -47.1      2   0.11      7      6  330.3  330.7  330.3
  431.0   7034  -12.5  -24.5     36   1.23    335      6  331.5  336.1  331.8
  422.0   7194  -13.5  -27.5     30   0.95    330      6  332.2  335.8  332.4
  406.0   7487  -15.4  -33.0     21   0.59    295      6  333.5  335.8  333.6
  400.0   7600  -16.1  -35.1     18   0.49    310      6  334.0  335.9  334.1
  390.0   7790  -16.9  -45.1      7   0.18    340      4  335.4  336.1  335.4
  387.0   7848  -17.1  -48.1      5   0.13    355      4  335.8  336.4  335.9
  385.0   7887  -17.1  -32.1     26   0.68      5      4  336.3  339.0  336.5
  384.0   7907  -16.7  -43.7      8   0.21     10      4  337.1  338.0  337.1
  375.0   8083  -17.9  -40.3     12   0.31     55      4  337.8  339.0  337.8
  354.0   8512  -20.9  -31.9     37   0.75     52     10  339.4  342.3  339.5
  345.0   8699  -22.5  -33.2     37   0.68     50     12  339.7  342.4  339.9
  305.0   9590  -30.1  -39.3     40   0.42     70     14  341.2  342.9  341.3
  300.0   9710  -31.1  -40.1     41   0.39     65     14  341.4  343.0  341.5
  292.0   9901  -32.5  -42.9     35   0.30     60     14  342.2  343.4  342.2
  280.0  10196  -34.5  -47.2     27   0.20     25      6  343.3  344.1  343.3
  278.0  10247  -34.9  -47.9     25   0.18     10      5  343.5  344.2  343.5
  268.0  10500  -37.0  -50.4     24   0.14    295      2  344.0  344.6  344.0
  257.0  10790  -39.4  -53.3     21   0.10    295      4  344.6  345.1  344.6
  254.0  10872  -40.1  -54.1     21   0.10    304      4  344.7  345.2  344.8
  250.0  10980  -40.9                         315      4  345.1         345.1
  246.0  11086  -41.8                         325      4  345.3         345.3
  225.0  11674  -46.9                         255      4  346.4         346.4
  215.0  11974  -49.5                         285      8  346.9         346.9
  200.0  12450  -53.7                         290      8  347.6         347.6
  187.0  12866  -57.2                         285      6  348.6         348.6
  161.0  13792  -65.0                           0      6  350.7         350.7
  150.0  14230  -68.7                           5     14  351.6         351.6
  146.0  14391  -69.5                          15     17  352.9         352.9
  137.0  14771  -71.3                          75     15  356.2         356.2
  132.0  14985  -72.8                         110     14  357.4         357.4
  125.0  15300  -75.0                         140     23  359.0         359.0
  119.0  15583  -76.9                         145     27  360.5         360.5
  113.0  15882  -79.0                         145     27  362.0         362.0
  105.0  16306  -81.9                         135     21  364.1         364.1
  102.0  16469  -81.4                         140     17  368.1         368.1
  100.0  16580  -81.1                         135     17  370.8         370.8
   96.0  16811  -80.2                         135     17  376.8         376.8
   91.0  17113  -79.1                         115     10  384.8         384.8
   87.4  17342  -78.3                          59     10  390.9         390.9
   85.2  17488  -74.7                          23     10  401.1         401.1
   82.0  17709  -75.7                         330     10  403.4         403.4
   78.0  17997  -77.1                         275     10  406.4         406.4
   76.2  18131  -77.7                         272     11  407.8         407.8
   70.0  18620  -74.5                         260     16  424.7         424.7
   64.0  19143  -74.0                         255     23  436.9         436.9
   63.5  19189  -73.9                         254     22  438.0         438.0
   60.0  19524  -73.0                         250     14  447.3         447.3
   57.0  19826  -72.1                         295     12  455.8         455.8
   52.0  20368  -70.6                           0      6  471.5         471.5
   50.0  20600  -69.9                          15      2  478.4         478.4
   47.0  20971  -68.1                         150      8  491.1         491.1
   45.0  21231  -66.9                         105     10  500.3         500.3
   43.8  21393  -66.1                         108     13  506.1         506.1
   40.0  21940  -67.0                         120     23  517.1         517.1
   38.9  22108  -67.3                         113     28  520.5         520.5
   38.0  22249  -64.7                         107     33  530.6         530.6
   35.0  22752  -63.8                          85     49  545.7         545.7
   31.9  23319  -62.7                          91     51  563.2         563.2
   30.4  23617  -59.5                          94     52  579.6         579.6
   30.0  23700  -59.5                          95     52  581.9         581.9
   27.0  24362  -59.2                         100     68  600.5         600.5
   25.0  24845  -59.0                          90     70  614.5         614.5
   24.8  24895  -59.0                          90     70  616.0         616.0
   22.8  25423  -58.7                          86     67  631.7         631.7
   20.0  26260  -52.1                          80     62  675.9         675.9
   18.0  26947  -49.7                          80     56  704.2         704.2
   17.4  27168  -48.9                                     713.6         713.6
</PRE><H3>Station information and sounding indices</H3><PRE>
                         Station identifier: WIII
                             Station number: 96749
                           Observation time: 141013/0000
                           Station latitude: -6.11
                          Station longitude: 106.65
                          Station elevation: 8.0
                            Showalter index: 2.58
                               Lifted index: -0.88
    LIFT computed using virtual temperature: -1.88
                                SWEAT index: 197.61
                                    K index: 15.30
                         Cross totals index: 17.50
                      Vertical totals index: 22.50
                        Totals totals index: 40.00
      Convective Available Potential Energy: 903.43
             CAPE using virtual temperature: 1131.43
                      Convective Inhibition: -13.59
             CINS using virtual temperature: -11.20
                           Equilibrum Level: 164.65
 Equilibrum Level using virtual temperature: 164.29
                   Level of Free Convection: 897.88
             LFCT using virtual temperature: 904.48
                     Bulk Richardson Number: 621.67
          Bulk Richardson Number using CAPV: 778.57
  Temp [K] of the Lifted Condensation Level: 294.45
Pres [hPa] of the Lifted Condensation Level: 938.83
   Equivalent potential temp [K] of the LCL: 350.66
     Mean mixed layer potential temperature: 299.83
              Mean mixed layer mixing ratio: 17.33
              1000 hPa to 500 hPa thickness: 5772.00
Precipitable water [mm] for entire sounding: 43.60
</PRE>
<P>Description of the 
<A HREF="/upperair/columns.html">data columns</A>
or <A HREF="/upperair/indices.html">sounding indices</A>.

<P>
<FORM>
<INPUT CLASS="button" TYPE="button" VALUE=" Close this window " 
 onClick="window.close();">
<INPUT CLASS="button" TYPE="button" VALUE=" Select another map " 
 onClick="window.blur();">
</FORM>
<HR SIZE="1">
<I>Interested in graduate studies in atmospheric science?
Check out our program at the
<a href="http://www.uwyo.edu/atsc/howtoapply/"
target=_top>University of Wyoming
</a></I>
<HR SIZE="1"><FONT SIZE="-1">
Questions about the weather data provided by this site can be
addressed to <A HREF="mailto:ldoolman@uwyo.edu">
Larry Oolman (ldoolman@uwyo.edu)</A></FONT>
<HR SIZE="1">
<SCRIPT TYPE="text/javascript">
<!--
window.focus();
// -->
</SCRIPT>
</BODY>
</HTML>
