2013-08-16 00
<HTML>
<TITLE>University of Wyoming - Radiosonde Data</TITLE>
<BODY BGCOLOR="white">
<H2>96749 WIII Jakarta Observations at 00Z 16 Aug 2013</H2>
<PRE>
-----------------------------------------------------------------------------
   PRES   HGHT   TEMP   DWPT   RELH   MIXR   DRCT   SKNT   THTA   THTE   THTV
    hPa     m      C      C      %    g/kg    deg   knot     K      K      K 
-----------------------------------------------------------------------------
 1010.0      8   25.4   22.9     86  17.76    130      2  297.7  349.4  300.9
 1000.0     97   25.2   21.7     81  16.64    120      6  298.4  346.9  301.3
  977.0    302   24.4   19.6     74  14.92     95     17  299.6  343.4  302.2
  976.0    311   24.4   19.5     74  14.85     95     17  299.6  343.2  302.3
  954.0    512   24.4   16.4     61  12.45     97     19  301.6  338.5  303.8
  925.0    783   22.6   16.6     69  13.01    100     21  302.4  341.1  304.8
  912.0    906   21.9   16.2     70  12.85    100     23  303.0  341.3  305.3
  870.0   1315   19.8   14.8     73  12.31     90     20  304.8  341.9  307.1
  850.0   1515   19.4   12.4     64  10.75     85     19  306.4  339.1  308.4
  821.0   1809   17.3   11.0     66  10.14     65     16  307.3  338.3  309.2
  793.0   2104   15.3    9.6     69   9.56     40     12  308.2  337.5  310.0
  738.0   2714   11.0    6.8     75   8.44     55     12  309.9  336.1  311.5
  728.0   2829   10.2    6.2     76   8.23     50     13  310.2  335.8  311.8
  700.0   3156    9.6    4.6     71   7.65     35     14  313.1  337.2  314.5
  662.0   3617    6.8    2.5     74   6.96     30     14  314.9  337.1  316.2
  642.0   3870    5.2    1.3     76   6.59     43     15  315.9  337.0  317.2
  616.0   4205    2.8   -0.9     77   5.85     60     17  316.9  335.8  318.0
  588.0   4582    0.0   -3.4     78   5.09     68     17  317.9  334.5  318.9
  572.0   4804   -0.7   -5.7     69   4.39     73     16  319.6  334.1  320.4
  562.0   4944   -1.3  -13.3     40   2.45     76     16  320.5  328.9  321.0
  550.0   5116   -2.2   -8.9     60   3.56     80     16  321.4  333.4  322.1
  543.0   5218   -2.7   -6.3     76   4.42     78     15  322.0  336.8  322.9
  527.0   5455   -3.5  -11.5     54   3.03     73     14  323.8  334.2  324.4
  518.0   5592   -4.3   -9.3     68   3.67     71     13  324.4  336.9  325.2
  500.0   5870   -5.9  -10.9     68   3.35     65     12  325.8  337.3  326.4
  473.0   6299   -8.7  -14.1     65   2.72     60     14  327.5  337.0  328.0
  437.0   6910  -12.8  -18.8     61   2.00     65     19  329.8  337.0  330.2
  436.0   6928  -12.9  -18.9     61   1.98     66     19  329.9  337.0  330.3
  427.0   7086  -13.5  -25.5     36   1.13     74     20  331.1  335.3  331.3
  423.0   7158  -13.3  -34.3     15   0.50     77     21  332.3  334.2  332.4
  404.0   7505  -15.6  -46.5      5   0.15     95     23  333.7  334.3  333.7
  400.0   7580  -16.1  -49.1      4   0.11     95     23  334.0  334.4  334.0
  336.0   8868  -26.9  -45.9     15   0.19    104     29  336.3  337.1  336.3
  317.0   9287  -28.7  -42.7     25   0.28    107     31  339.4  340.6  339.5
  300.0   9680  -32.3  -55.3      8   0.07    110     33  339.7  340.1  339.8
  290.0   9914  -34.3  -56.8      8   0.06    115     31  340.2  340.4  340.2
  263.0  10588  -40.1  -61.1      9   0.04    108     36  341.3  341.5  341.3
  250.0  10930  -42.9                         105     39  342.1         342.1
  233.0  11394  -46.9                          95     41  343.1         343.1
  200.0  12400  -55.5                          85     27  344.7         344.7
  185.0  12881  -58.9                          75     33  347.0         347.0
  160.0  13777  -65.1                          60     49  351.2         351.2
  155.0  13973  -66.5                          62     43  352.0         352.0
  150.0  14170  -67.7                          65     37  353.3         353.3
  130.0  15014  -72.9                          60     29  358.8         358.8
  118.0  15585  -76.4                          70     37  362.4         362.4
  115.0  15737  -77.3                          80     33  363.3         363.3
  112.0  15890  -76.4                          95     33  367.7         367.7
  107.0  16154  -74.9                          91     17  375.4         375.4
  106.0  16209  -74.7                          90     14  376.9         376.9
  101.0  16492  -73.5                         240      6  384.4         384.4
  100.0  16550  -73.7                         235      6  385.1         385.1
   91.0  17096  -75.6                         195      6  391.9         391.9
   86.0  17424  -76.7                           5      8  396.0         396.0
   85.9  17430  -76.7                           6      8  396.1         396.1
   78.0  17991  -73.6                         120      8  413.6         413.6
   74.9  18227  -72.3                          74     10  421.2         421.2
   74.0  18299  -71.3                          60     10  424.7         424.7
   70.0  18630  -66.7                         310     10  441.4         441.4
   68.9  18726  -65.3                         294     11  446.4         446.4
   67.0  18896  -65.4                         265     14  449.7         449.7
   61.0  19464  -65.8                         280     23  461.1         461.1
   52.0  20432  -66.3                         275     29  481.3         481.3
   50.0  20670  -66.5                         260     29  486.4         486.4
   49.5  20731  -66.7                         262     29  487.3         487.3
   43.0  21607  -61.8                         290     29  519.4         519.4
   39.0  22215  -58.4                         275     29  542.7         542.7
   34.3  23015  -53.9                         275     40  574.7         574.7
   34.0  23071  -54.0                         275     41  575.8         575.8
   30.0  23870  -55.7                         265     37  592.2         592.2
   26.0  24780  -55.7                         265     32  616.9         616.9
   24.0  25296  -54.0                         265     29  636.1         636.1
   20.0  26470  -50.1                         270     29  682.1         682.1
   19.4  26668  -49.3                         263     26  690.5         690.5
   18.0  27159  -49.1                         245     19  706.1         706.1
   16.0  27931  -48.7                         285     16  731.5         731.5
   13.0  29291  -48.1                         285     17  778.3         778.3
   12.0  29816  -47.9                         265     21  797.2         797.2
   11.0  30386  -47.6                         290     14  818.2         818.2
   10.0  31010  -47.3                         220      6  841.9         841.9
    9.4  31420  -46.5                         320      6  859.9         859.9
    9.0  31710  -46.2                          30      6  871.9         871.9
    8.0  32494  -45.3                          60     12  905.3         905.3
    7.2  33197  -44.5                          84     48  936.2         936.2
    7.0  33384  -44.9                          90     58  942.0         942.0
    6.5  33878  -46.0                          80     66  957.5         957.5
    6.3  34086  -46.5                                     964.1         964.1
</PRE><H3>Station information and sounding indices</H3><PRE>
                         Station identifier: WIII
                             Station number: 96749
                           Observation time: 130816/0000
                           Station latitude: -6.11
                          Station longitude: 106.65
                          Station elevation: 8.0
                            Showalter index: 1.36
                               Lifted index: -0.51
    LIFT computed using virtual temperature: -0.81
                                SWEAT index: 198.80
                                    K index: 32.70
                         Cross totals index: 18.30
                      Vertical totals index: 25.30
                        Totals totals index: 43.60
      Convective Available Potential Energy: 172.45
             CAPE using virtual temperature: 250.02
                      Convective Inhibition: -172.67
             CINS using virtual temperature: -139.80
                           Equilibrum Level: 245.67
 Equilibrum Level using virtual temperature: 245.80
                   Level of Free Convection: 728.36
             LFCT using virtual temperature: 744.51
                     Bulk Richardson Number: 28.34
          Bulk Richardson Number using CAPV: 41.09
  Temp [K] of the Lifted Condensation Level: 291.89
Pres [hPa] of the Lifted Condensation Level: 914.82
   Equivalent potential temp [K] of the LCL: 343.71
     Mean mixed layer potential temperature: 299.43
              Mean mixed layer mixing ratio: 15.20
              1000 hPa to 500 hPa thickness: 5773.00
Precipitable water [mm] for entire sounding: 48.87
</PRE>
<P>Description of the 
<A HREF="/upperair/columns.html">data columns</A>
or <A HREF="/upperair/indices.html">sounding indices</A>.

<P>
<FORM>
<INPUT CLASS="button" TYPE="button" VALUE=" Close this window " 
 onClick="window.close();">
<INPUT CLASS="button" TYPE="button" VALUE=" Select another map " 
 onClick="window.blur();">
</FORM>
<HR SIZE="1">
<I>Interested in graduate studies in atmospheric science?
Check out our program at the
<a href="http://www.uwyo.edu/atsc/howtoapply/"
target=_top>University of Wyoming
</a></I>
<HR SIZE="1"><FONT SIZE="-1">
Questions about the weather data provided by this site can be
addressed to <A HREF="mailto:ldoolman@uwyo.edu">
Larry Oolman (ldoolman@uwyo.edu)</A></FONT>
<HR SIZE="1">
<SCRIPT TYPE="text/javascript">
<!--
window.focus();
// -->
</SCRIPT>
</BODY>
</HTML>
