2015-07-11 12
<HTML>
<TITLE>University of Wyoming - Radiosonde Data</TITLE>
<BODY BGCOLOR="white">
<H2>96749 WIII Jakarta Observations at 00Z 11 Jul 2015</H2>
<PRE>
-----------------------------------------------------------------------------
   PRES   HGHT   TEMP   DWPT   RELH   MIXR   DRCT   SKNT   THTA   THTE   THTV
    hPa     m      C      C      %    g/kg    deg   knot     K      K      K 
-----------------------------------------------------------------------------
 1010.0      8   24.6   22.3     87  17.11    210      4  296.9  346.5  299.9
 1000.0     98   24.2   21.3     84  16.23    190      6  297.4  344.5  300.2
  977.0    302   23.4   20.1     82  15.38    150      8  298.5  343.4  301.2
  945.0    593   22.2   18.3     79  14.23    115     10  300.1  342.0  302.7
  925.0    780   21.4   17.2     77  13.53    105     12  301.2  341.2  303.6
  913.0    893   20.7   16.6     77  13.19    100     12  301.6  340.7  304.0
  891.0   1105   19.4   15.5     78  12.58    161      9  302.4  339.8  304.6
  851.0   1499   16.1   14.9     93  12.69    275      4  302.9  340.7  305.2
  850.0   1509   16.0   14.9     93  12.69    275      4  302.9  340.7  305.2
  827.0   1742   14.4   14.1     98  12.38    295     12  303.6  340.6  305.8
  824.0   1773   15.2   10.4     73   9.70    298     13  304.8  334.1  306.5
  822.0   1794   15.1   10.7     75   9.92    300     14  304.9  334.9  306.7
  806.0   1961   14.6   13.1     91  11.89    300     17  306.0  342.0  308.2
  793.0   2097   13.7   12.2     91  11.37    300     19  306.5  340.9  308.6
  752.0   2544   10.6    9.2     91   9.80    291     20  307.8  337.8  309.6
  723.0   2873   11.6    0.6     47   5.56    285     20  312.4  330.1  313.4
  700.0   3143   10.2    2.2     58   6.45    280     21  313.8  334.3  315.0
  687.0   3297    9.1    1.9     61   6.42    285     21  314.2  334.7  315.4
  639.0   3893    4.9    0.6     74   6.31    310     25  316.0  336.3  317.2
  627.0   4049    3.8    0.3     78   6.28    307     23  316.5  336.7  317.7
  616.0   4193    3.6   -4.2     57   4.56    305     21  317.8  332.8  318.7
  608.0   4299    3.4   -7.6     44   3.57    306     19  318.8  330.7  319.5
  595.0   4474    1.8   -2.9     71   5.22    307     17  318.9  336.0  319.9
  589.0   4556    2.4  -13.6     30   2.28    308     16  320.5  328.4  321.0
  571.0   4805    1.1  -22.9     15   1.06    310     12  321.8  325.6  322.0
  560.0   4962    0.2  -28.8      9   0.64    302     11  322.6  325.0  322.7
  555.0   5033    0.0  -32.0      7   0.47    299     10  323.2  325.0  323.3
  550.0   5106   -0.5  -31.8      7   0.49    295     10  323.4  325.2  323.5
  541.0   5237   -1.5  -31.5      8   0.51    306      9  323.8  325.7  323.9
  530.0   5400   -3.1   -8.1     68   3.94    320      8  323.8  337.1  324.5
  519.0   5566   -3.5  -21.5     23   1.33    317      7  325.2  330.0  325.5
  511.0   5689   -4.5  -13.5     49   2.65    315      6  325.5  334.7  326.0
  510.0   5704   -4.2  -17.7     34   1.88    315      6  326.0  332.7  326.4
  509.0   5719   -3.9  -21.9     23   1.31    313      6  326.6  331.3  326.8
  505.0   5782   -3.9  -33.9      8   0.43    305      6  327.3  329.0  327.4
  500.0   5860   -4.5  -33.5      8   0.46    295      6  327.5  329.2  327.6
  491.0   6003   -5.5  -34.0      9   0.44    275      6  328.0  329.7  328.1
  482.0   6148   -6.5  -34.5      9   0.43    291      7  328.5  330.1  328.6
  479.0   6197   -6.9  -20.9     32   1.52    297      7  328.6  334.1  328.9
  476.0   6246   -6.7  -32.7     11   0.52    303      8  329.4  331.4  329.5
  472.0   6312   -7.0  -32.8     11   0.51    310      8  329.8  331.8  329.9
  428.0   7072  -10.3  -34.3     12   0.49    301      9  335.0  336.9  335.1
  400.0   7590  -14.5  -31.5     22   0.69    295     10  336.1  338.7  336.2
  373.0   8113  -18.5  -33.9     24   0.58    285     12  337.6  339.9  337.7
  365.0   8276  -19.7  -34.7     25   0.55    274     11  338.0  340.2  338.1
  361.0   8357  -20.3  -30.3     40   0.86    269     11  338.3  341.6  338.5
  344.0   8712  -22.6  -37.3     25   0.45    245     10  339.9  341.7  340.0
  336.0   8885  -23.7  -40.7     19   0.33    248      5  340.7  342.0  340.7
  330.0   9014  -24.8  -40.7     21   0.33    250      2  340.9  342.3  341.0
  317.0   9303  -27.2  -40.6     27   0.35     35      8  341.5  343.0  341.6
  304.0   9605  -29.7  -40.5     34   0.37     45     14  342.1  343.6  342.2
  300.0   9700  -30.5  -40.5     37   0.37     35     14  342.3  343.8  342.4
  298.0   9748  -30.9  -38.9     45   0.44     33     14  342.4  344.2  342.5
  279.0  10212  -34.1  -40.1     55   0.42     16     15  344.3  346.0  344.4
  268.0  10490  -36.5  -42.1     56   0.35      5     16  344.8  346.3  344.9
  252.0  10916  -40.1  -45.1     59   0.27     23     19  345.5  346.7  345.6
  250.0  10970  -40.5                          25     19  345.7         345.7
  245.0  11104  -41.6                          35     19  346.0         346.0
  200.0  12450  -52.9                          25     31  348.8         348.8
  169.0  13498  -61.6                          35     45  351.6         351.6
  150.0  14240  -67.7                          45     47  353.3         353.3
  132.0  14998  -72.9                          55     64  357.2         357.2
  130.0  15088  -73.5                          60     62  357.6         357.6
  118.0  15653  -73.7                          90     50  367.3         367.3
  107.0  16214  -78.4                         120     37  368.8         368.8
  102.0  16489  -80.7                         131     40  369.5         369.5
  100.0  16600  -81.3                         135     41  370.4         370.4
   96.0  16829  -83.0                         145     45  371.5         371.5
   94.8  16899  -83.5                         140     45  371.8         371.8
   87.0  17391  -78.3                          90     37  391.4         391.4
   80.0  17871  -73.3                          82     19  411.2         411.2
   74.0  18326  -74.9                          75      2  417.1         417.1
   70.0  18650  -76.1                         125      4  421.3         421.3
   67.1  18893  -76.9                         120     12  424.6         424.6
   63.0  19265  -74.5                         120     17  437.7         437.7
   52.0  20395  -67.1                          70     37  479.6         479.6
   51.5  20452  -66.7                          71     37  481.8         481.8
   50.0  20630  -66.7                          75     35  485.9         485.9
   47.5  20939  -66.9                          82     37  492.6         492.6
   45.0  21276  -62.0                          90     39  512.2         512.2
   41.0  21855  -53.5                         125     12  547.0         547.0
   40.8  21886  -53.1                         134     12  548.9         548.9
   39.0  22174  -53.5                         215     12  555.0         555.0
   37.0  22510  -53.9                         255     17  562.3         562.3
   34.0  23050  -54.6                         240     25  574.2         574.2
   30.0  23850  -55.7                         275     41  592.2         592.2
   29.0  24065  -55.8                         280     47  597.6         597.6
   28.3  24219  -55.9                         281     44  601.6         601.6
   24.0  25278  -52.8                         290     25  639.7         639.7
   23.0  25552  -52.0                         275     45  649.9         649.9
   20.0  26450  -49.3                         270     33  684.5         684.5
   19.0  26787  -49.0                         275     31  695.5         695.5
   17.9  27178  -48.7                         275     33  708.4         708.4
   17.0  27520  -48.3                         275     35  720.1         720.1
   14.0  28808  -46.9                         250     35  766.0         766.0
   10.0  31040  -44.5                         255     27  852.3         852.3
    8.0  32548  -41.2                         260     27  921.4         921.4
    7.4  33075  -40.1                                     946.8         946.8
</PRE><H3>Station information and sounding indices</H3><PRE>
                         Station identifier: WIII
                             Station number: 96749
                           Observation time: 150711/0000
                           Station latitude: -6.11
                          Station longitude: 106.65
                          Station elevation: 8.0
                            Showalter index: 2.10
                               Lifted index: 0.89
    LIFT computed using virtual temperature: 0.13
                                SWEAT index: 192.81
                                    K index: 27.40
                         Cross totals index: 19.40
                      Vertical totals index: 20.50
                        Totals totals index: 39.90
      Convective Available Potential Energy: 13.20
             CAPE using virtual temperature: 51.08
                      Convective Inhibition: -49.40
             CINS using virtual temperature: -40.27
                           Equilibrum Level: 510.82
 Equilibrum Level using virtual temperature: 478.62
                   Level of Free Convection: 851.35
             LFCT using virtual temperature: 856.19
                     Bulk Richardson Number: 0.45
          Bulk Richardson Number using CAPV: 1.76
  Temp [K] of the Lifted Condensation Level: 292.78
Pres [hPa] of the Lifted Condensation Level: 937.45
   Equivalent potential temp [K] of the LCL: 343.71
     Mean mixed layer potential temperature: 298.25
              Mean mixed layer mixing ratio: 15.62
              1000 hPa to 500 hPa thickness: 5762.00
Precipitable water [mm] for entire sounding: 46.85
</PRE>
<P>Description of the 
<A HREF="/upperair/columns.html">data columns</A>
or <A HREF="/upperair/indices.html">sounding indices</A>.

<P>
<FORM>
<INPUT CLASS="button" TYPE="button" VALUE=" Close this window " 
 onClick="window.close();">
<INPUT CLASS="button" TYPE="button" VALUE=" Select another map " 
 onClick="window.blur();">
</FORM>
<HR SIZE="1">
<I>Interested in graduate studies in atmospheric science?
Check out our program at the
<a href="http://www.uwyo.edu/atsc/howtoapply/"
target=_top>University of Wyoming
</a></I>
<HR SIZE="1"><FONT SIZE="-1">
Questions about the weather data provided by this site can be
addressed to <A HREF="mailto:ldoolman@uwyo.edu">
Larry Oolman (ldoolman@uwyo.edu)</A></FONT>
<HR SIZE="1">
<SCRIPT TYPE="text/javascript">
<!--
window.focus();
// -->
</SCRIPT>
</BODY>
</HTML>
