2015-10-17 12
<HTML>
<TITLE>University of Wyoming - Radiosonde Data</TITLE>
<BODY BGCOLOR="white">
<H2>96749 WIII Jakarta Observations at 00Z 17 Oct 2015</H2>
<PRE>
-----------------------------------------------------------------------------
   PRES   HGHT   TEMP   DWPT   RELH   MIXR   DRCT   SKNT   THTA   THTE   THTV
    hPa     m      C      C      %    g/kg    deg   knot     K      K      K 
-----------------------------------------------------------------------------
 1011.0      8   23.2   21.3     89  16.05    180      2  295.4  341.7  298.3
 1010.0     17   26.2   19.2     65  14.06    178      2  298.5  339.6  301.0
 1000.0    107   26.6   18.6     61  13.67    155      6  299.8  340.0  302.2
  995.0    151   26.6   17.6     58  12.89    143      8  300.2  338.2  302.5
  978.0    303   25.3   17.9     63  13.35    100     16  300.4  339.8  302.8
  935.0    697   22.0   18.6     81  14.64    104     17  300.9  344.1  303.5
  925.0    791   21.6   16.8     74  13.18    105     17  301.4  340.4  303.8
  913.0    904   21.4   15.2     68  12.07    110     16  302.3  338.2  304.4
  887.0   1155   20.8   11.8     56   9.89    106     17  304.2  334.0  306.0
  850.0   1522   18.2   10.2     60   9.27    100     19  305.2  333.3  306.9
  823.0   1797   16.4    8.4     59   8.46    100     14  306.1  331.9  307.6
  794.0   2102   14.3    6.3     59   7.62    105      8  307.1  330.5  308.5
  792.0   2124   14.2    6.2     59   7.56    103      8  307.1  330.4  308.6
  766.0   2404   12.0    7.0     71   8.25     70      2  307.7  333.1  309.3
  745.0   2637   10.2    7.6     84   8.87    341      4  308.2  335.5  309.9
  739.0   2705   10.3    6.2     76   8.13    315      4  309.0  334.2  310.5
  731.0   2795   10.4    4.4     66   7.22    305      6  310.1  332.6  311.5
  724.0   2876   13.0  -16.0     12   1.52    296      9  313.8  319.0  314.1
  710.0   3040   11.8   -1.2     40   4.96    278     13  314.2  330.2  315.2
  700.0   3158   11.2   -6.8     28   3.30    265     16  314.9  325.7  315.5
  691.0   3266   10.8  -13.2     17   2.01    254     16  315.6  322.4  316.0
  688.0   3302   10.5  -13.2     17   2.02    250     16  315.7  322.5  316.1
  643.0   3860    6.4  -13.6     22   2.09    231     12  317.1  324.3  317.6
  640.0   3898    6.2  -13.9     22   2.05    230     12  317.4  324.4  317.8
  617.0   4195    4.8  -16.6     20   1.71    275      4  319.1  325.0  319.4
  594.0   4504    3.4  -19.3     17   1.41    260      6  320.9  325.9  321.2
  588.0   4587    3.0  -20.0     17   1.34    294      7  321.4  326.1  321.6
  573.0   4795    1.8  -20.8     17   1.28     20      8  322.3  326.9  322.6
  552.0   5095    0.0  -22.0     17   1.20     25     10  323.7  328.0  323.9
  532.0   5388   -1.4  -24.9     15   0.95    190      2  325.4  328.9  325.6
  512.0   5692   -3.0  -28.0     13   0.75    160      4  327.1  329.9  327.3
  500.0   5880   -3.9  -29.9     11   0.64    185      4  328.2  330.7  328.4
  493.0   5991   -4.7  -28.7     13   0.73    205      4  328.6  331.3  328.7
  456.0   6600   -9.0  -33.0     12   0.52    225      6  330.6  332.6  330.7
  444.0   6808  -10.5  -34.5     12   0.46    267      3  331.2  333.0  331.3
  439.0   6895  -10.6  -35.1     11   0.44    285      2  332.2  333.9  332.3
  422.0   7199  -10.8  -37.4      9   0.37     45      2  335.6  337.1  335.7
  418.0   7272  -10.9  -37.9      9   0.35     65      2  336.5  337.9  336.6
  406.0   7496  -12.2  -40.5      7   0.28    125      4  337.6  338.7  337.6
  400.0   7610  -12.9  -41.9      7   0.24    135      6  338.1  339.1  338.2
  390.0   7796  -14.4  -42.9      7   0.22    150     12  338.6  339.5  338.6
  346.0   8674  -21.6  -47.5      8   0.15    125      6  340.7  341.4  340.7
  332.0   8977  -24.0  -49.1      8   0.13     95      8  341.4  341.9  341.4
  305.0   9599  -29.1  -52.5      9   0.10    190     12  342.6  343.0  342.6
  300.0   9720  -30.1  -53.1      9   0.09    195     12  342.8  343.2  342.9
  269.0  10482  -36.8  -53.1     17   0.10    225     17  343.9  344.4  343.9
  257.0  10800  -39.6  -53.1     22   0.11    215     14  344.3  344.8  344.3
  255.0  10855  -40.1  -53.1     24   0.11    208     12  344.4  344.8  344.4
  250.0  10990  -41.1                         190      8  344.8         344.8
  246.0  11096  -42.1                         180      6  345.0         345.0
  235.0  11398  -44.8                         105      6  345.4         345.4
  225.0  11684  -47.4                          85     10  345.7         345.7
  205.0  12297  -53.0                         100      6  346.2         346.2
  200.0  12460  -54.5                          95      6  346.3         346.3
  162.0  13764  -64.9                          50     43  350.3         350.3
  150.0  14240  -68.7                          45     56  351.6         351.6
  144.0  14484  -70.1                          46     61  353.2         353.2
  125.0  15308  -74.3                          50     78  360.1         360.1
  119.0  15595  -75.8                          50     78  362.5         362.5
  106.0  16269  -79.3                          55     41  368.1         368.1
  102.0  16487  -79.3                          50     27  372.1         372.1
  100.0  16600  -79.3                          50     25  374.3         374.3
   97.1  16768  -77.9                          55     21  380.1         380.1
   97.0  16774  -77.7                          55     21  380.6         380.6
   92.9  17025  -70.3                         354     10  400.0         400.0
   92.0  17082  -70.6                         340      8  400.5         400.5
   87.0  17410  -72.4                         245     16  403.3         403.3
   79.0  17976  -75.5                         190     19  408.3         408.3
   78.9  17983  -75.5                         190     19  408.3         408.3
   72.5  18473  -75.1                         170      7  419.2         419.2
   71.3  18571  -70.9                         166      5  430.1         430.1
   71.0  18596  -70.8                         165      4  430.7         430.7
   70.0  18680  -70.7                         155      4  432.8         432.8
   64.0  19216  -69.3                          60      4  447.0         447.0
   61.0  19503  -68.6                         345      8  454.8         454.8
   58.0  19804  -67.8                         300     14  463.1         463.1
   54.5  20176  -66.9                         345     13  473.6         473.6
   53.0  20346  -65.9                           5     12  479.6         479.6
   50.0  20700  -63.9                         330     17  492.5         492.5
   48.0  20953  -63.0                         325     16  500.5         500.5
   43.0  21634  -60.5                         190     12  522.6         522.6
   41.0  21929  -59.4                         100      2  532.5         532.5
   39.0  22239  -58.2                         325      8  543.0         543.0
   38.4  22335  -57.9                         318     10  546.3         546.3
   36.0  22741  -57.6                         290     17  557.1         557.1
   31.7  23541  -57.1                         290     24  579.2         579.2
   31.0  23682  -56.3                         290     25  585.1         585.1
   30.0  23890  -55.1                         270     27  593.8         593.8
   29.2  24063  -54.3                         260     29  600.6         600.6
   28.0  24332  -54.1                         245     31  608.3         608.3
   26.0  24807  -53.9                         230     23  622.1         622.1
   23.4  25483  -53.5                         239     17  642.2         642.2
   23.0  25595  -53.1                         240     16  646.4         646.4
   21.0  26184  -51.3                         170     10  669.0         669.0
   20.0  26500  -50.3                         175      6  681.5         681.5
   19.6  26632  -49.7                         220      7  687.2         687.2
   19.0  26834  -50.3                         290      8  691.6         691.6
   18.0  27186  -51.3                         235      8  699.2         699.2
   17.4  27407  -51.9                         238      6  704.0         704.0
   17.0  27559  -51.4                         240      4  710.3         710.3
   16.0  27955  -50.1                         345      6  726.9         726.9
   15.0  28377  -48.8                         290      4  744.9         744.9
   14.4  28644  -47.9                                     756.6         756.6
</PRE><H3>Station information and sounding indices</H3><PRE>
                         Station identifier: WIII
                             Station number: 96749
                           Observation time: 151017/0000
                           Station latitude: -6.11
                          Station longitude: 106.65
                          Station elevation: 8.0
                            Showalter index: 5.88
                               Lifted index: 3.04
    LIFT computed using virtual temperature: 2.41
                                SWEAT index: 164.40
                                    K index: 14.30
                         Cross totals index: 14.10
                      Vertical totals index: 22.10
                        Totals totals index: 36.20
      Convective Available Potential Energy: 0.00
             CAPE using virtual temperature: 0.00
                      Convective Inhibition: 0.00
             CINS using virtual temperature: -122.90
 Equilibrum Level using virtual temperature: 744.65
             LFCT using virtual temperature: 746.25
                     Bulk Richardson Number: 0.00
          Bulk Richardson Number using CAPV: 0.00
  Temp [K] of the Lifted Condensation Level: 289.61
Pres [hPa] of the Lifted Condensation Level: 883.23
   Equivalent potential temp [K] of the LCL: 339.81
     Mean mixed layer potential temperature: 300.08
              Mean mixed layer mixing ratio: 13.53
              1000 hPa to 500 hPa thickness: 5773.00
Precipitable water [mm] for entire sounding: 35.25
</PRE>
<P>Description of the 
<A HREF="/upperair/columns.html">data columns</A>
or <A HREF="/upperair/indices.html">sounding indices</A>.

<P>
<FORM>
<INPUT CLASS="button" TYPE="button" VALUE=" Close this window " 
 onClick="window.close();">
<INPUT CLASS="button" TYPE="button" VALUE=" Select another map " 
 onClick="window.blur();">
</FORM>
<HR SIZE="1">
<I>Interested in graduate studies in atmospheric science?
Check out our program at the
<a href="http://www.uwyo.edu/atsc/howtoapply/"
target=_top>University of Wyoming
</a></I>
<HR SIZE="1"><FONT SIZE="-1">
Questions about the weather data provided by this site can be
addressed to <A HREF="mailto:ldoolman@uwyo.edu">
Larry Oolman (ldoolman@uwyo.edu)</A></FONT>
<HR SIZE="1">
<SCRIPT TYPE="text/javascript">
<!--
window.focus();
// -->
</SCRIPT>
</BODY>
</HTML>
