2015-10-10 12
<HTML>
<TITLE>University of Wyoming - Radiosonde Data</TITLE>
<BODY BGCOLOR="white">
<H2>96749 WIII Jakarta Observations at 00Z 10 Oct 2015</H2>
<PRE>
-----------------------------------------------------------------------------
   PRES   HGHT   TEMP   DWPT   RELH   MIXR   DRCT   SKNT   THTA   THTE   THTV
    hPa     m      C      C      %    g/kg    deg   knot     K      K      K 
-----------------------------------------------------------------------------
 1012.0      8   24.6   22.1     86  16.86    190      2  296.7  345.6  299.7
 1001.0    103   26.2   21.9     77  16.84    167      6  299.3  348.6  302.3
 1000.0    112   26.0   21.7     77  16.64    165      6  299.1  347.9  302.1
  979.0    298   24.7   21.1     80  16.38    115     12  299.6  347.7  302.6
  946.0    600   22.6   20.1     86  15.96     85     16  300.5  347.4  303.3
  925.0    797   21.2   19.5     90  15.68     85     14  301.0  347.3  303.8
  914.0    900   20.6   18.7     89  15.12     85     14  301.4  346.1  304.2
  850.0   1527   17.2   14.1     82  12.04     85     12  304.1  340.3  306.4
  826.0   1772   16.0   12.6     80  11.22     80     10  305.4  339.2  307.4
  824.0   1792   15.9   12.3     79  11.00     80     10  305.5  338.7  307.5
  806.0   1980   15.2    9.2     67   9.14     58      8  306.7  334.6  308.4
  795.0   2096   14.2    9.0     71   9.17     45      6  306.8  334.8  308.5
  767.0   2397   11.5    8.6     83   9.24     15      4  307.0  335.3  308.8
  746.0   2630    9.4    8.3     93   9.29    278      2  307.2  335.6  308.9
  740.0   2697   10.1    2.2     58   6.11    250      2  308.7  327.8  309.8
  725.0   2868   11.8  -13.2     16   1.92    219     10  312.4  318.8  312.7
  714.0   2995   10.8  -11.2     20   2.29    195     16  312.6  320.2  313.0
  700.0   3160    9.4   -8.6     27   2.87    200     14  312.9  322.3  313.4
  673.0   3485    7.4   -6.6     36   3.48    207      7  314.2  325.6  314.8
  668.0   3546    7.0   -1.0     57   5.35    209      5  314.4  331.6  315.4
  664.0   3596    6.6   -1.7     55   5.11    210      4  314.5  330.9  315.5
  645.0   3834    4.8   -5.2     48   4.05    297      4  315.1  328.3  315.8
  643.0   3859    6.0  -13.0     24   2.20    306      4  316.7  324.1  317.1
  640.0   3897    6.0  -13.8     23   2.06    320      4  317.1  324.1  317.5
  629.0   4039    6.0  -17.0     17   1.61    320      8  318.7  324.3  319.0
  617.0   4195    5.0  -18.2     17   1.49    320     12  319.3  324.5  319.6
  561.0   4965    0.0  -24.0     14   0.99    324      7  322.2  325.8  322.4
  552.0   5094   -0.6  -25.5     13   0.87    325      6  323.0  326.2  323.2
  512.0   5692   -3.1  -32.6      8   0.48    100     10  327.0  328.8  327.1
  500.0   5880   -3.9  -34.9      7   0.40    105     10  328.2  329.8  328.3
  496.0   5943   -4.3  -35.3      7   0.38    106     10  328.5  330.0  328.6
  474.0   6293   -7.0  -36.1      8   0.37    110     12  329.4  330.9  329.5
  456.0   6591   -9.3  -36.7      9   0.36     85     12  330.2  331.6  330.2
  405.0   7505  -16.4  -38.8     13   0.33    130     14  332.3  333.7  332.4
  402.0   7562  -16.9  -38.9     13   0.33    115     12  332.5  333.8  332.5
  400.0   7600  -16.9  -38.9     13   0.33    105     10  332.9  334.3  333.0
  389.0   7809  -17.4  -41.2     11   0.27     60      4  335.0  336.1  335.0
  377.0   8044  -17.9  -43.9      8   0.21     80      6  337.3  338.2  337.3
  359.0   8404  -20.8  -45.0     10   0.19    110      8  338.1  338.9  338.2
  322.0   9203  -27.3  -47.3     13   0.17    110     15  339.9  340.6  339.9
  300.0   9710  -30.3  -52.3     10   0.10    110     19  342.6  343.0  342.6
  268.0  10491  -36.8  -56.8     11   0.07    115     25  344.3  344.6  344.3
  253.0  10889  -40.1  -59.1     11   0.05     98     23  345.1  345.4  345.1
  250.0  10970  -40.7                          95     23  345.4         345.4
  235.0  11380  -44.2                          90     21  346.3         346.3
  200.0  12450  -53.3                         105     17  348.2         348.2
  169.0  13498  -62.0                         105     27  351.0         351.0
  150.0  14240  -68.1                          95     31  352.6         352.6
  147.0  14361  -68.9                          94     32  353.2         353.2
  132.0  14990  -72.5                          90     35  357.8         357.8
  113.0  15899  -77.8                         130     23  364.2         364.2
  110.0  16056  -78.7                         130     23  365.3         365.3
  102.0  16487  -78.4                         115     19  373.9         373.9
  100.0  16600  -78.3                         110     19  376.2         376.2
   97.0  16776  -77.9                         100     17  380.2         380.2
   87.0  17403  -76.6                         130     29  394.8         394.8
   83.0  17674  -76.0                         115     35  401.4         401.4
   79.3  17937  -75.5                         108     26  407.8         407.8
   77.9  18042  -71.9                         106     23  417.3         417.3
   75.0  18268  -70.5                         100     16  424.7         424.7
   71.0  18595  -68.6                         110     14  435.5         435.5
   70.0  18680  -68.1                          80     12  438.4         438.4
   68.8  18784  -66.9                          48     11  443.1         443.1
   67.0  18944  -66.5                           0     10  447.3         447.3
   64.0  19220  -65.8                         320     23  454.7         454.7
   62.6  19353  -65.5                         312     21  458.3         458.3
   58.0  19816  -65.0                         285     16  469.4         469.4
   55.0  20139  -64.7                         285     12  477.4         477.4
   52.9  20375  -64.5                         287     10  483.2         483.2
   50.0  20720  -61.7                         290      8  497.7         497.7
   48.5  20908  -61.1                         301     15  503.4         503.4
   48.0  20972  -61.2                         305     17  504.7         504.7
   41.0  21945  -62.4                         240     17  525.1         525.1
   40.2  22067  -62.5                         222     14  527.7         527.7
   39.0  22256  -61.7                         195     10  534.3         534.3
   38.0  22419  -61.0                         115      4  540.0         540.0
   36.0  22758  -59.6                         175      4  552.2         552.2
   34.0  23116  -58.0                         205      4  565.3         565.3
   31.0  23695  -55.6                         120      4  587.0         587.0
   30.0  23900  -54.7                         105      6  594.9         594.9
   28.1  24320  -52.9                          34     15  611.1         611.1
   28.0  24343  -52.9                          30     16  611.8         611.8
   25.0  25077  -52.5                         300     19  633.1         633.1
   21.0  26204  -51.9                         300     16  667.3         667.3
   20.0  26520  -51.7                         315     14  677.2         677.2
   18.0  27203  -51.7                           0      6  697.9         697.9
   17.0  27573  -51.7                         340      8  709.4         709.4
   16.1  27926  -51.7                         344      8  720.5         720.5
   16.0  27967  -51.4                         345      8  722.8         722.8
   15.3  28258  -49.1                         321     11  739.6         739.6
   15.0                                       310     12                     
</PRE><H3>Station information and sounding indices</H3><PRE>
                         Station identifier: WIII
                             Station number: 96749
                           Observation time: 151010/0000
                           Station latitude: -6.11
                          Station longitude: 106.65
                          Station elevation: 8.0
                            Showalter index: 2.89
                               Lifted index: 0.04
    LIFT computed using virtual temperature: -0.83
                                SWEAT index: 203.21
                                    K index: 17.20
                         Cross totals index: 18.00
                      Vertical totals index: 21.10
                        Totals totals index: 39.10
      Convective Available Potential Energy: 308.90
             CAPE using virtual temperature: 525.58
                      Convective Inhibition: -28.45
             CINS using virtual temperature: -20.20
                           Equilibrum Level: 238.79
 Equilibrum Level using virtual temperature: 238.97
                   Level of Free Convection: 803.50
             LFCT using virtual temperature: 865.12
                     Bulk Richardson Number: 68.24
          Bulk Richardson Number using CAPV: 116.10
  Temp [K] of the Lifted Condensation Level: 293.57
Pres [hPa] of the Lifted Condensation Level: 934.25
   Equivalent potential temp [K] of the LCL: 347.54
     Mean mixed layer potential temperature: 299.34
              Mean mixed layer mixing ratio: 16.47
              1000 hPa to 500 hPa thickness: 5768.00
Precipitable water [mm] for entire sounding: 41.71
</PRE>
<P>Description of the 
<A HREF="/upperair/columns.html">data columns</A>
or <A HREF="/upperair/indices.html">sounding indices</A>.

<P>
<FORM>
<INPUT CLASS="button" TYPE="button" VALUE=" Close this window " 
 onClick="window.close();">
<INPUT CLASS="button" TYPE="button" VALUE=" Select another map " 
 onClick="window.blur();">
</FORM>
<HR SIZE="1">
<I>Interested in graduate studies in atmospheric science?
Check out our program at the
<a href="http://www.uwyo.edu/atsc/howtoapply/"
target=_top>University of Wyoming
</a></I>
<HR SIZE="1"><FONT SIZE="-1">
Questions about the weather data provided by this site can be
addressed to <A HREF="mailto:ldoolman@uwyo.edu">
Larry Oolman (ldoolman@uwyo.edu)</A></FONT>
<HR SIZE="1">
<SCRIPT TYPE="text/javascript">
<!--
window.focus();
// -->
</SCRIPT>
</BODY>
</HTML>
