2014-07-30 00
<HTML>
<TITLE>University of Wyoming - Radiosonde Data</TITLE>
<BODY BGCOLOR="white">
<H2>96749 WIII Jakarta Observations at 00Z 30 Jul 2014</H2>
<PRE>
-----------------------------------------------------------------------------
   PRES   HGHT   TEMP   DWPT   RELH   MIXR   DRCT   SKNT   THTA   THTE   THTV
    hPa     m      C      C      %    g/kg    deg   knot     K      K      K 
-----------------------------------------------------------------------------
 1010.0      8   25.0   22.7     87  17.54    150      6  297.3  348.3  300.4
 1000.0    101   25.8   21.9     79  16.85    140      8  298.9  348.3  302.0
  978.0    297   25.3   19.5     70  14.78    110     12  300.4  343.9  303.0
  965.0    415   25.0   18.0     65  13.64    108     12  301.2  341.6  303.7
  925.0    785   22.0   17.6     76  13.88    100     12  301.8  342.9  304.3
  913.0    898   21.3   17.2     77  13.71    100     12  302.2  342.9  304.7
  852.0   1496   17.5   15.1     86  12.80    155      6  304.3  342.7  306.6
  850.0   1516   17.4   15.0     86  12.77    160      6  304.4  342.7  306.7
  794.0   2097   14.8   11.7     81  10.96    285      4  307.6  340.9  309.6
  790.0   2140   14.6   11.4     81  10.83    279      5  307.8  340.9  309.8
  779.0   2259   14.4   10.6     78  10.41    264      7  308.8  340.7  310.8
  766.0   2402   14.5    2.8     45   6.14    245     10  310.4  329.7  311.5
  743.0   2659   14.6  -11.4     15   2.16    238     11  313.2  320.5  313.6
  702.0   3136   11.4   -3.6     35   4.20    226     12  314.8  328.5  315.6
  700.0   3160   11.4   -5.6     30   3.62    225     12  315.1  327.0  315.8
  691.0   3268   10.8   -6.2     30   3.50    221     10  315.6  327.1  316.2
  689.0   3292   10.6   -6.2     30   3.51    220     10  315.6  327.2  316.3
  649.0   3787    6.6   -6.4     39   3.67    273      8  316.5  328.6  317.2
  640.0   3900    5.8   -6.8     40   3.59    285      8  316.9  328.8  317.6
  617.0   4197    3.6   -8.0     42   3.40    280     10  317.7  329.1  318.4
  580.0   4699    0.0  -10.0     47   3.10    272     10  319.1  329.6  319.8
  573.0   4796    0.0  -16.3     28   1.87    270     10  320.3  326.8  320.6
  569.0   4852    0.0  -20.0     21   1.38    263     10  320.9  325.8  321.2
  552.0   5095   -0.5  -21.8     18   1.22    235     10  323.1  327.5  323.4
  532.0   5389   -1.1  -23.9     16   1.05    225      6  325.8  329.7  326.1
  531.0   5404   -1.1  -24.0     16   1.04    226      6  326.0  329.8  326.2
  512.0   5692   -3.8  -26.1     16   0.89    245      2  326.2  329.5  326.3
  500.0   5880   -5.5  -27.5     16   0.80    145      4  326.3  329.3  326.4
  493.0   5990   -5.8  -30.4     12   0.62     80      6  327.2  329.5  327.3
  484.0   6134   -6.3  -34.3      9   0.43     72      7  328.3  330.0  328.4
  444.0   6803   -9.7  -29.7     18   0.74     35     10  332.2  335.1  332.4
  439.0   6889  -10.2  -31.1     16   0.65     30     10  332.7  335.2  332.8
  422.0   7191  -11.8  -36.2     11   0.41    100     12  334.4  336.0  334.4
  406.0   7486  -13.5  -41.2      8   0.26    125     16  336.0  337.0  336.0
  400.0   7600  -14.1  -43.1      7   0.21    125     17  336.6  337.5  336.6
  390.0   7792  -15.5  -43.5      7   0.21    121     19  337.2  338.1  337.2
  345.0   8693  -22.6  -42.7     14   0.26    100     29  339.6  340.7  339.6
  300.0   9720  -30.7  -41.7     33   0.33     70     35  342.0  343.4  342.1
  293.0   9884  -32.1  -42.7     34   0.30     65     33  342.3  343.5  342.3
  257.0  10793  -40.1  -48.1     42   0.19     53     31  343.6  344.4  343.6
  250.0  10980  -41.5                          50     31  344.2         344.2
  246.0  11086  -42.4                          45     33  344.5         344.5
  200.0  12450  -53.7                          25     31  347.6         347.6
  196.0  12576  -54.6                          30     31  348.1         348.1
  154.0  14076  -65.5                          55     66  354.4         354.4
  150.0  14240  -66.7                          60     64  355.0         355.0
  119.0  15596  -77.3                          95     37  359.7         359.7
  115.0  15796  -78.9                          95     33  360.4         360.4
  107.0  16205  -79.2                          70     21  367.3         367.3
  104.0  16366  -79.3                          73     17  370.1         370.1
  102.0  16477  -78.2                          75     14  374.2         374.2
  100.0  16590  -77.1                          15     12  378.5         378.5
   97.0  16764  -77.1                         260      8  381.8         381.8
   93.6  16968  -77.1                         244      9  385.7         385.7
   87.0  17382  -78.9                         210     12  390.3         390.3
   83.0  17649  -80.0                         255      8  393.3         393.3
   80.7  17808  -80.7                         235     12  395.0         395.0
   79.3  17907  -76.5                         223     14  405.7         405.7
   74.0  18308  -74.2                         175     23  418.7         418.7
   71.0  18548  -72.8                         120     12  426.6         426.6
   70.0  18630  -72.3                          95     12  429.4         429.4
   67.0  18890  -71.0                         310      6  437.5         437.5
   61.8  19371  -68.7                         293      9  452.9         452.9
   58.0  19757  -67.0                         280     12  465.1         465.1
   50.0  20660  -62.9                          90      6  494.8         494.8
   45.0  21310  -62.0                          65     12  512.2         512.2
   42.5  21662  -61.5                          81     17  521.8         521.8
   39.0  22193  -61.9                         105     25  533.8         533.8
   35.5  22774  -62.3                          99     34  547.3         547.3
   33.7  23097  -59.5                          95     39  562.8         562.8
   31.0  23616  -61.1                          90     47  572.2         572.2
   30.0  23820  -61.7                          90     47  575.9         575.9
   29.5  23924  -62.1                          90     48  577.5         577.5
   28.1  24230  -55.9                          90     50  602.8         602.8
   23.0  25512  -53.9                          90     58  644.3         644.3
   22.6  25625  -53.7                          89     57  648.0         648.0
   20.0  26410  -54.5                          80     52  668.6         668.6
   17.7  27190  -55.5                          84     51  689.2         689.2
   17.0  27451  -55.0                          85     51  698.9         698.9
   11.0  30272  -49.2                          95     68  812.5         812.5
   10.0  30890  -47.9                          95     70  839.6         839.6
    9.9  30956  -47.9                                     842.1         842.1
</PRE><H3>Station information and sounding indices</H3><PRE>
                         Station identifier: WIII
                             Station number: 96749
                           Observation time: 140730/0000
                           Station latitude: -6.11
                          Station longitude: 106.65
                          Station elevation: 8.0
                            Showalter index: 0.32
                               Lifted index: -0.48
    LIFT computed using virtual temperature: -1.21
                                SWEAT index: 196.01
                                    K index: 20.90
                         Cross totals index: 20.50
                      Vertical totals index: 22.90
                        Totals totals index: 43.40
      Convective Available Potential Energy: 25.42
             CAPE using virtual temperature: 80.01
                      Convective Inhibition: -204.03
             CINS using virtual temperature: -127.02
                           Equilibrum Level: 489.09
 Equilibrum Level using virtual temperature: 459.99
                   Level of Free Convection: 627.54
             LFCT using virtual temperature: 657.11
                     Bulk Richardson Number: 1.72
          Bulk Richardson Number using CAPV: 5.42
  Temp [K] of the Lifted Condensation Level: 291.92
Pres [hPa] of the Lifted Condensation Level: 909.64
   Equivalent potential temp [K] of the LCL: 344.64
     Mean mixed layer potential temperature: 299.94
              Mean mixed layer mixing ratio: 15.29
              1000 hPa to 500 hPa thickness: 5779.00
Precipitable water [mm] for entire sounding: 41.04
</PRE>
<P>Description of the 
<A HREF="/upperair/columns.html">data columns</A>
or <A HREF="/upperair/indices.html">sounding indices</A>.

<P>
<FORM>
<INPUT CLASS="button" TYPE="button" VALUE=" Close this window " 
 onClick="window.close();">
<INPUT CLASS="button" TYPE="button" VALUE=" Select another map " 
 onClick="window.blur();">
</FORM>
<HR SIZE="1">
<I>Interested in graduate studies in atmospheric science?
Check out our program at the
<a href="http://www.uwyo.edu/atsc/howtoapply/"
target=_top>University of Wyoming
</a></I>
<HR SIZE="1"><FONT SIZE="-1">
Questions about the weather data provided by this site can be
addressed to <A HREF="mailto:ldoolman@uwyo.edu">
Larry Oolman (ldoolman@uwyo.edu)</A></FONT>
<HR SIZE="1">
<SCRIPT TYPE="text/javascript">
<!--
window.focus();
// -->
</SCRIPT>
</BODY>
</HTML>
