2015-02-06 00
<HTML>
<TITLE>University of Wyoming - Radiosonde Data</TITLE>
<BODY BGCOLOR="white">
<H2>96749 WIII Jakarta Observations at 00Z 06 Feb 2015</H2>
<PRE>
-----------------------------------------------------------------------------
   PRES   HGHT   TEMP   DWPT   RELH   MIXR   DRCT   SKNT   THTA   THTE   THTV
    hPa     m      C      C      %    g/kg    deg   knot     K      K      K 
-----------------------------------------------------------------------------
 1011.0      8   24.2   23.2     94  18.08    240      6  296.4  348.7  299.6
 1000.0    108   23.6   22.4     93  17.39    255      8  296.8  347.1  299.8
  978.0    302   22.9   21.4     92  16.71    280     14  297.9  346.6  300.9
  925.0    789   21.0   18.9     88  15.09    280     16  300.8  345.3  303.5
  913.0    902   20.4   18.3     88  14.74    275     16  301.3  344.8  303.9
  882.0   1200   18.8   16.8     89  13.85    275     14  302.6  343.8  305.1
  850.0   1519   17.0   15.2     89  12.94    235      8  303.9  342.7  306.3
  822.0   1801   15.6   13.8     89  12.21    210      6  305.4  342.2  307.6
  794.0   2094   14.2   12.4     89  11.49    245      6  306.9  341.8  309.0
  766.0   2396   12.7   10.9     88  10.77    185      8  308.5  341.4  310.5
  700.0   3156    9.0    7.1     88   9.12    150     10  312.4  340.9  314.1
  688.0   3299    8.3    5.5     83   8.33    150     10  313.1  339.3  314.7
  668.0   3543    7.0    2.9     75   7.11    149      9  314.4  336.9  315.7
  625.0   4088    3.6    0.8     82   6.53    146      8  316.5  337.5  317.8
  616.0   4205    3.0    0.4     83   6.45    145      8  317.1  337.9  318.3
  577.0   4734    0.0   -1.3     91   6.07    136      8  319.6  339.4  320.8
  572.0   4803   -0.4   -1.7     91   5.94    135      8  319.9  339.3  321.1
  531.0   5394   -3.9   -5.2     90   4.91    120     10  322.7  339.1  323.6
  511.0   5699   -5.6   -7.0     90   4.44    145     12  324.1  339.0  325.0
  508.0   5745   -5.9   -7.3     90   4.38    144     13  324.3  339.0  325.2
  503.0   5823   -5.5  -11.5     63   3.17    141     13  325.7  336.6  326.3
  500.0   5870   -6.1  -10.5     71   3.46    140     14  325.5  337.4  326.2
  483.0   6139   -8.1  -14.1     62   2.67    133     14  326.3  335.6  326.8
  477.0   6236   -8.5  -19.5     41   1.72    130     14  327.0  333.1  327.3
  449.0   6702  -10.7  -20.7     44   1.65    118     14  329.9  335.9  330.2
  439.0   6874  -12.1  -15.2     78   2.69    114     14  330.3  339.8  330.8
  435.0   6944  -12.3  -17.2     67   2.29    112     14  330.9  339.1  331.4
  433.0   6979  -12.1  -22.1     43   1.51    111     14  331.6  337.1  331.9
  421.0   7193  -13.7  -18.6     66   2.11    105     14  332.2  339.8  332.6
  415.0   7302  -14.5  -16.8     83   2.49    111     12  332.5  341.4  333.0
  412.0   7357  -14.1  -22.1     51   1.59    113     11  333.7  339.6  334.1
  400.0   7580  -15.9  -20.9     65   1.82    125      8  334.2  340.9  334.6
  388.0   7808  -17.5  -21.9     68   1.72    130      6  335.1  341.4  335.4
  373.0   8103  -19.5  -23.2     73   1.60    120      6  336.2  342.1  336.5
  366.0   8245  -20.5  -23.8     75   1.54    129      6  336.7  342.4  337.0
  358.0   8408  -21.4  -25.6     69   1.33    140      6  337.6  342.6  337.8
  351.0   8554  -22.3  -27.3     64   1.17    133      6  338.3  342.8  338.6
  348.0   8617  -22.7  -25.3     79   1.41    129      6  338.6  343.9  338.9
  344.0   8701  -23.3  -27.2     70   1.20    125      6  338.9  343.4  339.1
  320.0   9228  -27.3  -39.3     31   0.40    146      8  340.4  342.1  340.5
  312.0   9410  -28.5  -42.5     25   0.29    154      9  341.2  342.5  341.3
  300.0   9690  -30.9  -36.9     56   0.54    165     10  341.7  343.9  341.8
  293.0   9858  -32.5  -37.2     63   0.54    169     10  341.8  343.9  341.9
  291.0   9905  -32.9  -37.5     63   0.52    170     10  341.9  344.0  342.0
  279.0  10199  -35.3  -39.5     65   0.44    165     10  342.5  344.3  342.6
  257.0  10771  -40.1  -43.5     70   0.32    105      7  343.6  344.9  343.7
  250.0  10960  -41.5                          85      6  344.2         344.2
  244.0  11120  -42.9                          65      4  344.5         344.5
  234.0  11396  -45.4                          90      4  345.0         345.0
  213.0  12015  -50.8                          60     10  345.8         345.8
  200.0  12430  -54.5                          80     10  346.3         346.3
  194.0  12617  -56.2                          80     12  346.7         346.7
  152.0  14119  -69.6                          80     17  348.7         348.7
  150.0  14200  -70.3                          80     19  348.8         348.8
  137.0  14733  -74.7                          70     13  350.2         350.2
  132.0  14950  -72.5                          66     11  357.9         357.9
  131.0  14994  -72.8                          65     10  358.1         358.1
  124.0  15309  -74.9                         300      6  360.0         360.0
  112.0  15895  -78.8                         290      8  363.3         363.3
  106.0  16212  -80.9                         270     10  365.1         365.1
  101.0  16484  -80.6                         215     10  370.8         370.8
  100.0  16540  -80.5                         205     10  371.9         371.9
   96.0  16769  -80.8                         125      8  375.8         375.8
   91.2  17058  -81.1                          58      8  380.7         380.7
   91.0  17070  -81.2                          55      8  380.8         380.8
   86.0  17385  -83.1                          25     10  383.1         383.1
   83.4  17556  -84.1                          40     14  384.4         384.4
   77.0  17997  -84.0                          35     16  393.6         393.6
   73.8  18232  -83.9                          51     16  398.5         398.5
   73.0  18293  -81.0                          55     16  405.9         405.9
   72.6  18323  -79.5                          54     15  409.7         409.7
   70.0  18530  -78.9                          45     10  415.3         415.3
   69.0  18613  -78.6                          45      8  417.5         417.5
   66.0  18871  -77.8                         135     10  424.6         424.6
   62.0  19233  -76.7                         105     17  434.7         434.7
   56.0  19823  -74.9                         125     19  451.7         451.7
   53.0  20142  -73.9                         115     12  461.1         461.1
   51.0  20365  -73.2                          85     29  467.8         467.8
   50.0  20480  -72.9                          85     31  471.3         471.3
   44.2  21218  -65.5                          92     44  506.2         506.2
   38.0  22136  -66.7                         100     60  525.5         525.5
   36.1  22448  -67.1                          98     61  532.2         532.2
   32.2  23149  -61.5                          93     63  564.9         564.9
   30.0  23590  -59.9                          90     64  580.8         580.8
   26.9  24274  -57.3                          98     62  606.5         606.5
   26.0  24488  -57.4                         100     62  612.0         612.0
   21.5  25684  -58.1                          93     79  644.1         644.1
   20.0  26140  -56.5                          90     86  662.5         662.5
   17.0  27183  -52.1                         100     99  708.0         708.0
   16.7  27297  -51.7                         100     99  713.1         713.1
   16.6  27335  -51.5                                     714.8         714.8
</PRE><H3>Station information and sounding indices</H3><PRE>
                         Station identifier: WIII
                             Station number: 96749
                           Observation time: 150206/0000
                           Station latitude: -6.11
                          Station longitude: 106.65
                          Station elevation: 8.0
                            Showalter index: -0.29
                               Lifted index: -1.86
    LIFT computed using virtual temperature: -2.22
                                SWEAT index: 212.41
                                    K index: 36.40
                         Cross totals index: 21.30
                      Vertical totals index: 23.10
                        Totals totals index: 44.40
      Convective Available Potential Energy: 416.68
             CAPE using virtual temperature: 501.32
                      Convective Inhibition: -26.56
             CINS using virtual temperature: -19.26
                           Equilibrum Level: 202.95
 Equilibrum Level using virtual temperature: 202.84
                   Level of Free Convection: 819.55
             LFCT using virtual temperature: 856.29
                     Bulk Richardson Number: 27.82
          Bulk Richardson Number using CAPV: 33.48
  Temp [K] of the Lifted Condensation Level: 294.47
Pres [hPa] of the Lifted Condensation Level: 963.21
   Equivalent potential temp [K] of the LCL: 346.76
     Mean mixed layer potential temperature: 297.66
              Mean mixed layer mixing ratio: 16.90
              1000 hPa to 500 hPa thickness: 5762.00
Precipitable water [mm] for entire sounding: 58.14
</PRE>
<P>Description of the 
<A HREF="/upperair/columns.html">data columns</A>
or <A HREF="/upperair/indices.html">sounding indices</A>.

<P>
<FORM>
<INPUT CLASS="button" TYPE="button" VALUE=" Close this window " 
 onClick="window.close();">
<INPUT CLASS="button" TYPE="button" VALUE=" Select another map " 
 onClick="window.blur();">
</FORM>
<HR SIZE="1">
<I>Interested in graduate studies in atmospheric science?
Check out our program at the
<a href="http://www.uwyo.edu/atsc/howtoapply/"
target=_top>University of Wyoming
</a></I>
<HR SIZE="1"><FONT SIZE="-1">
Questions about the weather data provided by this site can be
addressed to <A HREF="mailto:ldoolman@uwyo.edu">
Larry Oolman (ldoolman@uwyo.edu)</A></FONT>
<HR SIZE="1">
<SCRIPT TYPE="text/javascript">
<!--
window.focus();
// -->
</SCRIPT>
</BODY>
</HTML>
