2013-03-10 00
<HTML>
<TITLE>University of Wyoming - Radiosonde Data</TITLE>
<BODY BGCOLOR="white">
<H2>96749 WIII Jakarta Observations at 00Z 10 Mar 2013</H2>
<PRE>
-----------------------------------------------------------------------------
   PRES   HGHT   TEMP   DWPT   RELH   MIXR   DRCT   SKNT   THTA   THTE   THTV
    hPa     m      C      C      %    g/kg    deg   knot     K      K      K 
-----------------------------------------------------------------------------
 1011.0      8   25.0   22.9     88  17.74    250     12  297.2  348.8  300.4
 1000.0    102   24.4   21.3     83  16.23    250     12  297.6  344.8  300.4
  978.0    297   23.1   20.6     86  15.86    255     14  298.2  344.4  301.0
  952.0    533   21.6   19.7     89  15.42    260     15  298.9  344.0  301.7
  943.0    616   23.0   20.0     83  15.87    262     15  301.2  348.0  304.0
  925.0    784   22.0   18.6     81  14.80    265     16  301.8  345.7  304.5
  913.0    897   21.3   18.2     82  14.59    265     16  302.2  345.5  304.9
  850.0   1513   17.6   15.8     89  13.46    270     16  304.6  344.9  307.0
  795.0   2084   14.6   12.6     88  11.66    255     17  307.2  342.7  309.4
  794.0   2095   14.6   12.6     88  11.64    255     17  307.3  342.7  309.4
  713.0   2999   10.2    8.0     86   9.52    260     10  312.1  341.7  313.8
  700.0   3154    9.4    7.2     86   9.18    250      6  312.9  341.6  314.6
  663.0   3597    7.0    4.8     86   8.21    205      4  315.1  341.1  316.6
  640.0   3885    5.5    3.3     86   7.62    215      4  316.5  340.8  318.0
  617.0   4183    3.9    1.7     86   7.05    255      2  318.0  340.7  319.4
  594.0   4493    2.2   -0.0     85   6.48    105      4  319.5  340.6  320.8
  572.0   4801    0.5   -1.7     85   5.96    125      2  321.1  340.6  322.2
  565.0   4901    0.0   -2.2     85   5.80    102      2  321.6  340.6  322.7
  551.0   5100   -1.1   -3.3     84   5.46     55      2  322.6  340.7  323.7
  511.0   5697   -4.2   -6.7     83   4.55    180      4  325.8  341.2  326.7
  500.0   5870   -5.1   -7.7     82   4.31    175      6  326.8  341.4  327.6
  456.0   6588  -10.1  -12.2     85   3.32    125      8  329.2  340.8  329.9
  451.0   6673  -10.7  -12.7     85   3.21    124      9  329.5  340.7  330.1
  430.0   7038  -13.9  -15.2     90   2.74    121     11  329.9  339.6  330.5
  429.0   7056  -13.9  -17.7     73   2.23    120     11  330.2  338.1  330.6
  425.0   7128  -11.9  -16.9     66   2.41    120     11  333.6  342.3  334.1
  420.0   7218  -12.1  -21.1     47   1.70    119     12  334.5  340.7  334.8
  411.0   7384  -13.5  -19.5     61   2.00    117     13  334.8  342.0  335.1
  409.0   7421  -13.5  -27.5     30   0.98    117     13  335.2  339.0  335.4
  400.0   7590  -14.5  -25.5     39   1.21    115     14  336.1  340.6  336.3
  383.0   7919  -16.7  -29.7     32   0.86    113     12  337.4  340.7  337.5
  367.0   8238  -19.5  -32.5     31   0.68    111     11  337.8  340.4  337.9
  359.0   8402  -20.5  -26.7     58   1.21    110     10  338.5  343.1  338.8
  356.0   8465  -20.9  -24.5     73   1.49    108      9  338.8  344.4  339.1
  331.0   8994  -24.8  -28.7     70   1.09     90      4  340.6  344.8  340.8
  318.0   9286  -27.0  -31.0     69   0.91    110      4  341.5  345.1  341.7
  305.0   9590  -29.2  -33.4     67   0.76    155      6  342.5  345.5  342.6
  300.0   9710  -30.1  -34.3     67   0.70    145      8  342.8  345.6  343.0
  280.0  10196  -33.9  -38.3     65   0.50    115     10  344.2  346.2  344.3
  277.0  10272  -34.5  -38.9     64   0.48    115     10  344.4  346.3  344.5
  250.0  10980  -39.9  -48.9     38   0.18    120      8  346.6  347.4  346.6
  249.0  11007  -40.1  -49.1     38   0.18    120      8  346.7  347.5  346.7
  246.0  11088  -40.8                         120      8  346.9         346.9
  235.0  11391  -43.5                         145      6  347.4         347.4
  215.0  11981  -48.7                         130      2  348.3         348.3
  200.0  12460  -52.9                         265      2  348.8         348.8
  196.0  12586  -53.9                         295      4  349.2         349.2
  187.0  12878  -56.3                         130      2  350.1         350.1
  178.0  13185  -58.8                          95     12  351.0         351.0
  170.0  13471  -61.1                         100     19  351.7         351.7
  154.0  14086  -66.2                          90     21  353.2         353.2
  150.0  14250  -67.5                          90     27  353.6         353.6
  139.0  14689  -70.8                          90     39  355.6         355.6
  126.0  15256  -75.0                          85     17  358.1         358.1
  119.0  15586  -77.5                         105     27  359.4         359.4
  107.0  16199  -82.1                          75     23  361.9         361.9
  104.0  16363  -83.3                          90     27  362.5         362.5
  102.0  16470  -83.6                         100     29  363.9         363.9
  100.0  16580  -83.9                          95     31  365.4         365.4
   98.3  16675  -84.3                         100     33  366.4         366.4
   91.0  17104  -84.2                          80     25  374.8         374.8
   86.0  17417  -84.1                         120     17  381.1         381.1
   82.0  17682  -84.0                          70      4  386.5         386.5
   78.0  17959  -83.9                          95     12  392.3         392.3
   73.0  18327  -83.8                          95     29  400.0         400.0
   70.0  18560  -83.7                          70     31  405.0         405.0
   69.2  18624  -83.3                          66     29  407.2         407.2
   66.0  18891  -78.8                          50     21  422.6         422.6
   64.2  19047  -76.1                          60     24  431.8         431.8
   59.0  19534  -75.8                          90     33  442.9         442.9
   52.7  20184  -75.5                          93     46  458.2         458.2
   50.4  20443  -72.7                          95     51  470.7         470.7
   50.0  20490  -70.5                          95     52  476.9         476.9
   48.3  20699  -64.1                          95     55  496.9         496.9
   42.9  21426  -63.7                          95     66  515.0         515.0
   42.0  21558  -62.5                          95     68  521.2         521.2
   41.7  21603  -62.0                          95     68  523.3         523.3
   38.2  22150  -56.9                          86     35  549.6         549.6
   38.0  22184  -56.9                          85     33  550.5         550.5
   36.0  22527  -56.6                          40      8  559.8         559.8
   35.0  22706  -56.5                         300     16  564.7         564.7
   34.0  22890  -56.3                         288     16  569.8         569.8
   31.6  23352  -59.3                         257     16  573.8         573.8
   30.0  23680  -56.3                         235     16  590.6         590.6
   29.0  23894  -56.5                         175     17  595.9         595.9
   28.7  23960  -56.5                         171     18  597.5         597.5
   27.0  24351  -55.2                         145     25  611.7         611.7
   25.0  24844  -53.6                         165     12  629.9         629.9
   24.0  25106  -52.7                         110     14  639.8         639.8
   23.0  25379  -51.8                         100     17  650.3         650.3
   22.0  25664  -50.9                         160      4  661.4         661.4
   21.0  25962  -49.9                          65      4  673.2         673.2
   20.0  26280  -48.9                           0      8  685.7         685.7
   17.0  27346  -49.0                         290     16  717.9         717.9
   16.0  27744  -49.1                         305     19  730.2         730.2
   15.0  28167  -49.2                          15      2  743.6         743.6
   14.0  28620  -49.2                         245     16  758.2         758.2
   12.8  29208  -49.3                         201     11  777.6         777.6
   12.0  29635  -46.0                         170      8  803.8         803.8
   11.7  29803  -44.7                         174      7  814.2         814.2
   11.0  30214  -45.2                         185      6  827.0         827.0
   10.0  30850  -45.9                         160     19  847.1         847.1
    9.0  31549  -46.7                         155     23  870.1         870.1
    8.7  31774  -46.9                                     877.6         877.6
</PRE><H3>Station information and sounding indices</H3><PRE>
                         Station identifier: WIII
                             Station number: 96749
                           Observation time: 130310/0000
                           Station latitude: -6.11
                          Station longitude: 106.65
                          Station elevation: 8.0
                            Showalter index: -0.17
                               Lifted index: -0.12
    LIFT computed using virtual temperature: -0.29
                                SWEAT index: 227.61
                                    K index: 36.30
                         Cross totals index: 20.90
                      Vertical totals index: 22.70
                        Totals totals index: 43.60
      Convective Available Potential Energy: 52.80
             CAPE using virtual temperature: 74.90
                      Convective Inhibition: -113.14
             CINS using virtual temperature: -96.51
                           Equilibrum Level: 426.13
 Equilibrum Level using virtual temperature: 425.83
                   Level of Free Convection: 639.47
             LFCT using virtual temperature: 673.02
                     Bulk Richardson Number: 20.40
          Bulk Richardson Number using CAPV: 28.93
  Temp [K] of the Lifted Condensation Level: 293.39
Pres [hPa] of the Lifted Condensation Level: 946.68
   Equivalent potential temp [K] of the LCL: 344.79
     Mean mixed layer potential temperature: 298.04
              Mean mixed layer mixing ratio: 16.07
              1000 hPa to 500 hPa thickness: 5768.00
Precipitable water [mm] for entire sounding: 59.76
</PRE>
<P>Description of the 
<A HREF="/upperair/columns.html">data columns</A>
or <A HREF="/upperair/indices.html">sounding indices</A>.

<P>
<FORM>
<INPUT CLASS="button" TYPE="button" VALUE=" Close this window " 
 onClick="window.close();">
<INPUT CLASS="button" TYPE="button" VALUE=" Select another map " 
 onClick="window.blur();">
</FORM>
<HR SIZE="1">
<I>Interested in graduate studies in atmospheric science?
Check out our program at the
<a href="http://www.uwyo.edu/atsc/howtoapply/"
target=_top>University of Wyoming
</a></I>
<HR SIZE="1"><FONT SIZE="-1">
Questions about the weather data provided by this site can be
addressed to <A HREF="mailto:ldoolman@uwyo.edu">
Larry Oolman (ldoolman@uwyo.edu)</A></FONT>
<HR SIZE="1">
<SCRIPT TYPE="text/javascript">
<!--
window.focus();
// -->
</SCRIPT>
</BODY>
</HTML>
