2015-12-18 00
<HTML>
<TITLE>University of Wyoming - Radiosonde Data</TITLE>
<BODY BGCOLOR="white">
<H2>96749 WIII Jakarta Observations at 00Z 18 Dec 2015</H2>
<PRE>
-----------------------------------------------------------------------------
   PRES   HGHT   TEMP   DWPT   RELH   MIXR   DRCT   SKNT   THTA   THTE   THTV
    hPa     m      C      C      %    g/kg    deg   knot     K      K      K 
-----------------------------------------------------------------------------
 1010.0      8   23.8   22.4     92  17.21    210      3  296.1  345.9  299.1
 1000.0     99   24.2   20.9     82  15.83    225      6  297.4  343.3  300.2
  977.0    303   24.0   21.1     84  16.43    265     12  299.1  347.2  302.1
  958.0    476   23.8   21.3     86  16.96    289     14  300.6  350.6  303.7
  945.0    596   23.2   20.3     84  16.17    305     16  301.1  348.9  304.1
  925.0    783   22.2   18.8     81  15.00    305     17  302.0  346.5  304.7
  913.0    896   21.5   18.0     80  14.45    305     17  302.4  345.4  305.1
  850.0   1514   17.8   13.7     77  11.72    300     21  304.8  340.1  306.9
  805.0   1979   15.4   10.8     74  10.20    288     17  307.0  338.1  308.9
  794.0   2095   14.9   10.2     74   9.96    285     16  307.6  338.1  309.5
  766.0   2398   13.5    8.8     73   9.36    290      8  309.3  338.1  311.1
  740.0   2689   12.1    7.4     73   8.80    315      2  310.9  338.3  312.6
  715.0   2979   10.8    6.0     72   8.27     11      2  312.5  338.4  314.1
  700.0   3156    9.4    5.6     77   8.21     45      2  312.9  338.6  314.4
  688.0   3297    8.5    5.1     79   8.05     70      2  313.4  338.8  315.0
  664.0   3588    6.8    4.0     82   7.73    230      2  314.6  339.1  316.1
  640.0   3889    4.9    2.9     87   7.41    250      6  315.9  339.5  317.3
  617.0   4189    3.1    1.8     91   7.09    290      8  317.1  339.9  318.5
  594.0   4500    1.2    0.6     96   6.78    290     10  318.4  340.3  319.7
  574.0   4775    0.0   -0.6     96   6.42    290     12  320.1  341.0  321.3
  573.0   4789   -0.1   -0.7     96   6.40    290     12  320.2  341.1  321.4
  511.0   5697   -4.8   -5.0     99   5.20    265     17  325.1  342.5  326.1
  500.0   5870   -5.7   -5.8     99   4.99    265     17  326.0  342.8  327.0
  456.0   6581   -9.9  -10.5     95   3.80    265     14  329.5  342.6  330.3
  406.0   7477  -15.1  -16.4     90   2.63    294      8  333.9  343.3  334.4
  405.0   7496  -15.2  -16.5     90   2.62    295      8  333.9  343.3  334.4
  400.0   7590  -15.9  -16.9     92   2.56    290      8  334.2  343.4  334.8
  374.0   8084  -19.3  -20.6     89   2.00    265     10  336.2  343.6  336.7
  359.0   8385  -21.3  -22.8     88   1.71    275     10  337.5  343.8  337.8
  331.0   8981  -25.4  -27.2     85   1.25    200      8  339.8  344.5  340.1
  317.0   9299  -27.6  -29.6     83   1.04    125      4  341.0  345.0  341.2
  305.0   9582  -29.5  -31.7     81   0.89    104      5  342.1  345.5  342.2
  300.0   9700  -30.5  -32.8     80   0.81     95      6  342.3  345.5  342.4
  292.0   9888  -32.0  -35.3     72   0.65     90      6  342.9  345.5  343.0
  252.0  10916  -39.9  -48.9     38   0.18     62     10  345.8  346.6  345.9
  250.0  10970  -40.5                          60     10  345.7         345.7
  245.0  11103  -41.7                          55     10  346.0         346.0
  214.0  11994  -49.4                          80      8  347.6         347.6
  205.0  12277  -51.9                         105     12  348.0         348.0
  200.0  12440  -53.3                         100     14  348.2         348.2
  178.0  13165  -59.5                          75     23  349.8         349.8
  150.0  14230  -68.7                          95     27  351.6         351.6
  146.0  14388  -69.8                          90     29  352.3         352.3
  120.0  15534  -78.1                          72     61  357.5         357.5
  112.0  15925  -79.9                          65     72  361.3         361.3
  111.0  15976  -80.1                          65     68  361.8         361.8
  107.0  16184  -78.3                          55     45  369.0         369.0
  100.0  16570  -78.3                          10     21  376.2         376.2
   96.0  16800  -79.7                         345     14  377.9         377.9
   91.0  17101  -81.5                         275      6  380.1         380.1
   89.4  17201  -82.1                         261      7  380.9         380.9
   82.0  17692  -79.7                         195     10  395.3         395.3
   78.0  17976  -78.3                         180     10  403.9         403.9
   74.0  18275  -76.8                         250      8  413.1         413.1
   70.0  18590  -75.3                         275      8  423.0         423.0
   69.6  18623  -74.9                         275      8  424.5         424.5
   65.8  18953  -71.9                         279      8  437.9         437.9
   64.9  19035  -67.7                         280      8  448.8         448.8
   60.0  19506  -68.7                         285      8  456.8         456.8
   57.0  19814  -69.3                         310     10  462.1         462.1
   54.0  20138  -70.0                           0     10  467.8         467.8
   53.4  20205  -70.1                         355     11  469.0         469.0
   50.0  20600  -67.3                         325     16  484.5         484.5
   49.0  20724  -66.6                         320     16  488.9         488.9
   47.0  20979  -65.2                         310     14  498.1         498.1
   42.0  21668  -61.5                         335     10  523.6         523.6
   39.1  22107  -59.1                         314     14  540.4         540.4
   30.0  23760  -59.5                         235     31  581.9         581.9
   29.0  23972  -59.5                         230     31  587.5         587.5
   28.2  24147  -59.5                         225     26  592.2         592.2
   26.0  24662  -57.7                         210     10  611.1         611.1
   25.0  24911  -56.9                         300     16  620.5         620.5
   24.0  25169  -56.0                         300      4  630.3         630.3
   23.0  25439  -55.1                          20      6  640.8         640.8
   22.0  25721  -54.1                         315     16  651.8         651.8
   20.0  26330  -55.9                         270     21  664.3         664.3
   18.1  26967  -54.7                         246     30  687.3         687.3
   18.0  27003  -54.6                         245     31  688.8         688.8
   16.0  27762  -52.3                         170     10  719.9         719.9
   15.7  27884  -51.9                         151     13  725.0         725.0
   15.0  28182  -47.9                         105     19  747.8         747.8
   14.0  28643  -47.0                          60     17  765.8         765.8
   13.0  29138  -46.0                          75     16  785.6         785.6
   12.0  29672  -44.9                          65     21  807.5         807.5
   10.0  30890  -42.5                          95     41  859.8         859.8
    9.0  31603  -42.0                          90     56  887.9         887.9
    8.4  32069  -41.7                                     906.8         906.8
</PRE><H3>Station information and sounding indices</H3><PRE>
                         Station identifier: WIII
                             Station number: 96749
                           Observation time: 151218/0000
                           Station latitude: -6.11
                          Station longitude: 106.65
                          Station elevation: 8.0
                            Showalter index: 1.17
                               Lifted index: -1.42
    LIFT computed using virtual temperature: -1.52
                                SWEAT index: 223.39
                                    K index: 33.40
                         Cross totals index: 19.40
                      Vertical totals index: 23.50
                        Totals totals index: 42.90
      Convective Available Potential Energy: 277.57
             CAPE using virtual temperature: 314.26
                      Convective Inhibition: -93.56
             CINS using virtual temperature: -59.20
                           Equilibrum Level: 283.90
 Equilibrum Level using virtual temperature: 283.22
                   Level of Free Convection: 703.46
             LFCT using virtual temperature: 780.81
                     Bulk Richardson Number: 111.19
          Bulk Richardson Number using CAPV: 125.88
  Temp [K] of the Lifted Condensation Level: 293.69
Pres [hPa] of the Lifted Condensation Level: 942.96
   Equivalent potential temp [K] of the LCL: 346.63
     Mean mixed layer potential temperature: 298.67
              Mean mixed layer mixing ratio: 16.44
              1000 hPa to 500 hPa thickness: 5771.00
Precipitable water [mm] for entire sounding: 58.44
</PRE>
<P>Description of the 
<A HREF="/upperair/columns.html">data columns</A>
or <A HREF="/upperair/indices.html">sounding indices</A>.

<P>
<FORM>
<INPUT CLASS="button" TYPE="button" VALUE=" Close this window " 
 onClick="window.close();">
<INPUT CLASS="button" TYPE="button" VALUE=" Select another map " 
 onClick="window.blur();">
</FORM>
<HR SIZE="1">
<I>Interested in graduate studies in atmospheric science?
Check out our program at the
<a href="http://www.uwyo.edu/atsc/howtoapply/"
target=_top>University of Wyoming
</a></I>
<HR SIZE="1"><FONT SIZE="-1">
Questions about the weather data provided by this site can be
addressed to <A HREF="mailto:ldoolman@uwyo.edu">
Larry Oolman (ldoolman@uwyo.edu)</A></FONT>
<HR SIZE="1">
<SCRIPT TYPE="text/javascript">
<!--
window.focus();
// -->
</SCRIPT>
</BODY>
</HTML>
