2013-06-01 12
<HTML>
<TITLE>University of Wyoming - Radiosonde Data</TITLE>
<BODY BGCOLOR="white">
<H2>96749 WIII Jakarta Observations at 00Z 01 Jun 2013</H2>
<PRE>
-----------------------------------------------------------------------------
   PRES   HGHT   TEMP   DWPT   RELH   MIXR   DRCT   SKNT   THTA   THTE   THTV
    hPa     m      C      C      %    g/kg    deg   knot     K      K      K 
-----------------------------------------------------------------------------
 1006.0      8   25.4   23.8     91  18.86    260     10  298.0  353.0  301.4
 1000.0     67   25.8   23.1     85  18.17    260     12  298.9  352.1  302.2
  976.0    282   26.8   20.8     70  16.12    251     17  302.0  349.9  304.9
  974.0    300   26.7   20.7     70  16.05    250     17  302.1  349.8  305.0
  925.0    755   24.2   18.2     69  14.43    265     17  304.1  347.2  306.7
  910.0    897   23.0   17.7     72  14.20    270     17  304.3  346.8  306.9
  850.0   1490   18.2   15.6     85  13.29    270     14  305.2  345.2  307.6
  820.0   1794   16.5   14.0     85  12.42    270     17  306.5  344.1  308.8
  791.0   2099   14.7   12.4     86  11.59    285     17  307.8  343.2  310.0
  720.0   2896   10.2    8.3     88   9.63    277     16  311.2  341.1  313.0
  700.0   3130    9.0    6.8     86   8.93    275     16  312.4  340.3  314.1
  614.0   4206    2.8    0.2     83   6.36    275     23  317.1  337.6  318.4
  607.0   4300    2.2   -0.4     83   6.16    274     22  317.6  337.5  318.8
  560.0   4950    0.0   -5.0     69   4.74    267     17  322.4  338.1  323.3
  550.0   5093   -0.9   -5.5     71   4.65    265     16  322.9  338.5  323.9
  510.0   5693   -4.7   -7.5     81   4.30    310      8  325.4  339.9  326.2
  500.0   5850   -5.7   -8.0     84   4.21    315      6  326.0  340.3  326.9
  491.0   5992   -6.2   -8.9     81   3.98    315      4  327.2  340.8  327.9
  473.0   6284   -7.1  -10.9     74   3.54    230     10  329.5  341.8  330.2
  472.0   6300   -7.2  -11.1     74   3.51    225     10  329.6  341.8  330.3
  454.0   6599   -9.2  -13.7     69   2.93    205      8  330.8  341.1  331.4
  437.0   6891  -11.1  -16.4     65   2.45    205      4  332.0  340.8  332.5
  420.0   7196  -13.1  -19.1     60   2.02    145      4  333.2  340.6  333.7
  404.0   7494  -15.0  -21.8     56   1.66     55      8  334.4  340.6  334.8
  400.0   7570  -15.5  -22.5     55   1.58     55      8  334.8  340.6  335.1
  388.0   7799  -16.8  -25.3     48   1.27     55      8  335.9  340.7  336.2
  373.0   8095  -18.6  -28.8     40   0.95     25      2  337.4  341.1  337.6
  367.0   8217  -19.3  -30.3     37   0.84     27      2  338.0  341.3  338.2
  358.0   8401  -20.4  -31.4     37   0.78     30      2  339.0  342.0  339.1
  354.0   8485  -20.9  -31.9     37   0.75     45      3  339.4  342.3  339.5
  344.0   8693  -22.4  -35.3     30   0.56     85      6  340.2  342.4  340.3
  300.0   9690  -29.3  -51.3     10   0.11     95     10  344.0  344.5  344.0
  291.0   9905  -31.2  -52.4     11   0.10    105     12  344.2  344.7  344.2
  279.0  10203  -33.9  -53.9     11   0.09     95     13  344.6  344.9  344.6
  252.0  10906  -40.1  -58.1     13   0.06     72     16  345.5  345.8  345.5
  250.0  10960  -40.3                          70     16  346.0         346.0
  234.0  11399  -44.1                          60     17  346.9         346.9
  200.0  12440  -53.1                          55     19  348.5         348.5
  169.0  13482  -62.1                          50     21  350.7         350.7
  150.0  14220  -68.5                          70     17  351.9         351.9
  119.0  15566  -78.0                         125     10  358.4         358.4
  110.0  16023  -81.3                         140     25  360.4         360.4
  107.0  16179  -81.1                         135     23  363.8         363.8
  100.0  16560  -80.5                         105     25  371.9         371.9
   88.5  17248  -81.1                          65     20  384.0         384.0
   86.0  17411  -79.2                          55     19  390.9         390.9
   82.0  17683  -76.0                         130      2  402.8         402.8
   80.6  17782  -74.9                         149      6  407.1         407.1
   78.0  17972  -74.9                         185     14  410.9         410.9
   74.0  18278  -74.9                         135     17  417.1         417.1
   70.0  18600  -74.9                         110     31  423.8         423.8
   68.9  18692  -75.3                         106     32  424.9         424.9
   61.8  19332  -69.3                          82     37  451.6         451.6
   60.0  19508  -69.8                          75     39  454.3         454.3
   57.0  19813  -70.7                          65     37  458.9         458.9
   56.4  19876  -70.9                          70     36  459.9         459.9
   50.0  20600  -65.3                         125     29  489.2         489.2
   49.0  20724  -64.7                         130     29  493.4         493.4
   45.0  21246  -62.3                         110     19  511.5         511.5
   43.5  21454  -61.3                         185     11  518.8         518.8
   43.0  21526  -61.2                         210      8  520.9         520.9
   41.0  21823  -60.6                         265     12  529.5         529.5
   37.0  22464  -59.3                         225     16  548.6         548.6
   33.0  23179  -57.8                         260     19  570.6         570.6
   31.6  23450  -57.3                         260     17  579.2         579.2
   30.0  23780  -53.9                         260     14  597.1         597.1
   28.4  24135  -49.7                         276     32  618.1         618.1
   28.0  24227  -50.1                         280     37  619.6         619.6
   25.1  24935  -52.9                         275     47  631.2         631.2
   24.0  25226  -52.1                         275     49  641.5         641.5
   22.0  25791  -50.7                         280     35  662.0         662.0
   20.0  26410  -49.1                         280     49  685.1         685.1
   17.0  27486  -48.0                         260     66  721.3         721.3
   14.0  28772  -46.6                         295     51  767.0         767.0
   12.0  29793  -45.6                         285     51  805.3         805.3
   11.0  30369  -45.0                         265     62  827.8         827.8
   10.0  31000  -44.3                         275     64  853.1         853.1
    9.0  31709  -43.1                         275     76  883.7         883.7
    8.9  31785  -43.0                         275     76  887.1         887.1
    8.1  32419  -41.9                         273     69  915.5         915.5
    7.5  32939  -43.1                         271     63  931.0         931.0
    7.0  33408  -40.7                         270     58  959.3         959.3
    6.6  33808  -38.7                                     984.1         984.1
</PRE><H3>Station information and sounding indices</H3><PRE>
                         Station identifier: WIII
                             Station number: 96749
                           Observation time: 130601/0000
                           Station latitude: -6.11
                          Station longitude: 106.65
                          Station elevation: 8.0
                            Showalter index: -0.85
                               Lifted index: -2.72
    LIFT computed using virtual temperature: -3.05
                                SWEAT index: 221.21
                                    K index: 37.30
                         Cross totals index: 21.30
                      Vertical totals index: 23.90
                        Totals totals index: 45.20
      Convective Available Potential Energy: 665.94
             CAPE using virtual temperature: 778.13
                      Convective Inhibition: -69.87
             CINS using virtual temperature: -55.51
                           Equilibrum Level: 182.30
 Equilibrum Level using virtual temperature: 181.44
                   Level of Free Convection: 813.40
             LFCT using virtual temperature: 837.08
                     Bulk Richardson Number: 202.78
          Bulk Richardson Number using CAPV: 236.94
  Temp [K] of the Lifted Condensation Level: 293.31
Pres [hPa] of the Lifted Condensation Level: 911.57
   Equivalent potential temp [K] of the LCL: 350.18
     Mean mixed layer potential temperature: 301.19
              Mean mixed layer mixing ratio: 16.65
              1000 hPa to 500 hPa thickness: 5783.00
Precipitable water [mm] for entire sounding: 57.11
</PRE>
<P>Description of the 
<A HREF="/upperair/columns.html">data columns</A>
or <A HREF="/upperair/indices.html">sounding indices</A>.

<P>
<FORM>
<INPUT CLASS="button" TYPE="button" VALUE=" Close this window " 
 onClick="window.close();">
<INPUT CLASS="button" TYPE="button" VALUE=" Select another map " 
 onClick="window.blur();">
</FORM>
<HR SIZE="1">
<I>Interested in graduate studies in atmospheric science?
Check out our program at the
<a href="http://www.uwyo.edu/atsc/howtoapply/"
target=_top>University of Wyoming
</a></I>
<HR SIZE="1"><FONT SIZE="-1">
Questions about the weather data provided by this site can be
addressed to <A HREF="mailto:ldoolman@uwyo.edu">
Larry Oolman (ldoolman@uwyo.edu)</A></FONT>
<HR SIZE="1">
<SCRIPT TYPE="text/javascript">
<!--
window.focus();
// -->
</SCRIPT>
</BODY>
</HTML>
