2014-07-02 12
<HTML>
<TITLE>University of Wyoming - Radiosonde Data</TITLE>
<BODY BGCOLOR="white">
<H2>96749 WIII Jakarta Observations at 00Z 02 Jul 2014</H2>
<PRE>
-----------------------------------------------------------------------------
   PRES   HGHT   TEMP   DWPT   RELH   MIXR   DRCT   SKNT   THTA   THTE   THTV
    hPa     m      C      C      %    g/kg    deg   knot     K      K      K 
-----------------------------------------------------------------------------
 1011.0      8   24.2   22.5     90  17.30    170      5  296.4  346.5  299.5
 1000.0    109   25.4   21.9     81  16.85    150      6  298.6  347.8  301.6
  985.0    242   25.4   21.1     77  16.28    129      9  299.8  347.7  302.8
  979.0    296   25.0   20.8     77  16.09    120     10  300.0  347.3  302.9
  925.0    792   21.6   18.2     81  14.43    105     10  301.4  344.1  304.0
  914.0    895   20.9   17.6     82  14.10    105     10  301.7  343.5  304.2
  852.0   1502   16.7   14.4     86  12.26    115      6  303.5  340.1  305.7
  850.0   1522   16.6   14.3     86  12.20    110      6  303.5  340.0  305.7
  823.0   1797   15.2   13.0     87  11.56     95      8  304.8  339.6  306.9
  809.0   1943   14.4   12.3     87  11.23    100      7  305.5  339.4  307.6
  800.0   2037   14.6    9.6     72   9.46    103      6  306.7  335.6  308.4
  794.0   2101   14.2   10.6     79  10.21    105      6  306.9  338.0  308.8
  783.0   2219   14.2    6.2     59   7.65    117      5  308.1  331.8  309.6
  766.0   2404   13.2    6.3     63   7.88    135      4  309.0  333.4  310.5
  752.0   2559   12.4    6.4     67   8.08    107      3  309.8  334.9  311.3
  741.0   2683   13.0   -2.0     35   4.48     84      2  311.7  326.1  312.6
  739.0   2706   12.8   -2.1     35   4.45     80      2  311.8  326.1  312.6
  713.0   3005   10.4   -3.9     36   4.04    145      2  312.4  325.4  313.1
  700.0   3158    9.2   -4.8     37   3.84    140      4  312.6  325.1  313.4
  689.0   3289    8.2   -3.8     42   4.21    137      7  312.9  326.6  313.7
  681.0   3385    7.4    0.4     61   5.82    135      9  313.1  331.6  314.2
  672.0   3495    7.4   -5.6     39   3.77    132     12  314.3  326.6  315.0
  663.0   3605    6.7   -1.7     55   5.13    130     14  314.7  331.3  315.7
  654.0   3718    6.0    2.3     77   6.96    134     15  315.2  337.3  316.5
  650.0   3768    6.6   -1.4     57   5.34    136     16  316.4  333.7  317.4
  640.0   3895    5.7   -2.3     56   5.08    140     17  316.8  333.3  317.8
  630.0   4024    4.8   -3.2     56   4.82    155     11  317.2  332.9  318.1
  627.0   4063    5.6  -10.4     31   2.78    160     10  318.5  327.9  319.1
  617.0   4193    5.0  -11.9     28   2.51    175      4  319.2  327.8  319.7
  594.0   4500    3.4  -15.3     24   1.97    100      2  320.9  327.8  321.3
  572.0   4805    1.9  -18.8     20   1.53    170      2  322.6  328.1  322.9
  551.0   5107    0.4  -22.2     17   1.18     15      6  324.3  328.6  324.5
  546.0   5181    0.0  -23.0     16   1.11     17      6  324.7  328.7  324.9
  537.0   5314   -0.1  -19.1     22   1.58     20      7  326.1  331.8  326.4
  511.0   5708   -3.3  -15.7     38   2.21     30     10  326.9  334.7  327.3
  502.0   5849   -4.5  -14.5     46   2.49     59      8  327.1  335.8  327.6
  500.0   5880   -4.5  -16.5     39   2.12     65      8  327.5  335.0  327.9
  495.0   5959   -4.7  -32.7      9   0.50     81      8  328.2  330.1  328.3
  492.0   6007   -5.1  -30.6     12   0.61     90      8  328.3  330.6  328.4
  476.0   6267   -7.1  -19.1     38   1.78     73     11  328.9  335.3  329.3
  461.0   6517   -8.7  -15.7     57   2.46     56     15  329.9  338.6  330.4
  456.0   6601   -9.1  -16.3     56   2.36     50     16  330.4  338.8  330.9
  432.0   7020  -11.3  -19.3     52   1.93     66     20  332.8  339.8  333.2
  426.0   7128  -11.1  -25.1     31   1.18     70     21  334.4  338.8  334.6
  405.0   7515  -14.0  -31.2     22   0.70     85     25  335.5  338.2  335.7
  400.0   7610  -14.7  -32.7     20   0.61     85     25  335.8  338.2  335.9
  391.0   7782  -15.5  -42.5      8   0.23     87     25  336.9  337.9  337.0
  345.0   8704  -22.3  -49.3      7   0.12     95     23  340.0  340.6  340.1
  319.0   9281  -26.5  -53.5      6   0.08    108     28  341.9  342.2  341.9
  305.0   9602  -29.4  -55.0      7   0.07    115     31  342.2  342.5  342.2
  300.0   9720  -30.5  -55.5      7   0.07    115     29  342.3  342.6  342.3
  260.0  10722  -40.1  -51.1     30   0.13    119     21  342.4  343.0  342.5
  250.0  10990  -42.3                         120     19  343.0         343.0
  235.0  11398  -45.4                         120     21  344.6         344.6
  200.0  12460  -53.3                          75     37  348.2         348.2
  196.0  12586  -54.4                          75     41  348.5         348.5
  178.0  13185  -59.4                          70     47  350.0         350.0
  154.0  14086  -66.9                          80     47  351.9         351.9
  150.0  14250  -68.3                          80     45  352.2         352.2
  132.0  14998  -73.5                         105     27  356.1         356.1
  126.0  15271  -75.4                         100     33  357.4         357.4
  122.0  15459  -76.7                          90     27  358.3         358.3
  119.0  15602  -76.6                          75     17  361.0         361.0
  113.0  15899  -76.5                         310      8  366.6         366.6
  107.0  16212  -76.4                         250     12  372.6         372.6
  103.0  16431  -76.3                         250     12  376.9         376.9
  102.0  16486  -76.5                         250     12  377.5         377.5
  100.0  16600  -76.9                         260     12  378.9         378.9
   97.0  16775  -76.9                         280     14  382.2         382.2
   92.0  17079  -76.9                         215      6  388.0         388.0
   87.0  17400  -76.9                         225      8  394.3         394.3
   84.1  17595  -76.9                         203      5  398.1         398.1
   83.0  17671  -75.9                         195      4  401.6         401.6
   81.2  17798  -74.3                         177      6  407.5         407.5
   76.1  18174  -76.9                         122     11  409.6         409.6
   75.0  18258  -76.0                         110     12  413.2         413.2
   71.0  18577  -72.8                         290      2  426.7         426.7
   70.0  18660  -71.9                         285      4  430.2         430.2
   67.0  18922  -68.9                         260      8  442.2         442.2
   65.1  19094  -66.9                         257     11  450.2         450.2
   61.0  19485  -67.5                         250     19  457.2         457.2
   58.0  19788  -68.0                         275     27  462.7         462.7
   50.1  20668  -69.5                         275     27  479.0         479.0
   50.0  20680  -69.3                         275     27  479.8         479.8
   47.0  21056  -67.0                         270     23  493.8         493.8
   45.0  21321  -65.4                         245     12  503.8         503.8
   43.0  21597  -63.8                          95     12  514.5         514.5
   41.1  21872  -62.1                          95     17  525.3         525.3
   35.0  22864  -63.0                          95     37  547.7         547.7
   33.0  23227  -63.3                          90     44  556.1         556.1
   31.0  23616  -60.0                          85     52  575.0         575.0
   30.0  23820  -58.3                          90     52  585.1         585.1
   26.0  24730  -53.3                          94     55  623.7         623.7
   25.0  24981  -53.6                          95     56  629.8         629.8
   20.0  26410  -55.5                         105     58  665.5         665.5
   19.8  26474  -55.7                         105     57  666.9         666.9
   17.5  27269  -49.9                          99     50  709.2         709.2
   16.0  27859  -47.5                          95     45  735.3         735.3
   14.8  28373  -45.5                          89     46  758.7         758.7
   13.0  29242  -44.4                          80     47  791.2         791.2
   11.0  30361  -42.9                         100     41  835.1         835.1
   10.0  31000  -42.1                          95     41  861.3         861.3
    9.0  31716  -40.7                          70     51  893.0         893.0
    8.6  32024  -40.1                          84     43  907.0         907.0
    8.0  32514  -42.1                         105     31  918.0         918.0
    7.6  32862  -43.5                                     925.9         925.9
</PRE><H3>Station information and sounding indices</H3><PRE>
                         Station identifier: WIII
                             Station number: 96749
                           Observation time: 140702/0000
                           Station latitude: -6.11
                          Station longitude: 106.65
                          Station elevation: 8.0
                            Showalter index: 2.39
                               Lifted index: -0.36
    LIFT computed using virtual temperature: -0.94
                                SWEAT index: 191.61
                                    K index: 21.40
                         Cross totals index: 18.80
                      Vertical totals index: 21.10
                        Totals totals index: 39.90
      Convective Available Potential Energy: 152.78
             CAPE using virtual temperature: 303.12
                      Convective Inhibition: -31.54
             CINS using virtual temperature: -23.28
                           Equilibrum Level: 219.89
 Equilibrum Level using virtual temperature: 219.79
                   Level of Free Convection: 860.95
             LFCT using virtual temperature: 874.61
                     Bulk Richardson Number: 137.76
          Bulk Richardson Number using CAPV: 273.32
  Temp [K] of the Lifted Condensation Level: 293.31
Pres [hPa] of the Lifted Condensation Level: 930.79
   Equivalent potential temp [K] of the LCL: 347.01
     Mean mixed layer potential temperature: 299.40
              Mean mixed layer mixing ratio: 16.27
              1000 hPa to 500 hPa thickness: 5771.00
Precipitable water [mm] for entire sounding: 44.28
</PRE>
<P>Description of the 
<A HREF="/upperair/columns.html">data columns</A>
or <A HREF="/upperair/indices.html">sounding indices</A>.

<P>
<FORM>
<INPUT CLASS="button" TYPE="button" VALUE=" Close this window " 
 onClick="window.close();">
<INPUT CLASS="button" TYPE="button" VALUE=" Select another map " 
 onClick="window.blur();">
</FORM>
<HR SIZE="1">
<I>Interested in graduate studies in atmospheric science?
Check out our program at the
<a href="http://www.uwyo.edu/atsc/howtoapply/"
target=_top>University of Wyoming
</a></I>
<HR SIZE="1"><FONT SIZE="-1">
Questions about the weather data provided by this site can be
addressed to <A HREF="mailto:ldoolman@uwyo.edu">
Larry Oolman (ldoolman@uwyo.edu)</A></FONT>
<HR SIZE="1">
<SCRIPT TYPE="text/javascript">
<!--
window.focus();
// -->
</SCRIPT>
</BODY>
</HTML>
