2015-06-22 12
<HTML>
<TITLE>University of Wyoming - Radiosonde Data</TITLE>
<BODY BGCOLOR="white">
<H2>96749 WIII Jakarta Observations at 00Z 22 Jun 2015</H2>
<PRE>
-----------------------------------------------------------------------------
   PRES   HGHT   TEMP   DWPT   RELH   MIXR   DRCT   SKNT   THTA   THTE   THTV
    hPa     m      C      C      %    g/kg    deg   knot     K      K      K 
-----------------------------------------------------------------------------
 1011.0      8   25.0   23.2     90  18.08    230      6  297.2  349.7  300.4
 1000.0    103   25.8   23.7     88  18.86    240      6  298.9  354.2  302.3
  978.0    299   24.9   22.9     88  18.30    265      4  300.0  353.8  303.3
  969.0    381   24.6   22.5     88  18.07    269      4  300.4  353.7  303.7
  945.0    601   23.5   20.8     85  16.69    280      4  301.5  350.9  304.5
  925.0    788   22.6   19.4     82  15.58    230      6  302.4  348.7  305.2
  913.0    901   21.9   18.7     82  15.13    195      6  302.8  347.8  305.6
  882.0   1201   20.0   17.0     83  14.00     85      4  303.9  345.7  306.4
  850.0   1521   18.0   15.1     83  12.86    100      6  305.0  343.6  307.3
  823.0   1795   16.6   13.5     82  11.97    125      6  306.3  342.5  308.5
  794.0   2100   15.0   11.8     81  11.04    105      6  307.7  341.4  309.8
  766.0   2405   13.4   10.0     80  10.16     30      2  309.2  340.4  311.1
  743.0   2664   12.0    8.5     79   9.46     40      4  310.4  339.7  312.2
  740.0   2698   12.6    2.6     51   6.28     42      4  311.4  331.2  312.6
  715.0   2985   10.8   -0.2     47   5.30     53      7  312.5  329.4  313.5
  703.0   3126    9.6    4.8     72   7.73     59      8  312.7  337.0  314.2
  700.0   3162   11.2   -5.8     30   3.56     60      8  314.9  326.6  315.5
  688.0   3305   10.4   -6.8     29   3.35     60      8  315.6  326.6  316.2
  617.0   4204    5.6  -13.3     24   2.23    130     16  319.9  327.6  320.4
  612.0   4271    5.2  -13.8     24   2.16    135     16  320.3  327.7  320.7
  573.0   4804    1.5  -10.4     41   3.04    175     14  322.0  332.4  322.6
  558.0   5019    0.0   -9.0     51   3.49    189     10  322.7  334.5  323.4
  532.0   5398   -2.4  -10.1     56   3.36    215      4  324.3  335.7  324.9
  512.0   5702   -4.3  -11.0     60   3.25     65      6  325.5  336.7  326.1
  500.0   5890   -5.5  -11.5     63   3.19     70     10  326.3  337.3  326.9
  474.0   6305   -9.1  -12.8     74   3.03     75     17  326.9  337.4  327.5
  464.0   6471  -10.5  -13.3     80   2.97     83     19  327.1  337.4  327.7
  456.0   6605   -9.9  -17.3     55   2.18     90     21  329.5  337.2  329.9
  448.0   6742   -9.3  -21.3     37   1.57     90     22  331.9  337.6  332.2
  442.0   6846  -10.3  -18.3     52   2.06     90     23  331.9  339.3  332.3
  439.0   6898  -10.4  -20.7     43   1.69     90     23  332.4  338.5  332.7
  426.0   7129  -11.1  -31.1     17   0.67    109     18  334.4  337.0  334.5
  422.0   7201  -11.5  -32.9     15   0.57    115     17  334.8  337.0  334.9
  406.0   7496  -13.2  -40.1      8   0.29     95     25  336.3  337.4  336.3
  400.0   7610  -13.9  -42.9      7   0.22     95     25  336.8  337.7  336.9
  363.0   8339  -19.9  -38.9     17   0.36    100     25  338.3  339.8  338.4
  332.0   8993  -24.1  -43.6     15   0.24    105     25  341.3  342.4  341.4
  318.0   9309  -26.1  -45.9     14   0.20     85     25  342.8  343.6  342.8
  311.0   9472  -27.1  -47.1     13   0.18     87     26  343.5  344.3  343.6
  300.0   9730  -29.7  -47.7     16   0.17     90     27  343.4  344.1  343.4
  262.0  10679  -37.7  -50.7     24   0.14     71     34  345.2  345.8  345.2
  250.0  11000  -39.7  -53.7     21   0.10     65     37  346.9  347.4  346.9
  249.0  11027  -40.1  -54.1     21   0.10     65     38  346.7  347.1  346.7
  246.0  11108  -40.8                          65     39  346.9         346.9
  200.0  12480  -51.9                          45     47  350.4         350.4
  196.0  12607  -52.8                          45     49  351.0         351.0
  162.0  13806  -61.6                          45     49  355.9         355.9
  155.0  14084  -63.6                          50     49  357.0         357.0
  150.0  14290  -65.1                          65     41  357.7         357.7
  127.0  15254  -73.9                         105     33  359.4         359.4
  108.0  16192  -82.4                         130     31  360.3         360.3
  103.0  16467  -84.9                         120     31  360.4         360.4
  102.0  16520  -84.2                         120     29  362.7         362.7
  100.0  16630  -82.9                         105     23  367.3         367.3
   97.0  16803  -79.3                          85     16  377.5         377.5
   93.9  16987  -75.5                          14      9  388.5         388.5
   92.0  17103  -76.1                         330      4  389.6         389.6
   79.0  17967  -80.8                         260     12  397.2         397.2
   75.0  18262  -82.4                         290      6  399.8         399.8
   74.8  18277  -82.5                         285      6  399.9         399.9
   71.0  18570  -80.1                          65     10  410.9         410.9
   70.0  18650  -79.5                          75     12  414.0         414.0
   67.0  18904  -75.2                         105     21  428.6         428.6
   65.1  19070  -72.3                          92     27  438.4         438.4
   64.0  19171  -72.3                          85     31  440.6         440.6
   56.9  19864  -72.1                          88     41  456.0         456.0
   52.0  20405  -67.4                          90     49  478.9         478.9
   50.0  20640  -65.3                          95     45  489.2         489.2
   45.4  21236  -59.5                          98     42  516.9         516.9
   43.0  21579  -58.8                         100     41  526.8         526.8
   39.0  22196  -57.5                          55     12  544.9         544.9
   37.0  22528  -56.8                         280      4  555.0         555.0
   35.7  22754  -56.3                         319      4  561.9         561.9
   35.0  22880  -56.3                         340      4  565.1         565.1
   34.0  23064  -56.3                         335     10  569.8         569.8
   31.0  23651  -56.3                         285     10  585.1         585.1
   30.0  23860  -56.3                         290     12  590.6         590.6
   29.8  23902  -56.3                         291     13  591.7         591.7
   29.0  24077  -54.2                         295     16  602.2         602.2
   28.0  24302  -51.4                         260     29  615.9         615.9
   27.6  24395  -50.3                         260     27  621.5         621.5
   26.0  24782  -51.0                         260     21  630.4         630.4
   24.0  25301  -51.9                         285     21  642.4         642.4
   23.9  25328  -51.9                         284     22  643.0         643.0
   22.3  25779  -49.1                         268     43  664.1         664.1
   22.0  25867  -49.2                         265     47  666.4         666.4
   20.0  26490  -49.9                         245     33  682.7         682.7
   19.0  26824  -50.1                         240     35  692.1         692.1
   14.1  28769  -51.3                         284     29  749.6         749.6
   14.0  28816  -51.1                         285     29  751.8         751.8
   12.0  29840  -46.8                         300     31  800.9         800.9
   10.0  31050  -41.7                         300     43  862.8         862.8
    9.8  31187  -41.5                         296     40  868.5         868.5
    9.0  31764  -41.6                         280     29  889.5         889.5
    8.1  32478  -41.7                         284     25  916.3         916.3
    8.0  32563  -41.5                         285     25  920.3         920.3
    7.0  33474  -39.4                         210     21  964.7         964.7
    6.6  33875  -38.5                                     984.9         984.9
</PRE><H3>Station information and sounding indices</H3><PRE>
                         Station identifier: WIII
                             Station number: 96749
                           Observation time: 150622/0000
                           Station latitude: -6.11
                          Station longitude: 106.65
                          Station elevation: 8.0
                            Showalter index: -0.07
                               Lifted index: -3.55
    LIFT computed using virtual temperature: -4.13
                                SWEAT index: 203.21
                                    K index: 21.60
                         Cross totals index: 20.60
                      Vertical totals index: 23.50
                        Totals totals index: 44.10
      Convective Available Potential Energy: 967.91
             CAPE using virtual temperature: 1191.86
                      Convective Inhibition: -24.27
             CINS using virtual temperature: -15.54
                           Equilibrum Level: 183.72
 Equilibrum Level using virtual temperature: 183.30
                   Level of Free Convection: 866.93
             LFCT using virtual temperature: 887.73
                     Bulk Richardson Number: 125.83
          Bulk Richardson Number using CAPV: 154.94
  Temp [K] of the Lifted Condensation Level: 295.54
Pres [hPa] of the Lifted Condensation Level: 953.06
   Equivalent potential temp [K] of the LCL: 353.20
     Mean mixed layer potential temperature: 299.64
              Mean mixed layer mixing ratio: 18.27
              1000 hPa to 500 hPa thickness: 5787.00
Precipitable water [mm] for entire sounding: 49.49
</PRE>
<P>Description of the 
<A HREF="/upperair/columns.html">data columns</A>
or <A HREF="/upperair/indices.html">sounding indices</A>.

<P>
<FORM>
<INPUT CLASS="button" TYPE="button" VALUE=" Close this window " 
 onClick="window.close();">
<INPUT CLASS="button" TYPE="button" VALUE=" Select another map " 
 onClick="window.blur();">
</FORM>
<HR SIZE="1">
<I>Interested in graduate studies in atmospheric science?
Check out our program at the
<a href="http://www.uwyo.edu/atsc/howtoapply/"
target=_top>University of Wyoming
</a></I>
<HR SIZE="1"><FONT SIZE="-1">
Questions about the weather data provided by this site can be
addressed to <A HREF="mailto:ldoolman@uwyo.edu">
Larry Oolman (ldoolman@uwyo.edu)</A></FONT>
<HR SIZE="1">
<SCRIPT TYPE="text/javascript">
<!--
window.focus();
// -->
</SCRIPT>
</BODY>
</HTML>
