2013-01-28 00
<HTML>
<TITLE>University of Wyoming - Radiosonde Data</TITLE>
<BODY BGCOLOR="white">
<H2>96749 WIII Jakarta Observations at 00Z 28 Jan 2013</H2>
<PRE>
-----------------------------------------------------------------------------
   PRES   HGHT   TEMP   DWPT   RELH   MIXR   DRCT   SKNT   THTA   THTE   THTV
    hPa     m      C      C      %    g/kg    deg   knot     K      K      K 
-----------------------------------------------------------------------------
 1010.0      8   24.8   23.6     93  18.55    230      5  297.1  351.0  300.4
 1004.0     63   25.8   22.3     81  17.21    236      7  298.6  348.9  301.7
 1000.0    100   25.6   22.1     81  17.07    240      8  298.8  348.6  301.8
  978.0    295   24.4   21.2     83  16.55    265     12  299.4  348.0  302.4
  945.0    596   22.6   19.9     85  15.76    295     16  300.5  346.9  303.4
  925.0    784   21.4   19.1     87  15.29    295     17  301.2  346.3  303.9
  913.0    897   20.8   18.3     86  14.71    290     19  301.7  345.3  304.4
  850.0   1513   17.6   13.9     79  11.88    295     19  304.6  340.3  306.7
  793.0   2100   14.4   11.6     83  10.94    285     16  307.3  340.6  309.3
  726.0   2848   10.4    8.7     89   9.82    271     13  310.7  341.1  312.6
  700.0   3152   10.2    6.2     76   8.57    265     12  313.8  340.7  315.4
  689.0   3284    9.4    4.8     73   7.89    264     10  314.3  339.2  315.8
  663.0   3598    7.4    3.4     76   7.43    260      6  315.5  339.1  316.9
  616.0   4199    3.5    0.7     82   6.60    185      6  317.8  339.0  319.0
  594.0   4497    1.6   -0.6     85   6.21    205      4  318.9  339.0  320.1
  576.0   4748    0.0   -1.7     88   5.90    178      6  319.8  339.1  320.9
  551.0   5100   -2.0   -4.2     85   5.14    140      8  321.4  338.4  322.4
  530.0   5408   -3.8   -6.3     83   4.53    165     10  322.9  338.1  323.8
  500.0   5870   -6.5   -9.5     79   3.74    150     12  325.1  337.8  325.8
  491.0   6011   -7.1  -11.0     74   3.39    145     12  326.0  337.6  326.6
  459.0   6534   -9.5  -16.5     57   2.31    167      8  329.4  337.5  329.8
  455.0   6601  -10.0  -17.4     55   2.16    170      8  329.6  337.3  330.0
  421.0   7191  -14.3  -25.0     40   1.20    125     17  331.5  335.9  331.7
  404.0   7504  -16.6  -29.1     33   0.86    145     12  332.4  335.7  332.6
  400.0   7580  -17.1  -30.1     31   0.79    155     10  332.7  335.7  332.8
  392.0   7732  -17.3  -31.3     29   0.72    172      9  334.3  337.1  334.5
  388.0   7808  -17.8  -31.7     29   0.70    180      8  334.7  337.4  334.8
  364.0   8285  -20.9  -33.9     30   0.60    198      7  336.7  339.1  336.8
  354.0   8491  -22.1  -25.8     72   1.33    205      7  337.8  342.8  338.0
  330.0   9000  -25.9  -30.1     68   0.95    225      6  339.4  343.1  339.6
  316.0   9314  -28.3  -32.8     65   0.77    195      8  340.3  343.4  340.5
  303.0   9618  -30.6  -35.4     63   0.62    190     10  341.2  343.7  341.4
  300.0   9690  -31.1  -36.0     62   0.59    200     10  341.4  343.8  341.6
  291.0   9901  -32.8  -37.5     63   0.53    225      8  342.0  344.1  342.1
  279.0  10193  -35.1  -39.6     64   0.44    275      8  342.8  344.6  342.9
  255.0  10816  -40.1  -44.0     66   0.30    320     13  344.4  345.6  344.4
  250.0  10950  -41.1                         330     14  344.8         344.8
  234.0  11389  -44.8                           0     12  345.8         345.8
  223.0  11708  -47.5                           0     10  346.4         346.4
  200.0  12430  -53.7                          75     12  347.6         347.6
  194.0  12624  -55.0                          85     14  348.5         348.5
  179.0  13135  -58.5                          94     17  350.9         350.9
  177.0  13205  -58.9                          95     17  351.4         351.4
  161.0  13792  -62.2                          75     17  355.4         355.4
  153.0  14107  -64.0                          95      2  357.6         357.6
  150.0  14230  -64.7                         160      4  358.4         358.4
  146.0  14390  -66.0                         260      6  358.9         358.9
  132.0  14989  -71.0                         355      6  360.5         360.5
  125.0  15312  -73.7                          30     12  361.3         361.3
  122.0  15456  -74.9                          34     12  361.6         361.6
  113.0  15889  -78.5                          45     10  363.0         363.0
  101.0  16524  -83.6                         105     21  364.9         364.9
  100.0  16580  -84.1                         110     21  365.0         365.0
   86.0  17406  -88.0                         125     43  373.3         373.3
   84.9  17477  -88.3                         120     41  374.0         374.0
   81.4  17706  -86.1                         112     42  383.0         383.0
   75.5  18116  -88.3                          99     45  386.7         386.7
   70.0  18530  -84.7                          85     47  402.9         402.9
   65.0  18944  -82.1                          70     43  417.2         417.2
   62.5  19162  -80.7                          73     38  425.0         425.0
   58.6  19534  -72.3                          78     29  451.8         451.8
   53.0  20126  -71.7                          85     16  466.4         466.4
   50.0  20470  -71.3                          95     23  475.1         475.1
   41.0  21674  -67.8                          90     52  511.5         511.5
   31.0  23371  -62.9                          95     49  567.3         567.3
   30.0  23570  -62.3                          90     45  574.2         574.2
   27.0  24222  -60.2                          80     49  597.5         597.5
   26.8  24268  -60.1                          80     47  599.2         599.2
   25.0  24711  -56.8                          85     29  620.7         620.7
   24.0  24971  -54.9                         125     12  633.6         633.6
   23.0  25242  -52.8                         140     19  647.3         647.3
   21.8  25583  -50.3                         105     10  664.9         664.9
   21.0  25825  -51.6                          80      4  668.1         668.1
   20.0  26140  -53.3                         250     10  672.3         672.3
   19.3  26369  -54.5                         240     14  675.5         675.5
   19.0  26470  -54.4                         235     16  678.8         678.8
   18.0  26820  -54.0                         185     12  690.5         690.5
   17.0  27189  -53.7                         165     14  703.1         703.1
   15.0  27998  -52.8                         125     10  731.4         731.4
   13.0  28923  -51.9                          65     31  765.2         765.2
   12.0  29441  -51.4                          55     12  784.8         784.8
   11.9  29495  -51.3                          60     13  786.9         786.9
   11.0  30016  -47.2                         105     19  819.8         819.8
   10.3  30451  -43.7                         115     25  848.1         848.1
   10.0  30650  -43.7                         120     27  855.3         855.3
    9.0  31358  -43.4                          95     43  882.5         882.5
    8.6  31664  -43.3                          99     39  894.5         894.5
    8.0  32157  -42.2                         105     33  917.4         917.4
    7.4  32688  -41.1                          70     66  942.8         942.8
    7.0  33066  -40.3                          70     66  961.2         961.2
    6.0  34117  -38.0                          95     45 1014.3        1014.3
    5.8  34348  -37.5                                    1026.3        1026.3
</PRE><H3>Station information and sounding indices</H3><PRE>
                         Station identifier: WIII
                             Station number: 96749
                           Observation time: 130128/0000
                           Station latitude: -6.11
                          Station longitude: 106.65
                          Station elevation: 8.0
                            Showalter index: 0.28
                               Lifted index: -2.78
    LIFT computed using virtual temperature: -3.12
                                SWEAT index: 216.80
                                    K index: 34.00
                         Cross totals index: 20.40
                      Vertical totals index: 24.10
                        Totals totals index: 44.50
      Convective Available Potential Energy: 603.29
             CAPE using virtual temperature: 704.85
                      Convective Inhibition: -34.00
             CINS using virtual temperature: -21.17
                           Equilibrum Level: 200.08
 Equilibrum Level using virtual temperature: 200.02
                   Level of Free Convection: 811.47
             LFCT using virtual temperature: 854.67
                     Bulk Richardson Number: 1985.13
          Bulk Richardson Number using CAPV: 2319.34
  Temp [K] of the Lifted Condensation Level: 293.88
Pres [hPa] of the Lifted Condensation Level: 938.84
   Equivalent potential temp [K] of the LCL: 348.13
     Mean mixed layer potential temperature: 299.24
              Mean mixed layer mixing ratio: 16.72
              1000 hPa to 500 hPa thickness: 5770.00
Precipitable water [mm] for entire sounding: 56.48
</PRE>
<P>Description of the 
<A HREF="/upperair/columns.html">data columns</A>
or <A HREF="/upperair/indices.html">sounding indices</A>.

<P>
<FORM>
<INPUT CLASS="button" TYPE="button" VALUE=" Close this window " 
 onClick="window.close();">
<INPUT CLASS="button" TYPE="button" VALUE=" Select another map " 
 onClick="window.blur();">
</FORM>
<HR SIZE="1">
<I>Interested in graduate studies in atmospheric science?
Check out our program at the
<a href="http://www.uwyo.edu/atsc/howtoapply/"
target=_top>University of Wyoming
</a></I>
<HR SIZE="1"><FONT SIZE="-1">
Questions about the weather data provided by this site can be
addressed to <A HREF="mailto:ldoolman@uwyo.edu">
Larry Oolman (ldoolman@uwyo.edu)</A></FONT>
<HR SIZE="1">
<SCRIPT TYPE="text/javascript">
<!--
window.focus();
// -->
</SCRIPT>
</BODY>
</HTML>
