2014-06-29 00
<HTML>
<TITLE>University of Wyoming - Radiosonde Data</TITLE>
<BODY BGCOLOR="white">
<H2>96749 WIII Jakarta Observations at 00Z 29 Jun 2014</H2>
<PRE>
-----------------------------------------------------------------------------
   PRES   HGHT   TEMP   DWPT   RELH   MIXR   DRCT   SKNT   THTA   THTE   THTV
    hPa     m      C      C      %    g/kg    deg   knot     K      K      K 
-----------------------------------------------------------------------------
 1009.0      8   26.0   23.5     86  18.45    200      4  298.4  352.3  301.7
 1000.0     93   26.4   23.7     85  18.86    240      4  299.6  354.9  302.9
  977.0    299   25.9   23.0     84  18.45    340      2  301.0  355.5  304.3
  975.0    317   25.8   22.9     84  18.41    343      2  301.1  355.5  304.4
  944.0    601   23.7   21.2     86  17.09     35      4  301.8  352.4  304.9
  925.0    780   22.4   20.1     87  16.29     35      6  302.2  350.5  305.1
  912.0    903   21.6   19.3     87  15.69     40      6  302.6  349.2  305.4
  881.0   1202   19.6   17.3     86  14.29     30      4  303.6  346.2  306.2
  850.0   1512   17.6   15.2     86  12.94      0      6  304.6  343.4  306.9
  822.0   1797   15.7   13.4     86  11.88    350      8  305.5  341.4  307.7
  794.0   2093   13.8   11.5     86  10.85    307      8  306.5  339.4  308.5
  793.0   2103   13.8   11.2     84  10.61    305      8  306.6  338.9  308.6
  771.0   2341   14.4    3.4     48   6.38    248      6  309.7  329.7  310.9
  766.0   2396   14.2    2.8     46   6.15    235      6  310.1  329.5  311.3
  739.0   2699   13.4   -0.5     38   5.03    220     10  312.4  328.5  313.4
  738.0   2710   13.4   -0.6     38   4.99    221     10  312.5  328.5  313.5
  735.0   2745   13.2    5.2     58   7.60    223     10  312.7  336.6  314.1
  700.0   3154   11.2    1.2     50   6.00    250     10  314.9  334.1  316.0
  688.0   3296   10.3    0.3     50   5.70    250     10  315.4  333.7  316.5
  663.0   3601    8.3   -1.7     49   5.11    250     10  316.5  333.1  317.5
  616.0   4207    4.3   -5.7     48   4.09    210     14  318.7  332.2  319.5
  601.0   4410    3.0   -7.0     48   3.78    197     14  319.4  332.0  320.1
  562.0   4952    0.4   -5.6     64   4.51    161     16  322.5  337.6  323.4
  558.0   5010    0.0   -6.0     64   4.40    157     16  322.7  337.4  323.6
  551.0   5110   -0.8   -6.1     67   4.43    150     16  322.9  337.8  323.8
  511.0   5708   -5.3   -6.7     90   4.56    140     10  324.4  339.8  325.3
  503.0   5833   -6.3   -6.8     96   4.59    151     10  324.7  340.2  325.6
  500.0   5880   -6.5   -7.2     95   4.48    155     10  325.1  340.2  325.9
  455.0   6608  -10.4  -11.7     90   3.46    205      8  329.1  341.1  329.8
  438.0   6902  -11.9  -13.5     88   3.10    195     10  330.7  341.6  331.4
  436.0   6937  -12.1  -13.7     88   3.06    201     10  330.9  341.7  331.5
  404.0   7515  -15.6  -18.8     76   2.15    300      2  333.6  341.4  334.1
  400.0   7590  -16.1  -19.5     75   2.05    325      2  334.0  341.4  334.4
  389.0   7796  -17.7  -21.0     76   1.86     35      2  334.6  341.3  334.9
  342.0   8750  -25.1  -27.8     78   1.14     72      8  337.0  341.4  337.3
  319.0   9252  -29.1  -30.3     89   0.97     92     12  338.3  342.0  338.5
  316.0   9320  -29.0  -33.1     68   0.75     95     12  339.3  342.2  339.4
  312.0   9411  -28.9  -36.9     46   0.52     95     13  340.7  342.8  340.8
  300.0   9690  -31.3  -40.3     41   0.38     95     17  341.1  342.7  341.2
  279.0  10193  -35.4  -45.4     35   0.24     80     19  342.4  343.4  342.4
  267.0  10498  -37.9  -48.4     32   0.18     50     17  343.0  343.8  343.1
  257.0  10763  -40.1  -51.1     30   0.14     53     19  343.6  344.2  343.6
  250.0  10950  -41.7                          55     21  343.9         343.9
  200.0  12420  -54.5                          50     39  346.3         346.3
  168.0  13513  -62.7                          60     47  350.3         350.3
  161.0  13780  -64.7                          66     43  351.3         351.3
  150.0  14210  -67.1                          75     37  354.3         354.3
  145.0  14410  -68.0                          75     35  356.2         356.2
  131.0  15008  -70.8                          20     31  361.8         361.8
  118.0  15623  -73.6                         305     16  367.6         367.6
  112.0  15930  -75.0                         270     27  370.4         370.4
  105.0  16310  -76.7                         267     32  374.0         374.0
  101.0  16533  -77.7                         265     35  376.4         376.4
  100.0  16590  -77.9                         265     35  377.0         377.0
   96.0  16822  -78.5                         265     31  380.1         380.1
   86.0  17446  -80.3                         245     27  388.7         388.7
   84.9  17520  -80.5                         235     25  389.8         389.8
   74.0  18309  -75.0                         155      6  416.9         416.9
   70.9  18555  -73.3                         263     14  425.7         425.7
   70.0  18630  -71.7                         295     17  430.7         430.7
   67.0  18892  -65.9                         283     21  448.6         448.6
   63.0  19266  -65.9                         265     27  456.6         456.6
   57.0  19874  -65.9                         260     31  469.9         469.9
   52.0  20432  -65.9                         240     23  482.3         482.3
   50.0  20670  -65.9                         245     17  487.8         487.8
   47.8  20943  -65.7                         263     10  494.6         494.6
   47.0  21046  -65.1                         270      8  498.5         498.5
   45.0  21313  -63.4                           5      6  508.7         508.7
   42.8  21620  -61.5                          51      7  520.8         520.8
   41.0  21884  -62.6                          90      8  524.4         524.4
   39.0  22191  -63.9                          65     10  528.7         528.7
   37.2  22481  -65.1                          75     16  532.8         532.8
   35.5  22768  -61.7                          88     24  548.8         548.8
   34.0  23035  -61.6                         100     31  555.8         555.8
   30.1  23789  -61.5                          85     37  575.9         575.9
   30.0  23810  -61.3                          85     37  577.0         577.0
   27.4  24380  -56.1                          79     43  606.6         606.6
   26.0  24713  -57.5                          75     47  611.9         611.9
   25.4  24861  -58.1                          77     48  614.2         614.2
   21.0  26078  -53.3                          95     52  662.9         662.9
   20.0  26390  -52.1                          85     54  675.9         675.9
   15.0  28276  -47.9                          90     56  748.0         748.0
   12.8  29315  -45.5                          94     52  790.8         790.8
   10.0  30970  -41.9                         100     47  862.0         862.0
    9.0  31690  -39.4                         110     35  897.9         897.9
    8.3  32243  -37.5                          31     24  926.4         926.4
    8.0  32496  -38.0                         355     19  934.3         934.3
    7.0  33411  -39.7                         340     17  963.5         963.5
    6.7  33712  -40.3                         314     24  973.2         973.2
    6.4  34026  -36.9                         288     32 1000.4        1000.4
    6.0  34471  -37.9                         250     43 1014.7        1014.7
    5.7  34824  -38.7                                    1026.2        1026.2
    5.0  35727  -36.7                                    1074.4        1074.4
</PRE><H3>Station information and sounding indices</H3><PRE>
                         Station identifier: WIII
                             Station number: 96749
                           Observation time: 140629/0000
                           Station latitude: -6.11
                          Station longitude: 106.65
                          Station elevation: 8.0
                            Showalter index: -0.98
                               Lifted index: -5.03
    LIFT computed using virtual temperature: -5.44
                                SWEAT index: 204.41
                                    K index: 29.30
                         Cross totals index: 21.70
                      Vertical totals index: 24.10
                        Totals totals index: 45.80
      Convective Available Potential Energy: 1932.59
             CAPE using virtual temperature: 2129.43
                      Convective Inhibition: -13.49
             CINS using virtual temperature: -8.92
                           Equilibrum Level: 149.61
 Equilibrum Level using virtual temperature: 149.63
                   Level of Free Convection: 894.04
             LFCT using virtual temperature: 908.88
                     Bulk Richardson Number: 1198.72
          Bulk Richardson Number using CAPV: 1320.82
  Temp [K] of the Lifted Condensation Level: 295.46
Pres [hPa] of the Lifted Condensation Level: 942.73
   Equivalent potential temp [K] of the LCL: 354.59
     Mean mixed layer potential temperature: 300.50
              Mean mixed layer mixing ratio: 18.38
              1000 hPa to 500 hPa thickness: 5787.00
Precipitable water [mm] for entire sounding: 53.99
</PRE>
<P>Description of the 
<A HREF="/upperair/columns.html">data columns</A>
or <A HREF="/upperair/indices.html">sounding indices</A>.

<P>
<FORM>
<INPUT CLASS="button" TYPE="button" VALUE=" Close this window " 
 onClick="window.close();">
<INPUT CLASS="button" TYPE="button" VALUE=" Select another map " 
 onClick="window.blur();">
</FORM>
<HR SIZE="1">
<I>Interested in graduate studies in atmospheric science?
Check out our program at the
<a href="http://www.uwyo.edu/atsc/howtoapply/"
target=_top>University of Wyoming
</a></I>
<HR SIZE="1"><FONT SIZE="-1">
Questions about the weather data provided by this site can be
addressed to <A HREF="mailto:ldoolman@uwyo.edu">
Larry Oolman (ldoolman@uwyo.edu)</A></FONT>
<HR SIZE="1">
<SCRIPT TYPE="text/javascript">
<!--
window.focus();
// -->
</SCRIPT>
</BODY>
</HTML>
