2015-09-16 12
<HTML>
<TITLE>University of Wyoming - Radiosonde Data</TITLE>
<BODY BGCOLOR="white">
<H2>96749 WIII Jakarta Observations at 00Z 16 Sep 2015</H2>
<PRE>
-----------------------------------------------------------------------------
   PRES   HGHT   TEMP   DWPT   RELH   MIXR   DRCT   SKNT   THTA   THTE   THTV
    hPa     m      C      C      %    g/kg    deg   knot     K      K      K 
-----------------------------------------------------------------------------
 1010.0      8   25.6   21.1     76  15.86    110      2  297.9  344.1  300.7
 1000.0     95   25.6   21.1     76  16.03    110      4  298.8  345.6  301.6
  977.0    299   24.2   19.9     77  15.19    100     12  299.4  343.9  302.1
  925.0    778   21.0   17.0     78  13.35     90     14  300.8  340.2  303.2
  912.0    900   20.3   16.4     78  13.01     85     14  301.3  339.8  303.6
  881.0   1197   18.6   14.9     79  12.21     80      8  302.5  338.9  304.7
  851.0   1495   16.9   13.3     80  11.44    125      2  303.7  338.0  305.8
  850.0   1505   16.8   13.3     80  11.42    125      2  303.7  337.9  305.8
  821.0   1801   15.2   12.1     82  10.91    260      6  305.1  338.0  307.1
  807.0   1947   14.4   11.5     83  10.67    265      9  305.7  338.0  307.7
  797.0   2053   15.0    8.0     63   8.51    268     11  307.4  333.6  309.0
  792.0   2106   14.7    7.7     63   8.37    270     12  307.6  333.4  309.2
  753.0   2532   12.0    5.0     62   7.31    287     12  309.2  332.0  310.6
  746.0   2610   11.6    0.6     47   5.39    290     12  309.6  326.6  310.6
  734.0   2746   13.0  -12.0     16   2.09    295     12  312.6  319.6  313.0
  712.0   3000   11.2   -9.3     23   2.67    305     12  313.3  322.2  313.8
  700.0   3142   10.2   -7.8     27   3.05    300     12  313.8  323.8  314.3
  693.0   3226    9.6   -9.4     25   2.72    299     13  314.0  323.0  314.5
  662.0   3601    7.2   -6.9     36   3.47    295     17  315.4  326.8  316.0
  615.0   4206    3.2   -2.8     65   5.09    315     23  317.5  334.1  318.5
  586.0   4596    0.0   -2.2     85   5.59    313     24  318.2  336.4  319.3
  529.0   5407   -5.7   -7.3     89   4.21    310     27  320.8  334.8  321.6
  514.0   5634   -7.3   -8.7     90   3.88    315     27  321.5  334.5  322.3
  506.0   5757   -6.9  -12.9     62   2.82    318     27  323.5  333.1  324.0
  500.0   5850   -7.5  -15.5     53   2.30    320     27  323.8  331.8  324.3
  489.0   6023   -8.1  -23.1     29   1.23    328     23  325.2  329.6  325.4
  472.0   6300   -6.9  -39.5      5   0.26    340     16  330.0  331.0  330.0
  467.0   6383   -6.5  -44.5      3   0.16    347     15  331.4  332.1  331.5
  454.0   6601   -7.7  -45.4      3   0.15      5     12  332.6  333.2  332.6
  437.0   6896   -9.4  -46.6      3   0.13      0     10  334.1  334.7  334.1
  420.0   7203  -11.2  -47.8      3   0.12     25      8  335.7  336.2  335.7
  404.0   7503  -12.9  -49.0      3   0.11     25      8  337.2  337.7  337.2
  400.0   7580  -13.3  -49.3      3   0.11     15      8  337.6  338.1  337.6
  388.0   7811  -14.8  -50.8      3   0.09    355      6  338.6  339.0  338.6
  387.0   7830  -14.9  -50.9      3   0.09    348      6  338.7  339.1  338.7
  373.0   8099  -17.3  -50.7      4   0.10    255      2  339.1  339.5  339.1
  344.0   8690  -22.7  -50.3      6   0.11    210      6  339.8  340.2  339.8
  330.0   8994  -25.4  -50.1      8   0.12    230      2  340.1  340.6  340.1
  317.0   9287  -28.1  -50.0     10   0.13    110      2  340.3  340.9  340.3
  304.0   9593  -30.8  -49.8     14   0.13     20      2  340.5  341.1  340.6
  300.0   9690  -31.7  -49.7     15   0.14     20      2  340.6  341.2  340.6
  291.0   9904  -33.7  -48.2     22   0.17     15      4  340.7  341.4  340.7
  285.0  10050  -35.1  -47.1     28   0.19     25      9  340.7  341.6  340.8
  279.0  10197  -36.0  -44.1     43   0.27     35     14  341.5  342.6  341.6
  272.0  10373  -37.1  -40.6     70   0.41     33     18  342.4  344.1  342.5
  257.0  10762  -40.1  -44.3     64   0.29     28     27  343.6  344.8  343.6
  250.0  10950  -41.5                          25     31  344.2         344.2
  200.0  12430  -53.5                          10     51  347.9         347.9
  195.0  12587  -54.7                          10     52  348.4         348.4
  161.0  13775  -64.0                          25     62  352.4         352.4
  153.0  14091  -66.5                          30     62  353.3         353.3
  150.0  14210  -66.7                          35     58  355.0         355.0
  125.0  15286  -73.2                          70     10  362.1         362.1
  119.0  15576  -75.0                         110      2  364.0         364.0
  113.0  15881  -76.9                         225      6  365.9         365.9
  108.0  16149  -78.5                         250     10  367.6         367.6
  107.0  16202  -78.4                         250     10  368.8         368.8
  100.0  16590  -77.9                         215     16  377.0         377.0
   96.0  16825  -77.4                         195     16  382.4         382.4
   91.0  17132  -76.7                         190     10  389.6         389.6
   87.0  17390  -76.2                         265      2  395.7         395.7
   82.0  17731  -75.4                          85      2  404.0         404.0
   78.0  18018  -74.8                          15      8  411.1         411.1
   70.1  18632  -73.5                          30     16  426.6         426.6
   70.0  18640  -73.5                          30     16  426.8         426.8
   67.0  18903  -69.0                          35     12  441.9         441.9
   64.0  19179  -64.3                          85      8  458.0         458.0
   63.0  19273  -62.7                          87      7  463.6         463.6
   61.0  19472  -62.9                          90      4  467.5         467.5
   58.0  19782  -63.2                         265      6  473.5         473.5
   54.2  20200  -63.7                         281      9  481.7         481.7
   50.8  20601  -60.1                         296     11  499.1         499.1
   50.0  20700  -60.3                         300     12  500.9         500.9
   45.0  21355  -60.0                         280     12  517.0         517.0
   43.0  21638  -59.9                         305     16  524.0         524.0
   40.0  22088  -59.7                         281     20  535.4         535.4
   38.5  22328  -56.7                         268     23  548.9         548.9
   37.0  22578  -57.2                         255     25  553.8         553.8
   34.0  23109  -58.4                         260     16  564.4         564.4
   33.2  23259  -58.7                         264     21  567.4         567.4
   31.0  23692  -55.1                         275     37  588.3         588.3
   30.0  23900  -55.7                         270     41  592.2         592.2
   27.0  24573  -55.0                         245     31  612.2         612.2
   23.0  25598  -54.0                         225     21  644.0         644.0
   22.7  25682  -53.9                         231     18  646.6         646.6
   22.0  25884  -53.2                         245     12  654.6         654.6
   20.0  26500  -50.9                         315     16  679.6         679.6
   19.0  26835  -50.6                         275     23  690.6         690.6
   16.0  27957  -49.6                         285     16  728.6         728.6
   15.2  28292  -49.3                         277     14  740.3         740.3
   15.0                                       275     14                     
</PRE><H3>Station information and sounding indices</H3><PRE>
                         Station identifier: WIII
                             Station number: 96749
                           Observation time: 150916/0000
                           Station latitude: -6.11
                          Station longitude: 106.65
                          Station elevation: 8.0
                            Showalter index: 0.25
                               Lifted index: -2.22
    LIFT computed using virtual temperature: -2.69
                                SWEAT index: 190.60
                                    K index: 19.60
                         Cross totals index: 20.80
                      Vertical totals index: 24.30
                        Totals totals index: 45.10
      Convective Available Potential Energy: 148.33
             CAPE using virtual temperature: 195.75
                      Convective Inhibition: -115.64
             CINS using virtual temperature: -30.34
                           Equilibrum Level: 279.58
 Equilibrum Level using virtual temperature: 278.64
                   Level of Free Convection: 633.89
             LFCT using virtual temperature: 823.71
                     Bulk Richardson Number: 3.85
          Bulk Richardson Number using CAPV: 5.09
  Temp [K] of the Lifted Condensation Level: 292.20
Pres [hPa] of the Lifted Condensation Level: 920.86
   Equivalent potential temp [K] of the LCL: 343.98
     Mean mixed layer potential temperature: 299.18
              Mean mixed layer mixing ratio: 15.33
              1000 hPa to 500 hPa thickness: 5755.00
Precipitable water [mm] for entire sounding: 42.85
</PRE>
<P>Description of the 
<A HREF="/upperair/columns.html">data columns</A>
or <A HREF="/upperair/indices.html">sounding indices</A>.

<P>
<FORM>
<INPUT CLASS="button" TYPE="button" VALUE=" Close this window " 
 onClick="window.close();">
<INPUT CLASS="button" TYPE="button" VALUE=" Select another map " 
 onClick="window.blur();">
</FORM>
<HR SIZE="1">
<I>Interested in graduate studies in atmospheric science?
Check out our program at the
<a href="http://www.uwyo.edu/atsc/howtoapply/"
target=_top>University of Wyoming
</a></I>
<HR SIZE="1"><FONT SIZE="-1">
Questions about the weather data provided by this site can be
addressed to <A HREF="mailto:ldoolman@uwyo.edu">
Larry Oolman (ldoolman@uwyo.edu)</A></FONT>
<HR SIZE="1">
<SCRIPT TYPE="text/javascript">
<!--
window.focus();
// -->
</SCRIPT>
</BODY>
</HTML>
