2014-03-15 00
<HTML>
<TITLE>University of Wyoming - Radiosonde Data</TITLE>
<BODY BGCOLOR="white">
<H2>96749 WIII Jakarta Observations at 00Z 15 Mar 2014</H2>
<PRE>
-----------------------------------------------------------------------------
   PRES   HGHT   TEMP   DWPT   RELH   MIXR   DRCT   SKNT   THTA   THTE   THTV
    hPa     m      C      C      %    g/kg    deg   knot     K      K      K 
-----------------------------------------------------------------------------
 1009.0      8   25.2   24.2     94  19.27    185      4  297.6  353.7  301.0
 1000.0     93   25.4   23.1     87  18.17    150      4  298.6  351.6  301.8
  977.0    297   24.6   21.1     81  16.46     60      4  299.8  348.1  302.7
  930.0    730   23.0   17.0     69  13.28    352      4  302.4  341.9  304.8
  925.0    777   22.6   17.7     74  13.97    345      4  302.4  343.9  304.9
  912.0    899   21.7   17.2     76  13.74    325      6  302.7  343.6  305.2
  851.0   1498   17.1   14.8     87  12.63    270      4  303.9  341.7  306.2
  850.0   1508   17.0   14.8     87  12.61    270      4  303.9  341.7  306.2
  821.0   1804   15.7   13.6     87  12.07    280      4  305.6  342.1  307.9
  809.0   1930   15.2   13.1     87  11.85    263      4  306.4  342.2  308.5
  793.0   2098   14.4   11.8     84  11.09    240      4  307.3  341.1  309.4
  766.0   2390   13.2    9.6     79   9.88    245      4  309.0  339.4  310.8
  739.0   2692   11.8    7.3     74   8.74    200      2  310.7  337.9  312.3
  713.0   2994   10.5    5.0     69   7.72    310      2  312.4  336.7  313.9
  700.0   3149    9.8    3.8     66   7.23    320      4  313.3  336.2  314.7
  663.0   3595    7.4    0.1     60   5.83    350      4  315.5  334.2  316.6
  616.0   4198    4.1   -5.0     51   4.30    340     10  318.5  332.6  319.3
  595.0   4482    2.6   -7.4     48   3.70    331      9  319.8  332.2  320.6
  577.0   4731    1.4   -4.6     64   4.74    322      9  321.3  337.0  322.2
  572.0   4801    2.0   -8.0     48   3.68    320      9  322.8  335.2  323.5
  551.0   5101    0.0  -13.0     37   2.56    310      8  323.9  332.7  324.4
  531.0   5394   -2.5  -14.3     40   2.39    320      6  324.3  332.6  324.8
  500.0   5870   -6.5  -16.5     45   2.12     25      8  325.1  332.5  325.5
  493.0   5980   -6.7  -18.7     38   1.78     34     12  326.1  332.5  326.5
  492.0   5996   -6.8  -18.9     38   1.76     35     12  326.2  332.5  326.5
  455.0   6597  -10.5  -25.0     29   1.11    335     10  329.0  333.1  329.2
  421.0   7194  -14.1  -31.1     22   0.68     40     17  331.7  334.3  331.8
  410.0   7394  -15.7  -20.6     66   1.82     35     15  332.1  338.8  332.5
  400.0   7580  -15.7  -27.7     35   0.99     30     14  334.5  338.2  334.7
  389.0   7790  -16.8  -33.4     22   0.59     15     12  335.7  338.1  335.9
  388.0   7810  -16.9  -33.9     21   0.56     13     12  335.9  338.1  336.0
  359.0   8386  -21.6  -32.1     38   0.73    315      6  337.2  340.0  337.3
  344.0   8703  -24.1  -31.1     52   0.83    315      5  337.8  341.1  338.0
  330.0   9003  -26.2  -35.7     41   0.55    315      4  338.9  341.1  339.1
  317.0   9294  -28.3  -40.2     31   0.37    300      6  340.0  341.5  340.1
  306.0   9549  -30.1  -44.1     24   0.25    334      8  340.9  341.9  341.0
  304.0   9596  -30.6  -44.2     25   0.25    340      8  340.9  341.9  340.9
  300.0   9690  -31.5  -44.5     27   0.24    345      8  340.9  341.9  340.9
  279.0  10197  -35.8  -48.0     27   0.18     20      6  341.8  342.6  341.8
  273.0  10348  -37.1  -49.1     28   0.16     50     10  342.1  342.8  342.1
  267.0  10501  -38.1  -50.1     27   0.15     80     14  342.7  343.4  342.8
  256.0  10789  -40.1  -52.1     27   0.12     80     18  344.0  344.5  344.0
  250.0  10950  -41.3                          80     21  344.5         344.5
  214.0  11974  -49.9                          85     29  346.8         346.8
  200.0  12420  -53.7                          75     27  347.6         347.6
  169.0  13468  -61.7                          50     33  351.5         351.5
  161.0  13770  -64.0                          60     23  352.5         352.5
  153.0  14087  -66.4                          25      8  353.6         353.6
  150.0  14210  -67.3                         330      6  354.0         354.0
  146.0  14370  -68.4                         240      4  354.9         354.9
  138.0  14703  -70.6                         220     10  356.7         356.7
  125.0  15288  -74.5                         230     12  359.8         359.8
  113.0  15867  -78.2                         195      6  363.5         363.5
  109.0  16074  -79.5                         261      5  364.8         364.8
  107.0  16178  -79.8                         295      4  366.1         366.1
  101.0  16504  -80.9                         230      8  370.1         370.1
  100.0  16560  -81.1                         240      8  370.8         370.8
   96.0  16787  -81.9                         280     10  373.5         373.5
   86.0  17398  -84.2                         315     16  380.9         380.9
   82.3  17643  -85.1                         345     16  383.9         383.9
   81.0  17732  -84.1                         355     17  387.7         387.7
   77.0  18016  -80.8                          85     12  400.2         400.2
   73.0  18316  -77.3                          80     19  413.7         413.7
   70.7  18501  -71.9                          65     11  429.0         429.0
   70.0  18560  -71.7                          60      8  430.7         430.7
   66.0  18912  -71.0                         305     10  439.4         439.4
   63.0  19189  -70.5                         280     16  446.4         446.4
   51.0  20452  -68.1                         240     23  479.8         479.8
   50.0  20570  -67.9                         245     25  483.1         483.1
   47.6  20866  -67.1                         255     25  491.8         491.8
   44.0  21338  -68.1                         270     25  500.6         500.6
   40.5  21836  -69.1                         248     10  510.0         510.0
   40.0  21912  -68.7                         245      8  512.8         512.8
   38.0  22225  -67.1                          95      4  524.5         524.5
   36.0  22556  -65.4                         350     14  537.0         537.0
   33.0  23088  -62.7                         340     17  557.8         557.8
   31.0  23470  -60.7                         355      8  573.1         573.1
   30.0  23670  -59.7                          60      6  581.3         581.3
   29.8  23712  -59.5                          66      7  583.0         583.0
   28.0  24104  -58.5                         120     17  596.1         596.1
   27.0  24333  -58.0                         110     23  603.9         603.9
   26.0  24571  -57.4                          80     12  612.1         612.1
   25.2  24767  -56.9                          81     14  619.0         619.0
   23.0  25357  -48.9                          85     21  658.9         658.9
   21.0  25951  -50.3                          25     16  671.9         671.9
   20.0  26270  -51.1                          20     14  679.0         679.0
   19.0  26602  -52.6                          55     12  684.3         684.3
   18.7  26705  -53.1                          55     12  685.9         685.9
   18.0  26954  -52.5                          55      8  695.4         695.4
   17.0  27326  -51.6                          90     25  709.8         709.8
   13.7  28733  -48.1                         106     48  766.7         766.7
   13.0  29077  -49.2                         110     54  774.4         774.4
   12.6  29282  -49.9                         107     57  779.0         779.0
   12.0  29604  -46.3                         102     61  802.7         802.7
   10.0  30820  -44.3                          85     76  853.1         853.1
    9.0  31532  -41.4                          85     86  890.4         890.4
    8.6  31840  -40.1                                     907.0         907.0
</PRE><H3>Station information and sounding indices</H3><PRE>
                         Station identifier: WIII
                             Station number: 96749
                           Observation time: 140315/0000
                           Station latitude: -6.11
                          Station longitude: 106.65
                          Station elevation: 8.0
                            Showalter index: -0.29
                               Lifted index: -2.98
    LIFT computed using virtual temperature: -3.60
                                SWEAT index: 193.61
                                    K index: 32.30
                         Cross totals index: 21.30
                      Vertical totals index: 23.50
                        Totals totals index: 44.80
      Convective Available Potential Energy: 646.44
             CAPE using virtual temperature: 806.94
                      Convective Inhibition: -43.15
             CINS using virtual temperature: -30.77
                           Equilibrum Level: 194.98
 Equilibrum Level using virtual temperature: 194.75
                   Level of Free Convection: 858.71
             LFCT using virtual temperature: 870.30
                     Bulk Richardson Number: 177.30
          Bulk Richardson Number using CAPV: 221.33
  Temp [K] of the Lifted Condensation Level: 293.92
Pres [hPa] of the Lifted Condensation Level: 936.47
   Equivalent potential temp [K] of the LCL: 348.69
     Mean mixed layer potential temperature: 299.50
              Mean mixed layer mixing ratio: 16.84
              1000 hPa to 500 hPa thickness: 5777.00
Precipitable water [mm] for entire sounding: 49.99
</PRE>
<P>Description of the 
<A HREF="/upperair/columns.html">data columns</A>
or <A HREF="/upperair/indices.html">sounding indices</A>.

<P>
<FORM>
<INPUT CLASS="button" TYPE="button" VALUE=" Close this window " 
 onClick="window.close();">
<INPUT CLASS="button" TYPE="button" VALUE=" Select another map " 
 onClick="window.blur();">
</FORM>
<HR SIZE="1">
<I>Interested in graduate studies in atmospheric science?
Check out our program at the
<a href="http://www.uwyo.edu/atsc/howtoapply/"
target=_top>University of Wyoming
</a></I>
<HR SIZE="1"><FONT SIZE="-1">
Questions about the weather data provided by this site can be
addressed to <A HREF="mailto:ldoolman@uwyo.edu">
Larry Oolman (ldoolman@uwyo.edu)</A></FONT>
<HR SIZE="1">
<SCRIPT TYPE="text/javascript">
<!--
window.focus();
// -->
</SCRIPT>
</BODY>
</HTML>
