2015-09-07 00
<HTML>
<TITLE>University of Wyoming - Radiosonde Data</TITLE>
<BODY BGCOLOR="white">
<H2>96749 WIII Jakarta Observations at 00Z 07 Sep 2015</H2>
<PRE>
-----------------------------------------------------------------------------
   PRES   HGHT   TEMP   DWPT   RELH   MIXR   DRCT   SKNT   THTA   THTE   THTV
    hPa     m      C      C      %    g/kg    deg   knot     K      K      K 
-----------------------------------------------------------------------------
 1012.0      8   22.8   20.1     85  14.86    200      4  294.9  337.7  297.6
 1010.0     26   24.2   19.5     75  14.34    195      4  296.5  338.1  299.1
 1000.0    118   23.8   18.8     74  13.85    170      4  296.9  337.2  299.4
  996.0    153   24.8   19.8     74  14.82    160      4  298.3  341.6  300.9
  980.0    295   24.0   18.8     73  14.09    120      6  298.8  340.1  301.4
  925.0    799   21.0   15.0     69  11.72    115     14  300.8  335.5  302.9
  914.0    902   20.3   14.3     68  11.30    110     14  301.1  334.6  303.1
  850.0   1527   15.8    9.8     68   9.02     80     17  302.7  329.8  304.3
  831.0   1719   14.4    9.6     73   9.11     66     18  303.2  330.6  304.8
  823.0   1800   14.6    5.6     55   6.98     60     19  304.2  325.5  305.5
  804.0   1998   15.0   -4.0     27   3.55     40     19  306.7  318.0  307.3
  795.0   2093   14.4   -0.6     36   4.63     31     19  307.0  321.6  307.9
  794.0   2103   14.4   -0.8     35   4.56     30     19  307.1  321.5  308.0
  766.0   2406   14.0   -7.5     22   2.85     10     17  309.8  319.1  310.4
  755.0   2527   13.8  -10.2     18   2.34     16     15  310.9  318.7  311.4
  716.0   2971   10.6   -3.4     37   4.18     38      9  312.2  325.6  313.0
  713.0   3006   10.7   -4.8     33   3.78     40      8  312.7  324.9  313.4
  700.0   3159   11.2  -10.8     20   2.41     95      6  314.9  322.9  315.3
  699.0   3171   11.2  -10.8     20   2.41     99      6  315.0  323.1  315.4
  688.0   3300   10.4  -12.2     19   2.18    145      6  315.6  323.0  316.0
  616.0   4202    5.2  -22.2     12   1.05     90     19  319.6  323.4  319.8
  553.0   5083    0.0  -32.0      7   0.48     90     18  323.5  325.3  323.6
  531.0   5404   -2.1  -33.7      7   0.42     90     17  324.7  326.4  324.8
  511.0   5708   -4.2  -35.4      7   0.37    125     17  325.9  327.3  325.9
  500.0   5880   -5.3  -36.3      7   0.35    130     19  326.5  327.9  326.6
  473.0   6312   -9.1  -39.1      7   0.27    127     18  327.0  328.1  327.1
  455.0   6610  -11.5  -40.8      7   0.24    125     17  327.7  328.6  327.7
  446.0   6763  -12.7  -41.7      7   0.22    114     17  328.0  328.9  328.1
  436.0   6936  -11.9  -43.9      5   0.18    102     17  331.2  331.9  331.2
  404.0   7515  -15.3  -45.5      6   0.16     60     16  334.1  334.8  334.1
  400.0   7590  -15.7  -45.7      6   0.16     60     16  334.5  335.2  334.5
  388.0   7816  -17.1  -47.2      5   0.14     70     17  335.6  336.2  335.6
  373.0   8109  -18.8  -49.2      5   0.12    100     14  337.1  337.6  337.1
  358.0   8414  -20.7  -51.2      5   0.10    105     17  338.6  339.0  338.6
  344.0   8711  -22.5  -53.2      4   0.08     90     17  340.0  340.4  340.0
  326.0   9110  -24.9  -55.9      4   0.06    103     22  342.0  342.2  342.0
  304.0   9614  -29.4  -56.2      6   0.06    120     29  342.5  342.8  342.5
  300.0   9710  -30.3  -56.3      6   0.06    115     29  342.6  342.8  342.6
  253.0  10899  -40.1  -63.1      7   0.03    106     17  345.1  345.3  345.1
  250.0  10980  -40.7                         105     16  345.4         345.4
  245.0  11113  -41.9                         105     16  345.6         345.6
  200.0  12450  -53.9                         150     19  347.2         347.2
  195.0  12608  -55.2                         155     21  347.8         347.8
  161.0  13800  -64.8                         125     19  351.2         351.2
  150.0  14240  -68.3                         155     23  352.2         352.2
  145.0  14437  -69.7                         165     25  353.3         353.3
  138.0  14726  -71.7                         155     27  354.8         354.8
  118.0  15637  -78.0                          60     19  359.4         359.4
  112.0  15941  -80.1                          60     17  360.9         360.9
  101.0  16524  -80.9                          60     29  370.1         370.1
  100.0  16580  -80.9                          65     27  371.2         371.2
   91.0  17114  -79.8                         125     31  383.5         383.5
   87.4  17342  -79.3                         100     32  388.9         388.9
   82.0  17712  -71.5                          60     33  412.0         412.0
   78.0  18011  -69.6                          60     21  421.9         421.9
   74.0  18326  -67.6                         115     10  432.6         432.6
   73.1  18399  -67.1                         108      9  435.1         435.1
   70.0  18660  -68.1                          85      4  438.4         438.4
   67.0  18927  -67.5                         185     10  445.1         445.1
   64.0  19206  -66.9                         180     16  452.3         452.3
   58.0  19806  -65.6                         125     14  468.1         468.1
   52.0  20471  -64.2                         220      6  486.3         486.3
   50.0  20710  -63.7                         195     14  492.9         492.9
   45.0  21358  -62.8                         225      8  510.3         510.3
   43.7  21538  -62.5                         244     13  515.2         515.2
   43.0  21639  -61.0                         255     16  521.3         521.3
   40.8  21968  -56.1                         227     11  541.4         541.4
   37.0  22589  -56.3                         175      2  556.2         556.2
   36.0  22763  -56.3                         290      8  560.5         560.5
   34.0  23126  -56.5                         310     16  569.4         569.4
   30.0  23920  -56.7                         290     33  589.5         589.5
   29.0  24135  -56.5                         280     39  595.8         595.8
   27.0  24589  -56.0                         280     17  609.4         609.4
   26.5  24708  -55.9                         282     20  613.0         613.0
   24.0  25345  -54.0                         295     37  636.0         636.0
   20.5  26359  -51.1                         252     27  674.2         674.2
   20.0  26520  -51.1                         245     25  679.0         679.0
   18.0  27205  -51.1                         270     31  699.8         699.8
   17.0  27576  -51.1                         265     35  711.3         711.3
   16.2  27890  -51.1                                     721.1         721.1
</PRE><H3>Station information and sounding indices</H3><PRE>
                         Station identifier: WIII
                             Station number: 96749
                           Observation time: 150907/0000
                           Station latitude: -6.11
                          Station longitude: 106.65
                          Station elevation: 8.0
                            Showalter index: 6.13
                               Lifted index: 1.91
    LIFT computed using virtual temperature: 1.25
                                SWEAT index: 170.59
                                    K index: 8.90
                         Cross totals index: 15.10
                      Vertical totals index: 21.10
                        Totals totals index: 36.20
      Convective Available Potential Energy: 0.00
             CAPE using virtual temperature: 2.42
                      Convective Inhibition: 0.00
             CINS using virtual temperature: -49.92
 Equilibrum Level using virtual temperature: 443.81
             LFCT using virtual temperature: 836.47
                     Bulk Richardson Number: 0.00
          Bulk Richardson Number using CAPV: 0.22
  Temp [K] of the Lifted Condensation Level: 290.66
Pres [hPa] of the Lifted Condensation Level: 912.75
   Equivalent potential temp [K] of the LCL: 339.18
     Mean mixed layer potential temperature: 298.36
              Mean mixed layer mixing ratio: 14.01
              1000 hPa to 500 hPa thickness: 5762.00
Precipitable water [mm] for entire sounding: 29.41
</PRE>
<P>Description of the 
<A HREF="/upperair/columns.html">data columns</A>
or <A HREF="/upperair/indices.html">sounding indices</A>.

<P>
<FORM>
<INPUT CLASS="button" TYPE="button" VALUE=" Close this window " 
 onClick="window.close();">
<INPUT CLASS="button" TYPE="button" VALUE=" Select another map " 
 onClick="window.blur();">
</FORM>
<HR SIZE="1">
<I>Interested in graduate studies in atmospheric science?
Check out our program at the
<a href="http://www.uwyo.edu/atsc/howtoapply/"
target=_top>University of Wyoming
</a></I>
<HR SIZE="1"><FONT SIZE="-1">
Questions about the weather data provided by this site can be
addressed to <A HREF="mailto:ldoolman@uwyo.edu">
Larry Oolman (ldoolman@uwyo.edu)</A></FONT>
<HR SIZE="1">
<SCRIPT TYPE="text/javascript">
<!--
window.focus();
// -->
</SCRIPT>
</BODY>
</HTML>
