2014-05-07 00
<HTML>
<TITLE>University of Wyoming - Radiosonde Data</TITLE>
<BODY BGCOLOR="white">
<H2>96749 WIII Jakarta Observations at 00Z 07 May 2014</H2>
<PRE>
-----------------------------------------------------------------------------
   PRES   HGHT   TEMP   DWPT   RELH   MIXR   DRCT   SKNT   THTA   THTE   THTV
    hPa     m      C      C      %    g/kg    deg   knot     K      K      K 
-----------------------------------------------------------------------------
 1008.0      8   24.8   24.1     96  19.17    200      4  297.3  353.0  300.7
 1007.0     17   26.2   24.1     88  19.19    198      4  298.8  354.9  302.2
 1000.0     82   26.2   23.7     86  18.86    185      6  299.4  354.7  302.7
  976.0    297   25.6   22.3     82  17.71    130     10  300.8  353.1  304.0
  943.0    601   24.7   20.3     77  16.19    100     14  302.9  351.1  305.8
  925.0    771   24.2   19.2     74  15.38     95     16  304.1  350.1  306.9
  921.0    809   24.0   18.0     69  14.31     94     16  304.2  347.1  306.8
  911.0    904   23.4   17.4     69  13.94     90     16  304.6  346.4  307.1
  850.0   1507   19.8   13.8     68  11.80     95     14  306.9  342.7  309.1
  821.0   1801   18.1   12.5     70  11.24     95     12  308.1  342.4  310.2
  793.0   2096   16.4   11.3     72  10.69    110     12  309.4  342.2  311.3
  700.0   3154   10.2    6.7     79   8.87     95     14  313.8  341.6  315.4
  675.0   3456    8.6    4.8     77   8.05     95     14  315.2  340.8  316.8
  663.0   3604    7.8    3.3     73   7.35     95     14  316.0  339.5  317.4
  628.0   4050    5.6   -1.4     61   5.53    103     16  318.4  336.4  319.4
  617.0   4194    4.8   -3.9     53   4.66    105     17  319.1  334.4  320.0
  578.0   4724    1.8  -13.2     32   2.40     99     16  321.6  329.9  322.0
  561.0   4964    0.4   -6.6     59   4.18     96     16  322.7  336.7  323.5
  554.0   5065    0.2   -7.8     55   3.86     95     16  323.6  336.6  324.4
  553.0   5079    0.0   -4.3     73   5.06     95     16  323.5  340.4  324.5
  552.0   5094   -0.1   -4.7     71   4.91     95     16  323.6  340.0  324.6
  540.0   5269   -0.9   -9.9     50   3.36     94     17  324.7  336.1  325.3
  531.0   5403   -1.9   -6.1     73   4.59     93     17  325.0  340.5  325.9
  529.0   5433   -1.5  -11.5     46   3.02     93     17  325.9  336.3  326.4
  509.0   5739   -3.5  -11.5     54   3.13     91     18  327.0  337.9  327.7
  500.0   5880   -3.9  -15.9     39   2.23     90     19  328.2  336.1  328.7
  432.0   7021  -10.9  -23.9     33   1.29     77     15  333.3  338.1  333.6
  422.0   7200  -11.7  -24.7     33   1.23     75     14  334.5  339.1  334.8
  408.0   7459  -12.9  -25.9     33   1.14     88     17  336.2  340.6  336.5
  400.0   7610  -13.7  -32.7     19   0.61     95     19  337.1  339.5  337.2
  375.0   8098  -16.6  -45.8      6   0.17    100     17  339.5  340.2  339.6
  366.0   8281  -17.7  -50.7      4   0.10    101     17  340.4  340.9  340.4
  333.0   8975  -23.0  -50.3      6   0.11    105     17  342.5  343.0  342.5
  300.0   9740  -28.9  -49.9     11   0.13    145     19  344.5  345.1  344.6
  294.0   9883  -29.9  -51.5     10   0.11    150     19  345.0  345.5  345.1
  280.0  10227  -32.5  -55.5      8   0.07    152     16  346.2  346.6  346.2
  278.0  10277  -32.9  -43.9     32   0.28    152     16  346.3  347.5  346.4
  271.0  10455  -34.3  -49.3     20   0.16    153     15  346.8  347.5  346.9
  258.0  10793  -37.1  -49.1     28   0.17    155     12  347.6  348.4  347.7
  250.0  11010  -38.9  -48.9     34   0.18    140     12  348.1  348.9  348.1
  245.0  11148  -40.1  -50.1     33   0.16    134     10  348.3  349.0  348.4
  237.0  11369  -42.0                         125      6  348.8         348.8
  216.0  11987  -47.3                         130     10  349.9         349.9
  200.0  12500  -51.7                         165     12  350.7         350.7
  197.0  12595  -52.5                         170     12  350.9         350.9
  163.0  13780  -62.8                         160     12  353.2         353.2
  155.0  14095  -65.5                         180     10  353.7         353.7
  150.0  14300  -67.3                         170      4  354.0         354.0
  140.0  14701  -70.5                         295      2  355.3         355.3
  133.0  14998  -73.0                          50      4  356.3         356.3
  127.0  15266  -75.1                           5      6  357.1         357.1
  110.0  16101  -81.9                          63     11  359.3         359.3
  108.0  16203  -82.4                          70     12  360.3         360.3
  100.0  16630  -84.5                          55     12  364.2         364.2
   97.0  16797  -85.2                          50     14  366.0         366.0
   92.0  17087  -86.5                          65     16  369.0         369.0
   89.1  17263  -87.3                          95     19  370.9         370.9
   87.0  17394  -86.6                         105     19  374.8         374.8
   82.0  17720  -84.9                          95      6  384.7         384.7
   78.3  17974  -83.5                         109      8  392.7         392.7
   78.0  17995  -82.5                         110      8  395.1         395.1
   76.8  18082  -78.7                         153      9  404.8         404.8
   74.0  18294  -78.9                         255     12  408.8         408.8
   70.0  18610  -79.1                         250     16  414.8         414.8
   68.0  18775  -79.5                         267     21  417.4         417.4
   67.0  18860  -78.7                         275     23  420.9         420.9
   60.2  19478  -72.9                         246     17  446.9         446.9
   60.0  19498  -72.9                         245     17  447.5         447.5
   52.6  20274  -71.1                         277     17  468.7         468.7
   51.0  20461  -66.7                         285     17  483.1         483.1
   50.0  20580  -63.9                         280     23  492.5         492.5
   49.7  20617  -62.9                         279     24  495.7         495.7
   47.0  20961  -62.5                         265     31  504.6         504.6
   42.0  21655  -61.8                         275     23  522.9         522.9
   40.0  21956  -61.4                         260     21  531.1         531.1
   38.0  22272  -61.1                         225      8  539.8         539.8
   37.0  22437  -60.9                         110     12  544.4         544.4
   35.0  22779  -60.5                         115     12  554.1         554.1
   33.0  23142  -60.1                         150     14  564.5         564.5
   32.0  23332  -59.9                         155     10  570.1         570.1
   30.0  23730  -59.5                         140     16  581.9         581.9
   27.1  24364  -60.5                         106     32  596.2         596.2
   27.0                                       105     33                     
</PRE><H3>Station information and sounding indices</H3><PRE>
                         Station identifier: WIII
                             Station number: 96749
                           Observation time: 140507/0000
                           Station latitude: -6.11
                          Station longitude: 106.65
                          Station elevation: 8.0
                            Showalter index: 1.90
                               Lifted index: -1.97
    LIFT computed using virtual temperature: -2.71
                                SWEAT index: 212.61
                                    K index: 34.00
                         Cross totals index: 17.70
                      Vertical totals index: 23.70
                        Totals totals index: 41.40
      Convective Available Potential Energy: 713.01
             CAPE using virtual temperature: 884.94
                      Convective Inhibition: -94.07
             CINS using virtual temperature: -60.45
                           Equilibrum Level: 167.13
 Equilibrum Level using virtual temperature: 166.58
                   Level of Free Convection: 765.91
             LFCT using virtual temperature: 806.25
                     Bulk Richardson Number: 70.15
          Bulk Richardson Number using CAPV: 87.07
  Temp [K] of the Lifted Condensation Level: 294.95
Pres [hPa] of the Lifted Condensation Level: 936.85
   Equivalent potential temp [K] of the LCL: 353.24
     Mean mixed layer potential temperature: 300.52
              Mean mixed layer mixing ratio: 17.93
              1000 hPa to 500 hPa thickness: 5798.00
Precipitable water [mm] for entire sounding: 52.51
</PRE>
<P>Description of the 
<A HREF="/upperair/columns.html">data columns</A>
or <A HREF="/upperair/indices.html">sounding indices</A>.

<P>
<FORM>
<INPUT CLASS="button" TYPE="button" VALUE=" Close this window " 
 onClick="window.close();">
<INPUT CLASS="button" TYPE="button" VALUE=" Select another map " 
 onClick="window.blur();">
</FORM>
<HR SIZE="1">
<I>Interested in graduate studies in atmospheric science?
Check out our program at the
<a href="http://www.uwyo.edu/atsc/howtoapply/"
target=_top>University of Wyoming
</a></I>
<HR SIZE="1"><FONT SIZE="-1">
Questions about the weather data provided by this site can be
addressed to <A HREF="mailto:ldoolman@uwyo.edu">
Larry Oolman (ldoolman@uwyo.edu)</A></FONT>
<HR SIZE="1">
<SCRIPT TYPE="text/javascript">
<!--
window.focus();
// -->
</SCRIPT>
</BODY>
</HTML>
