2014-02-06 00
<HTML>
<TITLE>University of Wyoming - Radiosonde Data</TITLE>
<BODY BGCOLOR="white">
<H2>96749 WIII Jakarta Observations at 00Z 06 Feb 2014</H2>
<PRE>
-----------------------------------------------------------------------------
   PRES   HGHT   TEMP   DWPT   RELH   MIXR   DRCT   SKNT   THTA   THTE   THTV
    hPa     m      C      C      %    g/kg    deg   knot     K      K      K 
-----------------------------------------------------------------------------
 1006.0      8   24.4   23.9     97  18.98    330      3  297.0  352.1  300.4
 1000.0     65   24.6   23.2     92  18.28    320      4  297.8  351.0  301.0
  974.0    295   23.4   22.3     94  17.74    285     12  298.8  350.6  301.9
  941.0    597   21.8   21.1     96  17.05    300     14  300.1  350.2  303.2
  925.0    747   21.0   20.5     97  16.71    290     14  300.8  350.0  303.8
  909.0    898   20.2   19.4     95  15.87    275     12  301.5  348.4  304.3
  850.0   1477   17.2   15.2     88  12.94    270     14  304.1  342.9  306.5
  790.0   2098   14.4   11.2     81  10.70    250     10  307.6  340.2  309.6
  762.0   2404   13.0    9.2     78   9.71    265     10  309.3  339.2  311.1
  746.0   2584   12.2    8.1     76   9.16    252      9  310.3  338.6  312.0
  709.0   3010   10.8    5.1     68   7.85    220      6  313.2  337.9  314.7
  700.0   3117   10.4    4.4     66   7.55    220      6  314.0  337.8  315.4
  667.0   3518    8.8   -0.2     53   5.69    245      9  316.5  334.9  317.6
  660.0   3605    8.3    0.5     58   6.05    250     10  316.9  336.4  318.1
  636.0   3910    6.4    3.0     79   7.52    275      6  318.1  342.3  319.6
  613.0   4209    4.3    1.9     84   7.22    275      8  319.1  342.5  320.5
  591.0   4506    2.3    0.8     90   6.92    270      2  320.1  342.6  321.5
  567.0   4842    0.0   -0.4     97   6.60    284      5  321.2  342.8  322.5
  549.0   5098   -1.4   -1.8     97   6.13    295      8  322.5  342.7  323.7
  500.0   5840   -5.5   -6.0     96   4.92    300      8  326.3  342.9  327.2
  490.0   5997   -6.3   -6.9     96   4.69    310      6  327.1  343.0  328.0
  471.0   6303   -8.0   -8.6     95   4.26    280      6  328.8  343.4  329.6
  454.0   6588   -9.6  -10.2     95   3.89    285      4  330.3  343.8  331.1
  436.0   6902  -11.3  -12.0     94   3.51    255      6  332.0  344.3  332.7
  420.0   7192  -12.8  -13.7     94   3.19    280      8  333.5  344.8  334.2
  403.0   7512  -14.6  -15.5     93   2.86    270      4  335.2  345.5  335.8
  400.0   7570  -14.9  -15.8     93   2.81    300      4  335.5  345.6  336.1
  388.0   7798  -16.5  -17.6     91   2.50     40      2  336.4  345.4  336.9
  358.0   8399  -20.7  -22.2     88   1.81    155      4  338.6  345.3  338.9
  343.0   8709  -23.0  -24.7     86   1.52    205      6  339.6  345.3  339.9
  316.0   9304  -27.5  -29.5     83   1.06    200      8  341.4  345.5  341.6
  303.0   9608  -29.8  -31.9     81   0.88    225      4  342.3  345.8  342.5
  300.0   9680  -30.3  -32.5     81   0.84    205      4  342.6  345.8  342.7
  278.0  10211  -34.7  -37.1     79   0.57    300      2  343.8  346.1  343.9
  267.0  10493  -37.0  -39.5     78   0.47    275      2  344.4  346.3  344.5
  255.0  10814  -39.6  -42.2     76   0.37    275      2  345.0  346.6  345.1
  253.0  10869  -40.1  -42.7     76   0.35    303      2  345.1  346.6  345.2
  250.0  10950  -40.7                         345      2  345.4         345.4
  244.0  11110  -42.1                          65      2  345.7         345.7
  223.0  11703  -47.4                          90     10  346.7         346.7
  200.0  12420  -53.7                          90     10  347.6         347.6
  194.0  12610  -55.3                         100     12  348.0         348.0
  177.0  13180  -60.1                         105     12  349.3         349.3
  168.0  13505  -62.9                          75     16  350.0         350.0
  150.0  14210  -68.9                          80     33  351.2         351.2
  131.0  14999  -74.8                          75     52  354.6         354.6
  119.0  15558  -78.9                          75     39  356.9         356.9
  113.0  15852  -79.5                          75     32  361.1         361.1
  112.0  15902  -78.0                          75     31  364.8         364.8
  111.0  15953  -76.5                          72     29  368.5         368.5
  106.0  16218  -77.1                          56     19  372.3         372.3
  101.0  16493  -78.9                          40      8  373.9         373.9
  100.0  16550  -79.3                          40      8  374.3         374.3
   96.0  16778  -80.6                          75      4  376.1         376.1
   86.5  17359  -83.9                          75     12  380.8         380.8
   86.0  17392  -83.8                          65     12  381.7         381.7
   81.0  17725  -82.4                         105     12  391.1         391.1
   77.0  18006  -81.3                          95     27  399.1         399.1
   75.6  18108  -80.9                          90     23  402.1         402.1
   74.4  18199  -77.1                          85     19  411.9         411.9
   73.0  18308  -75.9                          80     14  416.6         416.6
   70.6  18500  -73.9                           8     11  424.9         424.9
   70.0  18550  -73.9                         350     10  426.0         426.0
   69.0  18634  -73.9                         330      8  427.7         427.7
   59.0  19546  -74.0                         290     21  446.9         446.9
   56.0  19850  -74.1                         280     16  453.6         453.6
   55.6  19892  -74.1                         266     14  454.5         454.5
   54.0  20064  -72.3                         210      8  462.5         462.5
   51.0  20403  -68.7                         190      8  478.4         478.4
   50.0  20520  -67.5                         215      6  484.0         484.0
   48.0  20766  -65.3                         259      6  494.9         494.9
   46.0  21026  -65.0                         305      6  501.7         501.7
   44.0  21298  -64.7                         325      4  508.9         508.9
   42.0  21583  -64.3                          70      2  516.6         516.6
   38.0  22195  -63.6                         290     27  533.4         533.4
   36.0  22525  -63.2                         240     23  542.7         542.7
   33.0  23057  -62.6                         240     10  558.0         558.0
   31.0  23440  -62.1                         205     10  569.3         569.3
   30.0  23640  -61.9                         160      8  575.3         575.3
   29.7  23702  -61.7                         158      8  577.5         577.5
   26.0  24539  -57.6                         135      4  611.5         611.5
   25.0  24786  -56.4                          40      4  621.8         621.8
   23.8  25095  -54.9                          84     11  635.0         635.0
   23.0  25312  -55.4                         115     16  639.8         639.8
   22.0  25595  -56.1                         115     17  646.0         646.0
   21.0  25890  -56.8                          70     12  652.5         652.5
   20.0  26200  -57.5                         330     10  659.4         659.4
   19.0  26524  -57.2                         235     14  670.1         670.1
   18.1  26831  -56.9                         213      9  680.4         680.4
   18.0  26867  -56.8                         210      8  681.8         681.8
   16.0  27625  -54.4                         100     21  712.9         712.9
   14.0  28485  -51.7                          75     45  749.7         749.7
   13.0  28963  -50.2                          85     51  770.9         770.9
   12.4  29267  -49.3                                     784.7         784.7
</PRE><H3>Station information and sounding indices</H3><PRE>
                         Station identifier: WIII
                             Station number: 96749
                           Observation time: 140206/0000
                           Station latitude: -6.11
                          Station longitude: 106.65
                          Station elevation: 8.0
                            Showalter index: 0.22
                               Lifted index: -2.69
    LIFT computed using virtual temperature: -2.92
                                SWEAT index: 218.41
                                    K index: 31.90
                         Cross totals index: 20.70
                      Vertical totals index: 22.70
                        Totals totals index: 43.40
      Convective Available Potential Energy: 812.31
             CAPE using virtual temperature: 913.52
                      Convective Inhibition: -3.48
             CINS using virtual temperature: -2.61
                           Equilibrum Level: 160.22
 Equilibrum Level using virtual temperature: 159.65
                   Level of Free Convection: 905.46
             LFCT using virtual temperature: 915.30
                     Bulk Richardson Number: 554.14
          Bulk Richardson Number using CAPV: 623.18
  Temp [K] of the Lifted Condensation Level: 295.35
Pres [hPa] of the Lifted Condensation Level: 962.74
   Equivalent potential temp [K] of the LCL: 350.71
     Mean mixed layer potential temperature: 298.58
              Mean mixed layer mixing ratio: 17.86
              1000 hPa to 500 hPa thickness: 5775.00
Precipitable water [mm] for entire sounding: 60.58
</PRE>
<P>Description of the 
<A HREF="/upperair/columns.html">data columns</A>
or <A HREF="/upperair/indices.html">sounding indices</A>.

<P>
<FORM>
<INPUT CLASS="button" TYPE="button" VALUE=" Close this window " 
 onClick="window.close();">
<INPUT CLASS="button" TYPE="button" VALUE=" Select another map " 
 onClick="window.blur();">
</FORM>
<HR SIZE="1">
<I>Interested in graduate studies in atmospheric science?
Check out our program at the
<a href="http://www.uwyo.edu/atsc/howtoapply/"
target=_top>University of Wyoming
</a></I>
<HR SIZE="1"><FONT SIZE="-1">
Questions about the weather data provided by this site can be
addressed to <A HREF="mailto:ldoolman@uwyo.edu">
Larry Oolman (ldoolman@uwyo.edu)</A></FONT>
<HR SIZE="1">
<SCRIPT TYPE="text/javascript">
<!--
window.focus();
// -->
</SCRIPT>
</BODY>
</HTML>
