2013-01-01 00
<HTML>
<TITLE>University of Wyoming - Radiosonde Data</TITLE>
<BODY BGCOLOR="white">
<H2>96749 WIII Jakarta Observations at 00Z 01 Jan 2013</H2>
<PRE>
-----------------------------------------------------------------------------
   PRES   HGHT   TEMP   DWPT   RELH   MIXR   DRCT   SKNT   THTA   THTE   THTV
    hPa     m      C      C      %    g/kg    deg   knot     K      K      K 
-----------------------------------------------------------------------------
 1007.0      8   24.6   23.0     91  17.93    260      5  297.2  349.2  300.3
 1000.0     73   25.2   21.7     81  16.64    260      6  298.4  346.9  301.3
  985.0    206   25.2   21.3     79  16.48    254     10  299.6  348.0  302.6
  975.0    296   24.8   20.8     79  16.10    250     12  300.1  347.4  302.9
  925.0    758   22.4   18.0     76  14.24    265     19  302.2  344.5  304.8
  910.0    900   21.6   17.1     76  13.69    270     21  302.8  343.6  305.3
  850.0   1490   18.4   13.5     73  11.57    265     16  305.4  340.3  307.5
  819.0   1808   16.4   13.2     81  11.77    260     16  306.5  342.2  308.7
  810.0   1903   15.8   13.1     84  11.83    265     15  306.9  342.8  309.1
  791.0   2103   15.0   11.9     82  11.19    275     14  308.1  342.2  310.2
  737.0   2702   12.6    8.3     75   9.43    310     12  311.7  341.1  313.5
  725.0   2840   12.0    7.5     74   9.05    308     11  312.6  340.9  314.3
  700.0   3134   10.2    6.0     75   8.45    305     10  313.8  340.3  315.4
  686.0   3299    9.3    5.2     76   8.17    300      6  314.5  340.3  316.1
  638.0   3893    5.9    2.5     79   7.21    335      2  317.3  340.4  318.6
  615.0   4194    4.2    1.1     80   6.76    100      2  318.7  340.5  320.0
  593.0   4492    2.5   -0.3     82   6.33    130      2  320.0  340.7  321.2
  571.0   4801    0.7   -1.8     83   5.91    105      6  321.4  340.9  322.6
  562.0   4931    0.0   -2.4     84   5.74    109      6  322.0  341.0  323.1
  550.0   5103   -1.1   -3.4     84   5.46    115      6  322.8  340.9  323.9
  510.0   5704   -4.7   -6.7     86   4.56     95     14  325.4  340.8  326.3
  508.0   5735   -4.9   -6.9     86   4.51     95     14  325.5  340.8  326.4
  500.0   5860   -4.7   -7.3     82   4.45     95     12  327.2  342.4  328.1
  493.0   5971   -4.7   -7.5     81   4.44    100     12  328.6  343.8  329.4
  472.0   6306   -6.7   -9.7     79   3.91    115     14  330.2  343.8  331.0
  455.0   6588   -8.3  -11.5     78   3.51    135     14  331.7  343.9  332.4
  437.0   6899  -10.1  -13.5     76   3.11    125     10  333.2  344.2  333.8
  420.0   7204  -11.9  -15.5     75   2.75    170      8  334.7  344.6  335.3
  404.0   7503  -13.7  -17.4     73   2.43    185     12  336.2  345.0  336.7
  400.0   7580  -14.1  -17.9     73   2.35    180     12  336.6  345.1  337.1
  388.0   7807  -15.7  -19.8     71   2.07    165     10  337.5  345.1  337.9
  373.0   8101  -17.7  -22.2     68   1.75    120      8  338.6  345.1  339.0
  344.0   8704  -21.9  -27.1     62   1.21    130     10  340.9  345.5  341.1
  330.0   9013  -24.0  -29.6     60   1.00    140     10  342.0  345.9  342.2
  318.0   9289  -25.9  -31.9     57   0.84     99     10  343.0  346.3  343.2
  317.0   9312  -26.1  -32.0     57   0.83     95     10  343.0  346.3  343.2
  300.0   9710  -29.5  -34.1     64   0.72     95     12  343.7  346.5  343.8
  250.0  10980  -40.1  -46.1     53   0.25     95     17  346.3  347.4  346.4
  214.0  12011  -49.2                         105     23  348.0         348.0
  200.0  12460  -53.1                          90     23  348.5         348.5
  178.0  13181  -59.6                          80     27  349.7         349.7
  150.0  14240  -69.1                          95     31  350.9         350.9
  110.0  16033  -82.9                          99     49  357.4         357.4
  101.0  16505  -85.6                         100     54  361.1         361.1
  100.0  16560  -85.9                         100     54  361.5         361.5
   95.4  16817  -86.6                         100     60  365.0         365.0
   95.0  16840  -86.7                         100     60  365.3         365.3
   87.7  17276  -87.9                          90     54  371.3         371.3
   85.0  17449  -82.8                          85     49  385.0         385.0
   83.3  17561  -79.5                          79     38  393.9         393.9
   81.0  17721  -77.9                          70     23  400.4         400.4
   78.5  17900  -76.1                         113     11  407.7         407.7
   77.0  18011  -76.2                         140      4  409.7         409.7
   73.0  18318  -76.6                          45      4  415.2         415.2
   70.0  18560  -76.9                          75      8  419.6         419.6
   66.0  18896  -76.8                         100     10  426.8         426.8
   59.0  19537  -76.7                         115     27  440.9         440.9
   57.8  19655  -76.7                         113     29  443.6         443.6
   51.8  20298  -66.7                          99     41  481.0         481.0
   50.0  20510  -67.7                          95     45  483.5         483.5
   44.0  21278  -67.6                          80     52  501.8         501.8
   38.3  22111  -67.5                          85     56  522.3         522.3
   33.0  23029  -60.5                          90     60  563.6         563.6
   30.7  23474  -57.1                          94     63  584.5         584.5
   30.0  23620  -57.3                          95     64  587.8         587.8
   28.1  24034  -57.4                          95     68  598.6         598.6
   28.0  24056  -57.4                          95     68  599.2         599.2
   26.8  24333  -57.5                          96     65  606.5         606.5
   24.0  25041  -51.1                         100     58  644.4         644.4
   23.9  25068  -50.9                         100     56  645.9         645.9
   22.0  25608  -50.6                          90     25  662.2         662.2
   20.0  26230  -50.3                          65     16  681.5         681.5
   19.0  26564  -50.7                          10      6  690.2         690.2
   18.6  26703  -50.9                         348      9  693.9         693.9
   18.0  26915  -51.9                         315     14  697.2         697.2
   17.2  27209  -53.3                         323     16  701.9         701.9
   17.0  27285  -53.1                         325     16  704.8         704.8
   16.0  27678  -52.2                         270     16  720.1         720.1
   15.0  28096  -51.2                         245     19  736.7         736.7
   14.1  28497  -50.3                          11      9  753.0         753.0
   14.0  28544  -50.0                          25      8  755.8         755.8
   13.0  29033  -46.3                          70      2  784.7         784.7
   12.7  29187  -45.1                          92      6  794.0         794.0
   12.0  29565  -45.1                         145     14  806.9         806.9
   11.3  29967  -45.1                                     820.9         820.9
</PRE><H3>Station information and sounding indices</H3><PRE>
                         Station identifier: WIII
                             Station number: 96749
                           Observation time: 130101/0000
                           Station latitude: -6.11
                          Station longitude: 106.65
                          Station elevation: 8.0
                            Showalter index: 2.06
                               Lifted index: -0.62
    LIFT computed using virtual temperature: -0.83
                                SWEAT index: 206.02
                                    K index: 32.40
                         Cross totals index: 18.20
                      Vertical totals index: 23.10
                        Totals totals index: 41.30
      Convective Available Potential Energy: 63.63
             CAPE using virtual temperature: 93.58
                      Convective Inhibition: -115.42
             CINS using virtual temperature: -77.19
                           Equilibrum Level: 493.18
 Equilibrum Level using virtual temperature: 432.58
                   Level of Free Convection: 654.78
             LFCT using virtual temperature: 691.11
                     Bulk Richardson Number: 26.34
          Bulk Richardson Number using CAPV: 38.74
  Temp [K] of the Lifted Condensation Level: 293.20
Pres [hPa] of the Lifted Condensation Level: 926.85
   Equivalent potential temp [K] of the LCL: 347.17
     Mean mixed layer potential temperature: 299.65
              Mean mixed layer mixing ratio: 16.23
              1000 hPa to 500 hPa thickness: 5787.00
Precipitable water [mm] for entire sounding: 57.37
</PRE>
<P>Description of the 
<A HREF="/upperair/columns.html">data columns</A>
or <A HREF="/upperair/indices.html">sounding indices</A>.

<P>
<FORM>
<INPUT CLASS="button" TYPE="button" VALUE=" Close this window " 
 onClick="window.close();">
<INPUT CLASS="button" TYPE="button" VALUE=" Select another map " 
 onClick="window.blur();">
</FORM>
<HR SIZE="1">
<I>Interested in graduate studies in atmospheric science?
Check out our program at the
<a href="http://www.uwyo.edu/atsc/howtoapply/"
target=_top>University of Wyoming
</a></I>
<HR SIZE="1"><FONT SIZE="-1">
Questions about the weather data provided by this site can be
addressed to <A HREF="mailto:ldoolman@uwyo.edu">
Larry Oolman (ldoolman@uwyo.edu)</A></FONT>
<HR SIZE="1">
<SCRIPT TYPE="text/javascript">
<!--
window.focus();
// -->
</SCRIPT>
</BODY>
</HTML>
