2013-12-17 12
<HTML>
<TITLE>University of Wyoming - Radiosonde Data</TITLE>
<BODY BGCOLOR="white">
<H2>96749 WIII Jakarta Observations at 00Z 17 Dec 2013</H2>
<PRE>
-----------------------------------------------------------------------------
   PRES   HGHT   TEMP   DWPT   RELH   MIXR   DRCT   SKNT   THTA   THTE   THTV
    hPa     m      C      C      %    g/kg    deg   knot     K      K      K 
-----------------------------------------------------------------------------
 1009.0      8   24.2   23.2     94  18.11    180      5  296.6  349.1  299.8
 1000.0     85   23.8   22.2     91  17.17    200      4  296.9  346.8  300.0
  976.0    297   22.9   20.9     89  16.28    260      2  298.1  345.6  301.0
  943.0    598   21.7   19.2     86  15.07      5      6  299.8  344.1  302.5
  925.0    766   21.0   18.2     84  14.43    340      8  300.8  343.3  303.4
  911.0    898   20.6   17.2     81  13.73    325     10  301.6  342.3  304.1
  850.0   1497   18.6   12.6     68  10.90    300     12  305.6  338.6  307.6
  834.0   1660   17.6   11.6     68  10.39    297     11  306.2  337.8  308.1
  792.0   2096   15.1   10.2     72   9.95    290     10  308.1  338.6  310.0
  765.0   2389   13.5    9.2     76   9.66    290      8  309.4  339.2  311.2
  712.0   2995   10.0    7.3     83   9.07    330     10  312.0  340.3  313.7
  700.0   3138    9.2    6.8     85   8.93    330     10  312.6  340.6  314.3
  686.0   3303    8.3    6.1     86   8.68    330     12  313.5  340.7  315.1
  662.0   3593    6.8    4.8     88   8.24    350     12  314.9  341.0  316.5
  638.0   3893    5.2    3.5     89   7.80    325     10  316.4  341.3  317.9
  615.0   4192    3.5    2.2     91   7.38    345      4  317.9  341.6  319.3
  593.0   4489    2.0    1.0     93   6.98    300     10  319.4  342.0  320.8
  567.0   4854    0.0   -0.6     96   6.50    298      9  321.2  342.5  322.5
  530.0   5389   -3.0   -3.6     95   5.56    295      8  323.9  342.4  325.0
  500.0   5850   -5.5   -6.2     95   4.84    220      2  326.3  342.6  327.2
  491.0   5991   -6.3   -7.0     94   4.62    205      2  327.0  342.7  327.9
  472.0   6297   -8.0   -8.9     93   4.17    105      2  328.6  342.9  329.4
  454.0   6598   -9.7  -10.7     92   3.76    105      4  330.2  343.2  330.9
  420.0   7202  -13.0  -14.2     90   3.04    170      2  333.3  344.1  333.9
  404.0   7503  -14.7  -16.0     89   2.72    170      2  334.9  344.6  335.4
  400.0   7580  -15.1  -16.5     89   2.65    155      2  335.3  344.8  335.8
  388.0   7806  -16.6  -18.1     88   2.37    100      2  336.2  344.9  336.7
  373.0   8099  -18.5  -20.3     86   2.06    110      2  337.5  345.1  337.9
  344.0   8700  -22.5  -24.7     82   1.51     85      4  340.0  345.7  340.3
  337.0   8852  -23.5  -25.8     81   1.40    115      4  340.6  345.9  340.9
  330.0   9004  -24.7  -27.1     81   1.27    145      4  341.1  345.9  341.3
  300.0   9690  -30.1  -32.7     78   0.82    140      4  342.8  346.1  343.0
  291.0   9902  -31.9  -34.9     74   0.68    140      6  343.3  346.0  343.4
  279.0  10196  -34.4  -38.0     70   0.52    175      4  343.9  346.0  344.0
  267.0  10503  -36.9  -41.2     65   0.39    110      6  344.5  346.1  344.6
  253.0  10879  -40.1  -45.1     59   0.27    102      6  345.1  346.3  345.2
  250.0  10960  -40.7                         100      6  345.4         345.4
  245.0  11094  -41.8                         105      6  345.7         345.7
  214.0  11991  -49.5                         165      6  347.5         347.5
  204.0  12309  -52.2                         140      8  348.0         348.0
  200.0  12440  -53.3                         140     10  348.2         348.2
  195.0  12597  -54.7                         140     12  348.5         348.5
  186.0  12889  -57.3                         115     14  349.0         349.0
  169.0  13482  -62.7                         155     19  349.8         349.8
  150.0  14220  -69.3                         160     19  350.5         350.5
  146.0  14378  -70.6                         155     17  350.9         350.9
  131.0  15012  -76.0                         145     25  352.4         352.4
  126.0  15239  -77.9                         146     28  352.9         352.9
  106.0  16212  -82.5                         150     39  361.9         361.9
  100.0  16540  -84.1                         125     37  365.0         365.0
   95.0  16823  -85.4                         120     39  367.8         367.8
   92.5  16969  -86.1                         120     33  369.3         369.3
   90.0  17122  -81.9                         115     23  380.5         380.5
   89.3  17165  -80.7                         143     20  383.8         383.8
   86.0  17381  -79.7                         280      8  389.9         389.9
   81.0  17724  -78.2                         280     25  399.7         399.7
   70.0  18560  -74.5                         220     10  424.7         424.7
   68.1  18720  -74.9                         276     10  427.2         427.2
   66.0  18904  -72.8                         340     10  435.5         435.5
   62.9  19187  -69.7                         320     15  448.4         448.4
   60.0  19467  -70.8                         300     19  452.0         452.0
   58.9  19576  -71.3                         300     17  453.3         453.3
   57.0  19773  -70.0                         300     14  460.6         460.6
   54.0  20098  -67.8                         240     16  472.8         472.8
   51.0  20441  -65.5                         210     14  486.0         486.0
   50.0  20560  -64.7                         230     12  490.6         490.6
   48.5  20746  -63.7                         260     14  497.3         497.3
   47.0  20938  -64.0                         290     17  501.1         501.1
   44.0  21340  -64.5                         265     16  509.3         509.3
   42.0  21624  -64.9                         275     12  515.1         515.1
   40.2  21892  -65.3                         315     10  520.6         520.6
   40.0  21922  -65.0                         320     10  522.1         522.1
   36.3  22520  -59.7                         288     20  550.5         550.5
   36.0  22572  -59.7                         285     21  551.8         551.8
   32.0  23307  -60.0                         255     16  569.9         569.9
   30.6  23586  -60.1                         255     10  576.9         576.9
   30.0  23710  -57.3                         255      8  587.8         587.8
   29.6  23796  -55.5                         261      8  595.0         595.0
   29.0  23925  -55.8                         270      8  597.6         597.6
   23.0  25393  -59.5                         225     23  627.8         627.8
   22.1  25645  -60.1                         215     21  633.2         633.2
   21.0  25965  -60.4                         165     14  641.5         641.5
   20.0  26270  -60.7                         160     16  649.6         649.6
   19.9  26301  -60.7                         157     17  650.6         650.6
   19.0  26597  -58.8                         125     25  665.0         665.0
   17.0  27307  -54.4                         105     35  700.9         700.9
   16.0  27694  -51.9                          60     41  721.1         721.1
   15.0  28106  -49.3                          71     41  743.1         743.1
   12.0  29578  -47.8                         110     41  797.5         797.5
   11.0  30152  -47.2                          95     56  819.8         819.8
   10.0  30780  -46.5                         105     56  844.9         844.9
    9.4  31191  -46.3                         102     57  860.7         860.7
    9.0  31484  -44.0                         100     58  880.2         880.2
    8.2  32112  -39.1                          88     53  923.3         923.3
    8.0  32280  -39.6                          85     52  928.0         928.0
    7.3  32905  -41.3                                     945.5         945.5
</PRE><H3>Station information and sounding indices</H3><PRE>
                         Station identifier: WIII
                             Station number: 96749
                           Observation time: 131217/0000
                           Station latitude: -6.11
                          Station longitude: 106.65
                          Station elevation: 8.0
                            Showalter index: 1.98
                               Lifted index: -0.94
    LIFT computed using virtual temperature: -1.05
                                SWEAT index: 177.21
                                    K index: 34.30
                         Cross totals index: 18.10
                      Vertical totals index: 24.10
                        Totals totals index: 42.20
      Convective Available Potential Energy: 103.96
             CAPE using virtual temperature: 128.64
                      Convective Inhibition: -99.61
             CINS using virtual temperature: -65.55
                           Equilibrum Level: 400.09
 Equilibrum Level using virtual temperature: 387.71
                   Level of Free Convection: 709.63
             LFCT using virtual temperature: 737.13
                     Bulk Richardson Number: 14.95
          Bulk Richardson Number using CAPV: 18.50
  Temp [K] of the Lifted Condensation Level: 293.95
Pres [hPa] of the Lifted Condensation Level: 954.35
   Equivalent potential temp [K] of the LCL: 345.91
     Mean mixed layer potential temperature: 297.91
              Mean mixed layer mixing ratio: 16.51
              1000 hPa to 500 hPa thickness: 5765.00
Precipitable water [mm] for entire sounding: 58.36
</PRE>
<P>Description of the 
<A HREF="/upperair/columns.html">data columns</A>
or <A HREF="/upperair/indices.html">sounding indices</A>.

<P>
<FORM>
<INPUT CLASS="button" TYPE="button" VALUE=" Close this window " 
 onClick="window.close();">
<INPUT CLASS="button" TYPE="button" VALUE=" Select another map " 
 onClick="window.blur();">
</FORM>
<HR SIZE="1">
<I>Interested in graduate studies in atmospheric science?
Check out our program at the
<a href="http://www.uwyo.edu/atsc/howtoapply/"
target=_top>University of Wyoming
</a></I>
<HR SIZE="1"><FONT SIZE="-1">
Questions about the weather data provided by this site can be
addressed to <A HREF="mailto:ldoolman@uwyo.edu">
Larry Oolman (ldoolman@uwyo.edu)</A></FONT>
<HR SIZE="1">
<SCRIPT TYPE="text/javascript">
<!--
window.focus();
// -->
</SCRIPT>
</BODY>
</HTML>
