2015-04-12 00
<HTML>
<TITLE>University of Wyoming - Radiosonde Data</TITLE>
<BODY BGCOLOR="white">
<H2>96749 WIII Jakarta Observations at 00Z 12 Apr 2015</H2>
<PRE>
-----------------------------------------------------------------------------
   PRES   HGHT   TEMP   DWPT   RELH   MIXR   DRCT   SKNT   THTA   THTE   THTV
    hPa     m      C      C      %    g/kg    deg   knot     K      K      K 
-----------------------------------------------------------------------------
 1011.0      8   24.4   22.8     91  17.63    230      2  296.6  347.7  299.8
 1000.0    104   25.0   22.7     87  17.72    210      4  298.1  349.8  301.3
  978.0    300   25.4   20.8     76  16.11    175      6  300.4  347.9  303.3
  964.0    428   25.6   19.6     69  15.13    160      8  301.9  346.8  304.6
  945.0    603   24.5   19.0     71  14.88    140     10  302.5  346.8  305.2
  925.0    791   23.4   18.4     74  14.62    150     10  303.2  346.8  305.9
  913.0    904   22.6   17.8     74  14.22    150     10  303.6  346.0  306.2
  850.0   1525   18.4   14.3     77  12.20    160      8  305.4  342.2  307.6
  823.0   1800   16.9   11.9     73  10.75    165      6  306.6  339.3  308.6
  794.0   2105   15.2    9.2     68   9.31    190      6  307.9  336.5  309.7
  762.0   2454   13.2    6.2     63   7.86    190     11  309.5  333.9  310.9
  757.0   2510   12.8    9.8     82  10.15    190     11  309.6  340.9  311.5
  740.0   2700   12.0    8.6     80   9.59    190     14  310.8  340.5  312.6
  714.0   2999   10.7    6.8     77   8.76    205      8  312.5  339.9  314.2
  700.0   3165   10.0    5.8     75   8.33    190      8  313.5  339.7  315.1
  664.0   3601    7.6    3.0     72   7.18    140     10  315.6  338.5  316.9
  644.0   3854    6.2    1.3     71   6.57    140     10  316.8  337.9  318.0
  640.0   3905    5.9    1.0     71   6.46    140     10  317.0  337.8  318.2
  617.0   4202    4.0   -0.9     70   5.84     95      4  318.2  337.1  319.3
  594.0   4510    2.1   -2.9     70   5.24     75      2  319.4  336.6  320.4
  573.0   4802    0.3   -4.7     69   4.72     95      4  320.6  336.2  321.5
  570.0   4844    0.0   -5.0     69   4.65     93      4  320.7  336.2  321.6
  526.0   5482   -4.5  -10.5     63   3.29     58      7  322.8  333.9  323.4
  516.0   5633   -5.5   -7.0     89   4.41     49      8  323.4  338.1  324.2
  511.0   5710   -5.9   -7.7     88   4.23     45      8  323.7  338.0  324.6
  500.0   5880   -6.9   -9.1     84   3.86     40      8  324.6  337.7  325.3
  455.0   6609  -10.1  -14.7     69   2.69     20     10  329.4  338.9  330.0
  421.0   7209  -12.7  -19.4     57   1.97     25     14  333.5  340.6  333.9
  416.0   7302  -13.1  -20.1     56   1.87     20     13  334.1  340.9  334.5
  415.0   7320  -12.9  -24.9     36   1.23     19     12  334.6  339.2  334.8
  400.0   7600  -14.7  -29.7     27   0.82      5      8  335.8  338.9  336.0
  377.0   8044  -18.3  -28.3     41   0.99    357     10  336.8  340.6  337.0
  368.0   8224  -19.3  -24.3     65   1.46    353     11  337.8  343.2  338.1
  359.0   8406  -20.6  -26.2     61   1.27    350     12  338.4  343.2  338.7
  337.0   8871  -23.9  -30.9     52   0.87    350     11  340.1  343.5  340.3
  330.0   9024  -24.1  -42.1     17   0.29    350     11  341.9  343.1  341.9
  317.0   9313  -26.5  -46.1     14   0.19    350     10  342.5  343.4  342.6
  300.0   9710  -29.7  -51.7     10   0.11     15     12  343.4  343.9  343.4
  268.0  10502  -36.3  -49.3     25   0.16     61     13  345.0  345.7  345.1
  256.0  10817  -39.0  -48.5     36   0.18     80     14  345.7  346.5  345.7
  251.0  10953  -40.1  -48.1     42   0.20     76     16  345.9  346.8  346.0
  250.0  10980  -40.1                          75     16  346.3         346.3
  235.0  11390  -43.6                          80     14  347.2         347.2
  214.0  12011  -48.9                         105     12  348.4         348.4
  200.0  12460  -52.7                         105     12  349.1         349.1
  187.0  12881  -56.3                         115      8  350.1         350.1
  178.0  13189  -58.9                          70      6  350.8         350.8
  169.0  13514  -61.7                          60      6  351.4         351.4
  161.0  13817  -64.3                          20      6  351.9         351.9
  150.0  14260  -68.1                           0      6  352.6         352.6
  119.0  15589  -78.3                         310     12  357.9         357.9
  113.0  15886  -80.6                         290      8  359.0         359.0
  107.0  16199  -83.0                         175      6  360.1         360.1
  103.0  16418  -84.7                         125     10  360.8         360.8
  101.0  16525  -84.8                         120     10  362.6         362.6
  100.0  16580  -84.9                         115     12  363.4         363.4
   96.0  16804  -85.2                         100     17  367.1         367.1
   94.6  16885  -85.3                          88     18  368.5         368.5
   91.0  17102  -82.2                          55     19  378.8         378.8
   86.7  17373  -78.3                         346     11  391.9         391.9
   86.0  17419  -78.5                         335     10  392.3         392.3
   82.0  17688  -79.9                         290     12  394.9         394.9
   77.9  17978  -81.3                         280     12  397.8         397.8
   73.0  18344  -80.6                         250      8  406.8         406.8
   70.0  18580  -80.1                         150     16  412.7         412.7
   69.4  18629  -79.5                         148     17  415.0         415.0
   67.7  18771  -75.7                         141     20  426.2         426.2
   66.0  18918  -75.8                         135     23  429.1         429.1
   63.9  19104  -75.9                         113     23  432.8         432.8
   62.6  19224  -73.1                          99     23  441.5         441.5
   60.0  19471  -74.6                          70     23  443.6         443.6
   58.5  19618  -75.5                          65     21  444.8         444.8
   57.6  19708  -73.3                          62     20  451.7         451.7
   57.0  19769  -73.5                          60     19  452.6         452.6
   51.0  20415  -75.7                         100     17  462.1         462.1
   50.5  20473  -75.9                          98     19  462.9         462.9
   50.0  20530  -75.5                          95     21  465.2         465.2
   48.1  20756  -73.9                          83     26  474.2         474.2
   46.9  20905  -69.5                          76     29  488.1         488.1
   46.0  21021  -69.5                          70     31  490.9         490.9
   41.8  21594  -69.3                          80     39  505.0         505.0
   38.0  22176  -66.8                          90     47  525.2         525.2
   30.0  23620  -60.7                          85     62  578.6         578.6
   27.7  24119  -58.9                          77     67  596.9         596.9
   27.0  24283  -57.1                          75     68  606.4         606.4
   26.8  24331  -56.6                          75     68  609.2         609.2
   24.4  24933  -49.9                          90     51  645.0         645.0
   23.0  25318  -50.3                         100     41  654.7         654.7
   20.0  26230  -51.3                          80     19  678.4         678.4
   19.5  26394  -51.5                          87     19  682.7         682.7
   19.0  26564  -49.8                          95     19  693.0         693.0
   18.5  26739  -48.1                          85     13  703.7         703.7
   18.0  26918  -49.1                          75      6  706.1         706.1
   17.0  27292  -51.1                         285      8  711.3         711.3
   16.9  27330  -51.3                         284      8  711.8         711.8
   16.0  27690  -50.4                         275     10  726.1         726.1
   14.0  28568  -48.1                         315     12  762.1         762.1
   13.0  29055  -46.8                         240      8  782.8         782.8
   12.2  29473  -45.7                         216      6  801.0         801.0
   12.0                                       210      6                     
</PRE><H3>Station information and sounding indices</H3><PRE>
                         Station identifier: WIII
                             Station number: 96749
                           Observation time: 150412/0000
                           Station latitude: -6.11
                          Station longitude: 106.65
                          Station elevation: 8.0
                            Showalter index: -0.89
                               Lifted index: -3.12
    LIFT computed using virtual temperature: -3.44
                                SWEAT index: 195.61
                                    K index: 35.40
                         Cross totals index: 21.20
                      Vertical totals index: 25.30
                        Totals totals index: 46.50
      Convective Available Potential Energy: 315.64
             CAPE using virtual temperature: 419.03
                      Convective Inhibition: -102.53
             CINS using virtual temperature: -76.68
                           Equilibrum Level: 250.67
 Equilibrum Level using virtual temperature: 250.61
                   Level of Free Convection: 759.22
             LFCT using virtual temperature: 804.33
                     Bulk Richardson Number: 515.50
          Bulk Richardson Number using CAPV: 684.38
  Temp [K] of the Lifted Condensation Level: 293.40
Pres [hPa] of the Lifted Condensation Level: 927.37
   Equivalent potential temp [K] of the LCL: 347.96
     Mean mixed layer potential temperature: 299.81
              Mean mixed layer mixing ratio: 16.45
              1000 hPa to 500 hPa thickness: 5776.00
Precipitable water [mm] for entire sounding: 53.68
</PRE>
<P>Description of the 
<A HREF="/upperair/columns.html">data columns</A>
or <A HREF="/upperair/indices.html">sounding indices</A>.

<P>
<FORM>
<INPUT CLASS="button" TYPE="button" VALUE=" Close this window " 
 onClick="window.close();">
<INPUT CLASS="button" TYPE="button" VALUE=" Select another map " 
 onClick="window.blur();">
</FORM>
<HR SIZE="1">
<I>Interested in graduate studies in atmospheric science?
Check out our program at the
<a href="http://www.uwyo.edu/atsc/howtoapply/"
target=_top>University of Wyoming
</a></I>
<HR SIZE="1"><FONT SIZE="-1">
Questions about the weather data provided by this site can be
addressed to <A HREF="mailto:ldoolman@uwyo.edu">
Larry Oolman (ldoolman@uwyo.edu)</A></FONT>
<HR SIZE="1">
<SCRIPT TYPE="text/javascript">
<!--
window.focus();
// -->
</SCRIPT>
</BODY>
</HTML>
