2014-04-26 00
<HTML>
<TITLE>University of Wyoming - Radiosonde Data</TITLE>
<BODY BGCOLOR="white">
<H2>96749 WIII Jakarta Observations at 00Z 26 Apr 2014</H2>
<PRE>
-----------------------------------------------------------------------------
   PRES   HGHT   TEMP   DWPT   RELH   MIXR   DRCT   SKNT   THTA   THTE   THTV
    hPa     m      C      C      %    g/kg    deg   knot     K      K      K 
-----------------------------------------------------------------------------
 1007.0      8   26.6   23.9     85  18.96    210      4  299.1  354.7  302.5
 1000.0     76   26.2   22.5     80  17.50    210      6  299.4  350.7  302.5
  975.0    299   25.4   21.0     76  16.32    215     10  300.7  348.9  303.7
  925.0    762   23.8   17.8     69  14.06    220     12  303.6  345.7  306.2
  911.0    895   23.0   17.1     70  13.70    220     12  304.1  345.1  306.6
  880.0   1196   21.1   15.7     71  12.89    240      8  305.2  344.0  307.5
  850.0   1498   19.2   14.2     73  12.12    230      4  306.2  342.9  308.5
  821.0   1797   17.9   13.1     74  11.70    230      4  307.9  343.5  310.0
  820.0   1807   17.8   13.1     74  11.68    229      4  307.9  343.6  310.1
  792.0   2101   16.1   11.4     73  10.78    190      4  309.2  342.3  311.2
  765.0   2395   14.5    9.6     73   9.93    225      4  310.5  341.2  312.4
  738.0   2699   12.7    7.8     72   9.10    165      2  311.8  340.2  313.5
  712.0   3002   11.0    6.0     71   8.33    145      6  313.1  339.3  314.7
  700.0   3146   10.2    5.2     71   7.98    115      4  313.8  338.9  315.3
  687.0   3299    9.3    4.4     71   7.68     80      2  314.5  338.8  315.9
  662.0   3602    7.6    2.8     72   7.11    100      6  315.9  338.6  317.2
  639.0   3892    6.0    1.3     72   6.60    155     14  317.2  338.5  318.5
  616.0   4191    4.3   -0.3     72   6.10    145     14  318.6  338.4  319.8
  562.0   4941    0.0   -4.3     73   4.98    124     12  322.0  338.6  323.0
  551.0   5098   -0.8   -5.4     71   4.66    120     12  322.9  338.4  323.8
  530.0   5407   -2.5   -7.6     68   4.09     85     10  324.5  338.4  325.3
  500.0   5870   -4.9  -10.9     63   3.35    110     12  327.0  338.6  327.7
  492.0   5995   -5.7  -12.2     60   3.08    120     14  327.6  338.2  328.2
  455.0   6601   -9.4  -18.2     49   2.01     95     10  330.3  337.5  330.7
  423.0   7165  -12.9  -23.9     39   1.32    114     10  332.8  337.7  333.0
  421.0   7202  -13.2  -19.8     57   1.89    115     10  332.9  339.8  333.3
  420.0   7220  -13.3  -17.8     69   2.26    114     10  332.9  341.1  333.4
  405.0   7496  -14.6  -20.3     62   1.90    105      6  334.7  341.6  335.1
  400.0   7590  -15.1  -21.1     60   1.79     95      4  335.3  341.8  335.6
  389.0   7801  -16.4  -21.5     65   1.78     65      2  336.3  342.8  336.6
  388.0   7821  -16.5  -21.5     65   1.78     65      2  336.4  342.9  336.7
  381.0   7958  -17.1  -33.1     24   0.62     66      4  337.3  339.8  337.5
  359.0   8394  -20.5  -36.2     23   0.48     70      8  338.6  340.5  338.7
  331.0   8989  -25.1  -40.5     22   0.34     65      8  340.2  341.6  340.3
  317.0   9306  -27.6  -42.8     22   0.28     35      8  341.0  342.2  341.1
  300.0   9710  -30.7  -45.7     22   0.21     60     10  342.0  342.9  342.0
  292.0   9900  -32.4  -46.3     24   0.21     65      8  342.2  343.1  342.3
  286.0  10045  -33.7  -46.7     26   0.20     64      8  342.4  343.3  342.4
  272.0  10393  -36.3  -40.8     63   0.40     63      9  343.6  345.2  343.7
  258.0  10756  -38.7  -49.7     30   0.16     61     10  345.3  346.0  345.3
  253.0  10889  -40.1  -51.1     30   0.14     60     10  345.1  345.7  345.2
  250.0  10970  -40.7                          60     10  345.4         345.4
  245.0  11104  -41.9                          60      8  345.7         345.7
  224.0  11698  -47.1                          50     12  346.6         346.6
  200.0  12450  -53.7                           0     10  347.6         347.6
  195.0  12608  -54.9                         350     10  348.2         348.2
  186.0  12902  -57.0                         355     10  349.5         349.5
  169.0  13498  -61.4                          85      6  351.9         351.9
  161.0  13800  -63.6                          75     10  353.0         353.0
  153.0  14117  -66.0                          90      8  354.2         354.2
  150.0  14240  -66.9                         125      8  354.6         354.6
  146.0  14396  -68.0                         170     10  355.4         355.4
  139.0  14680  -70.1                         190     12  356.8         356.8
  125.0  15292  -74.5                         170      4  359.8         359.8
  119.0  15576  -76.6                         220      2  361.1         361.1
  113.0  15875  -78.8                         350      2  362.4         362.4
  101.0  16523  -83.5                         350     23  365.1         365.1
  100.0  16580  -83.9                         350     23  365.4         365.4
   96.0  16807  -84.3                         345     23  368.8         368.8
   94.5  16894  -84.5                         350     19  370.2         370.2
   91.0  17103  -84.8                          15      4  373.5         373.5
   86.0  17415  -85.3                         140      6  378.7         378.7
   80.0  17814  -85.9                         137      9  385.3         385.3
   77.0  18029  -82.1                         135     10  397.4         397.4
   73.6  18283  -77.7                         224     13  411.9         411.9
   73.0  18330  -77.9                         240     14  412.4         412.4
   70.0  18570  -79.1                         245     23  414.8         414.8
   66.0  18903  -80.5                         255     23  418.9         418.9
   65.9  18911  -80.5                         255     23  419.0         419.0
   64.1  19070  -72.9                         249     26  439.0         439.0
   63.0  19172  -72.9                         245     27  441.2         441.2
   54.0  20075  -72.7                         280     23  461.5         461.5
   52.9  20195  -72.7                         277     21  464.2         464.2
   50.0  20530  -67.3                         270     17  484.5         484.5
   47.0  20907  -62.1                         272     23  505.6         505.6
   44.0  21312  -62.5                         275     29  514.2         514.2
   40.0  21898  -63.1                         225     43  526.9         526.9
   38.0  22213  -63.4                         215     27  533.9         533.9
   36.2  22511  -63.7                         237     10  540.6         540.6
   36.0  22545  -63.6                         240      8  541.7         541.7
   34.0  22898  -62.6                          70      2  553.2         553.2
   33.0  23082  -62.1                         175      2  559.3         559.3
   31.0  23468  -61.1                          15      6  572.2         572.2
   30.0  23670  -60.5                         345     12  579.1         579.1
   28.0  24102  -59.0                         325     10  594.7         594.7
   27.0  24330  -58.3                          70     10  603.1         603.1
   26.8  24377  -58.1                          69     11  604.8         604.8
   25.0  24814  -58.5                          55     19  615.8         615.8
   24.0  25071  -58.8                          90     27  622.3         622.3
   23.5  25203  -58.9                          90     32  625.6         625.6
   22.0  25625  -54.2                          90     47  651.5         651.5
   21.0  25922  -50.9                          75     45  670.2         670.2
   20.0  26240  -50.7                          90     39  680.2         680.2
   19.0  26576  -50.0                         105     47  692.5         692.5
   16.0  27703  -47.5                          85     54  735.3         735.3
   15.5  27911  -47.1                          85     55  743.5         743.5
   14.7  28264  -44.3                          85     57  764.1         764.1
   11.0  30218  -41.9                          85     66  838.9         838.9
   10.8  30341  -41.7                          85     66  843.8         843.8
   10.0  30860  -41.1                          90     66  865.0         865.0
    9.0  31578  -40.3                          95     66  894.5         894.5
    8.1  32296  -39.5                          95     64  925.0         925.0
    8.0                                        95     64                     
</PRE><H3>Station information and sounding indices</H3><PRE>
                         Station identifier: WIII
                             Station number: 96749
                           Observation time: 140426/0000
                           Station latitude: -6.11
                          Station longitude: 106.65
                          Station elevation: 8.0
                            Showalter index: 0.82
                               Lifted index: -1.60
    LIFT computed using virtual temperature: -2.04
                                SWEAT index: 190.41
                                    K index: 33.30
                         Cross totals index: 19.10
                      Vertical totals index: 24.10
                        Totals totals index: 43.20
      Convective Available Potential Energy: 519.06
             CAPE using virtual temperature: 624.85
                      Convective Inhibition: -133.53
             CINS using virtual temperature: -96.32
                           Equilibrum Level: 190.70
 Equilibrum Level using virtual temperature: 190.65
                   Level of Free Convection: 705.61
             LFCT using virtual temperature: 743.21
                     Bulk Richardson Number: 97.64
          Bulk Richardson Number using CAPV: 117.55
  Temp [K] of the Lifted Condensation Level: 293.44
Pres [hPa] of the Lifted Condensation Level: 920.25
   Equivalent potential temp [K] of the LCL: 349.29
     Mean mixed layer potential temperature: 300.51
              Mean mixed layer mixing ratio: 16.61
              1000 hPa to 500 hPa thickness: 5794.00
Precipitable water [mm] for entire sounding: 53.66
</PRE>
<P>Description of the 
<A HREF="/upperair/columns.html">data columns</A>
or <A HREF="/upperair/indices.html">sounding indices</A>.

<P>
<FORM>
<INPUT CLASS="button" TYPE="button" VALUE=" Close this window " 
 onClick="window.close();">
<INPUT CLASS="button" TYPE="button" VALUE=" Select another map " 
 onClick="window.blur();">
</FORM>
<HR SIZE="1">
<I>Interested in graduate studies in atmospheric science?
Check out our program at the
<a href="http://www.uwyo.edu/atsc/howtoapply/"
target=_top>University of Wyoming
</a></I>
<HR SIZE="1"><FONT SIZE="-1">
Questions about the weather data provided by this site can be
addressed to <A HREF="mailto:ldoolman@uwyo.edu">
Larry Oolman (ldoolman@uwyo.edu)</A></FONT>
<HR SIZE="1">
<SCRIPT TYPE="text/javascript">
<!--
window.focus();
// -->
</SCRIPT>
</BODY>
</HTML>
