2013-03-02 12
<HTML>
<TITLE>University of Wyoming - Radiosonde Data</TITLE>
<BODY BGCOLOR="white">
<H2>96749 WIII Jakarta Observations at 00Z 02 Mar 2013</H2>
<PRE>
-----------------------------------------------------------------------------
   PRES   HGHT   TEMP   DWPT   RELH   MIXR   DRCT   SKNT   THTA   THTE   THTV
    hPa     m      C      C      %    g/kg    deg   knot     K      K      K 
-----------------------------------------------------------------------------
 1009.0      8   25.6   23.5     88  18.45    230      4  298.0  351.8  301.3
 1000.0     86   26.4   22.3     78  17.28    245      6  299.6  350.3  302.6
  987.0    202   26.6   22.0     76  17.19    267      8  300.9  351.6  304.0
  976.0    301   26.0   21.5     76  16.87    285     10  301.2  351.1  304.2
  944.0    594   24.1   20.1     78  15.93    315     10  302.2  349.5  305.1
  925.0    773   23.0   19.2     79  15.38    320     12  302.8  348.6  305.6
  912.0    896   22.3   17.3     73  13.82    320     12  303.4  344.6  305.9
  891.0   1100   21.2   14.2     64  11.55    315     14  304.2  338.9  306.3
  850.0   1507   18.8    9.8     56   9.02    305     17  305.8  333.3  307.5
  821.0   1804   16.6    9.6     63   9.22    298     22  306.6  334.7  308.2
  793.0   2099   14.7    8.3     66   8.74    290     27  307.5  334.4  309.1
  778.0   2261   13.6    7.6     67   8.49    285     25  308.1  334.2  309.6
  771.0   2337   13.8    2.8     47   6.11    282     24  309.1  328.2  310.2
  725.0   2854   11.2    8.8     85   9.90    265     16  311.7  342.5  313.6
  712.0   3005   11.0    5.7     70   8.13    260     14  313.1  338.7  314.6
  700.0   3147   10.8    2.8     58   6.73    260     14  314.4  335.9  315.7
  673.0   3474    9.6   -1.4     46   5.16    258     14  316.6  333.4  317.6
  647.0   3801    8.8  -11.2     23   2.52    256     14  319.3  327.9  319.8
  639.0   3903    8.0   -7.3     33   3.47    255     14  319.5  331.2  320.2
  625.0   4086    6.6   -0.4     61   5.98    264     13  320.0  339.5  321.1
  616.0   4203    5.7   -0.9     63   5.85    270     12  320.2  339.4  321.4
  594.0   4499    3.4   -2.2     67   5.51    290     12  320.9  339.1  322.0
  563.0   4934    0.0   -4.1     74   5.04    284     11  321.9  338.6  322.9
  533.0   5372   -0.3  -10.3     47   3.29    277     11  326.6  337.9  327.2
  500.0   5880   -4.1  -13.1     50   2.80    270     10  328.0  337.8  328.5
  493.0   5989   -4.9  -13.5     51   2.75    265     10  328.4  338.0  328.9
  439.0   6890  -11.3  -16.9     63   2.32    225     10  331.3  339.6  331.8
  428.0   7087  -12.7  -17.7     66   2.24    233     11  331.9  339.9  332.4
  400.0   7600  -15.9  -21.9     60   1.67    255     14  334.2  340.4  334.6
  374.0   8091  -19.6  -24.8     63   1.37    285     10  335.8  341.0  336.1
  345.0   8680  -24.0  -28.3     68   1.08    260     14  337.6  341.8  337.9
  318.0   9275  -28.5  -31.9     73   0.84    235      6  339.4  342.7  339.6
  304.0   9603  -31.0  -33.8     76   0.73    275     10  340.3  343.2  340.5
  300.0   9700  -31.7  -34.4     77   0.69    285     10  340.6  343.3  340.7
  279.0  10203  -35.7  -39.1     71   0.46    305      8  341.9  343.8  342.0
  268.0  10482  -38.0  -41.7     68   0.37    305      2  342.6  344.1  342.7
  258.0  10746  -40.1  -44.2     65   0.29     40      4  343.2  344.4  343.3
  256.0  10799  -40.5                          60      4  343.3         343.3
  250.0  10960  -41.9                          90      8  343.6         343.6
  245.0  11093  -43.0                         115     10  343.9         343.9
  224.0  11683  -48.0                          95     16  345.2         345.2
  200.0  12430  -54.3                          95     16  346.6         346.6
  195.0  12587  -55.6                          90     17  347.1         347.1
  161.0  13772  -65.5                          80     33  350.0         350.0
  150.0  14210  -69.1                          90     41  350.9         350.9
  145.0  14412  -70.8                          85     43  351.4         351.4
  144.0  14453  -71.1                          84     43  351.5         351.5
  139.0  14664  -68.1                          81     45  360.3         360.3
  138.0  14706  -68.4                          80     45  360.6         360.6
  125.0  15286  -72.4                          85     27  363.7         363.7
  113.0  15878  -76.5                         145     16  366.7         366.7
  108.0  16143  -78.3                         143     15  368.0         368.0
  102.0  16468  -80.2                         140     14  370.4         370.4
  100.0  16580  -80.9                         140     14  371.2         371.2
   96.0  16806  -82.3                         130     12  372.7         372.7
   91.0  17103  -84.2                         195      4  374.7         374.7
   84.9  17488  -86.7                         115      8  377.2         377.2
   82.0  17678  -86.5                          90     14  381.5         381.5
   75.4  18137  -85.9                          93     26  391.9         391.9
   70.0  18550  -81.3                          95     37  410.1         410.1
   69.0  18632  -79.9                          95     37  414.8         414.8
   66.0  18886  -75.6                          75     31  429.5         429.5
   65.4  18938  -74.7                          76     30  432.6         432.6
   56.0  19842  -73.2                          90     17  455.7         455.7
   54.5  20001  -72.9                          89     22  459.8         459.8
   50.0  20510  -69.1                          85     39  480.2         480.2
   46.0  21012  -67.0                          85     47  496.8         496.8
   44.7  21184  -66.3                          86     47  502.7         502.7
   40.0  21867  -63.1                          90     47  526.9         526.9
   36.3  22463  -60.3                          98     38  549.0         549.0
   33.0  23057  -60.5                         105     29  563.6         563.6
   30.0  23650  -60.7                         110     31  578.6         578.6
   28.5  23969  -61.5                         110     28  584.9         584.9
   28.0  24081  -60.9                         110     27  589.5         589.5
   26.0  24550  -58.4                         100     23  609.2         609.2
   25.0  24798  -57.1                         115     29  619.8         619.8
   21.9  25636  -52.7                          62     26  656.9         656.9
   21.0  25909  -48.5                          45     25  677.4         677.4
   20.0  26230  -48.7                          45     14  686.3         686.3
   19.0  26566  -49.0                          50      2  695.6         695.6
   18.0  26921  -49.3                          90      4  705.5         705.5
   17.2  27219  -49.5                          75     18  714.0         714.0
   16.0  27696  -47.1                          50     39  736.6         736.6
   15.6  27863  -46.3                          38     35  744.7         744.7
   14.0  28583  -45.9                         345     19  769.6         769.6
   13.0  29077  -45.6                         330      8  787.1         787.1
   12.0  29610  -45.2                          15     12  806.4         806.4
   11.6  29835  -45.1                                     814.8         814.8
</PRE><H3>Station information and sounding indices</H3><PRE>
                         Station identifier: WIII
                             Station number: 96749
                           Observation time: 130302/0000
                           Station latitude: -6.11
                          Station longitude: 106.65
                          Station elevation: 8.0
                            Showalter index: 5.70
                               Lifted index: -1.32
    LIFT computed using virtual temperature: -1.89
                                SWEAT index: 161.60
                                    K index: 24.70
                         Cross totals index: 13.90
                      Vertical totals index: 22.90
                        Totals totals index: 36.80
      Convective Available Potential Energy: 968.55
             CAPE using virtual temperature: 1110.71
                      Convective Inhibition: -59.34
             CINS using virtual temperature: -33.22
                           Equilibrum Level: 153.01
 Equilibrum Level using virtual temperature: 152.84
                   Level of Free Convection: 819.11
             LFCT using virtual temperature: 854.44
                     Bulk Richardson Number: 205.86
          Bulk Richardson Number using CAPV: 236.07
  Temp [K] of the Lifted Condensation Level: 293.88
Pres [hPa] of the Lifted Condensation Level: 923.07
   Equivalent potential temp [K] of the LCL: 350.75
     Mean mixed layer potential temperature: 300.69
              Mean mixed layer mixing ratio: 17.01
              1000 hPa to 500 hPa thickness: 5794.00
Precipitable water [mm] for entire sounding: 49.28
</PRE>
<P>Description of the 
<A HREF="/upperair/columns.html">data columns</A>
or <A HREF="/upperair/indices.html">sounding indices</A>.

<P>
<FORM>
<INPUT CLASS="button" TYPE="button" VALUE=" Close this window " 
 onClick="window.close();">
<INPUT CLASS="button" TYPE="button" VALUE=" Select another map " 
 onClick="window.blur();">
</FORM>
<HR SIZE="1">
<I>Interested in graduate studies in atmospheric science?
Check out our program at the
<a href="http://www.uwyo.edu/atsc/howtoapply/"
target=_top>University of Wyoming
</a></I>
<HR SIZE="1"><FONT SIZE="-1">
Questions about the weather data provided by this site can be
addressed to <A HREF="mailto:ldoolman@uwyo.edu">
Larry Oolman (ldoolman@uwyo.edu)</A></FONT>
<HR SIZE="1">
<SCRIPT TYPE="text/javascript">
<!--
window.focus();
// -->
</SCRIPT>
</BODY>
</HTML>
