2015-05-25 00
<HTML>
<TITLE>University of Wyoming - Radiosonde Data</TITLE>
<BODY BGCOLOR="white">
<H2>96749 WIII Jakarta Observations at 00Z 25 May 2015</H2>
<PRE>
-----------------------------------------------------------------------------
   PRES   HGHT   TEMP   DWPT   RELH   MIXR   DRCT   SKNT   THTA   THTE   THTV
    hPa     m      C      C      %    g/kg    deg   knot     K      K      K 
-----------------------------------------------------------------------------
 1011.0      8   24.4   23.4     94  18.30    160      3  296.6  349.6  299.9
 1001.0     98   25.8   24.0     90  19.19    142      6  298.9  355.1  302.3
 1000.0    107   25.8   24.0     90  19.21    140      6  298.9  355.2  302.4
  978.0    302   24.8   22.1     85  17.48    105     12  299.9  351.2  303.0
  925.0    792   22.4   17.4     73  13.70    100     12  302.2  342.9  304.7
  914.0    896   21.8   16.8     73  13.32    100     10  302.6  342.3  305.0
  883.0   1194   20.0   15.0     73  12.27     95      6  303.7  340.5  306.0
  850.0   1524   18.0   13.0     73  11.19     25      2  305.0  338.7  307.0
  823.0   1800   16.8   10.2     65   9.60    320      4  306.6  335.8  308.4
  800.0   2042   15.8    7.8     59   8.36    357      6  308.0  333.7  309.5
  795.0   2095   15.7    5.9     52   7.36      5      6  308.4  331.2  309.8
  767.0   2399   15.1   -5.2     24   3.41    300      4  311.0  322.1  311.6
  760.0   2477   15.0   -8.0     20   2.77    312      4  311.6  320.8  312.2
  745.0   2645   13.8   -4.2     28   3.78    339      5  312.1  324.4  312.8
  739.0   2713   14.2  -18.8      9   1.18    349      5  313.3  317.4  313.5
  714.0   3001   12.4  -21.9      7   0.94     35      6  314.4  317.7  314.6
  700.0   3167   11.4  -23.6      7   0.82     35      6  315.1  318.0  315.2
  664.0   3600    8.6  -23.4      8   0.88     30      6  316.7  319.9  316.9
  617.0   4202    4.7  -23.1     11   0.97      5      8  318.9  322.4  319.1
  595.0   4500    2.7  -22.9     13   1.02     35      4  320.0  323.7  320.2
  578.0   4738    1.2  -22.8     15   1.06     12      5  320.9  324.7  321.1
  577.0   4752    1.2  -10.8     40   2.92     10      5  321.0  331.0  321.6
  564.0   4935    0.0  -11.0     43   2.94    352      5  321.7  331.7  322.3
  555.0   5064   -1.3   -8.3     59   3.70    339      6  321.6  334.1  322.4
  552.0   5107   -1.5   -8.7     58   3.61    335      6  321.9  334.1  322.6
  539.0   5297   -2.5  -10.5     54   3.21    358      6  322.9  333.8  323.6
  532.0   5400   -3.2  -10.8     55   3.16     10      6  323.3  334.1  323.9
  500.0   5890   -6.5  -12.5     62   2.94      5     12  325.1  335.2  325.6
  482.0   6175   -8.5  -15.5     57   2.39      5     15  326.0  334.4  326.5
  474.0   6304   -8.9  -19.5     42   1.73      5     16  327.1  333.3  327.5
  469.0   6386   -9.1  -22.1     34   1.40     19     14  327.8  332.9  328.1
  465.0   6452   -8.1  -32.1     13   0.56     30     12  329.9  332.0  330.0
  456.0   6601   -9.1  -32.4     13   0.56     55      8  330.4  332.6  330.5
  439.0   6891  -11.2  -32.9     15   0.55    125      8  331.5  333.6  331.6
  405.0   7505  -15.4  -33.9     19   0.54    125     10  333.6  335.8  333.8
  400.0   7600  -16.1  -34.1     20   0.54    120     10  334.0  336.1  334.1
  382.0   7945  -17.7  -40.7     12   0.29    106     10  336.3  337.5  336.4
  374.0   8100  -19.0  -42.3     11   0.25    100     10  336.7  337.7  336.7
  345.0   8693  -23.8  -48.3      9   0.14    110     12  338.0  338.6  338.0
  334.0   8932  -25.7  -50.7      8   0.11     67     10  338.5  339.0  338.5
  331.0   8996  -26.1  -51.0      8   0.11     55     10  338.8  339.3  338.8
  300.0   9700  -30.7  -53.7      9   0.09     15      4  342.0  342.4  342.0
  292.0   9889  -32.2  -53.7     10   0.09      5      2  342.5  342.9  342.5
  280.0  10181  -34.5  -53.8     12   0.09    265      8  343.3  343.7  343.3
  268.0  10487  -36.9  -53.8     16   0.09    285      8  344.1  344.5  344.1
  256.0  10807  -39.5  -53.9     20   0.10    265      6  344.9  345.3  344.9
  254.0  10862  -39.9  -53.9     21   0.10    265      5  345.0  345.5  345.1
  250.0  10970  -40.9                         265      4  345.1         345.1
  245.0  11104  -42.1                         265      4  345.4         345.4
  224.0  11698  -47.2                          35      8  346.5         346.5
  205.0  12286  -52.3                          25     16  347.4         347.4
  200.0  12450  -53.7                          20     14  347.6         347.6
  186.0  12899  -57.3                           5      8  349.0         349.0
  169.0  13492  -62.1                         275     10  350.7         350.7
  150.0  14230  -68.1                         265     14  352.6         352.6
  125.0  15301  -75.8                         245     17  357.5         357.5
  120.0  15541  -77.5                         229     15  358.6         358.6
  113.0  15883  -78.3                         205     12  363.3         363.3
  107.0  16194  -79.0                          85     16  367.6         367.6
  100.0  16580  -79.9                          55     23  373.1         373.1
   96.0  16810  -81.1                          35     23  375.2         375.2
   91.4  17086  -82.5                          25     29  377.7         377.7
   91.0  17111  -82.4                          25     29  378.4         378.4
   87.0  17365  -81.1                          45     21  385.8         385.8
   82.0  17700  -79.5                         135     10  395.7         395.7
   78.5  17947  -78.3                          96     10  403.1         403.1
   78.0  17984  -78.0                          90     10  404.4         404.4
   74.0  18288  -75.8                          80     16  415.2         415.2
   70.0  18610  -73.5                         105     16  426.8         426.8
   66.6  18904  -70.3                          97     18  439.9         439.9
   61.1  19411  -74.1                          83     22  442.4         442.4
   60.0  19519  -73.5                          80     23  446.0         446.0
   57.0  19822  -71.9                          85     21  456.3         456.3
   54.0  20142  -70.1                         110     19  467.4         467.4
   51.3  20446  -68.5                          87     23  478.1         478.1
   50.0  20600  -68.1                          75     25  482.6         482.6
   49.0  20722  -67.7                          70     25  486.3         486.3
   45.0  21238  -66.1                          65     31  502.1         502.1
   39.5  22028  -63.7                          85     43  527.3         527.3
   37.0  22433  -60.5                          95     49  545.5         545.5
   36.0  22603  -59.1                         100     49  553.4         553.4
   35.0  22779  -58.9                         105     49  558.3         558.3
   32.0  23341  -58.3                          90     36  574.4         574.4
   30.0  23750  -54.5                          80     27  595.5         595.5
   29.3  23901  -53.1                          77     17  603.3         603.3
   29.0  23968  -53.1                          75     12  605.2         605.2
   28.0  24194  -53.0                         105      4  611.5         611.5
   26.0  24671  -52.9                         330     10  625.0         625.0
   24.0  25187  -52.7                         245     14  640.0         640.0
   22.1  25718  -52.5                         233     16  655.7         655.7
   21.0  26052  -49.9                         225     17  673.1         673.1
   20.0  26370  -47.5                         250     21  690.0         690.0
   19.4  26572  -46.5                         262     27  699.1         699.1
   19.0  26710  -46.5                         270     31  703.2         703.2
   17.0  27448  -46.7                         260     35  725.2         725.2
   13.0  29229  -47.2                         265     43  781.4         781.4
   12.4  29542  -47.3                         269     43  791.7         791.7
   10.0  30980  -43.3                         285     41  856.8         856.8
    9.0  31696  -41.1                         270     49  891.2         891.2
    8.0  32497  -38.8                         280     45  931.2         931.2
    7.9  32583  -38.5                                     935.6         935.6
</PRE><H3>Station information and sounding indices</H3><PRE>
                         Station identifier: WIII
                             Station number: 96749
                           Observation time: 150525/0000
                           Station latitude: -6.11
                          Station longitude: 106.65
                          Station elevation: 8.0
                            Showalter index: 0.92
                               Lifted index: -3.92
    LIFT computed using virtual temperature: -4.49
                                SWEAT index: 172.01
                                    K index: 2.50
                         Cross totals index: 19.50
                      Vertical totals index: 24.50
                        Totals totals index: 44.00
      Convective Available Potential Energy: 1015.73
             CAPE using virtual temperature: 1258.71
                      Convective Inhibition: -66.93
             CINS using virtual temperature: -15.65
                           Equilibrum Level: 164.49
 Equilibrum Level using virtual temperature: 164.20
                   Level of Free Convection: 675.36
             LFCT using virtual temperature: 884.03
                     Bulk Richardson Number: 106.07
          Bulk Richardson Number using CAPV: 131.44
  Temp [K] of the Lifted Condensation Level: 294.96
Pres [hPa] of the Lifted Condensation Level: 948.18
   Equivalent potential temp [K] of the LCL: 351.36
     Mean mixed layer potential temperature: 299.49
              Mean mixed layer mixing ratio: 17.74
              1000 hPa to 500 hPa thickness: 5783.00
Precipitable water [mm] for entire sounding: 37.38
</PRE>
<P>Description of the 
<A HREF="/upperair/columns.html">data columns</A>
or <A HREF="/upperair/indices.html">sounding indices</A>.

<P>
<FORM>
<INPUT CLASS="button" TYPE="button" VALUE=" Close this window " 
 onClick="window.close();">
<INPUT CLASS="button" TYPE="button" VALUE=" Select another map " 
 onClick="window.blur();">
</FORM>
<HR SIZE="1">
<I>Interested in graduate studies in atmospheric science?
Check out our program at the
<a href="http://www.uwyo.edu/atsc/howtoapply/"
target=_top>University of Wyoming
</a></I>
<HR SIZE="1"><FONT SIZE="-1">
Questions about the weather data provided by this site can be
addressed to <A HREF="mailto:ldoolman@uwyo.edu">
Larry Oolman (ldoolman@uwyo.edu)</A></FONT>
<HR SIZE="1">
<SCRIPT TYPE="text/javascript">
<!--
window.focus();
// -->
</SCRIPT>
</BODY>
</HTML>
