2014-08-28 12
<HTML>
<TITLE>University of Wyoming - Radiosonde Data</TITLE>
<BODY BGCOLOR="white">
<H2>96749 WIII Jakarta Observations at 00Z 28 Aug 2014</H2>
<PRE>
-----------------------------------------------------------------------------
   PRES   HGHT   TEMP   DWPT   RELH   MIXR   DRCT   SKNT   THTA   THTE   THTV
    hPa     m      C      C      %    g/kg    deg   knot     K      K      K 
-----------------------------------------------------------------------------
 1010.0      8   25.0   21.9     83  16.68    175      4  297.3  345.8  300.3
 1000.0     97   24.8   21.7     83  16.64    155      6  297.9  346.4  300.9
  977.0    301   24.0   20.4     80  15.66    115     10  299.1  344.9  301.9
  925.0    780   22.0   17.2     74  13.53     90     14  301.8  341.9  304.2
  912.0    903   21.2   15.6     70  12.39     80     14  302.2  339.1  304.5
  889.0   1124   19.8   12.8     64  10.55     76     13  303.0  334.6  304.9
  881.0   1202   19.2   13.2     68  10.94     75     12  303.1  335.8  305.1
  851.0   1499   16.7   14.8     88  12.55     90      8  303.5  341.0  305.8
  850.0   1509   16.6   14.8     89  12.61     90      8  303.5  341.2  305.8
  842.0   1590   16.2   14.7     91  12.65     86      8  303.9  341.8  306.2
  827.0   1743   15.8    6.8     55   7.55     78      9  305.1  328.1  306.4
  818.0   1836   15.2    9.2     67   9.00     73      9  305.4  332.7  307.0
  804.0   1982   15.8   -1.2     31   4.38     66     10  307.5  321.4  308.4
  793.0   2098   15.1   -0.3     35   4.74     60     10  308.0  323.0  308.9
  765.0   2402   13.4    2.0     46   5.82     20      8  309.4  327.6  310.4
  749.0   2580   12.4    3.4     54   6.56     20      7  310.1  330.7  311.4
  728.0   2818   11.8   -6.2     28   3.32     20      7  312.0  322.8  312.6
  712.0   3003   10.8   -2.1     40   4.62     20      6  312.9  327.7  313.7
  700.0   3145   10.0    1.0     54   5.91      0      6  313.5  332.4  314.6
  687.0   3300    9.0    1.5     60   6.25    340      4  314.1  334.0  315.2
  675.0   3446    8.0    2.0     66   6.59     64      3  314.6  335.6  315.8
  663.0   3593    7.2   -1.1     56   5.34    150      2  315.2  332.4  316.2
  639.0   3894    5.4   -7.6     39   3.40    225      6  316.6  327.8  317.2
  616.0   4193    3.6  -14.0     26   2.11    215      6  317.9  325.1  318.3
  600.0   4408    2.4  -18.6     20   1.48    222      3  318.9  324.0  319.1
  593.0   4502    1.9  -18.5     20   1.51    225      2  319.3  324.6  319.6
  571.0   4806    0.3  -18.1     24   1.62     85      8  320.9  326.6  321.2
  567.0   4862    0.0  -18.0     24   1.64     86      8  321.2  327.0  321.5
  546.0   5164   -0.7  -24.7     14   0.95     91      6  323.9  327.4  324.1
  530.0   5399   -2.3  -25.5     15   0.91     95      4  324.8  328.1  324.9
  510.0   5704   -4.3  -26.6     16   0.86    145      8  325.9  329.1  326.1
  504.0   5797   -4.9  -26.9     16   0.84    133      7  326.3  329.4  326.4
  500.0   5860   -4.9  -29.9     12   0.64    125      6  327.0  329.4  327.1
  472.0   6304   -7.5  -37.7      7   0.32     60      6  329.2  330.4  329.2
  455.0   6587   -9.2  -42.7      5   0.20    125      6  330.5  331.3  330.6
  404.0   7503  -14.7  -58.8      1   0.03    105     16  334.9  335.1  334.9
  400.0   7580  -15.1  -60.1      1   0.03    110     16  335.3  335.4  335.3
  373.0   8102  -18.5  -62.3      1   0.02    140     21  337.5  337.6  337.5
  357.0   8430  -20.7  -63.7      1   0.02    137     18  338.8  338.9  338.8
  344.0   8700  -22.8  -65.2      1   0.02    135     16  339.6  339.7  339.6
  316.0   9319  -27.5  -68.5      1   0.01    101     12  341.4  341.5  341.4
  307.0   9526  -29.3  -42.3     27   0.30     89     10  341.7  343.0  341.8
  304.0   9596  -29.9  -42.5     28   0.30     85     10  341.8  343.1  341.9
  300.0   9690  -30.7  -42.7     30   0.30     90     10  342.0  343.2  342.1
  279.0  10197  -34.9  -50.1     20   0.14    100     16  343.1  343.7  343.1
  256.0  10798  -39.9  -58.9     11   0.05     50     19  344.3  344.5  344.3
  250.0  10960  -41.3                          50     21  344.5         344.5
  200.0  12430  -54.1                          30     31  346.9         346.9
  177.0  13186  -60.2                          30     43  349.2         349.2
  160.0  13811  -65.3                          40     49  350.9         350.9
  150.0  14210  -68.5                          50     39  351.9         351.9
  131.0  14997  -74.6                          80     19  354.9         354.9
  118.0  15604  -79.3                         140     17  356.9         356.9
  115.0  15753  -80.5                         140     25  357.4         357.4
  106.0  16212  -80.6                         110     29  365.6         365.6
  101.0  16484  -80.7                          89     21  370.5         370.5
  100.0  16540  -80.1                          85     19  372.7         372.7
   96.0  16775  -78.5                          65     14  380.2         380.2
   91.0  17083  -76.4                         305     10  390.3         390.3
   86.0  17409  -74.1                         240     16  401.1         401.1
   84.2  17530  -73.3                         249     13  405.3         405.3
   82.0  17687  -72.9                         260     10  409.2         409.2
   78.0  17982  -72.1                         305     16  416.6         416.6
   70.0  18620  -70.5                         245     27  433.2         433.2
   66.8  18899  -69.3                         255     28  441.7         441.7
   65.1  19054  -66.3                         261     29  451.5         451.5
   64.0  19157  -66.4                         265     29  453.5         453.5
   55.0  20074  -67.2                         240     25  471.7         471.7
   52.0  20413  -67.5                         225     10  478.6         478.6
   50.0  20650  -67.7                         105      6  483.5         483.5
   47.0  21023  -66.6                          10      8  494.7         494.7
   45.6  21206  -66.1                          39      9  500.3         500.3
   43.0  21565  -63.2                          95     10  516.0         516.0
   42.1  21695  -62.1                         102     14  521.7         521.7
   41.0  21857  -62.7                         110     19  524.2         524.2
   36.6  22553  -65.3                          96     33  534.8         534.8
   33.8  23041  -61.3                          87     42  557.6         557.6
   32.0  23380  -61.5                          80     49  565.9         565.9
   30.0  23780  -61.7                          90     47  575.9         575.9
   29.3  23926  -60.9                          91     48  582.0         582.0
   27.2  24393  -54.5                          93     53  612.4         612.4
   26.0  24681  -54.7                          95     56  619.7         619.7
   25.0  24930  -54.9                          90     56  626.1         626.1
   24.0  25190  -55.1                          80     56  632.9         632.9
   21.2  25979  -55.7                          83     51  654.0         654.0
   20.0  26350  -54.1                          85     49  669.8         669.8
   14.0  28661  -49.8                          90     45  756.4         756.4
   13.7  28801  -49.5                                     762.0         762.0
</PRE><H3>Station information and sounding indices</H3><PRE>
                         Station identifier: WIII
                             Station number: 96749
                           Observation time: 140828/0000
                           Station latitude: -6.11
                          Station longitude: 106.65
                          Station elevation: 8.0
                            Showalter index: 1.50
                               Lifted index: -0.04
    LIFT computed using virtual temperature: -0.80
                                SWEAT index: 199.61
                                    K index: 27.30
                         Cross totals index: 19.70
                      Vertical totals index: 21.50
                        Totals totals index: 41.20
      Convective Available Potential Energy: 20.87
             CAPE using virtual temperature: 137.49
                      Convective Inhibition: -113.23
             CINS using virtual temperature: -40.67
                           Equilibrum Level: 453.81
 Equilibrum Level using virtual temperature: 393.10
                   Level of Free Convection: 647.31
             LFCT using virtual temperature: 851.98
                     Bulk Richardson Number: 6.27
          Bulk Richardson Number using CAPV: 41.32
  Temp [K] of the Lifted Condensation Level: 292.92
Pres [hPa] of the Lifted Condensation Level: 932.64
   Equivalent potential temp [K] of the LCL: 345.08
     Mean mixed layer potential temperature: 298.84
              Mean mixed layer mixing ratio: 15.85
              1000 hPa to 500 hPa thickness: 5763.00
Precipitable water [mm] for entire sounding: 37.82
</PRE>
<P>Description of the 
<A HREF="/upperair/columns.html">data columns</A>
or <A HREF="/upperair/indices.html">sounding indices</A>.

<P>
<FORM>
<INPUT CLASS="button" TYPE="button" VALUE=" Close this window " 
 onClick="window.close();">
<INPUT CLASS="button" TYPE="button" VALUE=" Select another map " 
 onClick="window.blur();">
</FORM>
<HR SIZE="1">
<I>Interested in graduate studies in atmospheric science?
Check out our program at the
<a href="http://www.uwyo.edu/atsc/howtoapply/"
target=_top>University of Wyoming
</a></I>
<HR SIZE="1"><FONT SIZE="-1">
Questions about the weather data provided by this site can be
addressed to <A HREF="mailto:ldoolman@uwyo.edu">
Larry Oolman (ldoolman@uwyo.edu)</A></FONT>
<HR SIZE="1">
<SCRIPT TYPE="text/javascript">
<!--
window.focus();
// -->
</SCRIPT>
</BODY>
</HTML>
