2014-12-17 12
<HTML>
<TITLE>University of Wyoming - Radiosonde Data</TITLE>
<BODY BGCOLOR="white">
<H2>96749 WIII Jakarta Observations at 00Z 17 Dec 2014</H2>
<PRE>
-----------------------------------------------------------------------------
   PRES   HGHT   TEMP   DWPT   RELH   MIXR   DRCT   SKNT   THTA   THTE   THTV
    hPa     m      C      C      %    g/kg    deg   knot     K      K      K 
-----------------------------------------------------------------------------
 1008.0      8   25.6   23.5     88  18.47    270      5  298.1  351.9  301.4
 1000.0     83   25.4   22.3     83  17.28    265      6  298.6  349.0  301.6
  976.0    296   24.2   21.3     84  16.61    245     12  299.4  348.1  302.4
  943.0    598   22.5   19.8     85  15.69    260     19  300.7  346.9  303.5
  925.0    767   21.6   19.0     85  15.19    255     17  301.4  346.3  304.1
  911.0    900   21.2   18.1     82  14.52    250     17  302.3  345.4  304.9
  887.0   1132   20.4   16.4     78  13.40    254     19  303.8  343.9  306.2
  850.0   1500   19.0   12.0     64  10.47    260     21  306.0  337.8  308.0
  821.0   1796   17.6   11.2     66  10.25    270     25  307.6  338.9  309.5
  793.0   2093   16.1   10.3     68  10.03    255     23  309.1  339.9  311.0
  757.0   2489   14.2    9.2     72   9.74    262     16  311.1  341.4  313.0
  739.0   2691   12.7    8.5     75   9.49    265     12  311.7  341.2  313.5
  700.0   3146    9.4    6.8     84   8.93    220      8  312.9  340.8  314.6
  663.0   3595    7.3    4.5     82   8.02    170      2  315.4  340.9  317.0
  657.0   3670    7.0    4.1     82   7.88    142      3  315.9  340.9  317.4
  640.0   3883    5.6    2.7     81   7.30     60      4  316.6  340.0  318.0
  617.0   4180    3.6    0.7     81   6.55     80      2  317.7  338.9  319.0
  577.0   4725    0.0   -3.0     80   5.35     83      6  319.6  337.1  320.6
  552.0   5076   -1.8   -5.1     78   4.77     85      8  321.6  337.4  322.6
  511.0   5688   -4.8   -8.8     74   3.88     60      8  325.1  338.3  325.9
  502.0   5829   -5.5   -9.6     73   3.70     64     10  325.9  338.5  326.6
  501.0   5844   -5.3  -13.3     53   2.75     65     10  326.3  335.9  326.9
  500.0   5860   -5.5  -13.5     53   2.71     65     10  326.3  335.7  326.8
  456.0   6576   -9.2  -21.4     36   1.53     75     14  330.4  335.9  330.7
  411.0   7383  -13.3  -30.3     23   0.75     75     12  335.0  337.9  335.2
  405.0   7495  -14.3  -24.3     42   1.33     75     12  335.1  340.1  335.4
  400.0   7590  -14.7  -29.7     27   0.82     75     12  335.8  338.9  336.0
  395.0   7685  -15.1  -30.1     27   0.80     75     12  336.5  339.6  336.6
  392.0   7742  -15.5  -26.5     38   1.13     74     13  336.7  341.0  336.9
  385.0   7878  -16.1  -26.1     42   1.19     74     13  337.6  342.1  337.9
  383.0   7917  -16.1  -34.1     20   0.56     74     13  338.1  340.4  338.3
  361.0   8358  -19.5  -29.5     41   0.92     72     15  339.4  342.9  339.6
  358.0   8419  -19.5  -37.5     19   0.43     71     15  340.2  341.9  340.3
  345.0   8687  -21.8  -39.5     18   0.36     70     16  340.7  342.2  340.8
  300.0   9700  -30.3  -47.3     17   0.18     80     16  342.6  343.3  342.6
  264.0  10596  -37.5  -50.5     24   0.14     80     20  344.8  345.4  344.8
  263.0  10622  -37.5  -45.5     43   0.25     80     20  345.1  346.2  345.2
  256.0  10808  -39.1  -49.1     34   0.17     80     21  345.4  346.2  345.5
  253.0  10889  -40.1  -47.1     47   0.22     80     22  345.1  346.1  345.2
  250.0  10970  -40.5                          80     23  345.7         345.7
  200.0  12450  -52.9                          90     29  348.8         348.8
  195.0  12608  -54.3                          90     27  349.2         349.2
  161.0  13800  -64.7                          95     25  351.3         351.3
  150.0  14240  -68.5                          85     27  351.9         351.9
  132.0  14972  -74.0                          65     29  355.2         355.2
  101.0  16505  -85.5                          75     41  361.3         361.3
  100.0  16560  -85.5                          75     41  362.3         362.3
   96.0  16786  -85.1                          80     45  367.4         367.4
   86.0  17395  -84.0                          60     21  381.4         381.4
   81.0  17727  -83.3                          85     12  389.2         389.2
   77.6  17964  -82.9                         208      5  394.9         394.9
   77.0  18007  -83.1                         230      4  395.4         395.4
   73.3  18281  -84.1                         138      8  398.9         398.9
   73.0  18304  -83.6                         130      8  400.4         400.4
   70.0  18540  -78.3                         110      8  416.6         416.6
   69.0  18623  -76.9                         105      8  421.2         421.2
   67.1  18783  -74.3                         162      5  430.3         430.3
   66.0  18879  -74.1                         195      4  432.7         432.7
   62.0  19244  -73.4                         220     12  442.1         442.1
   56.0  19839  -72.3                         165     21  457.7         457.7
   54.1  20040  -71.9                          89     16  463.1         463.1
   54.0  20051  -71.4                          85     16  464.6         464.6
   53.3  20128  -67.7                          75     15  474.8         474.8
   51.0  20392  -68.8                          40     12  478.2         478.2
   50.0  20510  -69.3                          45     14  479.8         479.8
   48.0  20753  -70.2                          55     16  483.3         483.3
   47.3  20840  -70.5                          71     19  484.6         484.6
   46.0  21006  -70.3                         100     25  489.0         489.0
   42.0  21548  -69.5                          95     43  503.7         503.7
   39.8  21868  -69.1                          94     45  512.6         512.6
   39.0  21991  -64.9                          94     46  526.2         526.2
   30.0  23610  -59.9                          90     58  580.8         580.8
   23.1  25251  -58.7                          84     73  629.3         629.3
   20.0  26170  -52.9                          80     82  673.5         673.5
   18.4  26718  -50.4                          75     84  697.5         697.5
   18.0  26863  -49.8                          75     84  704.0         704.0
   15.7  27761  -45.7                          94     65  745.3         745.3
   15.0  28065  -45.8                         100     58  754.9         754.9
   13.0  29020  -46.0                         110     35  785.7         785.7
   11.0  30134  -46.2                          70     25  823.4         823.4
   10.0  30770  -46.3                          80     31  845.6         845.6
    9.4  31181  -45.7                                     863.0         863.0
</PRE><H3>Station information and sounding indices</H3><PRE>
                         Station identifier: WIII
                             Station number: 96749
                           Observation time: 141217/0000
                           Station latitude: -6.11
                          Station longitude: 106.65
                          Station elevation: 8.0
                            Showalter index: 2.32
                               Lifted index: -1.87
    LIFT computed using virtual temperature: -2.39
                                SWEAT index: 196.00
                                    K index: 33.90
                         Cross totals index: 17.50
                      Vertical totals index: 24.50
                        Totals totals index: 42.00
      Convective Available Potential Energy: 329.49
             CAPE using virtual temperature: 429.27
                      Convective Inhibition: -108.91
             CINS using virtual temperature: -70.83
                           Equilibrum Level: 226.13
 Equilibrum Level using virtual temperature: 226.62
                   Level of Free Convection: 719.32
             LFCT using virtual temperature: 732.91
                     Bulk Richardson Number: 410.75
          Bulk Richardson Number using CAPV: 535.12
  Temp [K] of the Lifted Condensation Level: 293.97
Pres [hPa] of the Lifted Condensation Level: 939.58
   Equivalent potential temp [K] of the LCL: 348.40
     Mean mixed layer potential temperature: 299.27
              Mean mixed layer mixing ratio: 16.80
              1000 hPa to 500 hPa thickness: 5777.00
Precipitable water [mm] for entire sounding: 53.70
</PRE>
<P>Description of the 
<A HREF="/upperair/columns.html">data columns</A>
or <A HREF="/upperair/indices.html">sounding indices</A>.

<P>
<FORM>
<INPUT CLASS="button" TYPE="button" VALUE=" Close this window " 
 onClick="window.close();">
<INPUT CLASS="button" TYPE="button" VALUE=" Select another map " 
 onClick="window.blur();">
</FORM>
<HR SIZE="1">
<I>Interested in graduate studies in atmospheric science?
Check out our program at the
<a href="http://www.uwyo.edu/atsc/howtoapply/"
target=_top>University of Wyoming
</a></I>
<HR SIZE="1"><FONT SIZE="-1">
Questions about the weather data provided by this site can be
addressed to <A HREF="mailto:ldoolman@uwyo.edu">
Larry Oolman (ldoolman@uwyo.edu)</A></FONT>
<HR SIZE="1">
<SCRIPT TYPE="text/javascript">
<!--
window.focus();
// -->
</SCRIPT>
</BODY>
</HTML>
