2013-07-24 00
<HTML>
<TITLE>University of Wyoming - Radiosonde Data</TITLE>
<BODY BGCOLOR="white">
<H2>96749 WIII Jakarta Observations at 00Z 24 Jul 2013</H2>
<PRE>
-----------------------------------------------------------------------------
   PRES   HGHT   TEMP   DWPT   RELH   MIXR   DRCT   SKNT   THTA   THTE   THTV
    hPa     m      C      C      %    g/kg    deg   knot     K      K      K 
-----------------------------------------------------------------------------
 1009.0      8   24.2   23.3     95  18.23      0      0  296.6  349.4  299.8
 1000.0     93   24.4   21.7     85  16.64    130      4  297.6  345.9  300.5
  977.0    298   24.8   21.0     79  16.27    130     14  299.9  347.7  302.8
  975.0    316   24.8   20.9     79  16.24    129     14  300.1  347.9  303.0
  925.0    778   22.8   19.4     81  15.58    110     23  302.6  348.9  305.4
  912.0    900   22.0   18.8     82  15.21    100     25  303.0  348.3  305.8
  850.0   1509   18.0   15.8     87  13.46     90     25  305.0  345.4  307.4
  793.0   2098   15.0   11.6     80  10.91     75     23  307.9  341.2  309.9
  732.0   2778   11.6    6.7     72   8.48     67     21  311.3  337.7  312.9
  713.0   2997   10.2    5.6     73   8.05     65     21  312.1  337.3  313.6
  700.0   3151    9.2    4.8     74   7.76     65     19  312.6  337.0  314.1
  616.0   4193    3.1   -0.3     78   6.10     90     16  317.2  336.9  318.4
  578.0   4712    0.0   -2.9     81   5.38    111     20  319.5  337.1  320.5
  572.0   4795   -0.4   -3.5     79   5.17    115     21  319.9  336.9  320.9
  531.0   5387   -3.3   -8.2     69   3.90    104     19  323.4  336.5  324.1
  514.0   5643   -4.7   -7.5     81   4.26     99     18  324.7  339.1  325.5
  500.0   5860   -6.3  -11.3     68   3.24     95     17  325.3  336.4  325.9
  488.0   6050   -7.7  -11.0     77   3.40     90     18  325.8  337.5  326.5
  457.0   6560  -10.5  -11.7     91   3.44     76     19  328.5  340.4  329.2
  455.0   6594  -10.4  -12.7     83   3.18     75     19  329.0  340.1  329.6
  451.0   6662  -10.3  -14.7     70   2.73     76     20  330.0  339.6  330.6
  426.0   7101  -12.9  -21.9     47   1.56     81     25  332.1  337.8  332.4
  424.0   7137  -13.3  -18.3     66   2.15     81     25  332.0  339.8  332.5
  419.0   7227  -13.5  -21.5     51   1.65     82     26  332.9  338.9  333.2
  404.0   7504  -14.9  -21.1     59   1.76     85     29  334.6  341.0  334.9
  402.0   7542  -15.1  -21.1     60   1.78     85     29  334.8  341.3  335.2
  400.0   7580  -15.5  -23.5     50   1.45     85     29  334.8  340.1  335.1
  384.0   7887  -17.3  -30.3     31   0.81     83     30  336.3  339.4  336.5
  350.0   8575  -22.3  -32.3     40   0.73     78     33  338.6  341.4  338.8
  340.0   8787  -23.7  -31.7     48   0.80     76     34  339.5  342.6  339.7
  333.0   8939  -24.5  -41.5     19   0.30     75     34  340.4  341.7  340.5
  304.0   9595  -29.6  -49.2     13   0.14     70     37  342.3  342.9  342.3
  300.0   9690  -30.3  -50.3     12   0.13     70     35  342.6  343.1  342.6
  252.0  10906  -40.1  -62.1      8   0.04     75     37  345.5  345.7  345.5
  250.0  10960  -40.5                          75     37  345.7         345.7
  200.0  12430  -53.5                          75     33  347.9         347.9
  150.0  14220  -69.5                          70     35  350.2         350.2
  145.0  14420  -71.3                          65     35  350.4         350.4
  143.0  14502  -72.1                          65     35  350.5         350.5
  118.0  15608  -76.8                          65     33  361.7         361.7
  112.0  15908  -78.0                          70     41  364.7         364.7
  108.0  16118  -78.9                          63     41  366.9         366.9
  106.0  16223  -79.5                          60     41  367.6         367.6
  100.0  16550  -81.5                          65     39  370.0         370.0
   96.0  16778  -82.7                          75     41  371.9         371.9
   95.5  16807  -82.9                          75     41  372.2         372.2
   91.0  17082  -78.0                          70     29  387.0         387.0
   88.2  17260  -74.9                          81     16  396.7         396.7
   86.0  17407  -74.3                          90      6  400.9         400.9
   82.0  17685  -73.1                         165      8  408.8         408.8
   80.8  17771  -72.7                         144      9  411.3         411.3
   78.0  17977  -73.6                          95     10  413.7         413.7
   75.1  18199  -74.5                          66     10  416.2         416.2
   74.0  18285  -74.1                          55     10  418.9         418.9
   70.0  18610  -72.5                         320      8  428.9         428.9
   69.7  18635  -72.5                         313      8  429.5         429.5
   67.8  18799  -68.9                         265      9  440.6         440.6
   67.0  18871  -68.5                         245     10  443.0         443.0
   63.0  19247  -66.5                         210     21  455.2         455.2
   57.0  19857  -63.3                         205     10  475.8         475.8
   52.0  20417  -60.3                         270     23  495.4         495.4
   51.4  20488  -59.9                         271     24  497.9         497.9
   50.0  20660  -60.9                         275     27  499.5         499.5
   46.6  21099  -60.7                         268     23  510.2         510.2
   45.0  21319  -60.3                         265     21  516.4         516.4
   43.0  21606  -59.7                         240     27  524.5         524.5
   39.0  22221  -58.5                         260     19  542.5         542.5
   36.0  22725  -57.4                         275     35  557.7         557.7
   32.4  23390  -56.1                         266     33  578.2         578.2
   30.0  23880  -55.9                         260     31  591.6         591.6
   25.1  25016  -54.9                         244     25  625.5         625.5
   24.0  25305  -53.0                         240     23  639.0         639.0
   22.1  25838  -49.5                         283     25  664.7         664.7
   22.0  25868  -49.5                         285     25  665.4         665.4
   20.0  26490  -50.3                         280     37  681.5         681.5
   19.0  26824  -50.6                         270     39  690.5         690.5
   18.0  27177  -51.0                         240     27  700.1         700.1
   15.1  28323  -52.1                         259     21  732.5         732.5
   15.0  28366  -52.0                         260     21  734.2         734.2
   13.0  29310  -49.6                         280     31  773.0         773.0
   11.0  30412  -46.9                         290     21  820.8         820.8
   10.0  31040  -45.3                         280     14  849.3         849.3
    9.6  31313  -44.9                         292     17  860.8         860.8
    9.0  31743  -45.0                         310     21  876.4         876.4
    8.0  32529  -45.2                         300     16  905.5         905.5
    7.0  33420  -45.5                         250     16  939.7         939.7
    6.9  33516  -45.5                                     943.5         943.5
</PRE><H3>Station information and sounding indices</H3><PRE>
                         Station identifier: WIII
                             Station number: 96749
                           Observation time: 130724/0000
                           Station latitude: -6.11
                          Station longitude: 106.65
                          Station elevation: 8.0
                            Showalter index: -1.56
                               Lifted index: -2.31
    LIFT computed using virtual temperature: -2.72
                                SWEAT index: 256.60
                                    K index: 35.70
                         Cross totals index: 22.10
                      Vertical totals index: 24.30
                        Totals totals index: 46.40
      Convective Available Potential Energy: 363.10
             CAPE using virtual temperature: 456.75
                      Convective Inhibition: -92.28
             CINS using virtual temperature: -74.02
                           Equilibrum Level: 252.87
 Equilibrum Level using virtual temperature: 251.45
                   Level of Free Convection: 725.43
             LFCT using virtual temperature: 774.08
                     Bulk Richardson Number: 19.65
          Bulk Richardson Number using CAPV: 24.71
  Temp [K] of the Lifted Condensation Level: 293.60
Pres [hPa] of the Lifted Condensation Level: 935.82
   Equivalent potential temp [K] of the LCL: 347.40
     Mean mixed layer potential temperature: 299.23
              Mean mixed layer mixing ratio: 16.47
              1000 hPa to 500 hPa thickness: 5767.00
Precipitable water [mm] for entire sounding: 55.76
</PRE>
<P>Description of the 
<A HREF="/upperair/columns.html">data columns</A>
or <A HREF="/upperair/indices.html">sounding indices</A>.

<P>
<FORM>
<INPUT CLASS="button" TYPE="button" VALUE=" Close this window " 
 onClick="window.close();">
<INPUT CLASS="button" TYPE="button" VALUE=" Select another map " 
 onClick="window.blur();">
</FORM>
<HR SIZE="1">
<I>Interested in graduate studies in atmospheric science?
Check out our program at the
<a href="http://www.uwyo.edu/atsc/howtoapply/"
target=_top>University of Wyoming
</a></I>
<HR SIZE="1"><FONT SIZE="-1">
Questions about the weather data provided by this site can be
addressed to <A HREF="mailto:ldoolman@uwyo.edu">
Larry Oolman (ldoolman@uwyo.edu)</A></FONT>
<HR SIZE="1">
<SCRIPT TYPE="text/javascript">
<!--
window.focus();
// -->
</SCRIPT>
</BODY>
</HTML>
