2014-06-13 00
<HTML>
<TITLE>University of Wyoming - Radiosonde Data</TITLE>
<BODY BGCOLOR="white">
<H2>96749 WIII Jakarta Observations at 00Z 13 Jun 2014</H2>
<PRE>
-----------------------------------------------------------------------------
   PRES   HGHT   TEMP   DWPT   RELH   MIXR   DRCT   SKNT   THTA   THTE   THTV
    hPa     m      C      C      %    g/kg    deg   knot     K      K      K 
-----------------------------------------------------------------------------
 1007.0      8   24.8   23.9     95  18.96      0      0  297.4  352.5  300.7
 1000.0     67   25.4   22.7     85  17.72     75      2  298.6  350.3  301.7
  979.0    254   25.6   21.7     79  17.01     75      5  300.6  350.7  303.6
  974.0    299   25.4   21.5     79  16.92     75      6  300.8  350.7  303.8
  941.0    602   23.8   20.4     81  16.29     45     10  302.1  350.5  305.1
  925.0    753   23.0   19.8     82  15.98     50     12  302.8  350.4  305.7
  909.0    905   22.0   19.2     84  15.68     55     12  303.3  350.1  306.2
  850.0   1488   18.2   17.0     93  14.56     40      6  305.2  348.9  307.9
  849.0   1498   18.1   16.9     93  14.52     35      6  305.2  348.9  307.9
  820.0   1791   16.4   15.2     93  13.40     55      4  306.4  346.9  308.9
  791.0   2095   14.5   13.3     93  12.31     25      2  307.6  345.0  309.9
  764.0   2388   12.7   11.6     93  11.33     55      4  308.7  343.4  310.8
  737.0   2692   10.8    9.7     93  10.37     40      2  309.9  341.8  311.8
  711.0   2995    9.0    7.9     93   9.49     95      4  311.0  340.5  312.8
  700.0   3127    8.2    7.1     93   9.12    125      2  311.5  339.9  313.2
  661.0   3599    6.0    4.6     91   8.13     95      2  314.1  339.8  315.7
  629.0   4007    4.0    2.5     90   7.34    105      2  316.4  339.9  317.8
  614.0   4202    3.0    1.7     91   7.11    110      2  317.5  340.4  318.9
  592.0   4498    1.6    0.5     93   6.77    250      2  319.2  341.1  320.5
  570.0   4805    0.1   -0.7     94   6.43    165      4  320.9  341.9  322.1
  568.0   4833    0.0   -0.8     94   6.40    161      4  321.1  342.0  322.3
  549.0   5105   -1.1   -2.3     91   5.92    120      4  322.9  342.5  324.1
  519.0   5554   -2.9   -4.8     87   5.19    150      7  325.9  343.4  327.0
  512.0   5662   -2.9   -8.9     63   3.83    157      8  327.2  340.4  328.0
  509.0   5709   -3.1   -9.6     61   3.63    160      8  327.5  340.0  328.2
  500.0   5850   -3.9  -11.9     54   3.09    160      8  328.2  339.0  328.8
  493.0   5961   -4.5  -14.5     46   2.54    159      7  328.8  337.8  329.3
  488.0   6041   -5.1  -13.1     53   2.87    158      6  329.0  339.1  329.6
  481.0   6153   -6.1  -14.1     53   2.69    157      5  329.2  338.6  329.7
  476.0   6235   -6.9   -9.3     83   3.99    156      5  329.2  342.9  329.9
  472.0   6300   -7.2   -9.8     82   3.87    155      4  329.6  343.0  330.4
  454.0   6601   -8.5  -12.1     75   3.35    180      2  331.6  343.3  332.3
  439.0   6861   -9.7  -14.1     70   2.94     57      2  333.3  343.8  333.9
  437.0   6896   -9.9  -14.3     70   2.90     40      2  333.5  343.8  334.1
  400.0   7570  -14.3  -18.6     70   2.22     50      4  336.3  344.4  336.8
  394.0   7685  -14.9  -21.9     55   1.69     55      5  337.0  343.3  337.3
  389.0   7781  -15.6  -21.2     62   1.82     60      6  337.3  344.0  337.7
  384.0   7879  -16.3  -20.5     70   1.96     52      7  337.6  344.9  338.0
  373.0   8095  -17.9  -22.1     69   1.76     35      8  338.4  344.9  338.7
  359.0   8380  -19.9  -24.2     69   1.52     35      8  339.3  345.0  339.6
  346.0   8655  -21.9  -26.2     68   1.31     74      7  340.2  345.2  340.5
  331.0   8978  -24.2  -27.5     74   1.21    120      6  341.4  346.1  341.7
  318.0   9271  -26.3  -28.7     80   1.13    106      6  342.4  346.8  342.7
  317.0   9293  -26.4  -28.9     79   1.11    105      6  342.6  346.9  342.8
  304.0   9595  -28.1  -31.9     70   0.88     60     10  344.3  347.7  344.5
  300.0   9690  -28.7  -32.8     68   0.81     60     10  344.8  348.0  345.0
  268.0  10489  -35.5  -43.5     44   0.30     15     17  346.2  347.5  346.3
  250.0  10970  -39.3  -46.3     47   0.24     25     25  347.5  348.5  347.6
  247.0  11053  -40.1  -47.1     47   0.22     25     26  347.5  348.5  347.6
  205.0  12295  -51.0                          25     39  349.3         349.3
  200.0  12460  -52.5                          25     41  349.5         349.5
  150.0  14260  -66.3                          40     70  355.7         355.7
  140.0  14660  -69.2                          40     80  357.8         357.8
  108.0  16164  -79.9                          85     41  365.0         365.0
  100.0  16610  -83.1                         105     35  366.9         366.9
   97.0  16779  -84.1                         115     37  368.2         368.2
   91.9  17077  -85.9                         105     37  370.4         370.4
   87.0  17385  -82.7                         100     21  382.7         382.7
   82.0  17718  -79.2                          75     10  396.4         396.4
   79.2  17913  -77.1                         331      6  404.6         404.6
   78.0  18002  -76.6                         285      4  407.3         407.3
   74.0  18307  -75.0                         240      6  416.9         416.9
   71.0  18548  -73.7                         300      8  424.6         424.6
   70.0  18630  -73.3                         295     10  427.2         427.2
   67.0  18887  -71.9                         260     16  435.7         435.7
   64.2  19141  -67.1                         267     24  451.5         451.5
   61.0  19450  -66.9                         275     33  458.6         458.6
   52.0  20413  -66.3                         290     21  481.5         481.5
   50.0  20650  -66.1                         280     19  487.3         487.3
   49.9  20662  -65.9                         280     19  488.1         488.1
   45.0  21304  -64.0                         265     12  507.3         507.3
   43.0  21586  -63.1                         355      8  516.0         516.0
   41.0  21881  -62.3                           5     14  525.3         525.3
   37.0  22518  -60.4                          90     19  545.8         545.8
   34.0  23043  -58.8                         115     31  563.2         563.2
   30.0  23820  -56.5                          75     41  590.0         590.0
   29.8  23862  -56.1                          72     42  592.2         592.2
   29.0  24035  -56.1                          60     45  596.9         596.9
   24.0  25237  -56.0                         100     43  630.5         630.5
   22.2  25732  -55.9                          96     43  644.8         644.8
   20.0  26400  -52.7                          90     43  674.1         674.1
   18.9  26767  -50.9                          90     45  690.7         690.7
   11.0  30332  -46.8                          90     60  821.0         821.0
   10.0  30960  -46.1                         100     60  846.4         846.4
    9.0  31661  -45.7                          95     66  873.8         873.8
    7.2  33179  -35.9                          95     64  971.4         971.4
    7.0  33374  -35.8                          95     64  979.5         979.5
    6.6  33783  -35.7                                     996.7         996.7
</PRE><H3>Station information and sounding indices</H3><PRE>
                         Station identifier: WIII
                             Station number: 96749
                           Observation time: 140613/0000
                           Station latitude: -6.11
                          Station longitude: 106.65
                          Station elevation: 8.0
                            Showalter index: -0.45
                               Lifted index: -1.05
    LIFT computed using virtual temperature: -1.57
                                SWEAT index: 224.01
                                    K index: 38.00
                         Cross totals index: 20.90
                      Vertical totals index: 22.10
                        Totals totals index: 43.00
      Convective Available Potential Energy: 543.62
             CAPE using virtual temperature: 630.26
                      Convective Inhibition: -50.72
             CINS using virtual temperature: -44.83
                           Equilibrum Level: 195.75
 Equilibrum Level using virtual temperature: 195.30
                   Level of Free Convection: 826.34
             LFCT using virtual temperature: 835.06
                     Bulk Richardson Number: 2155.83
          Bulk Richardson Number using CAPV: 2499.40
  Temp [K] of the Lifted Condensation Level: 294.20
Pres [hPa] of the Lifted Condensation Level: 932.56
   Equivalent potential temp [K] of the LCL: 350.58
     Mean mixed layer potential temperature: 300.15
              Mean mixed layer mixing ratio: 17.18
              1000 hPa to 500 hPa thickness: 5783.00
Precipitable water [mm] for entire sounding: 62.39
</PRE>
<P>Description of the 
<A HREF="/upperair/columns.html">data columns</A>
or <A HREF="/upperair/indices.html">sounding indices</A>.

<P>
<FORM>
<INPUT CLASS="button" TYPE="button" VALUE=" Close this window " 
 onClick="window.close();">
<INPUT CLASS="button" TYPE="button" VALUE=" Select another map " 
 onClick="window.blur();">
</FORM>
<HR SIZE="1">
<I>Interested in graduate studies in atmospheric science?
Check out our program at the
<a href="http://www.uwyo.edu/atsc/howtoapply/"
target=_top>University of Wyoming
</a></I>
<HR SIZE="1"><FONT SIZE="-1">
Questions about the weather data provided by this site can be
addressed to <A HREF="mailto:ldoolman@uwyo.edu">
Larry Oolman (ldoolman@uwyo.edu)</A></FONT>
<HR SIZE="1">
<SCRIPT TYPE="text/javascript">
<!--
window.focus();
// -->
</SCRIPT>
</BODY>
</HTML>
