2014-05-23 12
<HTML>
<TITLE>University of Wyoming - Radiosonde Data</TITLE>
<BODY BGCOLOR="white">
<H2>96749 WIII Jakarta Observations at 00Z 23 May 2014</H2>
<PRE>
-----------------------------------------------------------------------------
   PRES   HGHT   TEMP   DWPT   RELH   MIXR   DRCT   SKNT   THTA   THTE   THTV
    hPa     m      C      C      %    g/kg    deg   knot     K      K      K 
-----------------------------------------------------------------------------
 1009.0      8   23.6   22.9     96  17.78    190      2  296.0  347.3  299.1
 1008.0     17   24.8   21.5     82  16.30    187      2  297.3  344.6  300.2
 1000.0     88   25.2   20.7     76  15.63    160      4  298.4  344.0  301.1
  982.0    248   26.0   21.7     77  16.96    104      8  300.7  350.7  303.8
  976.0    302   25.7   21.3     76  16.60     85     10  301.0  350.0  303.9
  925.0    774   23.4   17.4     69  13.70     85     12  303.2  344.1  305.7
  912.0    897   22.6   16.8     70  13.37     90     12  303.7  343.6  306.1
  850.0   1508   18.8   13.8     73  11.80     95     16  305.8  341.5  308.0
  796.0   2069   15.2   10.8     75  10.32     90      7  307.8  339.3  309.7
  793.0   2100   15.0   10.7     75  10.26     90      6  307.9  339.3  309.8
  713.0   2993    9.9    6.8     81   8.75     75      6  311.8  339.1  313.4
  700.0   3147    9.0    6.1     82   8.51     55      6  312.4  339.0  314.0
  687.0   3302    8.3    5.1     81   8.10     35      8  313.3  338.8  314.8
  663.0   3596    6.9    3.3     78   7.37     35      4  314.9  338.3  316.3
  658.0   3658    6.6    2.9     77   7.22     28      4  315.3  338.3  316.7
  616.0   4194    3.5   -2.3     66   5.27    330      6  317.7  334.9  318.7
  573.0   4781    0.0   -8.0     55   3.67    343      6  320.3  332.6  321.0
  551.0   5094   -2.1  -10.1     54   3.24    350      6  321.4  332.3  322.0
  538.0   5283   -3.5   -7.8     72   3.97     15      6  321.9  335.2  322.7
  536.0   5312   -3.3  -13.3     46   2.57     18      6  322.5  331.3  323.0
  532.0   5372   -3.7  -14.7     42   2.31     26      6  322.7  330.7  323.1
  530.0   5401   -3.7  -12.7     50   2.73     30      6  323.0  332.4  323.6
  528.0   5431   -3.7  -10.7     58   3.22     30      6  323.4  334.4  324.0
  516.0   5613   -4.5  -14.5     46   2.42     32      4  324.6  333.0  325.0
  510.0   5705   -4.9  -18.9     33   1.69     33      3  325.2  331.2  325.5
  505.0   5782   -5.5  -13.5     53   2.69     34      3  325.3  334.7  325.9
  501.0   5844   -5.7  -17.7     38   1.91     35      2  325.8  332.6  326.2
  500.0   5860   -5.9  -16.9     42   2.05     35      2  325.8  333.0  326.2
  495.0   5939   -6.5  -13.5     58   2.74     32      3  326.0  335.5  326.5
  489.0   6034   -6.7  -20.7     32   1.51     29      4  326.9  332.3  327.2
  473.0   6293   -8.6  -17.3     49   2.10     20      6  327.7  335.1  328.1
  465.0   6425   -9.5  -15.5     62   2.47    358      5  328.1  336.8  328.6
  455.0   6594   -9.2  -20.6     39   1.65    330      4  330.6  336.5  330.9
  452.0   6645   -9.1  -22.1     34   1.45    327      5  331.3  336.6  331.6
  438.0   6886  -10.7  -25.0     30   1.16    310     10  332.3  336.6  332.5
  421.0   7189  -12.7  -28.6     25   0.86    325      8  333.5  336.8  333.6
  405.0   7485  -14.7  -32.2     21   0.64    305      4  334.6  337.1  334.8
  400.0   7580  -15.3  -33.3     20   0.58    315      4  335.0  337.3  335.1
  389.0   7785  -16.7  -35.2     19   0.50    345      6  335.9  337.9  336.0
  331.0   8975  -24.6  -45.9     12   0.19    345     10  340.8  341.6  340.9
  300.0   9700  -29.5  -52.5      9   0.10    350     14  343.7  344.1  343.7
  296.0   9795  -30.1  -53.1      9   0.09    350     14  344.2  344.6  344.2
  251.0  10943  -40.1  -56.1     16   0.08    345     12  345.9  346.3  345.9
  250.0  10970  -40.3                         345     12  346.0         346.0
  224.0  11698  -46.7                         350     12  347.2         347.2
  205.0  12286  -51.9                         320     12  348.0         348.0
  200.0  12450  -53.3                         325     12  348.2         348.2
  169.0  13492  -61.7                         315     17  351.4         351.4
  153.0  14107  -66.7                         305     17  353.0         353.0
  150.0  14230  -67.7                         305     17  353.3         353.3
  139.0  14684  -70.4                         305     19  356.3         356.3
  132.0  14992  -72.2                         285     17  358.3         358.3
  131.0  15037  -72.5                         285     18  358.6         358.6
  113.0  15893  -76.3                         285     29  367.0         367.0
  102.0  16485  -79.0                         255     21  372.8         372.8
  100.0  16600  -79.5                         255     19  373.9         373.9
   91.0  17127  -82.0                         235     17  379.1         379.1
   86.8  17392  -83.3                         240     12  381.7         381.7
   78.0  17991  -79.0                         250     12  402.3         402.3
   77.7  18012  -78.9                         246     11  403.1         403.1
   74.0  18287  -79.9                         195      4  406.5         406.5
   70.1  18592  -81.1                         356      8  410.4         410.4
   70.0  18600  -80.9                           0      8  411.0         411.0
   67.0  18854  -75.8                         255     12  427.3         427.3
   64.4  19084  -71.1                         229     15  442.4         442.4
   63.0  19214  -71.7                         215     17  443.9         443.9
   61.9  19318  -72.1                         217     14  445.2         445.2
   60.0  19507  -69.5                         220     10  454.9         454.9
   57.0  19817  -65.3                         275     23  471.2         471.2
   55.9  19934  -63.7                         273     32  477.5         477.5
   54.0  20147  -64.0                         270     47  481.5         481.5
   50.0  20620  -64.7                         260     49  490.6         490.6
   47.0  20996  -65.0                         250     41  498.6         498.6
   45.0  21260  -65.2                         240     27  504.4         504.4
   43.0  21536  -65.4                         260     21  510.4         510.4
   42.3  21636  -65.5                         222     16  512.6         512.6
   41.0  21828  -63.1                         150      6  523.1         523.1
   39.6  22041  -60.5                          94     14  535.0         535.0
   39.0  22135  -60.6                          70     17  537.1         537.1
   35.0  22805  -61.0                          30     21  552.8         552.8
   32.0  23360  -61.4                          80     27  566.1         566.1
   30.0  23760  -61.7                          85     35  575.9         575.9
   29.0  23971  -60.8                          80     35  584.0         584.0
   28.3  24124  -60.1                          70     42  590.0         590.0
   28.0  24191  -59.8                          65     45  592.6         592.6
   26.0  24662  -57.8                          65     33  611.0         611.0
   25.0  24911  -56.7                          90     33  620.9         620.9
   24.0  25170  -55.6                          95     41  631.4         631.4
   22.2  25666  -53.5                          77     54  651.9         651.9
   22.0  25724  -53.4                          75     56  653.9         653.9
   20.0  26340  -52.5                          80     51  674.7         674.7
   15.0  28244  -48.0                          85     60  747.6         747.6
   11.0  30296  -43.0                          75     58  834.7         834.7
   10.9  30356  -42.9                          74     59  837.4         837.4
   10.5  30610  -42.5                          70     62  848.0         848.0
   10.0  30940  -41.9                          80     52  862.0         862.0
    9.0  31655  -40.8                          85     52  892.4         892.4
    8.7  31886  -40.5                                     902.4         902.4
</PRE><H3>Station information and sounding indices</H3><PRE>
                         Station identifier: WIII
                             Station number: 96749
                           Observation time: 140523/0000
                           Station latitude: -6.11
                          Station longitude: 106.65
                          Station elevation: 8.0
                            Showalter index: 0.38
                               Lifted index: -1.98
    LIFT computed using virtual temperature: -2.59
                                SWEAT index: 199.61
                                    K index: 35.60
                         Cross totals index: 19.70
                      Vertical totals index: 24.70
                        Totals totals index: 44.40
      Convective Available Potential Energy: 292.11
             CAPE using virtual temperature: 411.92
                      Convective Inhibition: -108.78
             CINS using virtual temperature: -81.63
                           Equilibrum Level: 309.26
 Equilibrum Level using virtual temperature: 303.35
                   Level of Free Convection: 756.59
             LFCT using virtual temperature: 791.73
                     Bulk Richardson Number: 218.44
          Bulk Richardson Number using CAPV: 308.03
  Temp [K] of the Lifted Condensation Level: 293.01
Pres [hPa] of the Lifted Condensation Level: 919.29
   Equivalent potential temp [K] of the LCL: 347.59
     Mean mixed layer potential temperature: 300.15
              Mean mixed layer mixing ratio: 16.17
              1000 hPa to 500 hPa thickness: 5772.00
Precipitable water [mm] for entire sounding: 50.52
</PRE>
<P>Description of the 
<A HREF="/upperair/columns.html">data columns</A>
or <A HREF="/upperair/indices.html">sounding indices</A>.

<P>
<FORM>
<INPUT CLASS="button" TYPE="button" VALUE=" Close this window " 
 onClick="window.close();">
<INPUT CLASS="button" TYPE="button" VALUE=" Select another map " 
 onClick="window.blur();">
</FORM>
<HR SIZE="1">
<I>Interested in graduate studies in atmospheric science?
Check out our program at the
<a href="http://www.uwyo.edu/atsc/howtoapply/"
target=_top>University of Wyoming
</a></I>
<HR SIZE="1"><FONT SIZE="-1">
Questions about the weather data provided by this site can be
addressed to <A HREF="mailto:ldoolman@uwyo.edu">
Larry Oolman (ldoolman@uwyo.edu)</A></FONT>
<HR SIZE="1">
<SCRIPT TYPE="text/javascript">
<!--
window.focus();
// -->
</SCRIPT>
</BODY>
</HTML>
