2013-10-14 00
<HTML>
<TITLE>University of Wyoming - Radiosonde Data</TITLE>
<BODY BGCOLOR="white">
<H2>96749 WIII Jakarta Observations at 00Z 14 Oct 2013</H2>
<PRE>
-----------------------------------------------------------------------------
   PRES   HGHT   TEMP   DWPT   RELH   MIXR   DRCT   SKNT   THTA   THTE   THTV
    hPa     m      C      C      %    g/kg    deg   knot     K      K      K 
-----------------------------------------------------------------------------
 1010.0      8   26.0   22.5     81  17.32    210      1  298.3  348.9  301.4
 1000.0    100   25.2   20.7     76  15.63    195      4  298.4  344.0  301.1
  987.0    215   24.4   19.9     76  15.06    173      6  298.7  342.7  301.4
  977.0    305   24.7   19.2     72  14.57    155      8  299.9  342.7  302.5
  962.0    441   25.2   18.2     65  13.86    145      9  301.7  342.8  304.2
  925.0    785   22.8   16.8     69  13.18    120     10  302.6  341.9  305.0
  913.0    898   22.1   16.3     69  12.91    115      8  303.1  341.6  305.4
  882.0   1197   20.3   14.9     71  12.21     65      4  304.2  340.8  306.4
  852.0   1497   18.5   13.5     73  11.54     95      8  305.3  340.1  307.4
  850.0   1517   18.4   13.4     73  11.49     95      8  305.4  340.1  307.5
  794.0   2092   14.7   10.8     78  10.37     60      8  307.4  339.1  309.4
  766.0   2394   12.7    9.5     81   9.81     90      8  308.5  338.6  310.3
  713.0   2999    8.8    6.8     87   8.76    115      2  310.6  337.8  312.2
  700.0   3154    7.8    6.1     89   8.51    175      4  311.1  337.6  312.7
  695.0   3213    7.6    6.1     90   8.57    198      4  311.5  338.2  313.1
  688.0   3296    7.1    5.4     88   8.22    230      4  311.9  337.6  313.4
  639.0   3899    3.7   -0.1     76   6.00    255      6  314.7  333.9  315.8
  618.0   4172    2.2   -2.5     71   5.18    255      7  315.9  332.7  316.9
  594.0   4491    1.0   -7.8     52   3.58    255      8  318.2  330.1  318.9
  582.0   4655    0.4  -10.6     43   2.94    204      7  319.3  329.2  319.9
  572.0   4794    0.4  -13.3     35   2.41    160      6  320.9  329.1  321.4
  571.0   4808    0.4  -13.6     34   2.36    159      6  321.1  329.1  321.5
  567.0   4865    0.4   -7.6     55   3.83    154      7  321.7  334.6  322.4
  557.0   5007    0.0   -8.0     55   3.78    142      9  322.9  335.6  323.6
  551.0   5093   -0.7   -9.1     53   3.51    135     10  323.0  334.9  323.7
  530.0   5402   -3.4  -13.0     48   2.67    165     10  323.4  332.6  323.9
  523.0   5507   -4.3  -14.3     46   2.43    162      9  323.6  332.0  324.0
  516.0   5613   -5.1  -13.1     53   2.72    158      7  323.8  333.2  324.4
  510.0   5705   -5.6  -14.7     49   2.40    155      6  324.3  332.6  324.8
  500.0   5860   -6.5  -17.5     41   1.95    105      4  325.1  331.9  325.4
  499.0   5876   -6.5  -18.5     38   1.79    100      4  325.2  331.6  325.6
  491.0   6002   -6.8  -33.2     10   0.48     60      2  326.4  328.2  326.4
  489.0   6034   -6.9  -36.9      7   0.33     65      3  326.6  327.9  326.7
  473.0   6291   -8.2  -38.6      7   0.29    110      8  328.2  329.3  328.2
  455.0   6591   -9.7  -40.6      6   0.24     90     10  330.0  331.0  330.0
  437.0   6903  -11.2  -42.7      5   0.20     90     10  331.9  332.7  331.9
  420.0   7209  -12.7  -44.7      5   0.17     70     10  333.7  334.4  333.7
  404.0   7504  -15.2  -38.5     12   0.34     50     10  334.1  335.5  334.2
  400.0   7580  -15.9  -36.9     15   0.41     60     10  334.2  335.9  334.3
  388.0   7808  -17.5  -40.0     12   0.30     85      8  335.1  336.3  335.1
  373.0   8102  -19.5  -44.0      9   0.21    100     10  336.1  337.0  336.2
  362.0   8326  -21.1  -47.1      8   0.15     95     12  336.9  337.6  337.0
  330.0   8998  -25.6  -50.1      8   0.12     80     17  339.8  340.3  339.8
  300.0   9690  -30.3  -53.3      9   0.09     80     21  342.6  342.9  342.6
  280.0  10177  -34.1  -56.1      9   0.07     71     16  343.9  344.2  343.9
  256.0  10797  -39.4  -53.5     21   0.10     60     10  345.0  345.5  345.0
  253.0  10879  -40.1  -53.1     24   0.11     55     11  345.1  345.6  345.2
  250.0  10960  -40.7                          50     12  345.4         345.4
  234.0  11396  -44.5                          35     14  346.3         346.3
  214.0  11984  -49.6                          45     19  347.2         347.2
  200.0  12430  -53.5                          50     25  347.9         347.9
  153.0  14097  -66.7                          45     56  352.9         352.9
  150.0  14220  -67.7                          45     58  353.3         353.3
  125.0  15286  -74.7                          40     62  359.4         359.4
  119.0  15573  -76.6                          45     66  361.0         361.0
  111.0  15980  -79.3                          60     55  363.3         363.3
  102.0  16459  -80.7                          78     43  369.5         369.5
  101.0  16514  -80.9                          80     41  370.1         370.1
  100.0  16570  -81.1                          80     41  370.8         370.8
   91.0  17096  -82.8                          90     41  377.5         377.5
   86.0  17411  -83.9                         100     31  381.6         381.6
   85.8  17424  -83.9                         100     29  381.7         381.7
   84.4  17517  -74.9                         136     21  401.8         401.8
   82.0  17685  -74.4                         200      6  406.1         406.1
   78.0  17977  -73.6                         205     14  413.7         413.7
   74.0  18284  -72.7                         185     10  421.8         421.8
   71.4  18493  -72.1                         298      4  427.4         427.4
   70.0  18610  -70.9                           0      0  432.4         432.4
   60.3  19502  -66.9                         322     10  460.1         460.1
   57.0  19841  -68.9                         308     14  463.1         463.1
   51.2  20487  -66.3                         281     21  483.5         483.5
   50.0  20630  -66.9                         275     23  485.4         485.4
   43.6  21453  -68.5                         274     26  500.9         500.9
   39.3  22086  -61.5                         273     29  533.6         533.6
   33.8  23018  -62.1                         271     32  555.5         555.5
   30.0  23760  -58.7                         270     35  584.0         584.0
   27.8  24239  -56.5                         262     30  603.0         603.0
   20.0  26340  -52.5                         230     10  674.7         674.7
   12.7  29309  -47.9                         282      7  784.2         784.2
   10.0  30890  -47.3                         310      6  841.9         841.9
    8.6  31893  -44.5                                     889.9         889.9
</PRE><H3>Station information and sounding indices</H3><PRE>
                         Station identifier: WIII
                             Station number: 96749
                           Observation time: 131014/0000
                           Station latitude: -6.11
                          Station longitude: 106.65
                          Station elevation: 8.0
                            Showalter index: 0.35
                               Lifted index: -0.98
    LIFT computed using virtual temperature: -1.49
                                SWEAT index: 180.81
                                    K index: 36.60
                         Cross totals index: 19.90
                      Vertical totals index: 24.90
                        Totals totals index: 44.80
      Convective Available Potential Energy: 84.33
             CAPE using virtual temperature: 147.96
                      Convective Inhibition: -145.85
             CINS using virtual temperature: -122.09
                           Equilibrum Level: 468.98
 Equilibrum Level using virtual temperature: 442.76
                   Level of Free Convection: 735.79
             LFCT using virtual temperature: 749.79
                     Bulk Richardson Number: 60.23
          Bulk Richardson Number using CAPV: 105.67
  Temp [K] of the Lifted Condensation Level: 291.58
Pres [hPa] of the Lifted Condensation Level: 908.96
   Equivalent potential temp [K] of the LCL: 343.37
     Mean mixed layer potential temperature: 299.65
              Mean mixed layer mixing ratio: 14.94
              1000 hPa to 500 hPa thickness: 5760.00
Precipitable water [mm] for entire sounding: 47.49
</PRE>
<P>Description of the 
<A HREF="/upperair/columns.html">data columns</A>
or <A HREF="/upperair/indices.html">sounding indices</A>.

<P>
<FORM>
<INPUT CLASS="button" TYPE="button" VALUE=" Close this window " 
 onClick="window.close();">
<INPUT CLASS="button" TYPE="button" VALUE=" Select another map " 
 onClick="window.blur();">
</FORM>
<HR SIZE="1">
<I>Interested in graduate studies in atmospheric science?
Check out our program at the
<a href="http://www.uwyo.edu/atsc/howtoapply/"
target=_top>University of Wyoming
</a></I>
<HR SIZE="1"><FONT SIZE="-1">
Questions about the weather data provided by this site can be
addressed to <A HREF="mailto:ldoolman@uwyo.edu">
Larry Oolman (ldoolman@uwyo.edu)</A></FONT>
<HR SIZE="1">
<SCRIPT TYPE="text/javascript">
<!--
window.focus();
// -->
</SCRIPT>
</BODY>
</HTML>
