2013-10-27 00
<HTML>
<TITLE>University of Wyoming - Radiosonde Data</TITLE>
<BODY BGCOLOR="white">
<H2>96749 WIII Jakarta Observations at 00Z 27 Oct 2013</H2>
<PRE>
-----------------------------------------------------------------------------
   PRES   HGHT   TEMP   DWPT   RELH   MIXR   DRCT   SKNT   THTA   THTE   THTV
    hPa     m      C      C      %    g/kg    deg   knot     K      K      K 
-----------------------------------------------------------------------------
 1011.0      8   25.2   22.9     87  17.74      0      0  297.4  349.0  300.6
 1000.0    105   25.8   21.5     77  16.44     90      2  298.9  347.1  301.9
  991.0    185   26.2   21.9     77  17.01     90      4  300.1  350.2  303.2
  978.0    301   25.5   21.2     77  16.53     90      6  300.6  349.3  303.5
  925.0    792   22.6   18.4     77  14.62     80      8  302.4  345.8  305.1
  913.0    905   21.9   17.6     76  14.04     75     10  302.8  344.6  305.4
  850.0   1523   18.0   13.0     73  11.19     75     12  305.0  338.7  307.0
  794.0   2103   14.2   10.9     81  10.44     80     19  306.9  338.7  308.9
  780.0   2255   13.2   10.4     83  10.25     79     18  307.4  338.7  309.3
  714.0   2995    9.4    4.8     73   7.61     76     13  311.1  334.9  312.5
  703.0   3124    8.8    5.2     78   7.95     75     12  311.8  336.7  313.3
  700.0   3160    9.2    4.4     72   7.55     75     12  312.6  336.4  314.1
  699.0   3172    9.4    0.4     53   5.67     75     12  313.0  331.1  314.1
  688.0   3303    8.6   -1.6     49   4.99     75     10  313.6  329.6  314.5
  654.0   3720    6.2   -7.8     36   3.27     79     10  315.4  326.2  316.0
  640.0   3897    4.7   -4.6     51   4.26     80     10  315.7  329.6  316.5
  633.0   3987    4.0   -3.0     60   4.87     77     10  315.8  331.6  316.8
  616.0   4207    3.0   -4.7     57   4.41     70     10  317.2  331.6  318.0
  609.0   4300    2.6   -5.4     56   4.22     70     10  317.7  331.6  318.5
  601.0   4407    2.2   -5.8     55   4.15     70     10  318.5  332.2  319.3
  596.0   4474    2.2  -14.8     27   2.05     70     10  319.2  326.3  319.6
  577.0   4735    0.0   -9.0     51   3.37     70     11  319.6  330.9  320.3
  556.0   5030   -1.5  -18.5     26   1.61     70     11  321.2  326.9  321.6
  537.0   5307   -2.7  -14.7     39   2.29     70     12  323.0  331.0  323.5
  531.0   5395   -3.2   -9.2     63   3.60     70     12  323.4  335.7  324.1
  530.0   5410   -3.3   -8.3     68   3.88     69     12  323.5  336.6  324.3
  511.0   5698   -4.2  -13.6     48   2.64     40     12  325.9  335.0  326.4
  500.0   5870   -4.7  -16.7     39   2.08     45     10  327.2  334.6  327.7
  492.0   5997   -5.3  -16.9     40   2.08     50     10  328.0  335.4  328.4
  482.0   6158   -6.1  -17.1     41   2.09     73      9  329.0  336.4  329.4
  473.0   6303   -7.2  -18.0     42   1.98     95      8  329.4  336.5  329.8
  421.0   7198  -13.8  -23.4     45   1.39    105     10  332.0  337.1  332.3
  402.0   7552  -16.5  -25.5     46   1.20     96      8  333.0  337.5  333.2
  400.0   7590  -16.7  -27.7     38   0.99     95      8  333.2  336.9  333.4
  397.0   7647  -16.9  -31.9     26   0.67     95      7  333.6  336.2  333.8
  389.0   7800  -17.8  -33.7     24   0.58     95      6  334.4  336.7  334.6
  388.0   7819  -17.9  -33.9     23   0.56     92      6  334.5  336.7  334.6
  380.0   7975  -18.5  -43.5      9   0.21     70      7  335.7  336.6  335.8
  373.0   8113  -19.4  -41.4     12   0.27     50      8  336.3  337.4  336.3
  351.0   8564  -22.5  -34.5     33   0.59     58      5  338.1  340.4  338.2
  344.0   8710  -23.6  -36.2     30   0.51     60      4  338.5  340.6  338.6
  330.0   9010  -25.8  -39.8     26   0.37    295      2  339.5  341.0  339.6
  317.0   9301  -27.9  -43.2     22   0.27    335      4  340.5  341.6  340.5
  304.0   9604  -30.2  -46.8     18   0.19    345      2  341.4  342.2  341.4
  300.0   9700  -30.9  -47.9     17   0.17    340      2  341.7  342.4  341.7
  279.0  10203  -35.1  -53.5     14   0.09    300      6  342.8  343.2  342.8
  256.0  10799  -40.1  -60.1     10   0.05    305      6  344.0  344.2  344.0
  250.0  10960  -41.5                         300      6  344.2         344.2
  245.0  11093  -42.7                         290      6  344.5         344.5
  234.0  11396  -45.4                         250      6  345.0         345.0
  224.0  11683  -47.9                         245      6  345.4         345.4
  214.0  11984  -50.6                         195      2  345.8         345.8
  204.0  12300  -53.4                          70      4  346.2         346.2
  200.0  12430  -54.5                          70      6  346.3         346.3
  150.0  14210  -69.7                          45     21  349.8         349.8
  138.0  14694  -73.7                          45     21  351.3         351.3
  124.0  15315  -78.7                          60     31  353.0         353.0
  121.0  15457  -79.9                          60     31  353.3         353.3
  118.0  15600  -79.0                          45     25  357.6         357.6
  112.0  15897  -77.1                         345      6  366.4         366.4
  106.0  16210  -79.3                         190      8  368.0         368.0
  100.0  16540  -81.7                         150     14  369.6         369.6
   95.0  16831  -80.6                         120     12  377.3         377.3
   90.0  17138  -79.4                         175      6  385.5         385.5
   86.0  17396  -78.4                         115     10  392.5         392.5
   81.0  17736  -77.1                         190      6  402.0         402.0
   78.8  17892  -76.5                         187      7  406.4         406.4
   77.0  18026  -75.7                         185      8  410.8         410.8
   73.0  18336  -73.8                         305      6  421.1         421.1
   70.0  18580  -72.3                         305     17  429.4         429.4
   66.0  18930  -70.5                         300     29  440.5         440.5
   63.0  19206  -69.2                         280     23  449.4         449.4
   58.0  19697  -66.7                         288     17  465.7         465.7
   57.0  19802  -66.8                         290     16  467.9         467.9
   54.0  20127  -66.9                         310     17  474.9         474.9
   52.0  20354  -67.0                         300     17  479.8         479.8
   50.0  20590  -67.1                         280     19  484.9         484.9
   47.0  20962  -69.0                         240     12  489.1         489.1
   46.8  20988  -69.1                         243     11  489.4         489.4
   44.0  21366  -67.2                         290      4  502.8         502.8
   42.0  21652  -65.8                         305     12  513.0         513.0
   40.0  21951  -64.2                         285     10  524.0         524.0
   38.0  22265  -62.7                         320     14  535.8         535.8
   34.3  22893  -59.5                         290     23  560.0         560.0
   32.0  23327  -60.4                         270     29  568.7         568.7
   30.0  23730  -61.3                         270     31  577.0         577.0
   28.8  23983  -61.9                         273     27  582.1         582.1
   26.0  24634  -55.6                         280     17  617.3         617.3
   24.0  25143  -50.6                         315     21  645.9         645.9
   23.8  25196  -50.1                         313     22  649.0         649.0
   20.0  26330  -51.1                         280     35  679.0         679.0
   18.0  27012  -52.0                         270     39  696.8         696.8
   16.7  27498  -52.7                         282     33  709.8         709.8
   15.0  28199  -50.3                         300     25  739.8         739.8
   14.0  28650  -48.8                         345     14  759.7         759.7
   13.1  29084  -47.3                         269     12  779.4         779.4
   13.0  29135  -47.4                         260     12  780.7         780.7
   12.0  29661  -48.6                         110      6  794.4         794.4
   11.5  29942  -49.3                          98      8  801.8         801.8
   11.0  30238  -45.6                          85     10  825.5         825.5
   10.4  30613  -40.9                          70      8  856.1         856.1
   10.0  30880  -40.1                          60      6  868.7         868.7
    9.4  31303  -38.7                          45     12  889.5         889.5
    9.0  31598  -40.2                          35     16  894.7         894.7
    8.0  32395  -44.4                          45     19  908.8         908.8
    7.8  32566  -45.3                                     911.8         911.8
</PRE><H3>Station information and sounding indices</H3><PRE>
                         Station identifier: WIII
                             Station number: 96749
                           Observation time: 131027/0000
                           Station latitude: -6.11
                          Station longitude: 106.65
                          Station elevation: 8.0
                            Showalter index: 2.72
                               Lifted index: -1.16
    LIFT computed using virtual temperature: -1.78
                                SWEAT index: 190.01
                                    K index: 30.90
                         Cross totals index: 17.70
                      Vertical totals index: 22.70
                        Totals totals index: 40.40
      Convective Available Potential Energy: 708.75
             CAPE using virtual temperature: 877.98
                      Convective Inhibition: -57.05
             CINS using virtual temperature: -39.35
                           Equilibrum Level: 171.74
 Equilibrum Level using virtual temperature: 168.76
                   Level of Free Convection: 819.69
             LFCT using virtual temperature: 846.56
                     Bulk Richardson Number: 111.84
          Bulk Richardson Number using CAPV: 138.55
  Temp [K] of the Lifted Condensation Level: 293.51
Pres [hPa] of the Lifted Condensation Level: 926.06
   Equivalent potential temp [K] of the LCL: 348.62
     Mean mixed layer potential temperature: 300.04
              Mean mixed layer mixing ratio: 16.56
              1000 hPa to 500 hPa thickness: 5765.00
Precipitable water [mm] for entire sounding: 48.03
</PRE>
<P>Description of the 
<A HREF="/upperair/columns.html">data columns</A>
or <A HREF="/upperair/indices.html">sounding indices</A>.

<P>
<FORM>
<INPUT CLASS="button" TYPE="button" VALUE=" Close this window " 
 onClick="window.close();">
<INPUT CLASS="button" TYPE="button" VALUE=" Select another map " 
 onClick="window.blur();">
</FORM>
<HR SIZE="1">
<I>Interested in graduate studies in atmospheric science?
Check out our program at the
<a href="http://www.uwyo.edu/atsc/howtoapply/"
target=_top>University of Wyoming
</a></I>
<HR SIZE="1"><FONT SIZE="-1">
Questions about the weather data provided by this site can be
addressed to <A HREF="mailto:ldoolman@uwyo.edu">
Larry Oolman (ldoolman@uwyo.edu)</A></FONT>
<HR SIZE="1">
<SCRIPT TYPE="text/javascript">
<!--
window.focus();
// -->
</SCRIPT>
</BODY>
</HTML>
