2015-03-29 12
<HTML>
<TITLE>University of Wyoming - Radiosonde Data</TITLE>
<BODY BGCOLOR="white">
<H2>96749 WIII Jakarta Observations at 00Z 29 Mar 2015</H2>
<PRE>
-----------------------------------------------------------------------------
   PRES   HGHT   TEMP   DWPT   RELH   MIXR   DRCT   SKNT   THTA   THTE   THTV
    hPa     m      C      C      %    g/kg    deg   knot     K      K      K 
-----------------------------------------------------------------------------
 1009.0      8   26.2   22.1     78  16.91    120      4  298.6  348.0  301.6
 1000.0     93   27.2   22.8     77  17.83    100      4  300.4  352.9  303.6
  979.0    281   26.4   20.4     70  15.67     64      6  301.4  347.7  304.2
  977.0    299   26.3   20.3     70  15.62     60      6  301.4  347.6  304.2
  925.0    780   23.0   18.0     73  14.24     80     12  302.8  345.2  305.4
  912.0    903   22.1   17.5     75  14.01     90     12  303.1  344.9  305.7
  850.0   1512   17.8   15.1     84  12.86    130      6  304.8  343.4  307.1
  822.0   1798   16.2   14.1     88  12.48    145      4  306.0  343.7  308.3
  793.0   2104   14.4   13.1     92  12.09    115      2  307.2  344.0  309.5
  739.0   2697   11.6    9.8     89  10.37    150      2  310.4  342.4  312.4
  700.0   3152    9.4    7.2     86   9.18    305      2  312.9  341.6  314.6
  688.0   3295    8.6    5.6     82   8.37    340      2  313.5  339.8  315.1
  663.0   3601    6.8    2.2     73   6.83    350      4  314.9  336.6  316.2
  657.0   3676    6.4    1.4     70   6.49      1      4  315.2  335.9  316.4
  639.0   3903    4.9    1.6     79   6.77     35      4  316.1  337.7  317.4
  630.0   4019    4.2    1.7     84   6.92     31      4  316.5  338.6  317.8
  616.0   4201    3.4    0.5     82   6.50     25      4  317.6  338.5  318.8
  572.0   4800    0.5   -3.4     75   5.25     15      6  321.0  338.4  322.1
  564.0   4914    0.0   -4.1     74   5.03     26      7  321.7  338.4  322.7
  551.0   5100   -1.1   -5.9     70   4.48     45      8  322.6  337.6  323.5
  516.0   5622   -4.1  -11.1     58   3.19     31      9  325.0  336.0  325.7
  506.0   5776   -4.1  -22.1     23   1.29     27     10  326.9  331.6  327.1
  500.0   5870   -4.7  -13.7     49   2.67     25     10  327.2  336.6  327.8
  498.0   5902   -4.9  -11.9     58   3.10     25     10  327.4  338.1  328.0
  492.0   5997   -5.3  -12.8     55   2.91     25      8  328.0  338.1  328.6
  456.0   6592   -8.0  -18.8     42   1.92     45      4  331.9  338.9  332.3
  454.0   6627   -8.1  -19.1     41   1.87     37      4  332.1  338.9  332.5
  438.0   6904  -10.1  -20.6     42   1.70    330      4  333.1  339.3  333.4
  421.0   7209  -12.2  -22.3     43   1.53    355      4  334.1  339.7  334.4
  419.0   7246  -12.5  -22.5     43   1.51      1      4  334.2  339.8  334.5
  400.0   7600  -14.3  -31.3     22   0.70     60      2  336.3  339.1  336.5
  389.0   7810  -15.6  -37.2     14   0.41     95      4  337.3  338.9  337.4
  374.0   8106  -17.5  -45.5      7   0.18     65      6  338.6  339.3  338.6
  345.0   8700  -22.4  -41.4     16   0.30     30      4  339.9  341.1  339.9
  331.0   9005  -24.9  -39.2     25   0.39      0      2  340.4  342.0  340.5
  330.0   9027  -25.1  -39.1     26   0.39    353      2  340.5  342.1  340.6
  318.0   9293  -27.4  -35.9     45   0.57    265      4  340.9  343.1  341.0
  305.0   9592  -30.1  -32.2     82   0.85    255      4  341.2  344.6  341.4
  304.0   9616  -30.3  -31.9     86   0.87    261      4  341.3  344.7  341.4
  300.0   9710  -30.9  -33.6     77   0.75    285      4  341.7  344.7  341.9
  296.0   9805  -31.5  -35.6     67   0.62    310      4  342.2  344.7  342.3
  292.0   9902  -32.2  -40.7     43   0.38    335      4  342.5  344.1  342.6
  288.0   9999  -32.9  -45.9     26   0.22    342      4  342.9  343.8  342.9
  280.0  10196  -34.8  -44.4     37   0.26    355      4  343.0  344.1  343.0
  276.0  10297  -35.7  -43.7     44   0.29     31      3  343.0  344.2  343.1
  272.0  10399  -36.1  -38.8     76   0.49     68      3  343.9  345.9  344.0
  268.0  10501  -36.9  -39.8     74   0.45    105      2  344.2  346.0  344.3
  257.0  10790  -39.1  -42.7     68   0.35    100      2  345.1  346.5  345.2
  253.0  10899  -39.9  -43.8     66   0.31    111      3  345.4  346.7  345.5
  250.0  10980  -40.7                         120      4  345.4         345.4
  246.0  11087  -41.6                         135      4  345.6         345.6
  205.0  12296  -52.1                         105     12  347.7         347.7
  200.0  12460  -53.5                         110     12  347.9         347.9
  178.0  13181  -59.3                         145     12  350.1         350.1
  161.0  13802  -64.4                         210      2  351.8         351.8
  154.0  14077  -66.6                           5      8  352.5         352.5
  150.0  14240  -67.9                          15     10  352.9         352.9
  146.0  14398  -69.2                          25     12  353.5         353.5
  132.0  14989  -73.8                         340      4  355.4         355.4
  125.0  15309  -76.4                         340      2  356.4         356.4
  121.0  15499  -77.9                         261      6  357.0         357.0
  119.0  15593  -78.5                         220      8  357.6         357.6
  107.0  16193  -82.2                         140      4  361.5         361.5
  105.0  16300  -82.9                         115      5  362.2         362.2
  101.0  16515  -84.3                          65      8  363.5         363.5
  100.0  16570  -84.7                          60      8  363.8         363.8
   96.1  16789  -86.1                          55     10  365.3         365.3
   96.0  16795  -86.1                          55     10  365.4         365.4
   86.0  17405  -84.2                          65     21  380.9         380.9
   82.0  17669  -83.4                          30     16  387.7         387.7
   77.0  18018  -82.3                          45      8  397.0         397.0
   76.0  18090  -82.1                          58      7  398.9         398.9
   73.0  18319  -77.7                         100      2  412.8         412.8
   72.3  18374  -76.7                         117      3  416.1         416.1
   70.0  18560  -76.9                         175      8  419.6         419.6
   66.0  18899  -75.9                          45     12  428.8         428.8
   63.5  19122  -75.3                          41     16  434.9         434.9
   60.0  19456  -70.4                          35     23  453.1         453.1
   58.6  19595  -68.3                          17     19  460.8         460.8
   54.0  20082  -69.8                         315      4  468.1         468.1
   51.0  20422  -70.9                         170      4  473.3         473.3
   50.0  20540  -71.3                         155      6  475.1         475.1
   49.0  20659  -72.0                         135      8  476.3         476.3
   47.3  20867  -73.1                         135     10  478.4         478.4
   42.0  21578  -70.6                          85     41  501.0         501.0
   38.0  22177  -68.5                          75     39  520.9         520.9
   34.0  22843  -66.2                          95     45  543.9         543.9
   32.0  23206  -64.9                          95     56  556.8         556.8
   30.0  23600  -64.9                          95     68  567.1         567.1
   27.9  24042  -64.9                          90     75  579.0         579.0
   26.0  24495  -59.7                          85     82  605.6         605.6
   25.5  24620  -58.3                          85     82  613.0         613.0
   21.0  25866  -44.0                          85     66  691.1         691.1
   20.7  25958  -42.9                          84     59  697.2         697.2
   20.0  26190  -43.3                          80     43  702.9         702.9
   19.0  26534  -43.5                          85     27  712.6         712.6
   18.0  26898  -43.7                          95     23  723.0         723.0
   16.0  27689  -44.2                          65     16  746.3         746.3
   15.0  28122  -44.4                         165     10  759.4         759.4
   14.0  28585  -44.7                         125     10  773.6         773.6
   13.2  28981  -44.9                          69      7  785.9         785.9
   13.0  29082  -45.3                          55      6  788.0         788.0
   12.0  29615  -47.5                          90     10  798.5         798.5
   11.9  29670  -47.7                          89     11  799.6         799.6
   11.0  30199  -44.2                          75     19  830.6         830.6
   10.0  30840  -39.9                         305      4  869.5         869.5
    9.8  30978  -38.7                         317      6  879.0         879.0
    9.0  31565  -37.3                           5     12  906.1         906.1
    8.7  31799  -36.7                                     917.2         917.2
</PRE><H3>Station information and sounding indices</H3><PRE>
                         Station identifier: WIII
                             Station number: 96749
                           Observation time: 150329/0000
                           Station latitude: -6.11
                          Station longitude: 106.65
                          Station elevation: 8.0
                            Showalter index: 0.83
                               Lifted index: -1.19
    LIFT computed using virtual temperature: -1.73
                                SWEAT index: 203.21
                                    K index: 35.40
                         Cross totals index: 19.80
                      Vertical totals index: 22.50
                        Totals totals index: 42.30
      Convective Available Potential Energy: 401.39
             CAPE using virtual temperature: 517.16
                      Convective Inhibition: -51.17
             CINS using virtual temperature: -37.53
                           Equilibrum Level: 197.28
 Equilibrum Level using virtual temperature: 197.18
                   Level of Free Convection: 817.84
             LFCT using virtual temperature: 839.44
                     Bulk Richardson Number: 1216.10
          Bulk Richardson Number using CAPV: 1566.82
  Temp [K] of the Lifted Condensation Level: 292.84
Pres [hPa] of the Lifted Condensation Level: 908.25
   Equivalent potential temp [K] of the LCL: 348.71
     Mean mixed layer potential temperature: 301.01
              Mean mixed layer mixing ratio: 16.21
              1000 hPa to 500 hPa thickness: 5777.00
Precipitable water [mm] for entire sounding: 55.32
</PRE>
<P>Description of the 
<A HREF="/upperair/columns.html">data columns</A>
or <A HREF="/upperair/indices.html">sounding indices</A>.

<P>
<FORM>
<INPUT CLASS="button" TYPE="button" VALUE=" Close this window " 
 onClick="window.close();">
<INPUT CLASS="button" TYPE="button" VALUE=" Select another map " 
 onClick="window.blur();">
</FORM>
<HR SIZE="1">
<I>Interested in graduate studies in atmospheric science?
Check out our program at the
<a href="http://www.uwyo.edu/atsc/howtoapply/"
target=_top>University of Wyoming
</a></I>
<HR SIZE="1"><FONT SIZE="-1">
Questions about the weather data provided by this site can be
addressed to <A HREF="mailto:ldoolman@uwyo.edu">
Larry Oolman (ldoolman@uwyo.edu)</A></FONT>
<HR SIZE="1">
<SCRIPT TYPE="text/javascript">
<!--
window.focus();
// -->
</SCRIPT>
</BODY>
</HTML>
