2014-01-12 00
<HTML>
<TITLE>University of Wyoming - Radiosonde Data</TITLE>
<BODY BGCOLOR="white">
<H2>96749 WIII Jakarta Observations at 00Z 12 Jan 2014</H2>
<PRE>
-----------------------------------------------------------------------------
   PRES   HGHT   TEMP   DWPT   RELH   MIXR   DRCT   SKNT   THTA   THTE   THTV
    hPa     m      C      C      %    g/kg    deg   knot     K      K      K 
-----------------------------------------------------------------------------
 1009.0      8   24.8   23.6     93  18.57    190      5  297.2  351.1  300.5
 1000.0     91   24.2   22.3     89  17.28    140      6  297.4  347.6  300.4
  977.0    295   23.7   21.5     88  16.87     15      6  298.8  348.2  301.9
  944.0    597   23.0   20.4     85  16.26    350     16  301.1  349.1  304.0
  927.0    756   22.6   19.8     84  15.95    350     17  302.2  349.6  305.1
  925.0    775   22.4   19.6     84  15.78    350     17  302.2  349.0  305.1
  912.0    898   21.7   18.9     84  15.29    350     19  302.7  348.2  305.5
  880.0   1207   19.9   17.1     84  14.11    340     19  304.0  346.2  306.6
  850.0   1508   18.2   15.3     83  13.03      5     14  305.2  344.4  307.6
  793.0   2094   14.8   12.0     83  11.20      0     12  307.7  341.8  309.7
  738.0   2701   11.2    8.5     83   9.52      5     10  310.2  339.6  311.9
  711.0   3016    9.4    6.7     83   8.73     33      9  311.5  338.7  313.1
  700.0   3145    9.2    6.1     81   8.51     45      8  312.6  339.3  314.2
  687.0   3298    8.4    5.4     82   8.25     65      8  313.4  339.3  314.9
  638.0   3901    5.0    2.6     84   7.30     25      4  316.3  339.6  317.7
  615.0   4200    3.4    1.2     86   6.86     40      6  317.8  339.9  319.1
  571.0   4806    0.1   -1.5     89   6.03     90      8  320.7  340.4  321.8
  570.0   4820    0.0   -1.6     89   6.01     90      8  320.7  340.4  321.9
  530.0   5397   -2.6   -4.9     84   5.05     95      8  324.4  341.2  325.3
  500.0   5860   -4.7   -7.5     81   4.38     65      6  327.2  342.1  328.1
  491.0   6002   -5.5   -8.4     80   4.16     50      6  327.9  342.2  328.8
  472.0   6310   -7.3  -10.3     79   3.71     60      6  329.4  342.2  330.2
  454.0   6613   -9.1  -12.3     78   3.30     50      8  330.9  342.4  331.5
  437.0   6911  -10.8  -14.2     77   2.94      5      8  332.3  342.7  332.9
  427.0   7091  -11.9  -15.3     76   2.74    358      9  333.2  342.9  333.7
  404.0   7514  -14.9  -17.6     80   2.39    340     10  334.5  343.1  335.0
  400.0   7590  -15.5  -18.0     81   2.33    340      8  334.8  343.2  335.2
  330.0   9001  -25.5  -29.3     71   1.03     35      8  339.9  343.9  340.1
  317.0   9296  -27.6  -31.7     68   0.86     55      4  340.9  344.3  341.1
  304.0   9603  -29.8  -34.1     66   0.70    100      6  341.9  344.7  342.1
  300.0   9700  -30.5  -34.9     65   0.66    105      6  342.3  344.9  342.4
  296.0   9795  -31.5  -36.1     64   0.59    109      6  342.2  344.6  342.3
  279.0  10204  -35.1  -39.6     63   0.44    125      6  342.8  344.6  342.9
  257.0  10773  -40.1  -44.5     63   0.29    114     10  343.6  344.8  343.6
  250.0  10960  -41.5                         110     12  344.2         344.2
  234.0  11399  -45.1                          90     14  345.3         345.3
  214.0  11991  -50.0                         110     25  346.7         346.7
  200.0  12440  -53.7                          90     27  347.6         347.6
  169.0  13482  -63.0                          70     41  349.3         349.3
  150.0  14220  -69.5                          75     45  350.2         350.2
  136.0  14797  -74.9                          75     56  350.6         350.6
  131.0  15014  -74.8                          75     60  354.6         354.6
  123.0  15381  -74.5                          69     44  361.5         361.5
  112.0  15914  -78.2                          60     19  364.4         364.4
  101.0  16503  -82.3                         110     21  367.4         367.4
  100.0  16560  -82.7                         110     23  367.7         367.7
   96.7  16747  -83.1                         105     31  370.5         370.5
   96.0  16787  -83.1                         100     31  371.2         371.2
   91.0  17084  -83.1                          65     19  376.9         376.9
   86.0  17398  -83.1                          70     10  383.1         383.1
   81.8  17676  -83.1                          95     21  388.6         388.6
   81.0  17733  -82.3                         100     23  391.3         391.3
   77.0  18023  -78.3                          65     19  405.4         405.4
   73.0  18329  -74.0                          80     16  420.6         420.6
   70.0  18570  -70.7                          50     12  432.8         432.8
   67.2  18812  -67.7                          25     14  444.4         444.4
   63.0  19198  -67.8                         345     16  452.5         452.5
   57.0  19796  -67.8                         330     21  465.4         465.4
   54.2  20097  -67.9                         301     23  472.1         472.1
   50.0  20580  -67.3                         255     25  484.5         484.5
   49.0  20703  -67.1                         245     21  487.8         487.8
   47.0  20958  -66.7                         235     12  494.6         494.6
   44.0  21361  -66.0                         275     12  505.7         505.7
   38.0  22256  -64.5                         265     14  531.1         531.1
   33.0  23118  -63.1                         180     10  556.8         556.8
   31.0  23500  -62.4                         145      8  568.5         568.5
   30.0  23700  -62.1                         165      8  574.8         574.8
   29.0  23911  -61.4                         180      6  582.2         582.2
   27.0  24355  -60.0                          70     16  598.3         598.3
   26.9  24379  -59.9                          69     17  599.1         599.1
   26.0  24593  -59.2                          55     21  606.9         606.9
   25.0  24840  -58.5                         345      6  615.9         615.9
   24.0  25097  -57.7                         310     14  625.5         625.5
   23.3  25283  -57.1                         324     15  632.5         632.5
   23.0  25364  -57.6                         330     16  633.3         633.3
   21.4  25818  -60.5                         322     13  637.8         637.8
   21.0  25935  -60.3                         320     12  641.8         641.8
   20.0  26240  -59.9                         345     12  652.1         652.1
   19.0  26563  -59.2                           5     10  663.9         663.9
   17.0  27263  -57.7                          95     17  690.3         690.3
   16.0  27645  -56.8                         125     23  705.0         705.0
   15.4  27885  -56.3                         104     30  714.5         714.5
   15.0  28054  -55.8                          90     35  721.5         721.5
   12.0  29486  -51.7                          70     60  783.6         783.6
   10.0  30670  -50.9                          90     58  828.5         828.5
    8.7  31584  -47.1                          93     76  876.8         876.8
    8.0  32144  -44.6                          95     87  908.0         908.0
    7.7  32400  -43.5                          85     91  922.5         922.5
    7.5  32575  -42.7                                     932.6         932.6
</PRE><H3>Station information and sounding indices</H3><PRE>
                         Station identifier: WIII
                             Station number: 96749
                           Observation time: 140112/0000
                           Station latitude: -6.11
                          Station longitude: 106.65
                          Station elevation: 8.0
                            Showalter index: 0.44
                               Lifted index: -1.03
    LIFT computed using virtual temperature: -1.27
                                SWEAT index: 217.61
                                    K index: 35.10
                         Cross totals index: 20.00
                      Vertical totals index: 22.90
                        Totals totals index: 42.90
      Convective Available Potential Energy: 487.81
             CAPE using virtual temperature: 562.89
                      Convective Inhibition: -67.47
             CINS using virtual temperature: -55.45
                           Equilibrum Level: 196.70
 Equilibrum Level using virtual temperature: 196.24
                   Level of Free Convection: 786.52
             LFCT using virtual temperature: 809.26
                     Bulk Richardson Number: 185.23
          Bulk Richardson Number using CAPV: 213.74
  Temp [K] of the Lifted Condensation Level: 294.40
Pres [hPa] of the Lifted Condensation Level: 951.80
   Equivalent potential temp [K] of the LCL: 348.29
     Mean mixed layer potential temperature: 298.60
              Mean mixed layer mixing ratio: 17.03
              1000 hPa to 500 hPa thickness: 5769.00
Precipitable water [mm] for entire sounding: 59.97
</PRE>
<P>Description of the 
<A HREF="/upperair/columns.html">data columns</A>
or <A HREF="/upperair/indices.html">sounding indices</A>.

<P>
<FORM>
<INPUT CLASS="button" TYPE="button" VALUE=" Close this window " 
 onClick="window.close();">
<INPUT CLASS="button" TYPE="button" VALUE=" Select another map " 
 onClick="window.blur();">
</FORM>
<HR SIZE="1">
<I>Interested in graduate studies in atmospheric science?
Check out our program at the
<a href="http://www.uwyo.edu/atsc/howtoapply/"
target=_top>University of Wyoming
</a></I>
<HR SIZE="1"><FONT SIZE="-1">
Questions about the weather data provided by this site can be
addressed to <A HREF="mailto:ldoolman@uwyo.edu">
Larry Oolman (ldoolman@uwyo.edu)</A></FONT>
<HR SIZE="1">
<SCRIPT TYPE="text/javascript">
<!--
window.focus();
// -->
</SCRIPT>
</BODY>
</HTML>
