2015-07-12 00
<HTML>
<TITLE>University of Wyoming - Radiosonde Data</TITLE>
<BODY BGCOLOR="white">
<H2>96749 WIII Jakarta Observations at 00Z 12 Jul 2015</H2>
<PRE>
-----------------------------------------------------------------------------
   PRES   HGHT   TEMP   DWPT   RELH   MIXR   DRCT   SKNT   THTA   THTE   THTV
    hPa     m      C      C      %    g/kg    deg   knot     K      K      K 
-----------------------------------------------------------------------------
 1009.0      8   26.2   23.1     83  18.00    130      6  298.6  351.2  301.8
 1000.0     92   26.2   22.1     78  17.07    120      8  299.4  349.4  302.4
  977.0    296   25.1   20.7     77  16.00    100     16  300.2  347.3  303.1
  925.0    777   22.4   17.4     73  13.70     90     17  302.2  342.9  304.7
  912.0    899   21.6   16.8     74  13.39     90     17  302.6  342.4  305.0
  851.0   1497   17.5   13.9     80  11.90     75     10  304.3  340.1  306.5
  850.0   1507   17.4   13.9     80  11.88     75     10  304.4  340.0  306.5
  793.0   2095   14.3   10.0     75   9.83     45      8  307.1  337.1  309.0
  743.0   2647   11.4    6.4     71   8.18     27      6  309.8  335.1  311.3
  738.0   2704   11.1    6.1     71   8.05     25      6  310.0  335.0  311.5
  712.0   3002    9.3    4.4     72   7.42    125      4  311.2  334.4  312.6
  700.0   3144    8.4    3.6     72   7.13    115      4  311.8  334.1  313.1
  687.0   3298    7.4    3.5     76   7.23    105      2  312.3  335.1  313.7
  662.0   3603    5.5    3.4     87   7.44     45      8  313.5  337.0  314.9
  639.0   3893    3.6    3.3     98   7.65     26      6  314.5  338.8  316.0
  638.0   3906    3.5    3.2     98   7.63     25      6  314.6  338.8  316.1
  615.0   4203    2.4    2.0     98   7.25    295      6  316.6  339.8  317.9
  593.0   4498    1.2    0.8     97   6.89    320     10  318.5  340.7  319.8
  572.0   4789    0.0   -0.4     97   6.54    316     13  320.4  341.7  321.7
  538.0   5279   -3.1   -3.2     99   5.65    309     17  322.4  341.0  323.5
  518.0   5580   -2.7   -8.7     63   3.85    304     20  326.4  339.5  327.1
  508.0   5734   -3.7   -9.7     63   3.63    302     22  327.0  339.4  327.7
  500.0   5860   -2.7  -14.7     39   2.46    300     23  329.7  338.4  330.2
  498.0   5892   -2.5  -17.5     31   1.95    299     23  330.3  337.3  330.7
  473.0   6298   -5.3  -21.7     26   1.43    285     21  331.8  337.0  332.1
  464.0   6449   -6.3  -23.3     25   1.27    287     19  332.3  337.0  332.6
  421.0   7201  -12.3  -16.4     72   2.54    300     10  333.9  343.1  334.4
  420.0   7219  -12.5  -16.2     74   2.59    301     10  334.0  343.2  334.5
  400.0   7590  -15.3  -21.3     60   1.76    330     12  335.0  341.5  335.4
  374.0   8090  -19.0  -25.9     55   1.25     20     14  336.6  341.4  336.9
  345.0   8691  -23.4  -31.3     48   0.82     25     16  338.5  341.7  338.7
  343.0   8734  -23.7  -31.7     48   0.79     23     16  338.6  341.7  338.8
  317.0   9302  -27.8  -36.4     44   0.54    355     12  340.6  342.8  340.8
  304.0   9604  -30.0  -38.9     42   0.44     10     16  341.7  343.4  341.8
  300.0   9700  -30.7  -39.7     41   0.41      5     16  342.0  343.6  342.1
  281.0  10162  -34.5  -41.5     49   0.36    346     17  343.0  344.5  343.1
  280.0  10187  -34.6  -39.7     60   0.44    345     17  343.1  344.9  343.2
  278.0  10237  -34.9  -36.1     89   0.63    347     17  343.5  346.0  343.6
  272.0  10389  -35.9  -47.9     28   0.18    353     19  344.2  344.9  344.2
  254.0  10862  -40.1  -53.1     24   0.11     11     22  344.7  345.2  344.8
  250.0  10970  -40.9                          15     23  345.1         345.1
  224.0  11693  -46.9                          20     29  346.9         346.9
  200.0  12440  -53.1                          25     35  348.5         348.5
  186.0  12896  -56.1                          30     35  351.0         351.0
  157.0  13961  -63.1                          60     47  356.5         356.5
  153.0  14119  -63.5                          65     49  358.4         358.4
  150.0  14240  -63.9                          75     45  359.8         359.8
  144.0  14489  -64.5                          89     42  363.0         363.0
  132.0  15001  -68.7                         120     37  364.6         364.6
  108.0  16180  -78.5                         125     41  367.6         367.6
  105.0  16346  -79.9                         120     42  367.9         367.9
  100.0  16620  -81.7                         110     43  369.6         369.6
   92.0  17085  -84.5                          95     45  372.9         372.9
   90.5  17176  -85.1                          90     43  373.6         373.6
   82.0  17733  -77.7                          40     19  399.4         399.4
   80.7  17824  -76.5                          21     15  403.7         403.7
   78.0  18019  -77.1                         340      6  406.4         406.4
   74.0  18321  -78.0                         185      2  410.7         410.7
   70.0  18640  -78.9                         155     12  415.3         415.3
   66.1  18965  -77.9                         122     22  424.3         424.3
   63.0  19244  -72.9                          95     31  441.2         441.2
   61.2  19412  -69.9                          95     32  451.5         451.5
   57.5  19782  -69.7                          95     33  460.1         460.1
   57.0  19834  -68.1                          95     33  464.9         464.9
   56.2  19919  -65.5                          97     35  472.7         472.7
   52.0  20391  -63.9                         110     45  487.0         487.0
   50.0  20630  -63.1                          95     41  494.4         494.4
   47.0  21015  -59.7                          75     33  511.4         511.4
   46.2  21122  -58.7                          78     33  516.2         516.2
   43.0  21575  -58.0                          90     31  528.5         528.5
   41.0  21876  -57.6                          60     16  536.9         536.9
   39.0  22192  -57.2                         305     12  545.7         545.7
   37.0  22525  -56.7                         255     14  555.2         555.2
   36.2  22663  -56.5                         258     18  559.2         559.2
   32.0  23442  -57.8                         275     43  575.7         575.7
   30.0  23850  -58.5                         265     27  584.6         584.6
   29.3  23998  -58.9                         265     24  587.4         587.4
   28.0  24290  -57.7                         265     17  598.5         598.5
   22.0  25838  -51.1                         270     27  660.8         660.8
   20.0  26450  -48.5                         285     29  687.0         687.0
   18.0  27147  -45.9                         278     30  716.1         716.1
   15.0  28351  -48.9                         265     31  744.4         744.4
   14.5  28575  -49.5                         265     30  749.7         749.7
   11.0  30415  -43.9                         265     23  831.8         831.8
   10.0  31050  -41.9                         260     23  862.0         862.0
    9.8  31187  -41.3                         262     21  869.2         869.2
    9.0  31766  -41.2                         270     14  891.2         891.2
    8.0  32566  -41.0                         240     19  922.4         922.4
    7.0  33473  -40.8                         205     23  959.1         959.1
    6.7  33771  -40.7                                     971.5         971.5
    6.0  34529  -36.1                                    1022.5        1022.5
</PRE><H3>Station information and sounding indices</H3><PRE>
                         Station identifier: WIII
                             Station number: 96749
                           Observation time: 150712/0000
                           Station latitude: -6.11
                          Station longitude: 106.65
                          Station elevation: 8.0
                            Showalter index: 4.18
                               Lifted index: 1.20
    LIFT computed using virtual temperature: 0.66
                                SWEAT index: 209.81
                                    K index: 29.20
                         Cross totals index: 16.60
                      Vertical totals index: 20.10
                        Totals totals index: 36.70
      Convective Available Potential Energy: 371.08
             CAPE using virtual temperature: 457.96
                      Convective Inhibition: -48.69
             CINS using virtual temperature: -32.62
                           Equilibrum Level: 231.52
 Equilibrum Level using virtual temperature: 231.77
                   Level of Free Convection: 814.35
             LFCT using virtual temperature: 854.70
                     Bulk Richardson Number: 21.99
          Bulk Richardson Number using CAPV: 27.14
  Temp [K] of the Lifted Condensation Level: 293.13
Pres [hPa] of the Lifted Condensation Level: 922.18
   Equivalent potential temp [K] of the LCL: 347.65
     Mean mixed layer potential temperature: 300.01
              Mean mixed layer mixing ratio: 16.25
              1000 hPa to 500 hPa thickness: 5768.00
Precipitable water [mm] for entire sounding: 53.58
</PRE>
<P>Description of the 
<A HREF="/upperair/columns.html">data columns</A>
or <A HREF="/upperair/indices.html">sounding indices</A>.

<P>
<FORM>
<INPUT CLASS="button" TYPE="button" VALUE=" Close this window " 
 onClick="window.close();">
<INPUT CLASS="button" TYPE="button" VALUE=" Select another map " 
 onClick="window.blur();">
</FORM>
<HR SIZE="1">
<I>Interested in graduate studies in atmospheric science?
Check out our program at the
<a href="http://www.uwyo.edu/atsc/howtoapply/"
target=_top>University of Wyoming
</a></I>
<HR SIZE="1"><FONT SIZE="-1">
Questions about the weather data provided by this site can be
addressed to <A HREF="mailto:ldoolman@uwyo.edu">
Larry Oolman (ldoolman@uwyo.edu)</A></FONT>
<HR SIZE="1">
<SCRIPT TYPE="text/javascript">
<!--
window.focus();
// -->
</SCRIPT>
</BODY>
</HTML>
