2014-11-29 12
<HTML>
<TITLE>University of Wyoming - Radiosonde Data</TITLE>
<BODY BGCOLOR="white">
<H2>96749 WIII Jakarta Observations at 00Z 29 Nov 2014</H2>
<PRE>
-----------------------------------------------------------------------------
   PRES   HGHT   TEMP   DWPT   RELH   MIXR   DRCT   SKNT   THTA   THTE   THTV
    hPa     m      C      C      %    g/kg    deg   knot     K      K      K 
-----------------------------------------------------------------------------
 1008.0      8   25.0   23.1     89  18.02    280      4  297.5  349.9  300.7
 1000.0     84   26.2   21.4     75  16.33    260      4  299.4  347.2  302.3
  976.0    299   26.4   20.6     71  15.89    205      2  301.6  348.6  304.5
  971.0    345   26.4   20.4     70  15.80    222      3  302.1  349.0  304.9
  943.0    602   24.7   18.7     69  14.62    320      6  302.9  346.4  305.6
  925.0    772   23.6   17.6     69  13.88    305      4  303.4  344.9  306.0
  911.0    904   22.7   17.2     71  13.73    295      4  303.8  344.9  306.3
  881.0   1195   20.7   16.3     76  13.39    320      2  304.7  344.9  307.1
  851.0   1496   18.7   15.3     81  13.04    220      2  305.6  344.9  308.0
  850.0   1506   18.6   15.3     81  13.03    220      2  305.6  344.9  308.0
  821.0   1802   17.0   13.4     79  11.90    275      4  307.0  343.1  309.2
  793.0   2098   15.4   11.5     77  10.85    200      2  308.3  341.5  310.3
  769.0   2360   14.0    9.8     76   9.99    162      7  309.5  340.3  311.4
  765.0   2404   13.8    9.2     74   9.64    155      8  309.8  339.5  311.6
  722.0   2891   11.6    2.6     54   6.43    163     11  312.5  332.9  313.7
  712.0   3007   11.0    3.9     62   7.14    165     12  313.1  335.6  314.4
  700.0   3149   10.2    5.4     72   8.10    175     12  313.8  339.3  315.3
  687.0   3302    9.3    4.7     73   7.87    185     10  314.4  339.3  315.9
  616.0   4194    4.0    0.8     80   6.60    190      8  318.2  339.6  319.5
  568.0   4857    0.0   -2.2     85   5.77    165      9  321.1  340.0  322.2
  500.0   5870   -5.1  -10.1     68   3.57    125     10  326.8  339.0  327.5
  491.0   6013   -5.8  -13.1     57   2.86    120     10  327.5  337.5  328.1
  488.0   6061   -6.1  -14.1     53   2.65    119     10  327.8  337.1  328.3
  476.0   6256   -7.1  -18.1     41   1.94    117     11  328.9  335.9  329.3
  473.0   6306   -7.1  -12.0     68   3.24    117     11  329.5  340.8  330.1
  467.0   6406   -7.7  -15.7     53   2.42    116     11  330.0  338.6  330.4
  437.0   6921  -10.2  -22.9     35   1.40    110     12  333.1  338.3  333.4
  429.0   7064  -10.9  -24.9     31   1.19    117     12  334.0  338.4  334.2
  421.0   7208  -11.8  -24.7     33   1.23    125     12  334.6  339.2  334.9
  400.0   7600  -14.3  -24.3     42   1.35    120     10  336.3  341.4  336.6
  389.0   7810  -15.9  -26.9     38   1.09    120      9  336.9  341.1  337.1
  384.0   7907  -16.3  -32.3     24   0.67    120      9  337.6  340.2  337.8
  382.0   7946  -16.5  -25.5     46   1.26    120      9  337.9  342.7  338.1
  374.0   8104  -17.6  -25.5     50   1.29    120      8  338.5  343.4  338.8
  367.0   8245  -18.5  -25.5     54   1.32    134      5  339.1  344.1  339.4
  365.0   8286  -18.5  -30.5     34   0.83    138      4  339.6  342.9  339.8
  359.0   8406  -19.5  -30.8     36   0.83    150      2  339.9  343.2  340.1
  345.0   8695  -21.8  -31.4     41   0.81    230      4  340.7  343.9  340.9
  300.0   9710  -29.9  -33.6     70   0.75    205      6  343.1  346.1  343.3
  297.0   9782  -30.3  -34.0     70   0.73    201      5  343.5  346.4  343.7
  292.0   9901  -31.3                         195      4  343.8         343.8
  280.0  10195  -33.6                         110      4  344.6         344.6
  256.0  10824  -38.8                          35     10  346.0         346.0
  250.0  10990  -40.1                          35     12  346.3         346.3
  224.0  11718  -46.4                          30     10  347.7         347.7
  205.0  12306  -51.5                          40     17  348.6         348.6
  200.0  12470  -52.9                          35     19  348.8         348.8
  150.0  14260  -68.3                          35     35  352.2         352.2
  125.0  15322  -76.7                          45     41  355.9         355.9
  119.0  15609  -78.9                          47     41  356.9         356.9
  102.0  16471  -84.5                          55     39  362.2         362.2
  101.0  16525  -83.9                          55     35  364.3         364.3
  100.0  16580  -83.3                          60     31  366.5         366.5
   98.0  16694  -79.7                          62     20  375.7         375.7
   96.0  16810  -80.3                          65      8  376.7         376.7
   91.0  17111  -81.8                         160     10  379.5         379.5
   85.8  17442  -83.5                         168     11  382.5         382.5
   82.0  17699  -80.0                         175     12  394.7         394.7
   78.8  17924  -76.9                         213      8  405.6         405.6
   77.0  18058  -76.5                         235      6  409.0         409.0
   73.0  18367  -75.7                         225     10  417.0         417.0
   70.0  18610  -75.1                         240      6  423.4         423.4
   63.0  19225  -74.4                         290     10  437.9         437.9
   57.0  19809  -73.7                         310     12  452.2         452.2
   53.8  20146  -73.3                         352     10  460.6         460.6
   51.0  20463  -69.9                          30      8  475.6         475.6
   50.0  20580  -68.7                          65      8  481.2         481.2
   49.9  20592  -68.7                          68      8  481.5         481.5
   49.0  20700  -69.1                         100     10  483.0         483.0
   45.8  21102  -70.7                          84     23  488.6         488.6
   44.0  21343  -68.9                          75     31  498.6         498.6
   40.0  21917  -64.6                          90     47  523.1         523.1
   39.0  22069  -63.5                          90     47  529.7         529.7
   36.0  22558  -64.0                          90     47  540.7         540.7
   30.0  23670  -65.1                          95     49  566.6         566.6
   28.3  24025  -64.9                          95     56  576.7         576.7
   27.0  24317  -63.4                          95     62  588.8         588.8
   24.4  24945  -60.1                          80     68  615.6         615.6
   24.0  25047  -59.5                          80     68  620.1         620.1
   23.0  25311  -58.1                          85     66  631.8         631.8
   22.7  25393  -57.7                                     635.4         635.4
</PRE><H3>Station information and sounding indices</H3><PRE>
                         Station identifier: WIII
                             Station number: 96749
                           Observation time: 141129/0000
                           Station latitude: -6.11
                          Station longitude: 106.65
                          Station elevation: 8.0
                            Showalter index: -0.15
                               Lifted index: -1.36
    LIFT computed using virtual temperature: -1.73
                                SWEAT index: 197.61
                                    K index: 34.20
                         Cross totals index: 20.40
                      Vertical totals index: 23.70
                        Totals totals index: 44.10
      Convective Available Potential Energy: 163.81
             CAPE using virtual temperature: 250.33
                      Convective Inhibition: -116.26
             CINS using virtual temperature: -80.94
                           Equilibrum Level: 258.47
 Equilibrum Level using virtual temperature: 258.48
                   Level of Free Convection: 682.79
             LFCT using virtual temperature: 766.18
                     Bulk Richardson Number: 55.24
          Bulk Richardson Number using CAPV: 84.41
  Temp [K] of the Lifted Condensation Level: 292.65
Pres [hPa] of the Lifted Condensation Level: 907.45
   Equivalent potential temp [K] of the LCL: 348.06
     Mean mixed layer potential temperature: 300.91
              Mean mixed layer mixing ratio: 16.02
              1000 hPa to 500 hPa thickness: 5786.00
Precipitable water [mm] for entire sounding: 53.94
</PRE>
<P>Description of the 
<A HREF="/upperair/columns.html">data columns</A>
or <A HREF="/upperair/indices.html">sounding indices</A>.

<P>
<FORM>
<INPUT CLASS="button" TYPE="button" VALUE=" Close this window " 
 onClick="window.close();">
<INPUT CLASS="button" TYPE="button" VALUE=" Select another map " 
 onClick="window.blur();">
</FORM>
<HR SIZE="1">
<I>Interested in graduate studies in atmospheric science?
Check out our program at the
<a href="http://www.uwyo.edu/atsc/howtoapply/"
target=_top>University of Wyoming
</a></I>
<HR SIZE="1"><FONT SIZE="-1">
Questions about the weather data provided by this site can be
addressed to <A HREF="mailto:ldoolman@uwyo.edu">
Larry Oolman (ldoolman@uwyo.edu)</A></FONT>
<HR SIZE="1">
<SCRIPT TYPE="text/javascript">
<!--
window.focus();
// -->
</SCRIPT>
</BODY>
</HTML>
