2015-11-24 00
<HTML>
<TITLE>University of Wyoming - Radiosonde Data</TITLE>
<BODY BGCOLOR="white">
<H2>96749 WIII Jakarta Observations at 00Z 24 Nov 2015</H2>
<PRE>
-----------------------------------------------------------------------------
   PRES   HGHT   TEMP   DWPT   RELH   MIXR   DRCT   SKNT   THTA   THTE   THTV
    hPa     m      C      C      %    g/kg    deg   knot     K      K      K 
-----------------------------------------------------------------------------
 1008.0      8   25.4   23.5     89  18.47    180      4  297.9  351.7  301.1
 1000.0     79   26.6   21.8     75  16.75    165      4  299.8  348.9  302.8
  992.0    150   27.2   22.4     75  17.53    149      5  301.0  352.8  304.2
  975.0    302   26.3   21.2     74  16.51    115      8  301.6  350.5  304.6
  925.0    766   23.4   17.4     69  13.70     85     14  303.2  344.1  305.7
  911.0    899   22.7   15.7     64  12.43     80     14  303.9  341.1  306.1
  873.0   1270   20.8   10.8     53   9.40     83     16  305.6  334.1  307.3
  850.0   1500   18.8   13.8     73  11.80     85     17  305.8  341.5  308.0
  810.0   1913   16.4   12.6     78  11.44     82     16  307.5  342.4  309.6
  792.0   2104   15.8    9.1     65   9.27     80     16  308.8  337.3  310.5
  777.0   2267   15.2    6.2     55   7.71     89     13  309.9  333.9  311.4
  738.0   2702   12.5    8.2     75   9.36    115      6  311.5  340.6  313.3
  737.0   2713   12.4    8.3     76   9.41    115      6  311.6  340.8  313.3
  700.0   3144    9.6    7.0     84   9.06    100      6  313.1  341.4  314.8
  687.0   3299    9.0    5.0     76   8.02     95      4  314.1  339.4  315.6
  668.0   3532    8.0    2.0     66   6.66     48      4  315.5  336.8  316.8
  663.0   3593    7.7    1.5     65   6.47     35      4  315.9  336.6  317.1
  639.0   3895    6.4   -1.0     59   5.58     25      2  317.7  335.9  318.8
  616.0   4196    5.1   -3.6     54   4.80    320      2  319.6  335.4  320.5
  594.0   4493    3.8   -6.0     49   4.12     75      2  321.4  335.1  322.2
  591.0   4535    3.6   -6.4     48   4.03     80      2  321.6  335.1  322.4
  572.0   4798    1.8   -8.2     47   3.63    115      4  322.6  334.8  323.3
  553.0   5071    0.0  -10.0     47   3.25    101      5  323.5  334.6  324.2
  537.0   5305   -1.7   -7.7     64   4.01     90      6  324.2  337.8  325.0
  531.0   5394   -2.3  -11.3     50   3.05     85      6  324.6  335.0  325.1
  529.0   5424   -2.5  -12.5     46   2.78     87      6  324.6  334.3  325.2
  522.0   5530   -2.9   -9.9     59   3.47     92      7  325.4  337.3  326.1
  514.0   5652   -3.5  -12.5     50   2.86     99      7  326.1  336.1  326.7
  500.0   5870   -4.7  -14.7     46   2.46    110      8  327.2  335.9  327.7
  474.0   6288   -7.6  -17.6     45   2.04    125      4  328.7  336.0  329.1
  473.0   6304   -7.7  -17.7     45   2.02    127      4  328.8  336.0  329.2
  467.0   6403   -8.5  -12.8     71   3.08    140      4  329.0  339.7  329.6
  447.0   6741  -10.3  -15.3     67   2.62    184      4  330.8  340.1  331.4
  438.0   6898  -11.4  -15.5     72   2.62    205      4  331.3  340.6  331.9
  436.0   6933  -11.7  -15.6     73   2.62    202      4  331.4  340.7  332.0
  433.0   6986  -11.3  -21.3     43   1.62    196      4  332.6  338.5  332.9
  422.0   7183  -12.1  -25.1     33   1.19    177      4  334.0  338.5  334.3
  421.0   7201  -12.1  -22.6     41   1.49    175      4  334.2  339.8  334.6
  420.0   7219  -12.1  -20.1     51   1.86    176      4  334.5  341.3  334.9
  407.0   7459  -13.9  -18.9     66   2.12    188      7  335.2  342.9  335.6
  400.0   7590  -14.9  -22.9     51   1.52    195      8  335.5  341.2  335.9
  396.0   7666  -15.7  -23.7     50   1.43    200      6  335.5  340.8  335.8
  395.0   7685  -15.5  -30.5     26   0.77    202      5  336.0  338.9  336.1
  389.0   7801  -16.0  -31.7     25   0.70    210      2  336.8  339.5  336.9
  374.0   8097  -17.2  -34.8     20   0.54    145      2  338.9  341.1  339.0
  362.0   8342  -18.3  -37.3     17   0.43    144      6  340.7  342.4  340.8
  331.0   8999  -23.2  -43.1     14   0.26    140     17  342.9  343.9  342.9
  318.0   9293  -25.3  -45.7     13   0.20    125     17  343.8  344.6  343.8
  300.0   9720  -28.5  -49.5     11   0.14    135     17  345.1  345.7  345.1
  292.0   9912  -30.4  -48.8     15   0.16    140     16  345.0  345.7  345.0
  291.0   9936  -30.7  -48.7     15   0.16    140     16  345.0  345.7  345.0
  269.0  10482  -35.3  -52.2     16   0.11    130     12  346.2  346.7  346.2
  257.0  10798  -37.9  -54.3     16   0.09    145     16  346.8  347.2  346.9
  250.0  10990  -39.5  -55.5     17   0.08    125     14  347.2  347.6  347.2
  247.0  11073  -40.1  -59.1     11   0.05    119     14  347.5  347.8  347.5
  236.0  11377  -42.8                          95     14  348.0         348.0
  200.0  12480  -52.5                         130     19  349.5         349.5
  188.0  12865  -55.9                         130     19  350.3         350.3
  150.0  14270  -68.1                          65     19  352.6         352.6
  140.0  14669  -71.3                          55     19  354.1         354.1
  126.0  15279  -76.1                          50     19  356.1         356.1
  113.0  15910  -81.1                          65     17  358.1         358.1
  112.0  15961  -81.5                          65     21  358.2         358.2
  107.0  16218  -80.0                          55     25  365.7         365.7
  104.0  16378  -79.1                          28     15  370.5         370.5
  102.0  16488  -79.5                          10      8  371.8         371.8
  100.0  16600  -79.9                         310      8  373.1         373.1
   97.0  16771  -80.1                         200      8  376.1         376.1
   87.0  17383  -80.7                         125      8  386.7         386.7
   82.0  17716  -81.0                         165      6  392.7         392.7
   77.2  18055  -81.3                         133      6  398.8         398.8
   74.0  18300  -76.5                         110      6  413.9         413.9
   70.0  18620  -70.1                          20      8  434.1         434.1
   69.8  18637  -69.9                          17      8  434.9         434.9
   63.0  19247  -68.6                         260      8  450.6         450.6
   60.3  19507  -68.1                         305     20  457.4         457.4
   60.0  19537  -68.2                         310     21  457.9         457.9
   57.0  19842  -69.2                         290     35  462.4         462.4
   55.0  20054  -69.8                         285     29  465.6         465.6
   53.1  20263  -70.5                         298     24  468.8         468.8
   52.0  20387  -69.7                         305     21  473.4         473.4
   50.0  20620  -68.3                         295     16  482.1         482.1
   47.0  20997  -67.3                         260     10  493.1         493.1
   45.0  21262  -66.6                         255      6  501.0         501.0
   43.0  21539  -65.8                         300     10  509.4         509.4
   37.0  22456  -63.4                         250     21  538.0         538.0
   32.0  23341  -61.1                         150      8  567.0         567.0
   31.3  23476  -60.7                         100      7  571.6         571.6
   30.0  23740  -58.9                           5      6  583.5         583.5
   29.0  23954  -57.5                         330     16  593.1         593.1
   27.8  24221  -55.7                                     605.2         605.2
</PRE><H3>Station information and sounding indices</H3><PRE>
                         Station identifier: WIII
                             Station number: 96749
                           Observation time: 151124/0000
                           Station latitude: -6.11
                          Station longitude: 106.65
                          Station elevation: 8.0
                            Showalter index: 1.58
                               Lifted index: -1.70
    LIFT computed using virtual temperature: -2.31
                                SWEAT index: 207.60
                                    K index: 34.70
                         Cross totals index: 18.50
                      Vertical totals index: 23.50
                        Totals totals index: 42.00
      Convective Available Potential Energy: 308.80
             CAPE using virtual temperature: 444.98
                      Convective Inhibition: -91.80
             CINS using virtual temperature: -47.51
                           Equilibrum Level: 200.17
 Equilibrum Level using virtual temperature: 200.10
                   Level of Free Convection: 738.92
             LFCT using virtual temperature: 810.17
                     Bulk Richardson Number: 119.87
          Bulk Richardson Number using CAPV: 172.73
  Temp [K] of the Lifted Condensation Level: 293.36
Pres [hPa] of the Lifted Condensation Level: 913.29
   Equivalent potential temp [K] of the LCL: 350.12
     Mean mixed layer potential temperature: 301.08
              Mean mixed layer mixing ratio: 16.66
              1000 hPa to 500 hPa thickness: 5791.00
Precipitable water [mm] for entire sounding: 49.63
</PRE>
<P>Description of the 
<A HREF="/upperair/columns.html">data columns</A>
or <A HREF="/upperair/indices.html">sounding indices</A>.

<P>
<FORM>
<INPUT CLASS="button" TYPE="button" VALUE=" Close this window " 
 onClick="window.close();">
<INPUT CLASS="button" TYPE="button" VALUE=" Select another map " 
 onClick="window.blur();">
</FORM>
<HR SIZE="1">
<I>Interested in graduate studies in atmospheric science?
Check out our program at the
<a href="http://www.uwyo.edu/atsc/howtoapply/"
target=_top>University of Wyoming
</a></I>
<HR SIZE="1"><FONT SIZE="-1">
Questions about the weather data provided by this site can be
addressed to <A HREF="mailto:ldoolman@uwyo.edu">
Larry Oolman (ldoolman@uwyo.edu)</A></FONT>
<HR SIZE="1">
<SCRIPT TYPE="text/javascript">
<!--
window.focus();
// -->
</SCRIPT>
</BODY>
</HTML>
