2013-11-24 12
<HTML>
<TITLE>University of Wyoming - Radiosonde Data</TITLE>
<BODY BGCOLOR="white">
<H2>96749 WIII Jakarta Observations at 00Z 24 Nov 2013</H2>
<PRE>
-----------------------------------------------------------------------------
   PRES   HGHT   TEMP   DWPT   RELH   MIXR   DRCT   SKNT   THTA   THTE   THTV
    hPa     m      C      C      %    g/kg    deg   knot     K      K      K 
-----------------------------------------------------------------------------
 1008.0      8   24.6   23.0     91  17.91    220      4  297.1  349.1  300.2
 1000.0     82   24.6   20.5     78  15.43    220      4  297.8  342.7  300.5
  976.0    295   24.6   20.0     76  15.35    230      4  299.8  344.9  302.6
  955.0    487   24.6   19.6     74  15.28    154      7  301.7  346.9  304.4
  943.0    597   23.6   19.4     77  15.24    110      8  301.8  347.0  304.6
  925.0    766   22.2   19.0     82  15.19    170      4  302.0  347.0  304.8
  911.0    898   21.4   18.1     82  14.58      0      0  302.5  345.8  305.1
  880.0   1197   19.6   16.1     80  13.26    225      4  303.6  343.3  306.1
  850.0   1497   17.8   14.1     79  12.04    335      6  304.8  341.0  307.0
  846.0   1537   17.6   13.7     78  11.78    334      6  305.0  340.5  307.1
  823.0   1773   17.0   11.0     68  10.11    330      8  306.8  337.6  308.6
  792.0   2098   14.6   10.0     74   9.81    325     10  307.6  337.6  309.4
  746.0   2604   10.8    8.4     85   9.36    304     15  308.8  337.5  310.5
  738.0   2694   10.5    6.7     77   8.38    300     16  309.4  335.3  310.9
  726.0   2830   10.0    4.0     66   7.07    305     15  310.3  332.4  311.6
  724.0   2853    9.8    6.5     80   8.45    305     15  310.3  336.6  311.9
  710.0   3016   10.4   -0.6     46   5.19    311     15  312.7  329.3  313.7
  700.0   3134   10.2   -0.8     46   5.18    315     14  313.8  330.4  314.7
  651.0   3735    6.8   -1.2     57   5.41    343     10  316.5  334.0  317.5
  615.0   4200    4.7  -10.4     33   2.84      5      6  319.2  328.8  319.8
  591.0   4525    3.2  -16.8     21   1.75     10      9  321.2  327.3  321.5
  571.0   4803    1.4   -8.7     47   3.50     15     12  322.2  334.0  322.9
  567.0   4860    1.0   -7.0     55   4.01     23     11  322.4  335.9  323.2
  553.0   5061    0.0   -8.0     55   3.81     52      9  323.5  336.4  324.3
  530.0   5398   -2.6  -10.6     54   3.24    100      4  324.4  335.5  325.0
  510.0   5703   -4.9  -12.9     53   2.79     85      2  325.1  334.8  325.7
  500.0   5860   -6.1  -14.1     53   2.58     55      4  325.5  334.5  326.1
  491.0   6001   -7.1  -14.8     54   2.49     30      4  326.0  334.7  326.5
  472.0   6307   -9.2  -16.2     57   2.30    130      2  327.1  335.2  327.6
  471.0   6324   -9.3  -16.3     57   2.29    128      2  327.2  335.2  327.6
  440.0   6846  -11.5  -17.5     61   2.21     80     11  330.8  338.7  331.3
  437.0   6899  -11.3  -17.3     61   2.27     75     12  331.7  339.8  332.2
  420.0   7201  -12.9  -26.9     30   1.01     95     14  333.4  337.3  333.7
  400.0   7570  -15.5  -30.5     26   0.76     95     17  334.8  337.7  334.9
  373.0   8083  -19.4  -33.9     26   0.58    100     19  336.3  338.6  336.4
  344.0   8677  -24.0  -37.9     27   0.43     90     21  338.0  339.7  338.1
  304.0   9584  -30.9  -44.0     27   0.26    105     23  340.4  341.4  340.4
  302.0   9633  -31.3  -44.3     27   0.25    103     23  340.5  341.5  340.6
  300.0   9680  -31.7  -44.7     26   0.24    100     23  340.6  341.6  340.6
  260.0  10674  -40.1  -46.1     53   0.24     80     28  342.4  343.4  342.5
  250.0  10940  -41.9                          75     29  343.6         343.6
  213.0  11995  -51.1                          55     21  345.4         345.4
  200.0  12410  -54.7                          65     29  346.0         346.0
  150.0  14180  -69.7                          80     45  349.8         349.8
  145.0  14380  -71.0                          80     51  350.9         350.9
  138.0  14673  -73.0                          80     52  352.5         352.5
  134.0  14847  -74.1                          76     43  353.5         353.5
  124.0  15292  -76.5                          65     19  357.0         357.0
  118.0  15576  -78.1                           0      6  359.3         359.3
  112.0  15876  -79.7                         235      6  361.6         361.6
  106.0  16192  -81.4                         170     16  364.1         364.1
  105.0  16246  -81.7                         163     18  364.5         364.5
  100.0  16520  -82.5                         125     29  368.1         368.1
   95.0  16805  -83.5                         110     31  371.5         371.5
   93.2  16911  -83.9                         105     29  372.8         372.8
   81.2  17679  -80.5                          80     23  394.8         394.8
   81.0  17693  -80.2                          80     23  395.6         395.6
   77.0  17984  -75.0                          10     17  412.1         412.1
   75.7  18081  -73.3                         354     17  417.8         417.8
   70.0  18540  -71.5                         280     19  431.1         431.1
   69.0  18625  -71.4                         270     19  433.1         433.1
   66.0  18888  -71.1                         240     16  439.3         439.3
   63.0  19162  -70.8                         270     16  445.9         445.9
   57.0  19753  -70.1                         285     17  460.4         460.4
   52.5  20239  -69.5                         279     23  472.7         472.7
   50.0  20530  -67.5                         275     27  484.0         484.0
   46.0  21040  -64.1                         255     25  503.9         503.9
   43.0  21453  -61.3                         274     26  520.5         520.5
   42.0  21599  -61.3                         280     27  524.1         524.1
   36.0  22556  -61.3                         225     17  547.7         547.7
   35.3  22678  -61.3                         235     14  550.7         550.7
   35.0  22732  -60.5                         240     12  554.1         554.1
   33.0  23107  -55.3                         300     12  577.4         577.4
   32.0  23302  -52.5                         275     16  589.9         589.9
   31.5  23402  -51.1                         277     18  596.4         596.4
   30.0  23720  -51.1                         285     23  604.7         604.7
   26.0  24648  -52.1                         295     25  627.2         627.2
   25.0  24903  -52.4                         275     23  633.5         633.5
   22.0  25732  -53.2                         265     33  654.4         654.4
   20.0  26350  -53.9                         250     29  670.4         670.4
   19.0  26679  -54.0                         230     25  680.1         680.1
   18.0  27026  -54.1                         195     12  690.4         690.4
   17.0  27392  -54.2                         135     16  701.4         701.4
   16.0  27781  -54.3                         160     19  713.4         713.4
   15.7  27902  -54.3                                     717.1         717.1
</PRE><H3>Station information and sounding indices</H3><PRE>
                         Station identifier: WIII
                             Station number: 96749
                           Observation time: 131124/0000
                           Station latitude: -6.11
                          Station longitude: 106.65
                          Station elevation: 8.0
                            Showalter index: 0.39
                               Lifted index: -1.18
    LIFT computed using virtual temperature: -1.63
                                SWEAT index: 185.21
                                    K index: 27.00
                         Cross totals index: 20.20
                      Vertical totals index: 23.90
                        Totals totals index: 44.10
      Convective Available Potential Energy: 119.44
             CAPE using virtual temperature: 184.80
                      Convective Inhibition: -104.34
             CINS using virtual temperature: -85.88
                           Equilibrum Level: 253.13
 Equilibrum Level using virtual temperature: 253.01
                   Level of Free Convection: 766.77
             LFCT using virtual temperature: 780.76
                     Bulk Richardson Number: 14.57
          Bulk Richardson Number using CAPV: 22.54
  Temp [K] of the Lifted Condensation Level: 292.40
Pres [hPa] of the Lifted Condensation Level: 920.13
   Equivalent potential temp [K] of the LCL: 344.93
     Mean mixed layer potential temperature: 299.46
              Mean mixed layer mixing ratio: 15.54
              1000 hPa to 500 hPa thickness: 5778.00
Precipitable water [mm] for entire sounding: 47.72
</PRE>
<P>Description of the 
<A HREF="/upperair/columns.html">data columns</A>
or <A HREF="/upperair/indices.html">sounding indices</A>.

<P>
<FORM>
<INPUT CLASS="button" TYPE="button" VALUE=" Close this window " 
 onClick="window.close();">
<INPUT CLASS="button" TYPE="button" VALUE=" Select another map " 
 onClick="window.blur();">
</FORM>
<HR SIZE="1">
<I>Interested in graduate studies in atmospheric science?
Check out our program at the
<a href="http://www.uwyo.edu/atsc/howtoapply/"
target=_top>University of Wyoming
</a></I>
<HR SIZE="1"><FONT SIZE="-1">
Questions about the weather data provided by this site can be
addressed to <A HREF="mailto:ldoolman@uwyo.edu">
Larry Oolman (ldoolman@uwyo.edu)</A></FONT>
<HR SIZE="1">
<SCRIPT TYPE="text/javascript">
<!--
window.focus();
// -->
</SCRIPT>
</BODY>
</HTML>
