2015-05-22 00
<HTML>
<TITLE>University of Wyoming - Radiosonde Data</TITLE>
<BODY BGCOLOR="white">
<H2>96749 WIII Jakarta Observations at 00Z 22 May 2015</H2>
<PRE>
-----------------------------------------------------------------------------
   PRES   HGHT   TEMP   DWPT   RELH   MIXR   DRCT   SKNT   THTA   THTE   THTV
    hPa     m      C      C      %    g/kg    deg   knot     K      K      K 
-----------------------------------------------------------------------------
 1012.0      8   24.0   22.6     92  17.40      0      0  296.1  346.4  299.2
 1011.0     17   25.4   22.1     82  16.88      9      0  297.6  346.7  300.6
 1000.0    111   25.6   21.7     79  16.64    105      4  298.8  347.4  301.7
  979.0    298   24.6   19.6     73  14.86    105     14  299.6  343.2  302.2
  945.0    608   23.0   16.0     65  12.25     99     13  301.0  337.2  303.2
  925.0    795   21.6   15.6     69  12.19     95     12  301.4  337.5  303.6
  914.0    898   20.9   15.3     70  12.13     95     10  301.7  337.7  303.9
  883.0   1195   19.0   14.6     76  11.93     95      6  302.7  338.3  304.9
  852.0   1503   16.9   13.8     82  11.74    285      2  303.7  338.8  305.8
  850.0   1523   16.8   13.7     82  11.72    285      2  303.7  338.9  305.9
  830.0   1726   15.4   12.3     82  10.94    322      3  304.3  337.2  306.3
  823.0   1798   15.9    8.5     62   8.53    335      4  305.6  331.5  307.1
  809.0   1944   16.8    0.8     34   5.04    280      3  308.1  323.9  309.0
  794.0   2102   16.2   -1.6     30   4.29    220      2  309.0  322.7  309.8
  740.0   2695   13.8  -10.8     17   2.28    115      4  312.8  320.4  313.2
  714.0   2997   12.7  -15.4     13   1.62     90      6  314.7  320.2  315.0
  700.0   3164   12.0  -18.0     11   1.33    100      8  315.7  320.4  316.0
  664.0   3604   10.0  -24.0      7   0.83    127      7  318.3  321.3  318.4
  640.0   3905    7.7  -21.0     11   1.13    145      6  319.0  323.0  319.2
  617.0   4204    5.3  -18.0     17   1.52    105      6  319.7  325.0  320.0
  567.0   4894    0.0  -11.0     43   2.93     90      8  321.2  331.2  321.8
  552.0   5108   -1.8  -12.0     46   2.78     85      8  321.6  331.1  322.1
  532.0   5401   -4.3  -13.3     50   2.59     60     10  322.0  330.9  322.5
  512.0   5703   -4.9  -28.4     14   0.72     75     16  324.8  327.5  324.9
  506.0   5796   -5.1  -33.1      9   0.47     75     17  325.6  327.4  325.7
  500.0   5890   -5.9  -31.9     11   0.53     75     17  325.8  327.8  325.9
  474.0   6305   -8.5  -28.4     18   0.78     60     19  327.6  330.5  327.7
  470.0   6371   -8.9  -27.9     20   0.82     61     19  327.9  331.0  328.0
  456.0   6605   -9.0  -30.6     15   0.66     65     21  330.6  333.1  330.7
  439.0   6898   -9.1  -34.1     11   0.49    105     17  334.1  336.0  334.2
  422.0   7200  -11.1  -37.8      9   0.35    125     16  335.3  336.7  335.3
  400.0   7610  -13.9  -42.9      7   0.22    115     19  336.8  337.7  336.9
  360.0   8393  -20.4  -44.8      9   0.20    100     19  338.4  339.2  338.4
  334.0   8949  -25.1  -46.1     12   0.18    137     26  339.3  340.1  339.4
  332.0   8992  -25.4  -46.4     12   0.18    140     27  339.5  340.2  339.5
  300.0   9720  -30.9  -51.9     11   0.11    140     31  341.7  342.2  341.7
  280.0  10201  -34.4                         130     25  343.5         343.5
  250.0  10990  -40.1                          85     10  346.3         346.3
  235.0  11400  -43.3                          70      6  347.6         347.6
  225.0  11689  -45.6                         350      6  348.5         348.5
  205.0  12306  -50.4                           5     16  350.3         350.3
  200.0  12470  -51.7                           0     16  350.7         350.7
  155.0  14074  -64.8                         325      8  354.9         354.9
  150.0  14280  -66.5                         335     10  355.3         355.3
  133.0  14971  -71.9                          35     21  358.1         358.1
  108.0  16168  -81.2                          50     19  362.4         362.4
  100.0  16610  -84.7                          75     17  363.8         363.8
   93.2  17000  -84.1                         105     20  372.4         372.4
   92.0  17071  -84.6                         110     21  372.8         372.8
   87.0  17377  -86.8                         130     23  374.5         374.5
   82.7  17655  -88.7                         130     25  376.0         376.0
   82.0  17701  -88.3                         125     27  377.7         377.7
   74.0  18265  -83.3                          80     27  399.5         399.5
   70.0  18580  -76.7                          85     31  420.0         420.0
   67.5  18792  -72.9                          81     32  432.6         432.6
   60.0  19497  -69.7                          70     37  454.6         454.6
   54.0  20129  -66.8                          80     31  475.1         475.1
   52.0  20355  -65.8                          80     27  482.6         482.6
   50.0  20590  -64.7                          95     25  490.6         490.6
   48.4  20789  -64.5                         100     28  495.6         495.6
   47.0  20969  -64.4                         105     31  500.0         500.0
   42.0  21659  -64.1                         110     37  517.1         517.1
   36.2  22584  -57.9                          86     47  555.6         555.6
   35.0  22797  -58.0                          80     49  560.6         560.6
   30.6  23645  -58.5                          89     33  581.3         581.3
   30.0  23770  -57.9                          90     31  586.2         586.2
   29.0  23986  -56.8                          80     19  594.9         594.9
   28.0  24209  -55.7                         115     12  603.9         603.9
   26.0  24680  -53.4                          85      8  623.5         623.5
   25.6  24779  -52.9                          24      8  627.6         627.6
   25.0  24931  -53.4                         290      8  630.5         630.5
   24.2  25140  -54.1                         266     14  634.3         634.3
   24.0  25193  -53.2                         260     16  638.5         638.5
   23.6  25301  -51.3                         258     17  647.1         647.1
   22.0  25759  -50.3                         250     21  663.2         663.2
   20.0  26380  -48.9                         230     17  685.7         685.7
   18.0  27081  -46.1                         255     27  715.4         715.4
   17.0  27461  -44.6                         265     29  731.9         731.9
   15.9  27906  -42.9                         270     33  751.8         751.8
   14.0  28760  -43.5                         280     41  777.5         777.5
   12.0  29795  -44.3                         270     41  809.9         809.9
   11.0  30379  -44.7                                     828.7         828.7
</PRE><H3>Station information and sounding indices</H3><PRE>
                         Station identifier: WIII
                             Station number: 96749
                           Observation time: 150522/0000
                           Station latitude: -6.11
                          Station longitude: 106.65
                          Station elevation: 8.0
                            Showalter index: 1.47
                               Lifted index: -0.51
    LIFT computed using virtual temperature: -1.26
                                SWEAT index: 185.40
                                    K index: 6.40
                         Cross totals index: 19.60
                      Vertical totals index: 22.70
                        Totals totals index: 42.30
      Convective Available Potential Energy: 42.53
             CAPE using virtual temperature: 86.71
                      Convective Inhibition: -313.96
             CINS using virtual temperature: -40.35
                           Equilibrum Level: 463.13
 Equilibrum Level using virtual temperature: 457.45
                   Level of Free Convection: 569.81
             LFCT using virtual temperature: 835.79
                     Bulk Richardson Number: 26.66
          Bulk Richardson Number using CAPV: 54.35
  Temp [K] of the Lifted Condensation Level: 291.99
Pres [hPa] of the Lifted Condensation Level: 917.26
   Equivalent potential temp [K] of the LCL: 343.71
     Mean mixed layer potential temperature: 299.30
              Mean mixed layer mixing ratio: 15.23
              1000 hPa to 500 hPa thickness: 5779.00
Precipitable water [mm] for entire sounding: 33.20
</PRE>
<P>Description of the 
<A HREF="/upperair/columns.html">data columns</A>
or <A HREF="/upperair/indices.html">sounding indices</A>.

<P>
<FORM>
<INPUT CLASS="button" TYPE="button" VALUE=" Close this window " 
 onClick="window.close();">
<INPUT CLASS="button" TYPE="button" VALUE=" Select another map " 
 onClick="window.blur();">
</FORM>
<HR SIZE="1">
<I>Interested in graduate studies in atmospheric science?
Check out our program at the
<a href="http://www.uwyo.edu/atsc/howtoapply/"
target=_top>University of Wyoming
</a></I>
<HR SIZE="1"><FONT SIZE="-1">
Questions about the weather data provided by this site can be
addressed to <A HREF="mailto:ldoolman@uwyo.edu">
Larry Oolman (ldoolman@uwyo.edu)</A></FONT>
<HR SIZE="1">
<SCRIPT TYPE="text/javascript">
<!--
window.focus();
// -->
</SCRIPT>
</BODY>
</HTML>
