2015-07-09 00
<HTML>
<TITLE>University of Wyoming - Radiosonde Data</TITLE>
<BODY BGCOLOR="white">
<H2>96749 WIII Jakarta Observations at 00Z 09 Jul 2015</H2>
<PRE>
-----------------------------------------------------------------------------
   PRES   HGHT   TEMP   DWPT   RELH   MIXR   DRCT   SKNT   THTA   THTE   THTV
    hPa     m      C      C      %    g/kg    deg   knot     K      K      K 
-----------------------------------------------------------------------------
 1010.0      8   23.2   20.5     85  15.28    190      4  295.5  339.6  298.2
 1000.0    101   23.6   20.7     84  15.63    170      4  296.8  342.0  299.5
  980.0    278   24.8   20.7     78  15.95    129      6  299.7  346.5  302.5
  978.0    296   24.7   20.6     78  15.88    125      6  299.7  346.4  302.6
  945.0    596   22.4   18.9     80  14.74     55      2  300.4  343.8  303.0
  925.0    783   21.0   17.8     82  14.06    315      4  300.8  342.3  303.3
  912.0    906   20.4   16.3     77  12.95    250      4  301.4  339.8  303.8
  906.0    963   20.2   15.6     75  12.45    250      5  301.7  338.7  304.0
  850.0   1514   17.8   12.8     73  11.04    255     16  304.8  338.1  306.8
  821.0   1809   15.9   11.6     75  10.53    270     14  305.8  337.7  307.8
  793.0   2103   14.0   10.3     78  10.03    285     17  306.9  337.4  308.7
  764.0   2419   12.0    9.0     82   9.52    284     18  307.9  337.1  309.7
  700.0   3147    7.4    4.2     80   7.44    280     21  310.6  333.9  312.0
  686.0   3313    6.5    2.7     76   6.80    280     21  311.5  332.9  312.7
  681.0   3374    6.2    2.1     75   6.58    284     21  311.8  332.5  313.0
  671.0   3496    9.0   -6.0     34   3.66    291     20  316.2  328.3  316.9
  661.0   3620   10.0   -8.0     27   3.18    298     20  318.7  329.4  319.3
  638.0   3913    7.5  -11.3     25   2.55    315     19  319.1  327.8  319.6
  633.0   3978    7.0  -12.0     24   2.42    310     18  319.2  327.5  319.7
  615.0   4215    7.0  -24.5      8   0.86    290     16  321.9  325.0  322.1
  603.0   4377    7.0  -33.0      4   0.40    287     15  323.7  325.2  323.8
  544.0   5212    0.0  -33.0      6   0.44    269      8  325.1  326.7  325.1
  531.0   5403   -1.6  -33.2      7   0.44    265      6  325.3  327.0  325.4
  511.0   5708   -4.2  -33.5      8   0.44    145      4  325.8  327.5  325.9
  500.0   5880   -5.7  -33.7      9   0.45    125      8  326.0  327.7  326.1
  492.0   6005   -6.5  -34.4      9   0.42    110     10  326.5  328.2  326.6
  452.0   6661  -10.9  -37.9      9   0.32    115     13  329.0  330.3  329.1
  420.0   7219  -13.5  -42.4      7   0.22    120     16  332.6  333.5  332.7
  400.0   7590  -15.3  -45.3      6   0.17    105     16  335.0  335.7  335.1
  363.0   8317  -19.5  -51.5      4   0.09     92     11  338.8  339.2  338.8
  358.0   8420  -19.1  -51.1      4   0.10     90     10  340.7  341.1  340.7
  355.0   8483  -18.9  -50.9      4   0.10     82     10  341.8  342.2  341.8
  344.0   8712  -20.8  -50.0      5   0.11     50     10  342.2  342.8  342.3
  304.0   9613  -28.5  -46.7     16   0.19     30     14  343.8  344.6  343.9
  300.0   9710  -29.3  -46.3     18   0.20     35     16  344.0  344.8  344.0
  279.0  10219  -33.4  -48.8     20   0.16     65     17  345.3  346.0  345.4
  256.0  10824  -38.2  -51.7     23   0.13     55     12  346.8  347.4  346.8
  250.0  10990  -39.5  -52.5     24   0.12     40     14  347.2  347.7  347.2
  248.0  11045  -40.1  -52.1     27   0.13     38     14  347.1  347.7  347.1
  235.0  11401  -43.0                          25     17  348.0         348.0
  200.0  12470  -51.9                          30     37  350.4         350.4
  161.0  13827  -63.1                          35     45  354.0         354.0
  150.0  14270  -66.7                          35     47  355.0         355.0
  139.0  14719  -70.0                          55     52  357.0         357.0
  117.0  15733  -77.5                          61     45  361.2         361.2
  102.0  16508  -82.4                          65     39  366.2         366.2
  100.0  16620  -83.1                          65     43  366.9         366.9
   97.5  16761  -83.3                          60     49  369.2         369.2
   96.0  16847  -83.2                          60     49  370.9         370.9
   82.7  17678  -82.7                         117     36  388.2         388.2
   82.0  17727  -82.0                         120     35  390.5         390.5
   78.0  18015  -78.1                         140     43  404.2         404.2
   71.1  18548  -70.9                         106     28  430.4         430.4
   70.0  18640  -71.1                         100     25  431.9         431.9
   66.5  18943  -71.9                         107     26  436.6         436.6
   63.0  19266  -66.5                         115     27  455.4         455.4
   62.9  19275  -66.3                         115     27  455.9         455.9
   52.0  20439  -62.5                          90     12  490.3         490.3
   51.5  20498  -62.3                         115     11  492.1         492.1
   50.0  20680  -62.9                         190      6  494.8         494.8
   45.0  21326  -63.9                         160      4  507.6         507.6
   43.0  21604  -64.3                          55      8  513.3         513.3
   39.2  22171  -65.1                          18      7  524.9         524.9
   37.0  22531  -61.9                         355      6  541.9         541.9
   34.0  23058  -57.2                         330     14  567.4         567.4
   33.2  23206  -55.9                         318     17  574.8         574.8
   32.0  23440  -56.5                         300     21  579.3         579.3
   31.1  23621  -56.9                         309     17  582.9         582.9
   31.0  23642  -56.8                         310     16  583.7         583.7
   30.0  23850  -55.7                         300     16  592.2         592.2
   28.0  24295  -52.6                         270     27  612.6         612.6
   26.6  24626  -50.3                         272     33  628.1         628.1
   24.0  25295  -50.9                         275     45  645.1         645.1
   20.3  26383  -51.9                         270     38  673.7         673.7
   20.0  26480  -51.5                         270     37  677.8         677.8
   13.0  29322  -46.1                         275     43  785.3         785.3
   11.0  30424  -44.0                         255     62  831.4         831.4
   10.7  30607  -43.6                         255     62  839.2         839.2
   10.6  30669  -43.5                         255     61  841.9         841.9
   10.0  31060  -43.5                         255     54  856.0         856.0
    9.0  31768  -43.6                         260     33  881.7         881.7
    8.6  32073  -43.7                                     893.0         893.0
</PRE><H3>Station information and sounding indices</H3><PRE>
                         Station identifier: WIII
                             Station number: 96749
                           Observation time: 150709/0000
                           Station latitude: -6.11
                          Station longitude: 106.65
                          Station elevation: 8.0
                            Showalter index: 2.01
                               Lifted index: -0.47
    LIFT computed using virtual temperature: -1.25
                                SWEAT index: 193.62
                                    K index: 33.10
                         Cross totals index: 18.50
                      Vertical totals index: 23.50
                        Totals totals index: 42.00
      Convective Available Potential Energy: 66.58
             CAPE using virtual temperature: 128.74
                      Convective Inhibition: -79.94
             CINS using virtual temperature: -57.40
                           Equilibrum Level: 417.89
 Equilibrum Level using virtual temperature: 405.58
                   Level of Free Convection: 772.27
             LFCT using virtual temperature: 792.20
                     Bulk Richardson Number: 2.64
          Bulk Richardson Number using CAPV: 5.10
  Temp [K] of the Lifted Condensation Level: 292.68
Pres [hPa] of the Lifted Condensation Level: 932.29
   Equivalent potential temp [K] of the LCL: 344.13
     Mean mixed layer potential temperature: 298.62
              Mean mixed layer mixing ratio: 15.60
              1000 hPa to 500 hPa thickness: 5779.00
Precipitable water [mm] for entire sounding: 41.43
</PRE>
<P>Description of the 
<A HREF="/upperair/columns.html">data columns</A>
or <A HREF="/upperair/indices.html">sounding indices</A>.

<P>
<FORM>
<INPUT CLASS="button" TYPE="button" VALUE=" Close this window " 
 onClick="window.close();">
<INPUT CLASS="button" TYPE="button" VALUE=" Select another map " 
 onClick="window.blur();">
</FORM>
<HR SIZE="1">
<I>Interested in graduate studies in atmospheric science?
Check out our program at the
<a href="http://www.uwyo.edu/atsc/howtoapply/"
target=_top>University of Wyoming
</a></I>
<HR SIZE="1"><FONT SIZE="-1">
Questions about the weather data provided by this site can be
addressed to <A HREF="mailto:ldoolman@uwyo.edu">
Larry Oolman (ldoolman@uwyo.edu)</A></FONT>
<HR SIZE="1">
<SCRIPT TYPE="text/javascript">
<!--
window.focus();
// -->
</SCRIPT>
</BODY>
</HTML>
