2014-10-17 00
<HTML>
<TITLE>University of Wyoming - Radiosonde Data</TITLE>
<BODY BGCOLOR="white">
<H2>96749 WIII Jakarta Observations at 00Z 17 Oct 2014</H2>
<PRE>
-----------------------------------------------------------------------------
   PRES   HGHT   TEMP   DWPT   RELH   MIXR   DRCT   SKNT   THTA   THTE   THTV
    hPa     m      C      C      %    g/kg    deg   knot     K      K      K 
-----------------------------------------------------------------------------
 1010.0      8   24.0   22.3     90  17.11    190      4  296.3  345.8  299.3
 1008.0     25   26.2   24.8     92  20.02    185      4  298.7  357.3  302.2
 1000.0     94   26.2   25.0     93  20.44    165      6  299.4  359.4  303.0
  977.0    299   24.9   23.4     92  18.98    100      8  300.0  355.9  303.4
  944.0    601   22.9   21.1     89  16.98     75     12  301.0  351.1  304.1
  925.0    780   21.8   19.7     88  15.88     75     14  301.6  348.6  304.5
  913.0    894   21.2   18.0     82  14.43     75     14  302.1  345.0  304.8
  895.0   1067   20.4   15.4     73  12.44     78     15  303.0  340.1  305.3
  859.0   1422   19.0   15.1     78  12.72     84     17  305.1  343.4  307.4
  850.0   1513   18.6   13.9     74  11.88     85     17  305.6  341.5  307.8
  794.0   2094   15.8    7.2     57   8.08     80     19  308.6  333.6  310.1
  775.0   2301   14.8    4.8     51   7.00     78     18  309.7  331.6  311.0
  755.0   2522   12.8    5.8     62   7.72     76     17  309.9  333.9  311.3
  750.0   2577   13.2   -0.8     38   4.84     75     17  310.9  326.3  311.8
  700.0   3154    9.8    0.8     53   5.83     70     14  313.3  331.9  314.4
  689.0   3285    9.0    0.5     55   5.79     70     10  313.8  332.4  314.9
  657.0   3678    6.6   -0.4     61   5.69     94     11  315.4  333.7  316.5
  646.0   3816    6.2   -7.8     36   3.31    102     11  316.5  327.5  317.1
  641.0   3880    5.8   -1.2     61   5.50    106     11  316.7  334.6  317.8
  617.0   4190    3.9   -4.5     55   4.47    125     12  318.0  332.7  318.8
  588.0   4581    1.4   -8.6     47   3.41     86      5  319.5  331.0  320.2
  573.0   4789    0.2   -3.9     74   5.04     65      2  320.5  337.2  321.5
  570.0   4831    0.0   -2.9     81   5.45     50      2  320.7  338.7  321.8
  552.0   5088   -0.9   -7.3     62   4.01    320      4  322.6  336.1  323.4
  549.0   5131   -1.1   -8.1     59   3.80    312      4  322.9  335.7  323.6
  531.0   5395   -3.0   -9.9     59   3.40    260      6  323.8  335.3  324.4
  511.0   5698   -5.1  -12.1     58   2.98    255      4  324.7  335.0  325.3
  500.0   5870   -6.3  -13.3     58   2.76    230      2  325.3  334.8  325.8
  495.0   5949   -6.9  -13.9     57   2.65    221      2  325.5  334.7  326.0
  492.0   5996   -7.2  -12.9     64   2.90    215      2  325.8  335.8  326.3
  488.0   6060   -7.5  -11.5     73   3.27    217      2  326.1  337.3  326.7
  478.0   6221   -8.3  -13.3     67   2.89    222      3  327.0  337.1  327.6
  473.0   6303   -8.8  -12.9     72   3.01    225      4  327.3  337.8  327.9
  469.0   6369   -9.3  -12.6     77   3.11    246      4  327.6  338.4  328.2
  464.0   6452   -8.7  -26.7     22   0.93    272      5  329.3  332.8  329.5
  455.0   6602   -9.6  -27.8     21   0.86    320      6  330.1  333.3  330.3
  438.0   6895  -11.2  -30.0     20   0.73     10      8  331.6  334.4  331.8
  421.0   7198  -12.9  -32.3     18   0.61     10      8  333.2  335.6  333.3
  405.0   7496  -14.6  -34.6     17   0.51    350      6  334.7  336.7  334.9
  404.0   7515  -14.7  -34.7     17   0.50    357      6  334.8  336.8  334.9
  400.0   7590  -15.1  -28.1     32   0.95     25      6  335.3  338.9  335.5
  389.0   7801  -16.2  -26.1     42   1.18    105      4  336.5  341.0  336.8
  386.0   7859  -16.5  -25.5     46   1.25    109      4  336.9  341.6  337.1
  365.0   8279  -18.3  -43.3      9   0.23    135      7  339.9  340.9  339.9
  331.0   8992  -24.2  -47.2     10   0.16    180     12  341.4  342.2  341.5
  300.0   9710  -30.1  -51.1     11   0.12    160      6  342.8  343.4  342.9
  296.0   9805  -31.1  -54.1      9   0.08    155      4  342.7  343.1  342.8
  292.0   9902  -31.9  -49.4     16   0.15    150      2  342.9  343.6  343.0
  286.0  10048  -33.1  -42.1     40   0.33    105      2  343.3  344.6  343.3
  280.0  10197  -34.2  -47.8     24   0.18     60      2  343.8  344.6  343.8
  273.0  10374  -35.5  -54.5     13   0.09    155      5  344.4  344.8  344.4
  268.0  10502  -36.7  -54.7     14   0.08    225      8  344.5  344.9  344.5
  257.0  10791  -39.3  -55.3     17   0.08    231     10  344.8  345.1  344.8
  250.0  10980  -40.5                         235     12  345.7         345.7
  235.0  11390  -43.9                         255      6  346.7         346.7
  225.0  11679  -46.4                         300     10  347.3         347.3
  215.0  11980  -48.9                         315     10  347.9         347.9
  205.0  12296  -51.5                         310     14  348.5         348.5
  200.0  12460  -52.9                         325     14  348.8         348.8
  187.0  12876  -56.6                         350     14  349.6         349.6
  170.0  13466  -61.8                          10     16  350.6         350.6
  162.0  13764  -64.5                          75     16  351.0         351.0
  154.0  14077  -67.2                         350     16  351.4         351.4
  150.0  14240  -68.7                         350     14  351.6         351.6
  139.0  14686  -71.9                          10     10  353.7         353.7
  125.0  15308  -76.3                         340      6  356.7         356.7
  119.0  15596  -78.3                          15     12  358.0         358.0
  113.0  15889  -79.6                          15     10  360.9         360.9
  101.0  16524  -82.5                         225     10  367.1         367.1
  100.0  16580  -82.7                         215     10  367.7         367.7
   95.7  16825  -83.3                         190      8  371.2         371.2
   91.0  17108  -82.6                         165     14  377.9         377.9
   86.0  17425  -81.8                         155     12  385.6         385.6
   82.0  17692  -81.2                         305      8  392.2         392.2
   78.0  17973  -80.5                         320     17  399.2         399.2
   77.8  17987  -80.5                         319     17  399.6         399.6
   72.3  18405  -77.7                         302     20  414.0         414.0
   70.0  18590  -77.7                         295     21  417.8         417.8
   68.5  18713  -77.7                         295     22  420.4         420.4
   66.0  18929  -72.1                         295     23  437.1         437.1
   65.3  18991  -70.5                         287     23  441.9         441.9
   60.0  19495  -69.5                         225     21  454.9         454.9
   57.0  19800  -69.0                         210     12  462.9         462.9
   54.0  20122  -68.4                         215      4  471.5         471.5
   52.0  20347  -67.9                         110     10  477.6         477.6
   50.0  20580  -67.5                          90     14  484.0         484.0
   47.0  20957  -66.2                          50     17  495.9         495.9
   40.1  21923  -62.7                          69     32  527.5         527.5
   36.3  22533  -64.9                          82     41  537.1         537.1
   34.3  22881  -61.5                          89     46  554.8         554.8
   30.0  23710  -61.9                         105     58  575.3         575.3
   27.3  24297  -60.5                         103     60  594.9         594.9
   20.0  26260  -56.1                          95     66  663.7         663.7
   19.0  26587  -55.7                         100     70  674.7         674.7
   18.7  26688  -55.6                         100     70  678.2         678.2
   18.0  26931  -55.3                          95     70  686.5         686.5
   17.1  27258  -54.9                                     697.9         697.9
</PRE><H3>Station information and sounding indices</H3><PRE>
                         Station identifier: WIII
                             Station number: 96749
                           Observation time: 141017/0000
                           Station latitude: -6.11
                          Station longitude: 106.65
                          Station elevation: 8.0
                            Showalter index: -0.01
                               Lifted index: -5.27
    LIFT computed using virtual temperature: -6.00
                                SWEAT index: 202.79
                                    K index: 29.80
                         Cross totals index: 20.20
                      Vertical totals index: 24.90
                        Totals totals index: 45.10
      Convective Available Potential Energy: 1930.68
             CAPE using virtual temperature: 2195.86
                      Convective Inhibition: -1.88
             CINS using virtual temperature: -0.45
                           Equilibrum Level: 128.52
 Equilibrum Level using virtual temperature: 128.40
                   Level of Free Convection: 931.18
             LFCT using virtual temperature: 944.42
                     Bulk Richardson Number: 489.24
          Bulk Richardson Number using CAPV: 556.44
  Temp [K] of the Lifted Condensation Level: 296.43
Pres [hPa] of the Lifted Condensation Level: 961.42
   Equivalent potential temp [K] of the LCL: 355.96
     Mean mixed layer potential temperature: 299.79
              Mean mixed layer mixing ratio: 19.15
              1000 hPa to 500 hPa thickness: 5776.00
Precipitable water [mm] for entire sounding: 48.71
</PRE>
<P>Description of the 
<A HREF="/upperair/columns.html">data columns</A>
or <A HREF="/upperair/indices.html">sounding indices</A>.

<P>
<FORM>
<INPUT CLASS="button" TYPE="button" VALUE=" Close this window " 
 onClick="window.close();">
<INPUT CLASS="button" TYPE="button" VALUE=" Select another map " 
 onClick="window.blur();">
</FORM>
<HR SIZE="1">
<I>Interested in graduate studies in atmospheric science?
Check out our program at the
<a href="http://www.uwyo.edu/atsc/howtoapply/"
target=_top>University of Wyoming
</a></I>
<HR SIZE="1"><FONT SIZE="-1">
Questions about the weather data provided by this site can be
addressed to <A HREF="mailto:ldoolman@uwyo.edu">
Larry Oolman (ldoolman@uwyo.edu)</A></FONT>
<HR SIZE="1">
<SCRIPT TYPE="text/javascript">
<!--
window.focus();
// -->
</SCRIPT>
</BODY>
</HTML>
