2015-03-04 12
<HTML>
<TITLE>University of Wyoming - Radiosonde Data</TITLE>
<BODY BGCOLOR="white">
<H2>96749 WIII Jakarta Observations at 00Z 04 Mar 2015</H2>
<PRE>
-----------------------------------------------------------------------------
   PRES   HGHT   TEMP   DWPT   RELH   MIXR   DRCT   SKNT   THTA   THTE   THTV
    hPa     m      C      C      %    g/kg    deg   knot     K      K      K 
-----------------------------------------------------------------------------
 1007.0      8   25.8   23.8     89  18.84     20      4  298.4  353.4  301.7
 1006.0     18   27.2   24.3     84  19.45     17      4  299.8  357.0  303.3
 1000.0     76   27.2   23.7     81  18.86      0      4  300.4  355.9  303.7
  975.0    299   25.8   22.2     81  17.67    290      8  301.1  353.3  304.3
  942.0    603   23.8   20.2     80  16.15    255     14  302.1  350.0  305.0
  925.0    764   22.8   19.2     80  15.38    255     16  302.6  348.4  305.4
  910.0    906   22.0   18.0     78  14.52    255     16  303.2  346.5  305.9
  877.0   1227   20.2   15.4     74  12.70    263     20  304.6  342.7  306.9
  850.0   1497   18.6   13.6     73  11.65    270     23  305.6  340.8  307.8
  824.0   1764   17.4   11.4     68  10.38    270     23  307.1  338.7  309.0
  821.0   1795   17.8    5.8     45   7.09    270     23  307.8  329.8  309.1
  792.0   2098   15.8    5.9     52   7.41    270     23  308.9  331.9  310.2
  700.0   3139    9.0    6.3     83   8.63    255     19  312.4  339.4  314.0
  629.0   4017    3.8    3.8    100   8.06    247     22  316.2  341.8  317.7
  615.0   4198    2.8    2.7     99   7.62    245     23  317.1  341.4  318.5
  577.0   4713    0.0   -0.4     97   6.48    262     18  319.6  340.7  320.9
  500.0   5850   -4.7   -7.6     80   4.34    300      8  327.2  342.0  328.1
  491.0   5993   -5.5   -8.5     79   4.11    305      8  327.9  342.0  328.8
  466.0   6404   -7.9  -11.2     77   3.51    326      7  329.9  342.1  330.6
  455.0   6588   -9.2  -12.2     79   3.32    335      6  330.6  342.2  331.3
  420.0   7204  -13.3  -15.4     84   2.76    300     12  332.9  342.7  333.4
  404.0   7503  -15.4  -17.0     87   2.51    330     10  334.0  343.0  334.5
  400.0   7580  -15.9  -17.4     88   2.45    320      8  334.2  343.1  334.7
  373.0   8090  -19.5  -21.3     86   1.88    215      4  336.1  343.1  336.5
  358.0   8390  -21.7  -23.6     84   1.60    115      2  337.2  343.2  337.6
  344.0   8681  -23.8  -25.8     83   1.36    170      4  338.3  343.4  338.6
  330.0   8984  -25.9  -28.2     81   1.15    115      6  339.4  343.7  339.6
  316.0   9301  -28.2  -30.6     80   0.95     90      8  340.4  344.1  340.6
  303.0   9607  -30.4  -32.9     78   0.79     90      8  341.5  344.6  341.6
  300.0   9680  -30.9  -33.5     78   0.76    100      8  341.7  344.7  341.9
  291.0   9895  -32.6  -35.2     78   0.66    135     10  342.3  344.9  342.4
  281.0  10142  -34.5  -37.1     77   0.57    136     13  343.0  345.3  343.1
  252.0  10896  -40.1  -43.3     71   0.33    140     24  345.5  346.9  345.6
  250.0  10950  -40.5                         140     25  345.7         345.7
  234.0  11389  -44.4                         135     27  346.5         346.5
  200.0  12430  -53.5                         100     31  347.9         347.9
  186.0  12879  -57.4                          95     33  348.8         348.8
  150.0  14210  -69.1                          90     51  350.9         350.9
  145.0  14411  -70.8                          95     54  351.4         351.4
  138.0  14703  -73.2                          90     54  352.2         352.2
  137.0  14747  -73.5                          89     53  352.3         352.3
  118.0  15603  -77.5                          60     23  360.2         360.2
  112.0  15902  -79.0                          65     25  363.0         363.0
  106.0  16218  -80.5                          50     17  365.9         365.9
  102.0  16439  -81.5                          70     13  367.9         367.9
  101.0  16494  -81.7                          75     12  368.6         368.6
  100.0  16550  -81.9                          70     12  369.2         369.2
   91.7  17036  -78.5                         157     10  385.2         385.2
   91.0  17078  -78.8                         165     10  385.6         385.6
   86.0  17394  -80.6                         155     10  388.0         388.0
   78.0  17938  -83.9                          90     19  392.3         392.3
   77.0  18010  -83.4                          90     16  394.8         394.8
   73.0  18307  -81.2                         115     23  405.4         405.4
   70.0  18540  -79.5                          90     25  414.0         414.0
   66.6  18823  -78.1                          77     23  423.0         423.0
   66.0  18874  -76.1                          75     23  428.5         428.5
   65.6  18909  -74.7                          75     23  432.2         432.2
   59.0  19529  -73.1                          75     14  449.1         449.1
   54.0  20046  -71.8                          80     45  463.7         463.7
   52.4  20222  -71.3                          80     40  468.7         468.7
   50.0  20500  -69.1                          80     33  480.2         480.2
   46.0  20999  -67.7                          85     39  495.3         495.3
   43.5  21334  -66.7                          87     43  505.6         505.6
   42.4  21489  -63.5                          88     44  517.2         517.2
   31.5  23310  -62.7                          98     63  565.2         565.2
   30.0  23610  -61.3                         100     66  577.0         577.0
   27.0  24271  -57.8                          95     66  604.5         604.5
   26.3  24435  -56.9                          95     67  611.5         611.5
   26.0  24508  -57.1                          95     68  612.8         612.8
   25.6  24605  -57.5                          95     68  614.5         614.5
   23.8  25065  -59.1                          91     65  622.8         622.8
   22.1  25536  -53.5                          86     62  652.8         652.8
   20.0  26180  -52.1                          80     58  675.9         675.9
   19.8  26245  -51.9                          78     57  678.5         678.5
   19.0  26518  -50.1                          70     52  692.0         692.0
   17.0  27254  -45.4                         100     17  729.6         729.6
   16.2  27573  -43.3                          76     17  746.5         746.5
   16.0  27657  -43.0                          70     17  750.2         750.2
   15.0  28094  -41.3                         100     27  769.9         769.9
   14.8  28185  -40.9                          96     26  774.0         774.0
   13.0  29058  -43.7                          55     16  793.6         793.6
   12.0  29596  -45.4                          75     16  805.8         805.8
   11.3  30001  -46.7                          40     21  815.1         815.1
   11.0  30181  -45.8                          40     21  824.8         824.8
   10.0  30820  -42.5                         155      6  859.8         859.8
    9.9  30888  -42.1                         163      6  863.7         863.7
    9.7  31027  -38.5                         180      7  882.3         882.3
    8.0  32348  -39.2                         335     10  929.6         929.6
    7.3  32975  -39.5                                     952.9         952.9
</PRE><H3>Station information and sounding indices</H3><PRE>
                         Station identifier: WIII
                             Station number: 96749
                           Observation time: 150304/0000
                           Station latitude: -6.11
                          Station longitude: 106.65
                          Station elevation: 8.0
                            Showalter index: 1.87
                               Lifted index: -2.92
    LIFT computed using virtual temperature: -3.32
                                SWEAT index: 217.20
                                    K index: 34.20
                         Cross totals index: 18.30
                      Vertical totals index: 23.30
                        Totals totals index: 41.60
      Convective Available Potential Energy: 1624.73
             CAPE using virtual temperature: 1765.21
                      Convective Inhibition: -32.36
             CINS using virtual temperature: -14.41
                           Equilibrum Level: 133.68
 Equilibrum Level using virtual temperature: 133.64
                   Level of Free Convection: 798.05
             LFCT using virtual temperature: 880.89
                     Bulk Richardson Number: 82.75
          Bulk Richardson Number using CAPV: 89.90
  Temp [K] of the Lifted Condensation Level: 294.83
Pres [hPa] of the Lifted Condensation Level: 931.08
   Equivalent potential temp [K] of the LCL: 353.66
     Mean mixed layer potential temperature: 300.92
              Mean mixed layer mixing ratio: 17.91
              1000 hPa to 500 hPa thickness: 5774.00
Precipitable water [mm] for entire sounding: 56.82
</PRE>
<P>Description of the 
<A HREF="/upperair/columns.html">data columns</A>
or <A HREF="/upperair/indices.html">sounding indices</A>.

<P>
<FORM>
<INPUT CLASS="button" TYPE="button" VALUE=" Close this window " 
 onClick="window.close();">
<INPUT CLASS="button" TYPE="button" VALUE=" Select another map " 
 onClick="window.blur();">
</FORM>
<HR SIZE="1">
<I>Interested in graduate studies in atmospheric science?
Check out our program at the
<a href="http://www.uwyo.edu/atsc/howtoapply/"
target=_top>University of Wyoming
</a></I>
<HR SIZE="1"><FONT SIZE="-1">
Questions about the weather data provided by this site can be
addressed to <A HREF="mailto:ldoolman@uwyo.edu">
Larry Oolman (ldoolman@uwyo.edu)</A></FONT>
<HR SIZE="1">
<SCRIPT TYPE="text/javascript">
<!--
window.focus();
// -->
</SCRIPT>
</BODY>
</HTML>
