2015-12-28 12
<HTML>
<TITLE>University of Wyoming - Radiosonde Data</TITLE>
<BODY BGCOLOR="white">
<H2>96749 WIII Jakarta Observations at 00Z 28 Dec 2015</H2>
<PRE>
-----------------------------------------------------------------------------
   PRES   HGHT   TEMP   DWPT   RELH   MIXR   DRCT   SKNT   THTA   THTE   THTV
    hPa     m      C      C      %    g/kg    deg   knot     K      K      K 
-----------------------------------------------------------------------------
 1013.0      8   25.2   24.7     97  19.80      0      0  297.2  354.8  300.8
 1000.0    125   25.6   22.1     81  17.07    235      8  298.8  348.6  301.8
  999.0    134   25.6   21.9     80  16.87    235      8  298.9  348.2  301.9
  996.0    160   25.8   21.3     76  16.30    237      8  299.3  347.1  302.2
  926.0    800   21.9   18.4     81  14.64    280      8  301.6  344.9  304.2
  925.0    809   21.8   18.4     81  14.62    280      8  301.6  344.9  304.2
  854.0   1499   18.0   15.1     83  12.79    285      8  304.6  343.0  306.9
  850.0   1540   17.8   14.9     83  12.69    280      8  304.8  342.9  307.1
  796.0   2096   14.8   11.9     83  11.12    240      2  307.3  341.1  309.4
  741.0   2703   11.4    8.6     83   9.57    150      2  310.0  339.6  311.8
  734.0   2783   11.0    8.2     83   9.38    147      3  310.4  339.4  312.1
  715.0   3002   10.8    1.2     51   5.86    140      6  312.5  331.2  313.6
  714.0   3014   10.8    0.8     50   5.71    141      6  312.6  330.8  313.7
  701.0   3167   10.0    1.0     54   5.90    149      6  313.4  332.2  314.5
  700.0   3179   10.0   -1.0     46   5.11    150      6  313.5  329.9  314.5
  698.0   3203   10.0   -6.0     32   3.52    151      6  313.8  325.3  314.4
  641.0   3899    6.0  -10.0     31   2.80    170     12  316.9  326.3  317.5
  618.0   4197    4.2  -11.8     30   2.53    165      8  318.3  326.8  318.8
  596.0   4494    2.5  -13.5     30   2.28    165      4  319.6  327.4  320.0
  574.0   4801    0.7  -15.3     29   2.04    190      6  321.0  328.0  321.4
  570.0   4858    0.4  -15.6     29   2.00    187      6  321.2  328.2  321.6
  558.0   5029    0.0  -22.0     17   1.18    179      6  322.7  326.9  322.9
  547.0   5188   -1.1  -25.1     14   0.92    171      7  323.2  326.6  323.4
  539.0   5305   -1.7  -13.7     39   2.48    165      7  323.9  332.5  324.4
  500.0   5900   -4.7  -19.7     30   1.61    135      8  327.2  333.0  327.6
  493.0   6011   -5.5  -15.5     45   2.33    130      6  327.6  335.8  328.1
  486.0   6123   -6.3  -11.3     68   3.34    163      4  327.9  339.5  328.6
  475.0   6302   -6.5  -16.1     47   2.31    215      2  329.9  338.1  330.3
  474.0   6318   -6.5  -16.5     45   2.23    217      2  330.1  338.0  330.5
  457.0   6602   -8.8  -15.9     57   2.43    260      4  330.6  339.2  331.1
  451.0   6704   -9.7  -15.7     62   2.51    267      5  330.8  339.7  331.3
  440.0   6893  -11.0  -16.7     63   2.37    280      6  331.5  339.9  331.9
  423.0   7195  -13.0  -18.2     65   2.16    260      8  332.6  340.4  333.0
  416.0   7323  -13.9  -18.9     66   2.08    270      8  333.1  340.6  333.5
  406.0   7507  -14.8  -18.3     74   2.23    285      8  334.3  342.4  334.7
  400.0   7620  -15.3  -18.0     80   2.33    285      8  335.0  343.5  335.5
  390.0   7810  -16.6  -20.2     73   1.98    285      6  335.8  343.0  336.2
  380.0   8005  -17.9  -22.5     67   1.66    229      3  336.5  342.7  336.9
  375.0   8102  -18.6  -23.0     68   1.61    200      2  336.9  342.9  337.3
  346.0   8689  -22.5  -25.9     73   1.34    190      8  339.4  344.5  339.7
  332.0   8990  -24.5  -27.5     77   1.22    170      6  340.7  345.3  340.9
  319.0   9282  -26.5  -28.9     80   1.10    190      6  341.9  346.1  342.1
  306.0   9586  -28.5  -30.5     83   1.00    180      6  343.1  347.0  343.3
  300.0   9730  -29.5  -31.2     85   0.95    140      6  343.7  347.4  343.9
  296.0   9826  -30.3  -32.1     84   0.88    112      6  343.9  347.3  344.1
  295.0   9850  -30.1  -36.1     56   0.60    104      6  344.5  346.9  344.6
  293.0   9899  -30.5  -35.6     61   0.63     90      6  344.6  347.1  344.7
  283.0  10146  -32.5  -33.0     95   0.84     60      9  345.2  348.5  345.3
  269.0  10499  -35.5  -36.5     90   0.63     15     14  345.9  348.4  346.0
  250.0  11010  -39.7  -41.5     83   0.40     15     12  346.9  348.6  347.0
  249.0  11037  -39.9  -41.7     83   0.40     16     12  347.0  348.7  347.1
  226.0  11680  -45.6                          30     12  348.1         348.1
  206.0  12294  -51.0                          65     10  348.9         348.9
  200.0  12490  -52.7                          60     10  349.1         349.1
  150.0  14280  -68.9                          70     21  351.2         351.2
  147.0  14400  -69.9                          70     23  351.5         351.5
  140.0  14690  -72.3                          65     35  352.2         352.2
  133.0  14993  -71.3                          60     35  359.2         359.2
  129.0  15173  -70.7                          57     26  363.4         363.4
  126.0  15309  -71.8                          55     19  363.9         363.9
  120.0  15592  -74.1                          70     12  364.9         364.9
  114.0  15888  -76.4                         115     12  365.8         365.8
  108.0  16201  -79.0                         135     17  366.8         366.8
  104.0  16420  -80.7                         130     20  367.4         367.4
  100.0  16640  -81.9                         125     23  369.2         369.2
   92.0  17101  -84.6                         105     33  372.8         372.8
   88.4  17322  -85.9                         105     29  374.5         374.5
   83.0  17670  -84.6                         110     35  384.0         384.0
   78.0  18012  -83.3                          91     24  393.5         393.5
   76.4  18129  -79.1                          85     20  404.6         404.6
   74.0  18311  -77.6                          75     14  411.4         411.4
   70.0  18630  -75.1                           5      8  423.4         423.4
   67.5  18843  -72.3                         323     15  433.9         433.9
   67.0  18887  -72.3                         315     16  434.8         434.8
   57.0  19841  -72.0                         240     14  456.1         456.1
   55.0  20052  -71.9                         135      2  460.9         460.9
   54.7  20085  -71.9                         120      3  461.6         461.6
   52.0  20386  -70.1                         345     12  472.6         472.6
   50.0  20620  -68.7                         325     14  481.2         481.2
   49.0  20741  -68.5                         315     14  484.4         484.4
   45.0  21252  -67.8                         305     12  498.2         498.2
   43.7  21428  -67.5                         277     12  503.0         503.0
   42.1  21654  -64.1                         242     12  516.8         516.8
   42.0  21669  -64.1                         240     12  517.2         517.2
   39.0  22126  -62.9                         190     14  531.3         531.3
   37.0  22451  -62.1                         195     12  541.5         541.5
   33.0  23158  -60.2                         250     17  564.2         564.2
   32.7  23214  -60.1                         245     17  566.1         566.1
   30.0  23750  -61.1                         195     16  577.5         577.5
   29.0  23961  -60.8                         180     10  584.0         584.0
   27.0  24407  -60.1                         110     12  598.0         598.0
   26.0  24642  -59.7                          90     14  605.6         605.6
   25.5  24763  -59.5                          95     18  609.5         609.5
   25.0  24890  -58.4                         100     23  616.1         616.1
   23.0  25427  -53.7                          55     27  644.7         644.7
   21.0  26012  -48.6                          55     17  677.0         677.0
   20.5  26167  -47.3                          38     14  685.8         685.8
   20.0  26330  -47.7                          20     10  689.4         689.4
   18.0  27016  -50.0                         310     21  703.1         703.1
   16.0  27782  -52.7                         280     21  718.6         718.6
   15.7  27906  -53.1                         245     16  721.1         721.1
   14.0  28638  -54.6                         160     14  739.9         739.9
   13.1  29063  -55.5                         111     18  751.1         751.1
   13.0  29114  -55.1                         105     19  754.2         754.2
   11.0  30208  -45.5                          65     41  825.8         825.8
   10.4  30576  -42.3                          68     37  850.9         850.9
   10.0  30840  -42.7                          70     35  859.0         859.0
    9.0  31544  -44.0                         105     39  880.3         880.3
    7.2  33035  -46.8                         105     66  927.0         927.0
    7.0  33223  -47.1                                     933.0         933.0
</PRE><H3>Station information and sounding indices</H3><PRE>
                         Station identifier: WIII
                             Station number: 96749
                           Observation time: 151228/0000
                           Station latitude: -6.11
                          Station longitude: 106.65
                          Station elevation: 8.0
                            Showalter index: 1.02
                               Lifted index: -0.78
    LIFT computed using virtual temperature: -1.45
                                SWEAT index: 202.81
                                    K index: 26.40
                         Cross totals index: 19.60
                      Vertical totals index: 22.50
                        Totals totals index: 42.10
      Convective Available Potential Energy: 189.08
             CAPE using virtual temperature: 330.47
                      Convective Inhibition: -54.58
             CINS using virtual temperature: -38.69
                           Equilibrum Level: 309.02
 Equilibrum Level using virtual temperature: 307.81
                   Level of Free Convection: 785.60
             LFCT using virtual temperature: 815.93
                     Bulk Richardson Number: 74.32
          Bulk Richardson Number using CAPV: 129.90
  Temp [K] of the Lifted Condensation Level: 293.55
Pres [hPa] of the Lifted Condensation Level: 933.47
   Equivalent potential temp [K] of the LCL: 347.59
     Mean mixed layer potential temperature: 299.40
              Mean mixed layer mixing ratio: 16.50
              1000 hPa to 500 hPa thickness: 5775.00
Precipitable water [mm] for entire sounding: 49.29
</PRE>
<P>Description of the 
<A HREF="/upperair/columns.html">data columns</A>
or <A HREF="/upperair/indices.html">sounding indices</A>.

<P>
<FORM>
<INPUT CLASS="button" TYPE="button" VALUE=" Close this window " 
 onClick="window.close();">
<INPUT CLASS="button" TYPE="button" VALUE=" Select another map " 
 onClick="window.blur();">
</FORM>
<HR SIZE="1">
<I>Interested in graduate studies in atmospheric science?
Check out our program at the
<a href="http://www.uwyo.edu/atsc/howtoapply/"
target=_top>University of Wyoming
</a></I>
<HR SIZE="1"><FONT SIZE="-1">
Questions about the weather data provided by this site can be
addressed to <A HREF="mailto:ldoolman@uwyo.edu">
Larry Oolman (ldoolman@uwyo.edu)</A></FONT>
<HR SIZE="1">
<SCRIPT TYPE="text/javascript">
<!--
window.focus();
// -->
</SCRIPT>
</BODY>
</HTML>
