2014-11-17 12
<HTML>
<TITLE>University of Wyoming - Radiosonde Data</TITLE>
<BODY BGCOLOR="white">
<H2>96749 WIII Jakarta Observations at 00Z 17 Nov 2014</H2>
<PRE>
-----------------------------------------------------------------------------
   PRES   HGHT   TEMP   DWPT   RELH   MIXR   DRCT   SKNT   THTA   THTE   THTV
    hPa     m      C      C      %    g/kg    deg   knot     K      K      K 
-----------------------------------------------------------------------------
 1008.0      8   25.0   23.6     92  18.59    210      5  297.5  351.5  300.8
 1000.0     79   25.0   21.7     82  16.64    200      4  298.1  346.7  301.1
  975.0    301   24.0   20.6     81  15.96    175      4  299.3  346.1  302.2
  943.0    594   22.7   19.2     81  15.10     85      4  300.9  345.5  303.6
  925.0    763   22.0   18.4     80  14.62     80      4  301.8  345.1  304.4
  917.0    839   21.4   18.0     81  14.37     74      4  301.9  344.6  304.5
  911.0    895   21.1   17.6     81  14.14     70      4  302.2  344.2  304.7
  850.0   1494   17.8   13.9     78  11.88     40      8  304.8  340.5  306.9
  821.0   1787   16.3   12.7     79  11.36     20      8  306.2  340.6  308.3
  792.0   2091   14.7   11.5     81  10.85     25      4  307.7  340.8  309.7
  764.0   2395   13.2   10.2     82  10.34    340      4  309.2  341.0  311.1
  711.0   3002   10.1    7.7     85   9.38     65      4  312.2  341.5  314.0
  700.0   3134    9.4    7.2     86   9.18     60      4  312.9  341.6  314.6
  662.0   3589    7.0    4.9     87   8.28     45      2  315.2  341.4  316.8
  615.0   4190    3.8    1.9     87   7.20    350      2  318.2  341.4  319.6
  593.0   4487    2.2    0.4     88   6.70    265      2  319.7  341.5  321.0
  571.0   4795    0.6   -1.1     88   6.21    310      4  321.3  341.7  322.5
  563.0   4910    0.0   -1.7     88   6.04    316      4  321.9  341.7  323.1
  530.0   5388   -2.8   -4.8     86   5.08    340      4  324.1  341.1  325.1
  500.0   5850   -5.5   -7.8     84   4.28    140      2  326.3  340.8  327.1
  491.0   5991   -6.3   -8.6     84   4.08    120      2  327.0  340.9  327.8
  472.0   6296   -8.0  -10.4     83   3.69    135      4  328.6  341.3  329.3
  454.0   6598   -9.7  -12.2     82   3.33    205      2  330.1  341.7  330.8
  436.0   6911  -11.5  -14.0     81   2.98    115      4  331.7  342.2  332.3
  424.0   7127  -12.7  -15.3     81   2.76    115      5  332.8  342.6  333.4
  418.0   7236  -12.9  -21.9     47   1.59    115      6  333.9  339.8  334.2
  400.0   7570  -15.3  -24.3     46   1.35    115      8  335.0  340.0  335.3
  388.0   7799  -17.1  -29.1     35   0.89    109      9  335.6  339.0  335.8
  387.0   7818  -17.1  -24.1     55   1.42    108      9  335.8  341.1  336.1
  385.0   7857  -17.5  -24.5     54   1.37    107      9  335.8  340.9  336.1
  384.0   7877  -17.3  -29.3     34   0.89    107      9  336.3  339.7  336.5
  379.0   7975  -17.9  -41.9     10   0.26    104      9  336.8  337.8  336.8
  377.0   8014  -17.9  -29.9     34   0.85    103     10  337.3  340.6  337.5
  372.0   8114  -18.6  -29.4     38   0.91    100     10  337.6  341.1  337.8
  365.0   8255  -19.7  -28.7     45   0.99    107      8  338.0  341.8  338.2
  364.0   8275  -19.9  -24.1     69   1.51    108      8  338.0  343.7  338.3
  362.0   8316  -19.9  -29.9     41   0.89    110      7  338.6  342.0  338.7
  357.0   8419  -20.8  -28.4     50   1.03    115      6  338.8  342.7  339.0
  347.0   8628  -22.5  -25.4     77   1.41    110      5  339.2  344.5  339.4
  329.0   9013  -25.3  -28.3     76   1.13    100      2  340.6  344.9  340.8
  316.0   9305  -27.4  -30.5     74   0.96     50      4  341.6  345.3  341.8
  303.0   9608  -29.6  -32.8     73   0.80     85      6  342.6  345.8  342.8
  301.0   9656  -29.9  -33.2     73   0.78     98      6  342.8  345.9  343.0
  300.0   9680  -30.1  -33.7     71   0.74    105      6  342.8  345.8  343.0
  290.0   9917  -32.1  -36.2     67   0.60    160     10  343.3  345.8  343.5
  266.0  10519  -37.2  -42.5     58   0.34    165     10  344.5  345.9  344.6
  255.0  10814  -39.6  -45.5     53   0.26    130      8  345.0  346.1  345.1
  253.0  10869  -40.1  -46.1     53   0.24    130      8  345.1  346.2  345.2
  250.0  10950  -40.7                         130      8  345.4         345.4
  244.0  11111  -42.1                         130      6  345.7         345.7
  234.0  11389  -44.5                         105      4  346.3         346.3
  223.0  11708  -47.3                         170      2  346.8         346.8
  204.0  12299  -52.4                         310      4  347.7         347.7
  200.0  12430  -53.5                         315      4  347.9         347.9
  185.0  12912  -57.6                         345      6  349.1         349.1
  168.0  13509  -62.7                         320     10  350.3         350.3
  153.0  14087  -67.7                          30      8  351.4         351.4
  150.0  14210  -68.7                          25      8  351.6         351.6
  138.0  14692  -72.1                          20     10  354.0         354.0
  131.0  14993  -74.2                         335     12  355.5         355.5
  124.0  15310  -76.5                         320     12  357.1         357.1
  106.0  16217  -82.9                         170      6  361.2         361.2
  101.0  16485  -84.7                          95      8  362.8         362.8
  100.0  16540  -84.5                         100      8  364.2         364.2
   95.0  16825  -83.7                         130     16  371.1         371.1
   90.0  17125  -82.9                         110     10  378.5         378.5
   86.2  17365  -82.3                          57     13  384.4         384.4
   85.0  17444  -80.3                          40     14  390.0         390.0
   83.3  17559  -77.5                         350     14  398.0         398.0
   81.0  17720  -77.2                         280     14  401.8         401.8
   77.0  18011  -76.7                         235     14  408.7         408.7
   73.0  18318  -76.1                         280     12  416.2         416.2
   70.0  18560  -75.7                         290     17  422.1         422.1
   66.0  18900  -75.2                         300     21  430.4         430.4
   65.3  18961  -75.1                         295     22  431.9         431.9
   62.7  19198  -71.9                         277     24  444.0         444.0
   59.0  19558  -70.9                         250     27  454.1         454.1
   54.3  20049  -69.5                         170     13  468.1         468.1
   54.0  20082  -69.5                         165     12  469.0         469.0
   50.0  20540  -68.9                         140     14  480.7         480.7
   42.0  21593  -65.6                          85     37  513.5         513.5
   41.0  21738  -65.1                          85     38  518.2         518.2
   38.9  22062  -60.5                          86     40  537.7         537.7
   30.0  23680  -60.5                          90     52  579.1         579.1
   28.2  24065  -59.1                          89     53  593.3         593.3
   20.0  26240  -52.7                          85     58  674.1         674.1
   16.2  27632  -48.7                          95     66  729.0         729.0
   16.0  27715  -48.4                          95     66  732.4         732.4
   14.0  28597  -45.9                          90     66  769.6         769.6
   13.0  29087  -44.5                          90     66  790.9         790.9
   12.0  29616  -42.9                          85     54  814.7         814.7
   11.5  29897  -42.1                                     827.5         827.5
</PRE><H3>Station information and sounding indices</H3><PRE>
                         Station identifier: WIII
                             Station number: 96749
                           Observation time: 141117/0000
                           Station latitude: -6.11
                          Station longitude: 106.65
                          Station elevation: 8.0
                            Showalter index: 1.18
                               Lifted index: -1.16
    LIFT computed using virtual temperature: -1.38
                                SWEAT index: 184.81
                                    K index: 35.00
                         Cross totals index: 19.40
                      Vertical totals index: 23.30
                        Totals totals index: 42.70
      Convective Available Potential Energy: 131.84
             CAPE using virtual temperature: 180.90
                      Convective Inhibition: -78.28
             CINS using virtual temperature: -53.47
                           Equilibrum Level: 317.49
 Equilibrum Level using virtual temperature: 314.17
                   Level of Free Convection: 713.23
             LFCT using virtual temperature: 759.16
                     Bulk Richardson Number: 33.61
          Bulk Richardson Number using CAPV: 46.12
  Temp [K] of the Lifted Condensation Level: 293.33
Pres [hPa] of the Lifted Condensation Level: 934.56
   Equivalent potential temp [K] of the LCL: 346.47
     Mean mixed layer potential temperature: 299.07
              Mean mixed layer mixing ratio: 16.23
              1000 hPa to 500 hPa thickness: 5771.00
Precipitable water [mm] for entire sounding: 57.96
</PRE>
<P>Description of the 
<A HREF="/upperair/columns.html">data columns</A>
or <A HREF="/upperair/indices.html">sounding indices</A>.

<P>
<FORM>
<INPUT CLASS="button" TYPE="button" VALUE=" Close this window " 
 onClick="window.close();">
<INPUT CLASS="button" TYPE="button" VALUE=" Select another map " 
 onClick="window.blur();">
</FORM>
<HR SIZE="1">
<I>Interested in graduate studies in atmospheric science?
Check out our program at the
<a href="http://www.uwyo.edu/atsc/howtoapply/"
target=_top>University of Wyoming
</a></I>
<HR SIZE="1"><FONT SIZE="-1">
Questions about the weather data provided by this site can be
addressed to <A HREF="mailto:ldoolman@uwyo.edu">
Larry Oolman (ldoolman@uwyo.edu)</A></FONT>
<HR SIZE="1">
<SCRIPT TYPE="text/javascript">
<!--
window.focus();
// -->
</SCRIPT>
</BODY>
</HTML>
