2015-06-23 00
<HTML>
<TITLE>University of Wyoming - Radiosonde Data</TITLE>
<BODY BGCOLOR="white">
<H2>96749 WIII Jakarta Observations at 00Z 23 Jun 2015</H2>
<PRE>
-----------------------------------------------------------------------------
   PRES   HGHT   TEMP   DWPT   RELH   MIXR   DRCT   SKNT   THTA   THTE   THTV
    hPa     m      C      C      %    g/kg    deg   knot     K      K      K 
-----------------------------------------------------------------------------
 1011.0      8   25.0   21.7     82  16.46    160      6  297.2  345.0  300.1
 1000.0    107   25.6   22.7     84  17.72    155      6  298.8  350.6  301.9
  991.0    187   25.8   21.5     77  16.59    153      6  299.7  348.4  302.7
  978.0    303   25.2   20.6     76  15.89    150      6  300.3  347.0  303.1
  925.0    792   22.8   16.8     69  13.18    135      8  302.6  341.9  305.0
  914.0    895   22.0   16.5     71  13.06    130      8  302.8  341.7  305.2
  852.0   1503   17.2   14.6     85  12.38    160      4  303.9  341.0  306.2
  850.0   1523   17.0   14.5     85  12.36    165      4  303.9  341.0  306.2
  825.0   1778   16.2   13.1     82  11.61    207      4  305.7  340.8  307.8
  823.0   1799   16.1   12.8     81  11.42    210      4  305.8  340.3  307.9
  794.0   2103   14.9    8.5     66   8.85      0      0  307.6  334.8  309.3
  788.0   2168   14.6    7.6     63   8.38     14      2  308.0  333.8  309.6
  767.0   2396   15.4   -6.6     21   3.06     65      8  311.3  321.3  311.9
  764.0   2430   15.4    2.4     42   5.99     66      8  311.6  330.6  312.8
  758.0   2496   15.4   -1.6     31   4.51     68      9  312.3  326.8  313.2
  700.0   3165   11.2  -16.8     12   1.47     85     14  314.9  319.9  315.1
  665.0   3591    9.0  -17.0     14   1.53    108     15  317.0  322.3  317.3
  640.0   3906    7.0  -18.5     14   1.40    125     16  318.3  323.2  318.5
  618.0   4194    5.2  -19.8     14   1.29    120     14  319.4  324.0  319.6
  617.0   4207    5.1  -19.8     15   1.29    120     14  319.4  324.0  319.7
  595.0   4502    3.6  -20.4     15   1.27    115     10  321.1  325.6  321.3
  569.0   4864    1.8  -21.2     16   1.24    141     12  323.0  327.5  323.3
  555.0   5064    0.0  -12.0     40   2.76    155     12  323.2  332.7  323.7
  532.0   5399   -3.0  -11.8     51   2.93    180     14  323.5  333.5  324.1
  512.0   5702   -5.8  -11.6     64   3.09    180     14  323.7  334.3  324.3
  500.0   5890   -7.5  -11.5     73   3.19    195     12  323.8  334.7  324.5
  492.0   6015   -8.4  -11.9     76   3.14    205     12  324.3  335.0  324.9
  473.0   6319  -10.5  -12.9     82   3.00    270      6  325.3  335.6  325.9
  455.0   6618  -12.6  -13.9     90   2.88     30      6  326.3  336.3  326.9
  454.0   6635  -12.7  -14.0     90   2.87     31      7  326.4  336.3  326.9
  453.0   6652  -12.7  -16.4     74   2.36     33      7  326.6  334.8  327.0
  441.0   6857  -14.1  -14.9     94   2.74     50     14  327.3  336.9  327.9
  438.0   6909  -12.5  -20.5     51   1.72     55     16  330.0  336.2  330.3
  435.0   6961  -12.1  -21.1     47   1.64     59     18  331.1  337.1  331.5
  421.0   7211  -13.7  -22.6     47   1.48     80     27  332.3  337.7  332.6
  417.0   7284  -14.1  -23.1     46   1.44     81     27  332.6  337.9  332.9
  410.0   7412  -13.9  -23.9     43   1.36     83     28  334.5  339.5  334.7
  400.0   7600  -14.5  -24.5     42   1.32     85     29  336.1  341.0  336.3
  382.0   7947  -15.9  -30.9     26   0.77     87     28  338.7  341.6  338.8
  345.0   8695  -21.2  -37.9     21   0.43     90     27  341.5  343.2  341.6
  300.0   9720  -28.5  -47.5     14   0.18     90     21  345.1  345.9  345.1
  293.0   9888  -29.9  -47.9     16   0.17     90     23  345.4  346.2  345.5
  257.0  10798  -38.3  -52.2     22   0.12     90     33  346.2  346.7  346.2
  250.0  10990  -40.1  -53.1     24   0.11     95     35  346.3  346.8  346.3
  215.0  11997  -48.1                          80     41  349.2         349.2
  200.0  12480  -51.9                          55     41  350.4         350.4
  187.0  12898  -55.3                          45     43  351.7         351.7
  162.0  13791  -62.6                          45     52  354.2         354.2
  150.0  14270  -66.5                          50     47  355.3         355.3
  113.0  15923  -80.2                          90     27  359.7         359.7
  111.0  16027  -81.1                          75     23  359.9         359.9
  108.0  16183  -75.5                          41     21  373.3         373.3
  102.0  16515  -74.7                         330     17  381.1         381.1
  101.0  16572  -74.5                         323     17  382.4         382.4
  100.0  16630  -74.9                         315     16  382.8         382.8
   92.0  17112  -77.5                         265     14  386.7         386.7
   89.3  17284  -78.5                         255     14  388.2         388.2
   79.0  17982  -79.7                         245     12  399.6         399.6
   75.0  18277  -80.1                         230     10  404.6         404.6
   72.2  18494  -80.5                         168      4  408.2         408.2
   71.0  18589  -79.8                         140      2  411.6         411.6
   70.0  18670  -79.3                         135      4  414.4         414.4
   63.3  19248  -74.3                         114     24  437.5         437.5
   55.0  20078  -68.3                          85     51  469.1         469.1
   54.7  20110  -68.1                          84     51  470.4         470.4
   50.0  20650  -67.5                          70     47  484.0         484.0
   45.3  21244  -67.3                          84     45  498.3         498.3
   45.0  21285  -66.7                          85     45  500.8         500.8
   43.0  21566  -62.4                          75     39  517.8         517.8
   41.0  21861  -58.0                          95     16  536.0         536.0
   40.1  21998  -55.9                         115     16  544.6         544.6
   39.0  22176  -55.4                         140     17  550.3         550.3
   37.0  22514  -54.4                         130     14  561.2         561.2
   35.0  22870  -53.3                         145      8  572.9         572.9
   34.0  23056  -52.8                         310      4  579.1         579.1
   32.5  23345  -51.9                         283      6  588.9         588.9
   30.0  23860  -54.1                         235     10  596.6         596.6
   29.0  24077  -55.1                         220     10  599.7         599.7
   28.0  24302  -56.1                         170     12  602.9         602.9
   27.0  24536  -55.8                         330      6  610.1         610.1
   24.0  25292  -54.7                         280     27  634.2         634.2
   23.0  25565  -54.3                         245     19  643.1         643.1
   22.0  25850  -53.9                         230     21  652.5         652.5
   21.6  25968  -53.7                         237     20  656.5         656.5
   20.6  26276  -50.3                         254     18  675.7         675.7
   20.0  26470  -49.9                         265     16  682.7         682.7
   18.0  27169  -49.0                         295     21  706.5         706.5
   16.0  27951  -47.9                         265     33  734.1         734.1
   12.0  29860  -45.3                         270     35  806.1         806.1
   11.0  30437  -44.5                         275     45  829.2         829.2
   10.0  31070  -43.7                         265     33  855.3         855.3
    9.4  31487  -41.9                         265     29  877.4         877.4
    9.0  31783  -41.4                         265     27  890.2         890.2
    8.0  32584  -40.1                         270     10  925.8         925.8
    7.7  32844  -39.7                                     937.7         937.7
</PRE><H3>Station information and sounding indices</H3><PRE>
                         Station identifier: WIII
                             Station number: 96749
                           Observation time: 150623/0000
                           Station latitude: -6.11
                          Station longitude: 106.65
                          Station elevation: 8.0
                            Showalter index: -1.00
                               Lifted index: -3.41
    LIFT computed using virtual temperature: -3.82
                                SWEAT index: 194.01
                                    K index: 11.00
                         Cross totals index: 22.00
                      Vertical totals index: 24.50
                        Totals totals index: 46.50
      Convective Available Potential Energy: 235.66
             CAPE using virtual temperature: 314.20
                      Convective Inhibition: -178.28
             CINS using virtual temperature: -41.33
                           Equilibrum Level: 400.71
 Equilibrum Level using virtual temperature: 395.19
                   Level of Free Convection: 562.00
             LFCT using virtual temperature: 858.19
                     Bulk Richardson Number: 204.07
          Bulk Richardson Number using CAPV: 272.08
  Temp [K] of the Lifted Condensation Level: 293.08
Pres [hPa] of the Lifted Condensation Level: 924.01
   Equivalent potential temp [K] of the LCL: 347.13
     Mean mixed layer potential temperature: 299.79
              Mean mixed layer mixing ratio: 16.17
              1000 hPa to 500 hPa thickness: 5783.00
Precipitable water [mm] for entire sounding: 40.36
</PRE>
<P>Description of the 
<A HREF="/upperair/columns.html">data columns</A>
or <A HREF="/upperair/indices.html">sounding indices</A>.

<P>
<FORM>
<INPUT CLASS="button" TYPE="button" VALUE=" Close this window " 
 onClick="window.close();">
<INPUT CLASS="button" TYPE="button" VALUE=" Select another map " 
 onClick="window.blur();">
</FORM>
<HR SIZE="1">
<I>Interested in graduate studies in atmospheric science?
Check out our program at the
<a href="http://www.uwyo.edu/atsc/howtoapply/"
target=_top>University of Wyoming
</a></I>
<HR SIZE="1"><FONT SIZE="-1">
Questions about the weather data provided by this site can be
addressed to <A HREF="mailto:ldoolman@uwyo.edu">
Larry Oolman (ldoolman@uwyo.edu)</A></FONT>
<HR SIZE="1">
<SCRIPT TYPE="text/javascript">
<!--
window.focus();
// -->
</SCRIPT>
</BODY>
</HTML>
