2015-05-16 00
<HTML>
<TITLE>University of Wyoming - Radiosonde Data</TITLE>
<BODY BGCOLOR="white">
<H2>96749 WIII Jakarta Observations at 00Z 16 May 2015</H2>
<PRE>
-----------------------------------------------------------------------------
   PRES   HGHT   TEMP   DWPT   RELH   MIXR   DRCT   SKNT   THTA   THTE   THTV
    hPa     m      C      C      %    g/kg    deg   knot     K      K      K 
-----------------------------------------------------------------------------
 1011.0      8   24.4   22.7     90  17.52    220      6  296.6  347.4  299.7
 1000.0    105   25.6   22.7     84  17.72    175      6  298.8  350.6  301.9
  993.0    167   26.2   23.3     84  18.53    145      7  299.9  354.4  303.3
  978.0    301   25.4   22.2     83  17.62     80      8  300.5  352.4  303.6
  945.0    603   23.7   19.9     79  15.72     75     12  301.7  348.2  304.5
  925.0    791   22.6   18.4     77  14.62     95     10  302.4  345.8  305.1
  913.0    905   22.1   17.1     73  13.59    105     10  303.1  343.6  305.5
  900.0   1030   21.6   15.6     69  12.54    108      9  303.8  341.3  306.0
  852.0   1504   18.5   15.1     81  12.84    120      4  305.3  344.0  307.7
  850.0   1524   18.4   15.1     81  12.86    125      4  305.4  344.1  307.8
  823.0   1800   17.1   13.6     80  12.06    175      4  306.9  343.4  309.1
  795.0   2095   15.7   12.1     79  11.24    145      4  308.4  342.8  310.5
  777.0   2291   14.8   11.0     78  10.72    129      3  309.5  342.4  311.5
  767.0   2400   14.2   10.4     78  10.43    120      2  310.0  342.2  312.0
  740.0   2701   12.7    8.8     77   9.67    145      4  311.6  341.6  313.4
  714.0   3002   11.2    7.1     76   8.95    130      2  313.1  341.2  314.8
  700.0   3169   10.4    6.2     75   8.57     60      2  314.0  340.9  315.6
  689.0   3300    9.7    5.4     75   8.25     10      2  314.6  340.7  316.1
  665.0   3593    8.0    3.8     75   7.59    355      2  315.9  340.1  317.4
  637.0   3948    6.0    1.7     74   6.84     89      2  317.5  339.6  318.9
  626.0   4091    5.6   -5.4     45   4.11    127      2  318.7  332.3  319.5
  618.0   4196    5.0   -7.4     40   3.58    155      2  319.2  331.1  319.9
  609.0   4315    4.4   -9.6     35   3.05    148      2  319.8  330.1  320.4
  585.0   4641    2.2  -14.8     27   2.08    127      3  320.9  328.1  321.3
  578.0   4738    1.4   -9.6     44   3.21    121      3  321.1  332.0  321.7
  567.0   4892    0.8  -12.2     37   2.66    111      4  322.2  331.3  322.7
  561.0   4977    0.0   -4.6     71   4.87    106      4  322.2  338.4  323.1
  536.0   5341   -2.7   -4.4     88   5.18     82      5  323.2  340.4  324.2
  529.0   5445   -3.1  -12.1     50   2.87     76      5  323.9  333.8  324.5
  527.0   5475   -3.3   -5.2     87   4.96     74      5  324.0  340.6  325.0
  517.0   5626   -3.1   -9.1     63   3.73     64      6  326.1  338.8  326.8
  513.0   5688   -3.5  -10.2     60   3.46     60      6  326.3  338.2  327.0
  511.0   5718   -3.7  -10.7     58   3.33     61      6  326.4  337.9  327.1
  509.0   5749   -3.5  -15.5     39   2.26     62      6  327.0  335.0  327.5
  500.0   5890   -4.7  -10.7     63   3.40     65      6  327.2  339.0  327.9
  497.0   5938   -4.9  -10.9     63   3.37     67      6  327.6  339.2  328.2
  493.0   6001   -5.1  -15.1     45   2.42     70      6  328.1  336.6  328.6
  489.0   6066   -5.3  -19.3     32   1.71     78      6  328.6  334.7  328.9
  488.0   6082   -5.3  -15.3     45   2.40     80      5  328.8  337.3  329.3
  485.0   6130   -5.3  -21.3     27   1.45     85      5  329.4  334.6  329.7
  475.0   6294   -6.3  -21.3     29   1.48    105      4  330.1  335.5  330.4
  472.0   6344   -6.7  -15.7     49   2.40    115      4  330.2  338.7  330.7
  471.0   6360   -6.7  -21.7     29   1.44    118      4  330.4  335.7  330.7
  465.0   6461   -7.3  -14.3     57   2.73    138      4  330.9  340.5  331.4
  457.0   6596   -8.3  -19.7     39   1.76    165      4  331.3  337.7  331.7
  442.0   6855  -10.1  -30.1     18   0.71    139      4  332.2  334.9  332.3
  440.0   6890  -10.4  -28.1     22   0.87    135      4  332.2  335.5  332.4
  430.0   7067  -11.9  -17.9     61   2.19     97      4  332.5  340.4  332.9
  426.0   7139  -12.1  -23.1     40   1.41     82      4  333.1  338.3  333.4
  423.0   7193  -12.5  -22.3     44   1.52     70      4  333.3  338.9  333.6
  416.0   7321  -13.5  -20.5     56   1.81     92      6  333.6  340.2  334.0
  414.0   7358  -13.3  -29.3     25   0.82     99      7  334.3  337.5  334.5
  406.0   7507  -13.9  -36.7     13   0.41    125     10  335.4  337.1  335.5
  400.0   7620  -14.3  -42.3      7   0.23    125     10  336.3  337.3  336.4
  374.0   8125  -18.3  -44.3      8   0.20    119     10  337.5  338.4  337.6
  367.0   8265  -19.3  -42.3     11   0.25    117     10  338.0  339.1  338.1
  356.0   8490  -21.1  -22.7     87   1.74    114     10  338.6  345.1  338.9
  325.0   9156  -25.5  -29.7     68   1.01    106     10  341.4  345.3  341.6
  306.0   9588  -29.0  -37.5     43   0.50    100     10  342.5  344.5  342.6
  300.0   9730  -30.1  -40.1     37   0.39    105     10  342.8  344.4  342.9
  263.0  10652  -37.1  -54.1     15   0.09    119      9  345.7  346.1  345.7
  262.0  10679  -37.5  -46.5     39   0.22    120      9  345.5  346.5  345.6
  250.0  11000  -40.1  -44.3     64   0.30    125      8  346.3  347.6  346.4
  246.0  11107  -41.0                         125      8  346.6         346.6
  215.0  12000  -48.6                          40     12  348.4         348.4
  200.0  12480  -52.7                          50     16  349.1         349.1
  162.0  13798  -63.7                          90     16  352.3         352.3
  150.0  14280  -67.7                         120     17  353.3         353.3
  147.0  14399  -68.6                         130     17  353.7         353.7
  126.0  15306  -75.7                         115     22  356.9         356.9
  120.0  15584  -77.2                         110     23  359.1         359.1
  108.0  16184  -80.5                         125     29  363.8         363.8
  106.0  16290  -81.1                         120     27  364.7         364.7
  102.0  16508  -78.9                          90     23  373.0         373.0
  100.0  16620  -77.7                          90     16  377.4         377.4
   97.0  16796  -75.8                          85      6  384.3         384.3
   95.9  16862  -75.1                         122      7  387.0         387.0
   92.0  17099  -76.6                         255     10  388.6         388.6
   87.0  17419  -78.7                         240     10  390.7         390.7
   83.0  17689  -80.4                         250      8  392.4         392.4
   81.5  17793  -81.1                         260      8  393.1         393.1
   71.0  18579  -77.1                          85      8  417.4         417.4
   70.0  18660  -76.7                          75      8  420.0         420.0
   67.0  18912  -75.8                          35      6  427.2         427.2
   65.4  19051  -75.3                         358      8  431.3         431.3
   64.0  19175  -75.9                         325     10  432.6         432.6
   60.0  19544  -77.7                         310      8  436.6         436.6
   58.0  19738  -78.7                          56      5  438.6         438.6
   57.0  19837  -78.7                         110      4  440.8         440.8
   54.0  20144  -78.8                          90     16  447.5         447.5
   50.0  20580  -78.9                          90     31  457.2         457.2
   47.0  20933  -77.9                          95     50  467.7         467.7
   44.2  21292  -69.7                         100     69  496.0         496.0
   44.0  21319  -69.5                         100     70  497.1         497.1
   35.0  22713  -60.8                          90     86  553.4         553.4
   34.9  22731  -60.7                          90     86  554.1         554.1
   34.5  22804  -59.7                          90     86  558.5         558.5
   30.0  23700  -48.1                          85     45  612.9         612.9
   29.5  23811  -46.9                          77     41  619.1         619.1
   26.0  24642  -49.4                          20      8  634.9         634.9
   25.0  24899  -50.1                         315      2  639.8         639.8
   24.8  24952  -50.3                         336      3  640.8         640.8
   24.0  25168  -49.6                          60      8  648.8         648.8
   23.0  25449  -48.8                         355     16  659.3         659.3
   22.0  25742  -47.9                         340     16  670.4         670.4
   21.0  26048  -46.9                         290     21  682.3         682.3
   20.0  26370  -45.9                         270     23  694.9         694.9
   19.0  26715  -43.7                         275     23  712.0         712.0
   17.8  27155  -40.9                         263     24  734.2         734.2
   17.0  27464  -41.6                         255     25  741.6         741.6
   15.0  28307  -43.6                         260     43  761.9         761.9
   13.2  29168  -45.7                         270     39  783.2         783.2
   11.0  30397  -42.3                         285     33  837.5         837.5
   10.0  31040  -40.5                         285     41  867.2         867.2
    9.4  31462  -39.7                                     885.7         885.7
</PRE><H3>Station information and sounding indices</H3><PRE>
                         Station identifier: WIII
                             Station number: 96749
                           Observation time: 150516/0000
                           Station latitude: -6.11
                          Station longitude: 106.65
                          Station elevation: 8.0
                            Showalter index: 0.54
                               Lifted index: -2.11
    LIFT computed using virtual temperature: -2.60
                                SWEAT index: 195.21
                                    K index: 34.00
                         Cross totals index: 19.80
                      Vertical totals index: 23.10
                        Totals totals index: 42.90
      Convective Available Potential Energy: 682.91
             CAPE using virtual temperature: 833.90
                      Convective Inhibition: -54.10
             CINS using virtual temperature: -29.37
                           Equilibrum Level: 179.03
 Equilibrum Level using virtual temperature: 177.87
                   Level of Free Convection: 762.17
             LFCT using virtual temperature: 848.52
                     Bulk Richardson Number: 2122.63
          Bulk Richardson Number using CAPV: 2591.95
  Temp [K] of the Lifted Condensation Level: 294.67
Pres [hPa] of the Lifted Condensation Level: 940.59
   Equivalent potential temp [K] of the LCL: 351.31
     Mean mixed layer potential temperature: 299.88
              Mean mixed layer mixing ratio: 17.54
              1000 hPa to 500 hPa thickness: 5785.00
Precipitable water [mm] for entire sounding: 53.72
</PRE>
<P>Description of the 
<A HREF="/upperair/columns.html">data columns</A>
or <A HREF="/upperair/indices.html">sounding indices</A>.

<P>
<FORM>
<INPUT CLASS="button" TYPE="button" VALUE=" Close this window " 
 onClick="window.close();">
<INPUT CLASS="button" TYPE="button" VALUE=" Select another map " 
 onClick="window.blur();">
</FORM>
<HR SIZE="1">
<I>Interested in graduate studies in atmospheric science?
Check out our program at the
<a href="http://www.uwyo.edu/atsc/howtoapply/"
target=_top>University of Wyoming
</a></I>
<HR SIZE="1"><FONT SIZE="-1">
Questions about the weather data provided by this site can be
addressed to <A HREF="mailto:ldoolman@uwyo.edu">
Larry Oolman (ldoolman@uwyo.edu)</A></FONT>
<HR SIZE="1">
<SCRIPT TYPE="text/javascript">
<!--
window.focus();
// -->
</SCRIPT>
</BODY>
</HTML>
