2013-12-18 12
<HTML>
<TITLE>University of Wyoming - Radiosonde Data</TITLE>
<BODY BGCOLOR="white">
<H2>96749 WIII Jakarta Observations at 00Z 18 Dec 2013</H2>
<PRE>
-----------------------------------------------------------------------------
   PRES   HGHT   TEMP   DWPT   RELH   MIXR   DRCT   SKNT   THTA   THTE   THTV
    hPa     m      C      C      %    g/kg    deg   knot     K      K      K 
-----------------------------------------------------------------------------
 1007.0      8   26.6   24.1     86  19.19    150      2  299.1  355.4  302.6
 1000.0     72   26.4   22.7     80  17.72    140      2  299.6  351.6  302.7
  975.0    295   25.0   21.6     81  16.93    100      6  300.4  350.2  303.4
  942.0    599   23.2   20.0     82  15.91     45      4  301.4  348.5  304.3
  925.0    759   22.2   19.2     83  15.38     95      2  302.0  347.6  304.8
  910.0    900   21.4   18.6     84  15.04    145      2  302.5  347.2  305.3
  879.0   1200   19.6   17.3     87  14.31    220      4  303.7  346.4  306.3
  850.0   1490   17.8   16.0     89  13.64    220      6  304.8  345.7  307.3
  791.0   2097   14.5   12.4     87  11.57    235      2  307.6  342.9  309.8
  736.0   2705   11.3    8.8     85   9.75    165      2  310.5  340.6  312.3
  711.0   2996    9.7    7.1     84   8.96     40      6  311.8  339.8  313.5
  700.0   3128    9.0    6.3     83   8.63     30      6  312.4  339.4  314.0
  669.0   3503    6.8    3.4     79   7.36      6      9  314.0  337.3  315.4
  661.0   3600    6.3    2.9     79   7.17      0     10  314.6  337.4  315.9
  614.0   4200    3.5   -0.3     76   6.13     40      8  318.0  337.9  319.2
  570.0   4805    0.7   -3.5     73   5.20     45      6  321.5  338.7  322.5
  560.0   4949    0.0   -4.3     73   4.99     57      4  322.4  339.0  323.3
  549.0   5106   -0.8   -4.9     74   4.86     70      2  323.2  339.5  324.2
  529.0   5402   -2.4   -6.1     76   4.62     60      2  324.8  340.4  325.7
  509.0   5708   -4.0   -7.2     78   4.38     10      2  326.5  341.4  327.3
  500.0   5850   -4.7   -7.8     79   4.28     35      2  327.2  341.8  328.1
  490.0   6007   -5.6   -8.9     77   4.00     65      2  328.0  341.8  328.8
  437.0   6900  -10.7  -15.3     69   2.68     40      6  332.5  342.0  333.1
  427.0   7080  -11.7  -16.6     67   2.46     52      6  333.4  342.2  333.9
  420.0   7207  -12.3  -17.7     64   2.28     60      6  334.3  342.5  334.7
  400.0   7580  -13.9  -20.9     55   1.82     55      6  336.8  343.6  337.2
  393.0   7713  -14.9  -23.9     46   1.42     55      7  337.2  342.6  337.5
  373.0   8103  -17.8  -25.0     53   1.36     55     10  338.5  343.6  338.8
  360.0   8368  -19.7  -25.7     59   1.32     68     11  339.4  344.4  339.6
  330.0   9000  -24.4  -31.5     52   0.84    100     14  341.4  344.7  341.6
  305.0   9572  -28.7  -36.7     46   0.54    117     14  343.2  345.4  343.3
  300.0   9690  -29.7  -36.7     51   0.55    120     14  343.4  345.6  343.5
  291.0   9904  -31.4  -38.8     48   0.46    125      8  343.9  345.8  344.0
  279.0  10199  -33.8  -41.6     45   0.36     80      2  344.6  346.1  344.7
  256.0  10804  -38.8  -47.5     39   0.21    235      2  346.0  346.9  346.0
  250.0  10970  -40.1  -49.1     38   0.18    195      4  346.3  347.1  346.4
  245.0  11103  -41.3                         165      4  346.5         346.5
  224.0  11693  -46.7                         190      4  347.2         347.2
  200.0  12440  -53.5                         155      4  347.9         347.9
  186.0  12892  -57.3                         145     10  349.1         349.1
  169.0  13488  -62.3                         165     14  350.4         350.4
  150.0  14230  -68.5                         140     16  351.9         351.9
  119.0  15559  -79.0                         105     21  356.6         356.6
  106.0  16224  -84.3                         100     27  358.6         358.6
  101.0  16494  -79.1                          90     33  373.6         373.6
  100.0  16550  -79.3                          85     31  374.3         374.3
   91.0  17087  -79.0                          50      2  385.1         385.1
   87.5  17310  -78.9                         292     12  389.6         389.6
   86.0  17408  -79.5                         240     16  390.2         390.2
   78.2  17944  -83.1                         244     14  393.6         393.6
   77.0  18031  -82.4                         245     14  396.9         396.9
   73.0  18333  -79.9                         300     10  408.3         408.3
   70.0  18570  -77.9                         305     12  417.4         417.4
   66.0  18915  -74.4                         280     16  432.1         432.1
   63.0  19187  -71.6                         220      8  444.0         444.0
   60.0  19473  -68.7                         285      8  456.7         456.7
   57.8  19691  -66.5                         292      7  466.6         466.6
   57.0  19776  -66.2                         295      6  469.1         469.1
   54.0  20103  -65.2                           0      4  478.8         478.8
   51.0  20450  -64.1                         290     17  489.3         489.3
   50.0  20570  -63.7                         280     19  492.9         492.9
   47.0  20954  -63.0                         250     16  503.3         503.3
   42.0  21652  -61.9                         255     10  522.7         522.7
   40.0  21955  -61.3                         285     14  531.3         531.3
   38.0  22273  -60.8                         215      4  540.5         540.5
   37.0  22439  -60.5                          85      4  545.4         545.4
   35.0  22783  -59.9                         340      6  555.7         555.7
   33.0  23149  -59.3                         285      2  566.7         566.7
   30.0  23740  -58.3                         335     12  585.1         585.1
   27.0  24404  -57.3                         300     10  605.9         605.9
   26.0  24642  -56.9                         215      2  613.5         613.5
   25.0  24889  -56.5                          95      6  621.5         621.5
   23.4  25306  -55.9                          71     19  635.2         635.2
   23.0  25417  -54.7                          65     23  641.9         641.9
   21.6  25820  -50.3                          86     35  666.6         666.6
   21.0  26003  -50.5                          95     41  671.6         671.6
   20.0  26320  -50.7                          85     39  680.2         680.2
   17.9  27046  -48.1                          61     24  710.3         710.3
   17.0  27381  -49.1                          50     17  717.6         717.6
   16.0  27774  -50.3                         355     10  726.3         726.3
   15.0  28193  -51.5                         130      6  735.7         735.7
   14.0  28640  -52.9                          95     25  745.8         745.8
   12.9  29171  -54.5                         105     39  757.9         757.9
   12.1  29582  -53.7                         104     44  774.7         774.7
   11.4  29972  -44.7                         103     49  820.3         820.3
   10.0  30850  -43.3                         100     60  856.8         856.8
    9.7  31055  -43.1                          94     61  865.0         865.0
    9.5  31196  -41.7                          90     62  875.5         875.5
    9.2  31414  -39.5                                     892.0         892.0
</PRE><H3>Station information and sounding indices</H3><PRE>
                         Station identifier: WIII
                             Station number: 96749
                           Observation time: 131218/0000
                           Station latitude: -6.11
                          Station longitude: 106.65
                          Station elevation: 8.0
                            Showalter index: -0.06
                               Lifted index: -1.85
    LIFT computed using virtual temperature: -2.17
                                SWEAT index: 206.01
                                    K index: 35.80
                         Cross totals index: 20.70
                      Vertical totals index: 22.50
                        Totals totals index: 43.20
      Convective Available Potential Energy: 653.05
             CAPE using virtual temperature: 766.01
                      Convective Inhibition: -28.79
             CINS using virtual temperature: -20.54
                           Equilibrum Level: 170.73
 Equilibrum Level using virtual temperature: 170.63
                   Level of Free Convection: 846.13
             LFCT using virtual temperature: 862.71
                     Bulk Richardson Number: 468.27
          Bulk Richardson Number using CAPV: 549.27
  Temp [K] of the Lifted Condensation Level: 294.15
Pres [hPa] of the Lifted Condensation Level: 931.36
   Equivalent potential temp [K] of the LCL: 350.56
     Mean mixed layer potential temperature: 300.20
              Mean mixed layer mixing ratio: 17.15
              1000 hPa to 500 hPa thickness: 5778.00
Precipitable water [mm] for entire sounding: 58.57
</PRE>
<P>Description of the 
<A HREF="/upperair/columns.html">data columns</A>
or <A HREF="/upperair/indices.html">sounding indices</A>.

<P>
<FORM>
<INPUT CLASS="button" TYPE="button" VALUE=" Close this window " 
 onClick="window.close();">
<INPUT CLASS="button" TYPE="button" VALUE=" Select another map " 
 onClick="window.blur();">
</FORM>
<HR SIZE="1">
<I>Interested in graduate studies in atmospheric science?
Check out our program at the
<a href="http://www.uwyo.edu/atsc/howtoapply/"
target=_top>University of Wyoming
</a></I>
<HR SIZE="1"><FONT SIZE="-1">
Questions about the weather data provided by this site can be
addressed to <A HREF="mailto:ldoolman@uwyo.edu">
Larry Oolman (ldoolman@uwyo.edu)</A></FONT>
<HR SIZE="1">
<SCRIPT TYPE="text/javascript">
<!--
window.focus();
// -->
</SCRIPT>
</BODY>
</HTML>
