2013-10-22 12
<HTML>
<TITLE>University of Wyoming - Radiosonde Data</TITLE>
<BODY BGCOLOR="white">
<H2>96749 WIII Jakarta Observations at 00Z 22 Oct 2013</H2>
<PRE>
-----------------------------------------------------------------------------
   PRES   HGHT   TEMP   DWPT   RELH   MIXR   DRCT   SKNT   THTA   THTE   THTV
    hPa     m      C      C      %    g/kg    deg   knot     K      K      K 
-----------------------------------------------------------------------------
 1010.0      8   27.2   21.2     70  15.97    190      3  299.5  346.3  302.4
 1000.0     97   25.6   20.6     74  15.53    180      4  298.8  344.2  301.5
  977.0    302   25.1   19.7     72  15.05    165      8  300.3  344.6  303.0
  945.0    596   24.4   18.5     69  14.37     65      4  302.4  345.2  305.1
  943.0    615   24.4   18.4     69  14.33     63      4  302.6  345.2  305.2
  925.0    784   23.2   17.2     69  13.53     45      4  303.0  343.4  305.5
  913.0    897   22.3   16.8     71  13.32     30      4  303.2  343.0  305.7
  882.0   1196   19.9   15.6     76  12.77     70      2  303.8  342.0  306.1
  851.0   1505   17.5   14.3     82  12.22    140      4  304.3  341.0  306.6
  850.0   1515   17.4   14.3     82  12.20    140      4  304.4  341.0  306.6
  832.0   1698   15.8   12.5     81  11.06    108      7  304.5  337.8  306.6
  822.0   1801   15.7   10.7     72   9.92     90      8  305.5  335.5  307.3
  816.0   1863   15.6    9.6     67   9.28     88      9  306.0  334.2  307.7
  793.0   2106   13.8   11.8     88  11.08     80     14  306.6  340.2  308.6
  788.0   2159   14.4    7.4     63   8.26     81     14  307.8  333.2  309.3
  770.0   2354   13.8    2.8     47   6.12     85     14  309.2  328.4  310.3
  709.0   3046   10.2   -0.8     46   5.12     98     12  312.6  329.0  313.6
  700.0   3152    9.2   -0.8     50   5.18    100     12  312.6  329.2  313.6
  662.0   3611    6.3   -1.3     58   5.29    110     12  314.4  331.4  315.4
  639.0   3901    4.4   -1.6     65   5.35     98     10  315.4  332.7  316.5
  633.0   3978    4.8   -5.2     48   4.12     95     10  316.7  330.3  317.5
  630.0   4017    4.6   -0.4     70   5.93     93      9  316.9  336.1  318.1
  624.0   4095    4.4   -5.6     48   4.06     90      9  317.6  331.0  318.4
  615.0   4212    3.5   -6.1     49   3.97     85      8  317.9  331.1  318.7
  579.0   4699    0.0   -8.0     55   3.63    113      6  319.3  331.4  320.0
  571.0   4810   -0.7   -7.0     62   3.98    120      6  319.7  333.0  320.5
  558.0   4994   -1.9   -5.4     77   4.61    117      7  320.4  335.7  321.3
  550.0   5109   -2.5   -7.2     70   4.06    115      8  321.1  334.6  321.9
  542.0   5225   -3.1   -9.1     63   3.56    104      8  321.7  333.7  322.4
  537.0   5299   -2.9  -24.9     17   0.95     97      8  322.8  326.2  323.0
  535.0   5328   -3.1  -25.1     16   0.94     94      8  322.9  326.3  323.1
  533.0   5358   -3.3  -12.3     50   2.81     91      8  323.0  332.6  323.6
  531.0   5387   -3.5  -16.5     36   1.99     88      8  323.1  330.1  323.5
  530.0   5402   -3.1  -25.1     16   0.95     86      8  323.8  327.2  323.9
  529.0   5417   -3.2  -24.7     17   0.98     85      8  323.8  327.4  324.0
  510.0   5704   -5.6  -17.1     40   1.98    110      2  324.3  331.3  324.7
  500.0   5860   -6.9  -12.9     62   2.85    140      4  324.6  334.4  325.1
  498.0   5891   -7.1  -10.3     78   3.53    147      5  324.7  336.7  325.4
  490.0   6015   -7.8  -11.2     77   3.35    175      8  325.3  336.8  325.9
  436.0   6910  -13.2  -17.3     71   2.27    200      6  329.6  337.6  330.0
  419.0   7215  -15.0  -19.4     69   1.98    105      4  331.0  338.1  331.4
  403.0   7513  -16.8  -21.4     67   1.73    170      8  332.4  338.7  332.8
  400.0   7570  -17.1  -21.8     67   1.68    165      8  332.7  338.8  333.0
  394.0   7683  -17.7  -23.7     59   1.44    151      7  333.3  338.7  333.6
  387.0   7816  -18.6  -23.5     65   1.49    135      6  333.9  339.4  334.2
  383.0   7894  -19.1  -23.4     69   1.52    117      5  334.2  339.8  334.5
  381.0   7933  -19.1  -27.1     49   1.10    107      5  334.7  338.8  334.9
  372.0   8109  -20.2  -27.4     53   1.09     65      4  335.5  339.6  335.7
  370.0   8149  -20.5  -27.5     54   1.09     61      5  335.6  339.8  335.9
  363.0   8290  -19.9  -40.9     14   0.30     47      8  338.3  339.5  338.4
  357.0   8411  -20.8  -41.9     13   0.27     35     10  338.7  339.8  338.7
  302.0   9622  -30.1  -52.1     10   0.10     25      8  342.1  342.6  342.2
  300.0   9670  -30.5  -52.5     10   0.10     35      8  342.3  342.7  342.3
  290.0   9908  -32.4  -53.0     11   0.10     80      4  343.0  343.4  343.0
  266.0  10514  -37.1  -54.2     15   0.09      5     10  344.6  345.0  344.6
  265.0  10540  -37.3  -54.3     15   0.09      6     10  344.7  345.1  344.7
  255.0  10805  -40.1  -50.1     33   0.15     15     14  344.4  345.0  344.4
  250.0  10940  -41.1                          15     14  344.8         344.8
  200.0  12420  -53.7                         345     17  347.6         347.6
  176.0  13211  -60.5                         335     17  349.3         349.3
  160.0  13801  -65.7                         350     17  350.3         350.3
  150.0  14200  -69.1                         350     14  350.9         350.9
  145.0  14397  -70.6                         350     14  351.7         351.7
  137.0  14727  -73.1                          30     16  353.0         353.0
  119.0  15546  -79.3                          46     46  356.1         356.1
  106.0  16195  -82.6                          60     70  361.8         361.8
  105.0  16248  -82.9                          60     70  362.2         362.2
  100.0  16520  -81.7                          60     58  369.6         369.6
   95.0  16806  -83.0                          65     45  372.4         372.4
   93.4  16900  -83.5                          56     36  373.4         373.4
   90.0  17110  -76.1                          35     16  392.1         392.1
   85.0  17442  -75.3                         230      4  400.1         400.1
   81.0  17722  -74.7                         135      4  407.0         407.0
   77.0  18016  -74.0                         320     10  414.3         414.3
   73.0  18326  -73.3                         315     17  422.2         422.2
   70.0  18570  -72.7                         290     23  428.5         428.5
   68.1  18732  -72.1                         271     20  433.2         433.2
   66.0  18919  -71.5                         250     17  438.3         438.3
   63.0  19196  -70.7                         240     16  446.1         446.1
   57.0  19793  -68.8                         295     21  463.2         463.2
   54.7  20039  -68.1                         298     22  470.4         470.4
   50.0  20580  -67.7                         305     23  483.5         483.5
   44.0  21352  -65.3                         310     19  507.3         507.3
   43.9  21366  -65.3                         309     19  507.7         507.7
   43.0  21493  -62.1                         304     20  518.6         518.6
   38.0  22251  -63.9                         270     25  532.5         532.5
   36.6  22481  -64.5                         277     29  536.9         536.9
   35.0  22758  -63.3                         285     33  546.9         546.9
   30.0  23710  -59.1                         260     25  582.9         582.9
   29.0  23926  -57.8                         255     25  592.2         592.2
   26.0  24623  -53.6                         285     31  622.9         622.9
   25.4  24772  -52.7                         283     34  629.6         629.6
   23.0  25411  -54.0                         275     47  644.1         644.1
   20.0  26310  -55.7                         280     43  664.9         664.9
   18.0  26978  -57.7                         290     43  679.0         679.0
   14.1  28542  -50.9                         295     33  751.0         751.0
   14.0  28589  -50.8                         295     33  752.8         752.8
   13.0  29074  -50.1                         310     31  771.5         771.5
   11.0  30169  -48.4                         305     25  815.4         815.4
   10.1  30729  -47.5                         301     12  838.7         838.7
   10.0                                       300     10                     
</PRE><H3>Station information and sounding indices</H3><PRE>
                         Station identifier: WIII
                             Station number: 96749
                           Observation time: 131022/0000
                           Station latitude: -6.11
                          Station longitude: 106.65
                          Station elevation: 8.0
                            Showalter index: -0.40
                               Lifted index: -1.86
    LIFT computed using virtual temperature: -2.26
                                SWEAT index: 183.60
                                    K index: 28.60
                         Cross totals index: 21.20
                      Vertical totals index: 24.30
                        Totals totals index: 45.50
      Convective Available Potential Energy: 217.34
             CAPE using virtual temperature: 300.79
                      Convective Inhibition: -124.30
             CINS using virtual temperature: -73.20
                           Equilibrum Level: 366.70
 Equilibrum Level using virtual temperature: 365.74
                   Level of Free Convection: 687.07
             LFCT using virtual temperature: 834.31
                     Bulk Richardson Number: 36.75
          Bulk Richardson Number using CAPV: 50.86
  Temp [K] of the Lifted Condensation Level: 291.81
Pres [hPa] of the Lifted Condensation Level: 907.30
   Equivalent potential temp [K] of the LCL: 344.59
     Mean mixed layer potential temperature: 300.05
              Mean mixed layer mixing ratio: 15.18
              1000 hPa to 500 hPa thickness: 5763.00
Precipitable water [mm] for entire sounding: 46.00
</PRE>
<P>Description of the 
<A HREF="/upperair/columns.html">data columns</A>
or <A HREF="/upperair/indices.html">sounding indices</A>.

<P>
<FORM>
<INPUT CLASS="button" TYPE="button" VALUE=" Close this window " 
 onClick="window.close();">
<INPUT CLASS="button" TYPE="button" VALUE=" Select another map " 
 onClick="window.blur();">
</FORM>
<HR SIZE="1">
<I>Interested in graduate studies in atmospheric science?
Check out our program at the
<a href="http://www.uwyo.edu/atsc/howtoapply/"
target=_top>University of Wyoming
</a></I>
<HR SIZE="1"><FONT SIZE="-1">
Questions about the weather data provided by this site can be
addressed to <A HREF="mailto:ldoolman@uwyo.edu">
Larry Oolman (ldoolman@uwyo.edu)</A></FONT>
<HR SIZE="1">
<SCRIPT TYPE="text/javascript">
<!--
window.focus();
// -->
</SCRIPT>
</BODY>
</HTML>
