2013-09-11 00
<HTML>
<TITLE>University of Wyoming - Radiosonde Data</TITLE>
<BODY BGCOLOR="white">
<H2>96749 WIII Jakarta Observations at 00Z 11 Sep 2013</H2>
<PRE>
-----------------------------------------------------------------------------
   PRES   HGHT   TEMP   DWPT   RELH   MIXR   DRCT   SKNT   THTA   THTE   THTV
    hPa     m      C      C      %    g/kg    deg   knot     K      K      K 
-----------------------------------------------------------------------------
 1009.0      8   24.6   20.7     79  15.49    150      2  297.0  341.9  299.7
 1000.0     91   24.8   19.8     74  14.76    140      4  297.9  341.0  300.6
  996.0    126   25.6   20.6     74  15.59    136      5  299.1  344.8  301.9
  977.0    295   24.4   19.4     74  14.79    115     10  299.6  343.0  302.2
  925.0    773   21.2   16.2     73  12.68     90     10  301.0  338.5  303.3
  912.0    895   20.4   15.9     76  12.61     85     10  301.3  338.7  303.6
  881.0   1193   18.3   15.2     82  12.45     75      6  302.2  339.2  304.5
  851.0   1492   16.3   14.4     89  12.28     25      2  303.1  339.7  305.3
  850.0   1502   16.2   14.4     89  12.28     25      2  303.1  339.8  305.3
  821.0   1797   14.7   12.7     88  11.35      5      6  304.5  338.6  306.6
  805.0   1964   13.8   11.7     87  10.84    317      7  305.3  338.0  307.3
  793.0   2090   13.9    5.7     58   7.27    280      8  306.7  329.1  308.1
  780.0   2230   14.0   -1.0     36   4.58    275      9  308.3  322.8  309.1
  765.0   2393   13.3   -0.8     38   4.73    270     10  309.2  324.2  310.1
  746.0   2604   12.4   -0.6     41   4.93    246     13  310.5  326.2  311.4
  738.0   2694   11.7   -0.2     44   5.14    235     14  310.7  327.0  311.6
  712.0   2993    9.3    1.1     57   5.87    230     14  311.2  329.8  312.3
  711.0   3005    9.2    1.2     57   5.91    228     14  311.2  329.9  312.4
  706.0   3063    9.2   -3.8     40   4.11    218     12  311.9  325.1  312.6
  700.0   3134    9.4  -13.6     18   1.92    205     10  312.9  319.4  313.2
  684.0   3325    9.6  -26.4      6   0.65    172      9  315.2  317.5  315.3
  662.0   3592    8.1  -26.8      6   0.65    125      8  316.4  318.7  316.5
  616.0   4178    4.7  -27.7      7   0.64    100     17  319.1  321.4  319.2
  558.0   4982    0.0  -29.0      9   0.63     90     12  322.7  325.0  322.8
  547.0   5141   -1.3  -14.3     37   2.32     88     11  323.0  331.0  323.4
  530.0   5390   -3.3  -14.2     43   2.43     85     10  323.6  332.0  324.0
  510.0   5694   -5.7  -14.0     52   2.56     70      8  324.2  333.1  324.7
  500.0   5850   -6.9  -13.9     57   2.63     85      6  324.6  333.6  325.1
  476.0   6232   -9.1  -16.1     57   2.30    107      6  326.4  334.5  326.9
  473.0   6281   -9.4  -16.9     54   2.16    110      6  326.6  334.3  327.1
  454.0   6596  -11.4  -22.1     41   1.44     40      6  328.0  333.2  328.3
  437.0   6888  -13.2  -27.0     30   0.96     50     10  329.3  332.9  329.5
  436.0   6906  -13.3  -27.3     30   0.94     50     10  329.4  332.9  329.6
  418.0   7226  -14.1  -26.1     36   1.09     42     13  332.4  336.5  332.6
  408.0   7410  -14.3  -44.3      6   0.18     37     15  334.4  335.2  334.4
  404.0   7485  -14.4  -39.4     10   0.31     35     16  335.2  336.5  335.3
  400.0   7560  -14.5  -34.5     17   0.52     40     16  336.1  338.1  336.2
  396.0   7636  -14.5  -32.5     20   0.63     43     16  337.0  339.5  337.1
  373.0   8077  -18.2  -35.9     20   0.48     60     16  338.0  339.9  338.1
  318.0   9254  -27.9  -44.9     18   0.22     42     18  340.2  341.2  340.3
  300.0   9670  -30.9  -50.9     12   0.12     35     19  341.7  342.2  341.7
  279.0  10174  -35.4  -52.5     16   0.11     30     23  342.3  342.8  342.4
  259.0  10690  -40.1  -54.1     21   0.09     33     28  342.8  343.2  342.9
  250.0  10930  -42.1                          35     31  343.3         343.3
  213.0  11985  -51.1                          30     41  345.4         345.4
  200.0  12400  -54.7                          30     43  346.0         346.0
  150.0  14170  -70.1                          50     64  349.1         349.1
  145.0  14371  -71.1                          50     70  350.8         350.8
  140.0  14579  -72.1                          49     63  352.6         352.6
  118.0  15570  -78.2                          45     29  359.1         359.1
  113.0  15820  -79.7                          55     27  360.7         360.7
  106.0  16184  -79.2                          55     33  368.4         368.4
  103.0  16348  -78.9                          43     22  371.9         371.9
  102.0  16404  -74.7                          39     18  381.0         381.0
  101.0  16462  -73.9                          35     14  383.6         383.6
  100.0  16520  -73.1                          20     14  386.2         386.2
   95.0  16821  -72.7                         260     14  392.7         392.7
   91.0  17073  -72.4                         240     23  398.1         398.1
   86.0  17404  -72.0                         275     17  405.5         405.5
   82.0  17683  -71.7                         275     17  411.7         411.7
   78.0  17976  -71.3                         255     14  418.4         418.4
   70.0  18610  -70.5                         260     16  433.2         433.2
   67.0  18871  -70.1                         255     16  439.5         439.5
   60.0  19528  -69.2                         275     16  455.7         455.7
   56.8  19854  -68.7                         266     18  464.0         464.0
   50.0  20630  -61.3                         245     23  498.6         498.6
   49.8  20655  -60.9                         246     23  500.1         500.1
   45.0  21288  -60.4                         275     33  516.1         516.1
   35.0  22857  -59.1                         270     37  557.9         557.9
   30.0  23820  -58.3                         265     31  585.1         585.1
   24.7  25041  -58.7                         256     22  617.4         617.4
   24.0  25224  -58.1                         255     21  624.2         624.2
   22.0  25776  -56.3                         305     14  645.3         645.3
   20.0  26380  -54.3                         305     29  669.2         669.2
   18.0  27061  -52.6                         260     17  695.0         695.0
   17.0  27431  -51.7                         280     25  709.4         709.4
   16.0  27823  -50.7                         305     35  725.0         725.0
   15.6  27986  -50.3                         303     34  731.6         731.6
   14.0  28692  -50.4                         295     31  754.1         754.1
   13.3  29026  -50.5                                     765.0         765.0
</PRE><H3>Station information and sounding indices</H3><PRE>
                         Station identifier: WIII
                             Station number: 96749
                           Observation time: 130911/0000
                           Station latitude: -6.11
                          Station longitude: 106.65
                          Station elevation: 8.0
                            Showalter index: 0.10
                               Lifted index: -1.03
    LIFT computed using virtual temperature: -1.41
                                SWEAT index: 182.80
                                    K index: 14.50
                         Cross totals index: 21.30
                      Vertical totals index: 23.10
                        Totals totals index: 44.40
      Convective Available Potential Energy: 50.41
             CAPE using virtual temperature: 83.26
                      Convective Inhibition: -200.35
             CINS using virtual temperature: -36.90
                           Equilibrum Level: 422.93
 Equilibrum Level using virtual temperature: 418.80
                   Level of Free Convection: 529.97
             LFCT using virtual temperature: 823.29
                     Bulk Richardson Number: 40.86
          Bulk Richardson Number using CAPV: 67.48
  Temp [K] of the Lifted Condensation Level: 291.52
Pres [hPa] of the Lifted Condensation Level: 912.94
   Equivalent potential temp [K] of the LCL: 342.49
     Mean mixed layer potential temperature: 299.22
              Mean mixed layer mixing ratio: 14.80
              1000 hPa to 500 hPa thickness: 5759.00
Precipitable water [mm] for entire sounding: 37.32
</PRE>
<P>Description of the 
<A HREF="/upperair/columns.html">data columns</A>
or <A HREF="/upperair/indices.html">sounding indices</A>.

<P>
<FORM>
<INPUT CLASS="button" TYPE="button" VALUE=" Close this window " 
 onClick="window.close();">
<INPUT CLASS="button" TYPE="button" VALUE=" Select another map " 
 onClick="window.blur();">
</FORM>
<HR SIZE="1">
<I>Interested in graduate studies in atmospheric science?
Check out our program at the
<a href="http://www.uwyo.edu/atsc/howtoapply/"
target=_top>University of Wyoming
</a></I>
<HR SIZE="1"><FONT SIZE="-1">
Questions about the weather data provided by this site can be
addressed to <A HREF="mailto:ldoolman@uwyo.edu">
Larry Oolman (ldoolman@uwyo.edu)</A></FONT>
<HR SIZE="1">
<SCRIPT TYPE="text/javascript">
<!--
window.focus();
// -->
</SCRIPT>
</BODY>
</HTML>
