2015-05-23 12
<HTML>
<TITLE>University of Wyoming - Radiosonde Data</TITLE>
<BODY BGCOLOR="white">
<H2>96749 WIII Jakarta Observations at 00Z 23 May 2015</H2>
<PRE>
-----------------------------------------------------------------------------
   PRES   HGHT   TEMP   DWPT   RELH   MIXR   DRCT   SKNT   THTA   THTE   THTV
    hPa     m      C      C      %    g/kg    deg   knot     K      K      K 
-----------------------------------------------------------------------------
 1010.0      8   23.8   23.0     95  17.87      0      0  296.1  347.8  299.3
 1000.0    100   25.2   21.3     79  16.23    105      4  298.4  345.7  301.2
  978.0    296   25.4   18.1     64  13.57    105     14  300.4  340.4  302.9
  973.0    341   25.4   17.4     61  13.02    105     14  300.9  339.4  303.2
  958.0    478   25.4   14.4     51  10.88    107     13  302.2  334.7  304.2
  925.0    785   23.4   12.4     50   9.87    110     10  303.2  332.9  305.0
  913.0    899   22.6   12.7     54  10.20    110      8  303.5  334.2  305.4
  893.0   1091   21.2   13.2     60  10.79     84      4  304.0  336.5  306.0
  882.0   1198   20.8   11.0     54   9.45     70      2  304.7  333.3  306.4
  851.0   1507   19.6    4.8     38   6.38    285      2  306.6  326.3  307.8
  850.0   1517   19.6    4.6     37   6.29    290      2  306.7  326.2  307.8
  822.0   1804   17.9   -0.0     30   4.67    340      2  307.8  322.5  308.6
  821.0   1815   17.8   -0.2     30   4.61    340      2  307.8  322.4  308.7
  793.0   2109   16.8   -6.0     21   3.10    345      4  309.8  319.8  310.4
  766.0   2403   15.7  -11.7     14   2.04    130      4  311.7  318.6  312.1
  739.0   2707   14.6  -17.7      9   1.30    100      6  313.8  318.2  314.0
  714.0   2999   13.6  -23.4      6   0.82    110      7  315.7  318.6  315.9
  700.0   3165   12.4  -16.6     12   1.50    115      8  316.2  321.4  316.5
  664.0   3599    9.5  -15.8     15   1.69    125     10  317.7  323.6  318.0
  640.0   3902    7.5  -15.2     18   1.84    115      8  318.8  325.1  319.1
  617.0   4203    5.4  -14.7     22   2.00    145      6  319.8  326.7  320.2
  599.0   4447    3.8  -14.2     26   2.14    194      8  320.6  328.0  321.0
  595.0   4501    3.4  -14.3     26   2.14    205      8  320.7  328.1  321.1
  573.0   4804    0.8  -14.8     30   2.12    210      6  321.2  328.6  321.6
  566.0   4903    0.0  -15.0     31   2.12    202      5  321.4  328.7  321.8
  552.0   5101   -1.5  -15.0     35   2.18    185      4  321.9  329.4  322.3
  531.0   5408   -3.9  -14.9     42   2.27     70      4  322.7  330.6  323.1
  522.0   5543   -4.9  -14.9     45   2.32     57      9  323.0  331.0  323.5
  519.0   5589   -5.3   -9.6     72   3.58     52     11  323.1  335.2  323.8
  511.0   5710   -6.0   -9.8     75   3.57     40     16  323.6  335.7  324.3
  500.0   5880   -7.1  -10.1     79   3.57     40     17  324.3  336.5  325.0
  492.0   6006   -8.3  -10.9     81   3.39     35     17  324.4  335.9  325.0
  484.0   6134   -9.5  -11.8     83   3.22     54     15  324.4  335.4  325.0
  482.0   6166   -7.5  -23.5     27   1.20     58     14  327.2  331.6  327.5
  473.0   6314   -6.7  -33.3     10   0.49     80     12  330.0  331.9  330.1
  471.0   6347   -6.5  -35.5      8   0.40     81     12  330.6  332.2  330.7
  438.0   6909  -10.1  -38.6      8   0.31    105     19  333.1  334.3  333.1
  400.0   7610  -14.5  -42.5      7   0.23    100     16  336.1  337.0  336.1
  386.0   7878  -16.3  -42.3      9   0.24    105     16  337.1  338.1  337.2
  359.0   8408  -21.1  -43.6     11   0.22    115     16  337.8  338.7  337.8
  331.0   9001  -26.4  -45.1     15   0.21    125     16  338.4  339.3  338.4
  317.0   9317  -29.3  -45.9     19   0.20    155     16  338.6  339.5  338.7
  313.0   9409  -30.1  -46.1     20   0.20    149     16  338.7  339.5  338.8
  300.0   9710  -31.1  -52.1     11   0.10    130     14  341.4  341.9  341.4
  296.0   9805  -31.5  -52.5     11   0.10    127     14  342.2  342.6  342.2
  268.0  10496  -36.6                         105     10  344.7         344.7
  250.0  10980  -40.1                          55      6  346.3         346.3
  235.0  11390  -43.8                          10      8  346.9         346.9
  200.0  12460  -53.3                          20     10  348.2         348.2
  186.0  12912  -56.9                          35     14  349.7         349.7
  178.0  13185  -59.0                          25      8  350.6         350.6
  161.0  13810  -64.0                          50     12  352.4         352.4
  150.0  14250  -67.5                          45     17  353.6         353.6
  132.0  15008  -73.0                          50     21  357.0         357.0
  131.0  15053  -73.3                          51     20  357.2         357.2
  113.0  15904  -77.5                          70     10  364.7         364.7
  107.0  16218  -79.1                          97     14  367.5         367.5
  102.0  16488  -80.8                         120     17  369.3         369.3
  100.0  16600  -81.5                         120     17  370.0         370.0
   96.0  16827  -83.1                         120     17  371.3         371.3
   91.0  17124  -85.1                         145     19  372.9         372.9
   88.3  17291  -86.3                         150     21  373.8         373.8
   87.0  17373  -86.1                         135     19  375.9         375.9
   82.0  17699  -85.1                          70     19  384.2         384.2
   78.9  17912  -84.5                          76     19  389.7         389.7
   75.9  18127  -83.5                          82     19  396.2         396.2
   70.9  18515  -74.3                          93     19  423.6         423.6
   70.0  18590  -74.1                          95     19  425.5         425.5
   63.0  19212  -72.2                          85     27  442.8         442.8
   57.0  19802  -70.3                         110     29  459.9         459.9
   54.6  20056  -69.5                         106     26  467.4         467.4
   51.0  20462  -70.0                         100     21  475.5         475.5
   50.0  20580  -70.1                         110     23  477.9         477.9
   48.5  20761  -70.3                         115     27  481.6         481.6
   47.0  20951  -68.6                         120     31  490.1         490.1
   43.0  21489  -63.7                          92     31  514.7         514.7
   42.0  21635  -62.9                          85     31  520.1         520.1
   37.3  22372  -58.9                          80     44  548.3         548.3
   37.0  22423  -58.8                          80     45  549.9         549.9
   32.0  23342  -56.6                          65     29  578.8         578.8
   30.0  23750  -55.7                          35     21  592.2         592.2
   29.0  23966  -55.5                          55     16  598.5         598.5
   28.0  24190  -55.3                          35     10  605.1         605.1
   26.0  24662  -54.9                         270     10  619.2         619.2
   25.0  24914  -54.4                         200      4  627.6         627.6
   24.0  25177  -53.9                         155     10  636.5         636.5
   23.0  25451  -53.3                         235     10  645.9         645.9
   21.0  26036  -52.1                         265     14  666.5         666.5
   20.0  26350  -51.5                         250     14  677.8         677.8
   19.0  26685  -50.4                         265     14  691.3         691.3
   18.0  27038  -49.2                         260     10  705.9         705.9
   17.0  27411  -47.9                         275     23  721.5         721.5
   14.0  28717  -44.3                         260     33  774.8         774.8
   13.0  29215  -43.0                         290     37  796.1         796.1
   11.0  30339  -39.9                         275     49  846.2         846.2
   10.0  30980  -38.1                         275     49  876.2         876.2
    9.0  31698  -40.6                         275     58  893.4         893.4
    8.5  32088  -41.9                         265     64  902.8         902.8
    8.3  32250  -42.5                                     906.8         906.8
</PRE><H3>Station information and sounding indices</H3><PRE>
                         Station identifier: WIII
                             Station number: 96749
                           Observation time: 150523/0000
                           Station latitude: -6.11
                          Station longitude: 106.65
                          Station elevation: 8.0
                            Showalter index: 6.12
                               Lifted index: -0.56
    LIFT computed using virtual temperature: -0.74
                                SWEAT index: 76.20
                                    K index: 2.30
                         Cross totals index: 11.70
                      Vertical totals index: 26.70
                        Totals totals index: 38.40
      Convective Available Potential Energy: 15.85
             CAPE using virtual temperature: 26.54
                      Convective Inhibition: -558.60
             CINS using virtual temperature: -383.87
                           Equilibrum Level: 482.71
 Equilibrum Level using virtual temperature: 482.32
                   Level of Free Convection: 532.11
             LFCT using virtual temperature: 553.27
                     Bulk Richardson Number: 5.04
          Bulk Richardson Number using CAPV: 8.43
  Temp [K] of the Lifted Condensation Level: 290.24
Pres [hPa] of the Lifted Condensation Level: 892.18
   Equivalent potential temp [K] of the LCL: 340.79
     Mean mixed layer potential temperature: 299.87
              Mean mixed layer mixing ratio: 14.10
              1000 hPa to 500 hPa thickness: 5780.00
Precipitable water [mm] for entire sounding: 27.93
</PRE>
<P>Description of the 
<A HREF="/upperair/columns.html">data columns</A>
or <A HREF="/upperair/indices.html">sounding indices</A>.

<P>
<FORM>
<INPUT CLASS="button" TYPE="button" VALUE=" Close this window " 
 onClick="window.close();">
<INPUT CLASS="button" TYPE="button" VALUE=" Select another map " 
 onClick="window.blur();">
</FORM>
<HR SIZE="1">
<I>Interested in graduate studies in atmospheric science?
Check out our program at the
<a href="http://www.uwyo.edu/atsc/howtoapply/"
target=_top>University of Wyoming
</a></I>
<HR SIZE="1"><FONT SIZE="-1">
Questions about the weather data provided by this site can be
addressed to <A HREF="mailto:ldoolman@uwyo.edu">
Larry Oolman (ldoolman@uwyo.edu)</A></FONT>
<HR SIZE="1">
<SCRIPT TYPE="text/javascript">
<!--
window.focus();
// -->
</SCRIPT>
</BODY>
</HTML>
