2013-12-24 00
<HTML>
<TITLE>University of Wyoming - Radiosonde Data</TITLE>
<BODY BGCOLOR="white">
<H2>96749 WIII Jakarta Observations at 00Z 24 Dec 2013</H2>
<PRE>
-----------------------------------------------------------------------------
   PRES   HGHT   TEMP   DWPT   RELH   MIXR   DRCT   SKNT   THTA   THTE   THTV
    hPa     m      C      C      %    g/kg    deg   knot     K      K      K 
-----------------------------------------------------------------------------
 1011.0      8   24.0   21.7     87  16.46    275      6  296.2  343.8  299.1
 1000.0    104   23.8   19.9     79  14.86    270     10  296.9  340.1  299.6
  998.0    122   23.8   19.9     79  14.89    268     11  297.1  340.4  299.8
  978.0    300   24.6   18.1     67  13.59    250     19  299.7  339.6  302.1
  974.0    336   24.8   17.8     65  13.34    250     19  300.2  339.5  302.6
  925.0    788   21.6   16.8     74  13.18    255     21  301.4  340.4  303.8
  913.0    901   20.9   16.1     74  12.74    260     21  301.8  339.6  304.1
  850.0   1517   17.0   12.1     73  10.54    265     19  303.9  335.6  305.9
  794.0   2094   13.7    9.4     76   9.44    275     17  306.4  335.1  308.1
  767.0   2387   12.0    8.1     77   8.91    267     17  307.6  334.9  309.2
  700.0   3150    8.6    7.2     91   9.18    245     16  312.0  340.6  313.7
  688.0   3293    8.0    6.3     89   8.78    245     16  312.8  340.3  314.5
  663.0   3599    6.6    4.4     86   7.97    252     16  314.6  339.8  316.1
  616.0   4197    3.5    1.2     85   6.80    265     17  317.7  339.6  319.0
  567.0   4871    0.0   -2.5     83   5.65    269     15  321.2  339.8  322.3
  500.0   5870   -5.5   -8.4     80   4.08    275     12  326.3  340.2  327.1
  492.0   5996   -6.3   -8.9     82   4.00    275     12  326.8  340.5  327.6
  474.0   6286   -8.1   -9.9     86   3.81    255     12  328.1  341.2  328.9
  460.0   6520   -9.5  -10.8     90   3.67    270     10  329.1  341.8  329.9
  456.0   6587   -9.7  -11.6     86   3.46    275     10  329.7  341.7  330.4
  430.0   7040  -11.3  -17.3     61   2.30    209      9  333.2  341.5  333.7
  421.0   7201  -12.7  -17.9     65   2.23    185      8  333.5  341.5  333.9
  405.0   7496  -15.3  -19.0     73   2.11    170     12  333.9  341.5  334.3
  400.0   7590  -16.1  -19.4     76   2.07    155     12  334.0  341.5  334.4
  389.0   7799  -17.4  -20.5     76   1.93    125     12  335.0  342.1  335.4
  374.0   8094  -19.1  -22.1     78   1.75    135     12  336.4  342.9  336.8
  371.0   8154  -19.5  -22.4     78   1.72    129     10  336.7  343.1  337.1
  359.0   8394  -21.3  -24.5     75   1.47    105      2  337.5  343.1  337.8
  345.0   8683  -23.4  -27.0     72   1.22    345      6  338.5  343.1  338.8
  331.0   8984  -25.6  -29.6     69   0.99    335      2  339.5  343.3  339.7
  318.0   9276  -27.8  -32.2     66   0.81     75      4  340.4  343.6  340.6
  300.0   9700  -30.9  -35.9     61   0.60     65     10  341.7  344.1  341.8
  268.0  10481  -37.3  -43.7     51   0.30     35     17  343.6  344.9  343.7
  255.0  10826  -40.1  -47.1     47   0.22     49     20  344.4  345.3  344.4
  250.0  10960  -41.1                          55     21  344.8         344.8
  235.0  11370  -44.9                          60     23  345.3         345.3
  200.0  12440  -54.7                          80     23  346.0         346.0
  178.0  13157  -60.6                          90     23  348.0         348.0
  150.0  14210  -69.3                          75     41  350.5         350.5
  146.0  14368  -70.4                          75     49  351.3         351.3
  125.0  15277  -76.8                          70     56  355.7         355.7
  124.0  15324  -77.1                          71     53  355.9         355.9
  112.0  15907  -77.5                          80     21  365.8         365.8
  111.0  15959  -77.5                          86     20  366.6         366.6
  107.0  16167  -79.0                         110     17  367.7         367.7
  102.0  16438  -80.9                         106     17  369.1         369.1
  101.0  16494  -80.7                         105     17  370.5         370.5
  100.0  16550  -80.5                         110     16  371.9         371.9
   91.0  17081  -82.6                         155     19  377.9         377.9
   90.6  17105  -82.7                         155     19  378.2         378.2
   86.0  17404  -80.4                         130      6  388.4         388.4
   78.0  17964  -76.2                         135     12  408.2         408.2
   74.0  18266  -73.9                          70      4  419.2         419.2
   72.6  18376  -73.1                          39      5  423.2         423.2
   70.0  18590  -72.9                         340      6  428.1         428.1
   67.0  18846  -72.8                         245      2  433.8         433.8
   65.3  18996  -72.7                         228      3  437.1         437.1
   63.0  19211  -70.0                         205      4  447.5         447.5
   60.0  19504  -66.4                         205     10  461.8         461.8
   57.0  19811  -62.6                         275     12  477.3         477.3
   56.9  19822  -62.5                         275     12  477.8         477.8
   55.0  20029  -63.4                         285     21  480.4         480.4
   52.0  20372  -64.9                         255     16  484.6         484.6
   51.3  20454  -65.3                         260     15  485.6         485.6
   50.0  20610  -64.9                         270     12  490.1         490.1
   47.0  20991  -63.8                         305      8  501.5         501.5
   45.0  21258  -63.0                         300     10  509.7         509.7
   43.0  21538  -62.2                         270     14  518.4         518.4
   42.3  21639  -61.9                         255     14  521.5         521.5
   39.0  22139  -63.6                         180     12  529.5         529.5
   37.0  22463  -64.7                         195      8  534.7         534.7
   35.0  22806  -63.2                         210      4  547.1         547.1
   33.0  23169  -61.6                         280      8  560.5         560.5
   32.1  23340  -60.9                         262      8  567.0         567.0
   32.0  23359  -60.9                         260      8  567.4         567.4
   30.0  23760  -61.7                         300     10  575.9         575.9
   26.7  24483  -61.1                         304      8  597.0         597.0
   26.0  24650  -59.7                         305      8  605.5         605.5
   25.0  24898  -57.7                         335     12  618.1         618.1
   23.4  25315  -54.3                         331     19  639.9         639.9
   23.0  25426  -54.4                         330     21  642.8         642.8
   20.0  26320  -55.1                         265     17  666.8         666.8
   18.0  26992  -55.1                         245      8  687.1         687.1
   17.0  27357  -55.1                         135      2  698.5         698.5
   16.3  27626  -55.1                         119      7  706.9         706.9
   14.7  28293  -49.9                          79     21  745.4         745.4
   14.0  28611  -50.1                          60     27  755.0         755.0
   13.0  29095  -50.5                          90     27  769.9         769.9
   12.6  29299  -50.7                          90     39  776.2         776.2
   12.0  29620  -47.1                          90     58  799.8         799.8
   11.8  29730  -45.9                                     808.0         808.0
</PRE><H3>Station information and sounding indices</H3><PRE>
                         Station identifier: WIII
                             Station number: 96749
                           Observation time: 131224/0000
                           Station latitude: -6.11
                          Station longitude: 106.65
                          Station elevation: 8.0
                            Showalter index: 3.26
                               Lifted index: 1.33
    LIFT computed using virtual temperature: 1.25
                                SWEAT index: 195.20
                                    K index: 33.20
                         Cross totals index: 17.60
                      Vertical totals index: 22.50
                        Totals totals index: 40.10
      Convective Available Potential Energy: 0.00
             CAPE using virtual temperature: 0.00
                      Convective Inhibition: 0.00
             CINS using virtual temperature: 0.00
                     Bulk Richardson Number: 0.00
          Bulk Richardson Number using CAPV: 0.00
  Temp [K] of the Lifted Condensation Level: 290.75
Pres [hPa] of the Lifted Condensation Level: 909.13
   Equivalent potential temp [K] of the LCL: 340.10
     Mean mixed layer potential temperature: 298.79
              Mean mixed layer mixing ratio: 14.17
              1000 hPa to 500 hPa thickness: 5766.00
Precipitable water [mm] for entire sounding: 53.52
</PRE>
<P>Description of the 
<A HREF="/upperair/columns.html">data columns</A>
or <A HREF="/upperair/indices.html">sounding indices</A>.

<P>
<FORM>
<INPUT CLASS="button" TYPE="button" VALUE=" Close this window " 
 onClick="window.close();">
<INPUT CLASS="button" TYPE="button" VALUE=" Select another map " 
 onClick="window.blur();">
</FORM>
<HR SIZE="1">
<I>Interested in graduate studies in atmospheric science?
Check out our program at the
<a href="http://www.uwyo.edu/atsc/howtoapply/"
target=_top>University of Wyoming
</a></I>
<HR SIZE="1"><FONT SIZE="-1">
Questions about the weather data provided by this site can be
addressed to <A HREF="mailto:ldoolman@uwyo.edu">
Larry Oolman (ldoolman@uwyo.edu)</A></FONT>
<HR SIZE="1">
<SCRIPT TYPE="text/javascript">
<!--
window.focus();
// -->
</SCRIPT>
</BODY>
</HTML>
