2013-09-28 12
<HTML>
<TITLE>University of Wyoming - Radiosonde Data</TITLE>
<BODY BGCOLOR="white">
<H2>96749 WIII Jakarta Observations at 00Z 28 Sep 2013</H2>
<PRE>
-----------------------------------------------------------------------------
   PRES   HGHT   TEMP   DWPT   RELH   MIXR   DRCT   SKNT   THTA   THTE   THTV
    hPa     m      C      C      %    g/kg    deg   knot     K      K      K 
-----------------------------------------------------------------------------
 1010.0      8   24.6   22.7     89  17.54    170      3  296.9  347.8  300.0
 1000.0    100   24.6   20.9     80  15.83    160      4  297.8  343.8  300.6
  978.0    296   24.3   20.5     79  15.77    140      8  299.3  345.6  302.2
  958.0    478   24.0   20.1     79  15.72    146      4  300.8  347.2  303.6
  945.0    598   23.1   19.9     82  15.70    150      2  301.1  347.5  303.9
  925.0    785   21.8   19.5     87  15.68      0      0  301.6  348.0  304.4
  913.0    898   20.9   18.8     88  15.19      0      0  301.8  346.8  304.6
  875.0   1266   18.0   16.5     91  13.68    263      1  302.5  343.1  304.9
  869.0   1325   18.4   11.4     64   9.83    248      1  303.5  333.1  305.3
  851.0   1504   17.1   14.4     84  12.29    200      2  303.9  340.7  306.2
  850.0   1514   17.0   14.6     86  12.44    200      2  303.9  341.2  306.2
  848.0   1534   17.0   14.6     86  12.47    203      2  304.1  341.5  306.4
  822.0   1799   15.3   12.7     84  11.32    240      4  305.0  339.2  307.1
  812.0   1904   14.6   11.9     84  10.89    245      3  305.4  338.3  307.4
  803.0   1998   15.8    7.8     59   8.33    250      3  307.6  333.3  309.2
  793.0   2104   15.2    5.4     52   7.12    255      2  308.1  330.1  309.4
  766.0   2396   13.4   -1.4     36   4.55     75      2  309.3  323.7  310.1
  744.0   2641   12.0   -7.0     26   3.05     30      4  310.3  320.2  310.9
  739.0   2698   11.8   -8.5     23   2.73     20      4  310.7  319.6  311.2
  729.0   2812   11.4  -11.6     19   2.17     45      5  311.4  318.7  311.9
  713.0   2997   11.7  -21.4      8   0.97     85      6  313.7  317.2  313.9
  707.0   3067   11.8  -25.2      6   0.70     90      7  314.6  317.1  314.8
  700.0   3150   11.2  -24.8      6   0.74     95      8  314.9  317.5  315.0
  663.0   3594    8.5  -23.8      8   0.85    135      6  316.7  319.8  316.9
  639.0   3895    6.6  -23.1     10   0.94    125      6  317.9  321.3  318.1
  616.0   4195    4.7  -22.4     12   1.04     90     10  319.1  322.9  319.4
  594.0   4492    2.9  -21.7     14   1.14     80     10  320.4  324.4  320.6
  572.0   4801    1.0  -21.0     18   1.26    105      2  321.6  326.1  321.8
  554.0   5057    0.0  -38.0      4   0.26     32      4  323.4  324.4  323.4
  551.0   5100   -0.2  -38.5      4   0.25     20      4  323.6  324.6  323.6
  531.0   5393   -1.8  -41.9      3   0.18    110      2  325.1  325.9  325.2
  511.0   5698   -3.5  -45.5      2   0.13    120      6  326.7  327.3  326.8
  501.0   5854   -4.3  -47.3      2   0.11    111     10  327.5  328.0  327.6
  500.0   5870   -4.3  -36.3      6   0.35    110     10  327.7  329.1  327.8
  473.0   6303   -7.8  -24.0     26   1.17     85     14  328.6  332.9  328.8
  471.0   6336   -8.1  -23.1     29   1.27     85     14  328.7  333.3  328.9
  455.0   6601  -10.6  -24.4     31   1.18     85     16  328.8  333.1  329.0
  446.0   6755  -12.1  -25.1     33   1.12    101     17  328.8  332.9  329.0
  438.0   6893  -12.0  -45.2      4   0.16    115     17  330.6  331.3  330.7
  433.0   6980  -11.9  -57.9      1   0.04    114     18  331.8  332.0  331.8
  400.0   7580  -15.7  -60.7      1   0.03    110     21  334.5  334.6  334.5
  359.0   8373  -21.4  -62.6      1   0.02    110     25  337.3  337.4  337.3
  317.0   9286  -28.0  -64.9      2   0.02    100     31  340.4  340.5  340.4
  300.0   9690  -30.9  -65.9      2   0.02     85     33  341.7  341.8  341.7
  267.0  10502  -37.0  -66.7      3   0.02     80     47  344.3  344.4  344.3
  252.0  10906  -40.1  -67.1      4   0.02     93     45  345.5  345.6  345.5
  250.0  10960  -40.5                          95     45  345.7         345.7
  224.0  11688  -46.8                         110     41  347.1         347.1
  200.0  12440  -53.3                          95     43  348.2         348.2
  186.0  12889  -57.1                          90     45  349.4         349.4
  161.0  13782  -64.6                          85     51  351.4         351.4
  150.0  14220  -68.3                          85     47  352.2         352.2
  127.0  15199  -75.5                          94     40  356.4         356.4
  125.0  15289  -76.1                          95     39  357.0         357.0
  113.0  15862  -79.9                         115     35  360.4         360.4
  107.0  16172  -81.9                         105     35  362.2         362.2
  101.0  16494  -82.2                         105     39  367.5         367.5
  100.0  16550  -82.3                         100     37  368.5         368.5
   99.5  16578  -82.3                          98     36  369.0         369.0
   91.0  17089  -77.4                          70     17  388.2         388.2
   87.9  17287  -75.5                          39     10  395.9         395.9
   86.0  17415  -75.3                          20      6  398.9         398.9
   78.0  17987  -74.2                         350     16  412.3         412.3
   74.0  18295  -73.7                         315     10  419.7         419.7
   70.0  18620  -73.1                         245      8  427.7         427.7
   69.8  18637  -73.1                         246      9  428.0         428.0
   67.0  18879  -71.5                         265     17  436.5         436.5
   61.7  19367  -68.3                         265     25  454.0         454.0
   55.0  20057  -67.6                         265     35  470.7         470.7
   50.0  20630  -67.1                         250     29  484.9         484.9
   47.0  21011  -65.9                         255     25  496.5         496.5
   41.0  21851  -63.2                         275     19  523.0         523.0
   39.0  22159  -62.2                         300     23  533.0         533.0
   35.1  22807  -60.1                         292     28  554.8         554.8
   34.3  22952  -57.7                         291     29  564.7         564.7
   34.0  23008  -57.7                         290     29  566.2         566.2
   30.0  23800  -57.3                         265     29  587.8         587.8
   26.6  24559  -56.9                         269     21  609.5         609.5
   26.0  24704  -55.6                         270     19  617.2         617.2
   25.0  24954  -53.3                         285     25  630.7         630.7
   24.9  24979  -53.1                         284     25  632.0         632.0
   23.0  25490  -52.8                         265     29  647.4         647.4
   21.0  26076  -52.5                         255     25  665.5         665.5
   20.0  26390  -52.3                         245     29  675.3         675.3
   19.0  26723  -51.9                         225     23  686.5         686.5
   17.0  27446  -51.1                         280     21  711.3         711.3
   16.0  27840  -50.6                         270     45  725.2         725.2
   14.5  28480  -49.9                         270     42  748.4         748.4
   13.0  29191  -50.8                         270     39  769.2         769.2
   12.0  29711  -51.4                         260     39  784.8         784.8
   11.2  30160  -51.9                                     798.5         798.5
</PRE><H3>Station information and sounding indices</H3><PRE>
                         Station identifier: WIII
                             Station number: 96749
                           Observation time: 130928/0000
                           Station latitude: -6.11
                          Station longitude: 106.65
                          Station elevation: 8.0
                            Showalter index: 2.10
                               Lifted index: 0.38
    LIFT computed using virtual temperature: -0.45
                                SWEAT index: 189.21
                                    K index: -0.10
                         Cross totals index: 18.90
                      Vertical totals index: 21.30
                        Totals totals index: 40.20
      Convective Available Potential Energy: 84.86
             CAPE using virtual temperature: 221.68
                      Convective Inhibition: -49.96
             CINS using virtual temperature: -41.28
                           Equilibrum Level: 297.85
 Equilibrum Level using virtual temperature: 292.15
                   Level of Free Convection: 822.97
             LFCT using virtual temperature: 837.46
                     Bulk Richardson Number: 50.21
          Bulk Richardson Number using CAPV: 131.16
  Temp [K] of the Lifted Condensation Level: 293.00
Pres [hPa] of the Lifted Condensation Level: 931.51
   Equivalent potential temp [K] of the LCL: 345.57
     Mean mixed layer potential temperature: 299.02
              Mean mixed layer mixing ratio: 15.93
              1000 hPa to 500 hPa thickness: 5770.00
Precipitable water [mm] for entire sounding: 35.66
</PRE>
<P>Description of the 
<A HREF="/upperair/columns.html">data columns</A>
or <A HREF="/upperair/indices.html">sounding indices</A>.

<P>
<FORM>
<INPUT CLASS="button" TYPE="button" VALUE=" Close this window " 
 onClick="window.close();">
<INPUT CLASS="button" TYPE="button" VALUE=" Select another map " 
 onClick="window.blur();">
</FORM>
<HR SIZE="1">
<I>Interested in graduate studies in atmospheric science?
Check out our program at the
<a href="http://www.uwyo.edu/atsc/howtoapply/"
target=_top>University of Wyoming
</a></I>
<HR SIZE="1"><FONT SIZE="-1">
Questions about the weather data provided by this site can be
addressed to <A HREF="mailto:ldoolman@uwyo.edu">
Larry Oolman (ldoolman@uwyo.edu)</A></FONT>
<HR SIZE="1">
<SCRIPT TYPE="text/javascript">
<!--
window.focus();
// -->
</SCRIPT>
</BODY>
</HTML>
