2014-08-15 12
<HTML>
<TITLE>University of Wyoming - Radiosonde Data</TITLE>
<BODY BGCOLOR="white">
<H2>96749 WIII Jakarta Observations at 00Z 15 Aug 2014</H2>
<PRE>
-----------------------------------------------------------------------------
   PRES   HGHT   TEMP   DWPT   RELH   MIXR   DRCT   SKNT   THTA   THTE   THTV
    hPa     m      C      C      %    g/kg    deg   knot     K      K      K 
-----------------------------------------------------------------------------
 1013.0      8   22.8   21.4     92  16.12    200      6  294.9  341.2  297.7
 1012.0     17   24.4   22.5     89  17.29    197      6  296.5  346.6  299.6
 1000.0    120   25.0   22.3     85  17.28    165      6  298.1  348.5  301.2
  980.0    298   24.4   21.5     84  16.78    105      8  299.2  348.4  302.2
  975.0    343   24.2   21.3     84  16.66    103      8  299.5  348.4  302.5
  925.0    802   20.6   18.2     86  14.43     85     12  300.4  342.9  303.0
  915.0    896   20.1   17.5     85  13.99     85     14  300.8  342.1  303.3
  850.0   1530   16.6   13.1     80  11.27     95     16  303.5  337.3  305.6
  796.0   2088   14.2   11.5     84  10.82    110     10  306.7  339.6  308.7
  795.0   2099   14.2   11.3     83  10.66    110     10  306.8  339.2  308.7
  767.0   2399   13.0    4.6     57   6.99    125     12  308.7  330.4  310.0
  711.0   3035   10.6   -9.4     24   2.65     88     10  312.8  321.6  313.3
  700.0   3165    9.8   -9.2     25   2.73     80     10  313.3  322.4  313.8
  689.0   3296    9.0   -9.2     27   2.78     65     10  313.8  323.1  314.4
  673.0   3490    7.8   -9.2     29   2.84     68      7  314.6  324.1  315.1
  664.0   3600    7.0   -7.0     36   3.43     70      6  314.9  326.2  315.5
  640.0   3902    4.7   -0.8     67   5.66    105      2  315.6  333.8  316.7
  633.0   3992    4.0    1.0     81   6.54    110      3  315.8  336.8  317.1
  627.0   4069    4.8   -7.2     41   3.57    113      4  317.6  329.5  318.3
  626.0   4083    4.8   -3.2     56   4.85    114      4  317.8  333.6  318.7
  621.0   4148    5.4   -9.6     33   2.99    117      5  319.2  329.2  319.8
  617.0   4200    5.0  -10.1     33   2.89    120      6  319.4  329.1  319.9
  595.0   4494    3.0  -12.8     30   2.41     80      4  320.4  328.6  320.8
  573.0   4798    1.0  -15.7     28   1.98     85      2  321.4  328.3  321.8
  563.0   4941    0.0  -17.0     27   1.80    109      4  321.9  328.2  322.2
  552.0   5097   -0.9  -19.6     23   1.47    135      6  322.6  327.8  322.9
  500.0   5880   -5.7  -32.7     10   0.49     80     12  326.0  327.9  326.1
  493.0   5990   -6.4  -33.3     10   0.47     75     12  326.4  328.2  326.5
  456.0   6596  -10.5  -36.5     10   0.37    120      6  328.7  330.2  328.8
  439.0   6885  -12.8  -33.6     16   0.51    160      8  329.4  331.4  329.5
  422.0   7186  -15.2  -30.5     26   0.72    165      8  330.0  332.7  330.2
  412.0   7368  -16.7  -28.7     35   0.87    152      8  330.4  333.7  330.6
  400.0   7590  -18.1  -36.1     19   0.44    135      8  331.4  333.1  331.5
  389.0   7797  -19.1  -39.5     15   0.32    130      8  332.7  334.0  332.7
  377.0   8030  -20.3  -43.3     11   0.22     89      7  334.1  335.0  334.2
  373.0   8108  -20.7  -44.6     10   0.19     75      6  334.6  335.4  334.6
  358.0   8407  -22.4  -49.6      6   0.12     75      8  336.3  336.8  336.4
  317.0   9292  -27.2  -64.6      2   0.02    135     16  341.5  341.6  341.5
  307.0   9525  -28.5  -68.5      1   0.01    139     16  342.8  342.9  342.8
  304.0   9595  -29.1  -67.0      1   0.02    140     16  342.9  343.0  343.0
  300.0   9690  -29.9  -64.9      2   0.02    135     16  343.1  343.2  343.1
  257.0  10772  -40.1  -59.1     11   0.05     84     16  343.6  343.8  343.6
  250.0  10960  -41.7                          75     16  343.9         343.9
  234.0  11396  -45.3                          50     19  345.0         345.0
  204.0  12300  -52.8                          45     41  347.0         347.0
  200.0  12430  -53.9                          45     41  347.2         347.2
  150.0  14210  -69.7                          70     23  349.8         349.8
  138.0  14697  -73.0                          75     19  352.4         352.4
  124.0  15321  -77.3                          72     22  355.6         355.6
  118.0  15604  -78.9                          70     23  357.7         357.7
  101.0  16493  -76.5                          60     31  378.7         378.7
  100.0  16550  -76.3                          60     29  380.1         380.1
   96.0  16788  -73.2                          45     16  390.6         390.6
   93.7  16930  -71.3                         348     16  397.0         397.0
   91.0  17102  -71.7                         280     17  399.6         399.6
   87.0  17366  -72.2                         240     16  403.7         403.7
   82.0  17714  -73.0                         230     12  409.1         409.1
   79.8  17874  -73.3                         243     14  411.6         411.6
   71.0  18566  -69.2                         300     21  434.2         434.2
   70.0  18650  -68.7                         295     21  437.1         437.1
   69.0  18736  -68.1                         293     21  440.2         440.2
   58.0  19777  -69.3                         267     20  459.9         459.9
   50.0  20670  -66.5                         245     19  486.4         486.4
   47.0  21047  -65.2                         240     12  498.1         498.1
   45.0  21313  -64.3                          70      2  506.5         506.5
   43.7  21492  -63.7                          89      5  512.3         512.3
   43.0  21592  -63.0                         100      6  516.5         516.5
   38.6  22264  -58.1                         100     24  545.0         545.0
   37.0  22529  -58.9                         100     31  549.5         549.5
   34.0  23058  -60.5                          85     45  558.7         558.7
   32.3  23379  -61.5                          85     46  564.4         564.4
   30.0  23840  -58.9                          85     47  583.5         583.5
   28.5  24161  -57.1                          87     49  597.1         597.1
   27.0  24502  -57.1                          90     51  606.4         606.4
   20.0  26390  -57.1                          80     47  660.6         660.6
   19.1  26681  -56.7                          84     47  670.6         670.6
   19.0  26715  -56.6                          85     47  671.9         671.9
   14.0  28680  -51.1                          95     58  751.7         751.7
   13.2  29058  -50.1                          91     58  768.0         768.0
   13.0  29159  -49.7                          90     58  772.8         772.8
   11.0  30262  -45.3                          85     49  826.4         826.4
   10.9  30322  -45.1                                     829.4         829.4
</PRE><H3>Station information and sounding indices</H3><PRE>
                         Station identifier: WIII
                             Station number: 96749
                           Observation time: 140815/0000
                           Station latitude: -6.11
                          Station longitude: 106.65
                          Station elevation: 8.0
                            Showalter index: 2.34
                               Lifted index: -1.83
    LIFT computed using virtual temperature: -2.69
                                SWEAT index: 201.22
                                    K index: 16.40
                         Cross totals index: 18.80
                      Vertical totals index: 22.30
                        Totals totals index: 41.10
      Convective Available Potential Energy: 546.94
             CAPE using virtual temperature: 771.03
                      Convective Inhibition: -12.31
             CINS using virtual temperature: -7.12
                           Equilibrum Level: 201.32
 Equilibrum Level using virtual temperature: 201.20
                   Level of Free Convection: 886.75
             LFCT using virtual temperature: 915.66
                     Bulk Richardson Number: 229.96
          Bulk Richardson Number using CAPV: 324.18
  Temp [K] of the Lifted Condensation Level: 294.09
Pres [hPa] of the Lifted Condensation Level: 946.92
   Equivalent potential temp [K] of the LCL: 347.74
     Mean mixed layer potential temperature: 298.73
              Mean mixed layer mixing ratio: 16.79
              1000 hPa to 500 hPa thickness: 5760.00
Precipitable water [mm] for entire sounding: 42.08
</PRE>
<P>Description of the 
<A HREF="/upperair/columns.html">data columns</A>
or <A HREF="/upperair/indices.html">sounding indices</A>.

<P>
<FORM>
<INPUT CLASS="button" TYPE="button" VALUE=" Close this window " 
 onClick="window.close();">
<INPUT CLASS="button" TYPE="button" VALUE=" Select another map " 
 onClick="window.blur();">
</FORM>
<HR SIZE="1">
<I>Interested in graduate studies in atmospheric science?
Check out our program at the
<a href="http://www.uwyo.edu/atsc/howtoapply/"
target=_top>University of Wyoming
</a></I>
<HR SIZE="1"><FONT SIZE="-1">
Questions about the weather data provided by this site can be
addressed to <A HREF="mailto:ldoolman@uwyo.edu">
Larry Oolman (ldoolman@uwyo.edu)</A></FONT>
<HR SIZE="1">
<SCRIPT TYPE="text/javascript">
<!--
window.focus();
// -->
</SCRIPT>
</BODY>
</HTML>
