2013-02-04 00
<HTML>
<TITLE>University of Wyoming - Radiosonde Data</TITLE>
<BODY BGCOLOR="white">
<H2>96749 WIII Jakarta Observations at 00Z 04 Feb 2013</H2>
<PRE>
-----------------------------------------------------------------------------
   PRES   HGHT   TEMP   DWPT   RELH   MIXR   DRCT   SKNT   THTA   THTE   THTV
    hPa     m      C      C      %    g/kg    deg   knot     K      K      K 
-----------------------------------------------------------------------------
 1009.0      8   24.6   23.7     95  18.69    200      2  297.0  351.2  300.3
 1000.0     90   25.8   22.7     83  17.72    150      4  298.9  350.8  302.1
  996.0    126   26.2   22.5     80  17.57    129      4  299.7  351.3  302.8
  977.0    295   25.3   21.3     78  16.60     30      6  300.5  349.3  303.4
  925.0    777   22.8   17.8     73  14.06     20      4  302.6  344.4  305.2
  912.0    899   21.9   17.2     75  13.77     15      4  302.9  343.9  305.4
  851.0   1497   17.5   14.6     83  12.38     55      2  304.3  341.5  306.6
  850.0   1507   17.4   14.5     83  12.36     55      2  304.4  341.4  306.6
  821.0   1801   15.8   13.2     84  11.73    135      4  305.8  341.2  307.9
  793.0   2096   14.3   11.9     85  11.13    125      6  307.1  341.0  309.2
  757.0   2490   12.2   10.1     87  10.36    106      9  309.0  340.8  310.9
  738.0   2703   11.6    8.8     83   9.70     95     10  310.5  340.5  312.3
  700.0   3145   10.2    6.0     75   8.45    110     12  313.8  340.3  315.4
  687.0   3301    9.6    4.8     72   7.94    115     12  314.7  339.9  316.2
  656.0   3685    8.0    2.0     66   6.79     80      8  317.1  339.0  318.4
  639.0   3899    6.6    1.2     69   6.57     60      6  317.9  339.1  319.1
  616.0   4198    4.5    0.1     73   6.28     95      8  318.9  339.3  320.1
  594.0   4494    2.5   -1.1     77   6.00     90      6  319.9  339.5  321.1
  572.0   4802    0.5   -2.2     82   5.71     45     10  321.0  339.8  322.1
  567.0   4873    0.0   -2.5     83   5.65     43     10  321.2  339.8  322.3
  531.0   5393   -3.7   -6.2     83   4.57     25     10  322.9  338.1  323.8
  511.0   5698   -5.9   -8.3     83   4.03     65      8  323.8  337.4  324.6
  500.0   5870   -7.1   -9.5     83   3.74     45     10  324.3  337.0  325.1
  492.0   5995   -7.9  -10.5     81   3.50     30     10  324.8  336.8  325.5
  475.0   6267   -9.7  -12.8     78   3.02     79      8  325.9  336.3  326.5
  473.0   6300   -9.6  -12.7     78   3.07     85      8  326.4  337.0  327.0
  464.0   6448   -9.3  -12.1     80   3.28     85      9  328.6  339.9  329.2
  458.0   6548   -9.3  -16.3     57   2.35     85      9  329.8  338.1  330.3
  439.0   6873  -11.1  -20.1     47   1.78     85     11  331.5  338.0  331.9
  424.0   7139  -12.3  -21.3     47   1.66     85     12  333.3  339.4  333.6
  421.0   7193  -12.7  -23.6     40   1.37     85     12  333.5  338.6  333.8
  413.0   7339  -13.7  -29.7     25   0.79     93     12  334.0  337.1  334.2
  400.0   7580  -15.3  -28.3     32   0.93    105     12  335.0  338.6  335.2
  399.0   7599  -15.5  -28.5     32   0.92    105     12  335.0  338.5  335.2
  397.0   7637  -15.5  -38.5     12   0.35    106     13  335.5  336.9  335.6
  389.0   7790  -16.8  -32.9     23   0.62    110     14  335.8  338.2  335.9
  382.0   7927  -17.9  -27.9     41   1.01    111     14  336.0  339.9  336.2
  375.0   8065  -18.7  -22.8     70   1.64    111     14  336.8  342.8  337.1
  369.0   8186  -19.1  -28.1     45   1.03    112     14  337.8  341.7  338.0
  367.0   8226  -18.9  -40.9     12   0.29    112     14  338.6  339.8  338.6
  343.0   8728  -22.5  -38.5     22   0.40    114     14  340.3  341.9  340.4
  340.0   8792  -23.1  -31.1     48   0.84    114     14  340.3  343.6  340.5
  331.0   8988  -24.3  -34.1     40   0.65    115     14  341.3  343.9  341.4
  325.0   9122  -25.1  -36.1     35   0.54    124     14  342.0  344.2  342.1
  323.0   9167  -25.3  -43.3     17   0.26    127     14  342.3  343.4  342.4
  305.0   9581  -28.6  -45.0     19   0.23    155     14  343.4  344.4  343.4
  300.0   9700  -29.5  -45.5     20   0.22    150     14  343.7  344.6  343.7
  287.0  10014  -32.5  -45.5     26   0.23    150     10  343.8  344.8  343.8
  280.0  10187  -33.9  -41.9     44   0.35    150      8  344.2  345.6  344.3
  257.0  10779  -38.6  -51.1     25   0.14    190     12  345.8  346.4  345.9
  250.0  10970  -40.1  -54.1     21   0.10    195     10  346.3  346.8  346.3
  200.0  12450  -53.5                         200      8  347.9         347.9
  195.0  12607  -54.9                         200      8  348.2         348.2
  153.0  14107  -67.8                         240     14  351.0         351.0
  150.0  14230  -68.9                         235     14  351.2         351.2
  119.0  15555  -79.0                         195     14  356.8         356.8
  107.0  16163  -83.6                         135     14  359.0         359.0
  101.0  16493  -86.1                         130     14  360.2         360.2
  100.0  16550  -86.5                         125     14  360.4         360.4
   96.6  16739  -87.1                         105     12  362.8         362.8
   96.0  16773  -87.1                          95     14  363.5         363.5
   88.1  17241  -86.7                          79     27  373.2         373.2
   86.0  17376  -85.0                          75     31  379.3         379.3
   81.0  17711  -80.8                          65     19  394.5         394.5
   78.2  17907  -78.3                          16     19  403.6         403.6
   77.0  17996  -78.3                         355     19  405.4         405.4
   70.0  18540  -78.1                         300      6  417.0         417.0
   69.0  18622  -78.1                         295      4  418.7         418.7
   66.0  18875  -78.2                         200     12  423.9         423.9
   62.0  19231  -78.2                         190     23  431.4         431.4
   56.8  19731  -78.3                         117     30  442.2         442.2
   56.0  19812  -78.1                         105     31  444.4         444.4
   51.0  20347  -76.8                          75     41  459.6         459.6
   50.0  20460  -76.5                          80     41  462.8         462.8
   41.0  21616  -71.9                         100     54  501.3         501.3
   40.3  21717  -71.5                         101     58  504.8         504.8
   35.4  22520  -62.1                         105     84  548.2         548.2
   35.0  22591  -61.3                         105     84  552.1         552.1
   30.4  23464  -51.1                          82     47  602.4         602.4
   30.0  23550  -51.5                          80     43  603.6         603.6
   29.0  23768  -52.2                          70     35  607.5         607.5
   26.0  24470  -54.6                          70     10  620.1         620.1
   24.9  24747  -55.5                          85      4  625.1         625.1
   24.0  24983  -55.1                         190      4  632.9         632.9
   23.0  25255  -54.7                         190      8  641.9         641.9
   21.0  25837  -53.8                          55      2  661.6         661.6
   20.9  25867  -53.7                          48      2  662.7         662.7
   20.0  26150  -53.3                         340      4  672.3         672.3
   19.0  26487  -52.5                          65      2  684.6         684.6
   18.0  26841  -51.7                         195      2  697.9         697.9
   15.0  28038  -48.9                         120     23  744.5         744.5
   14.0  28490  -47.8                          85     16  762.9         762.9
   12.0  29502  -45.5                          75     10  805.6         805.6
   11.4  29838  -44.7                                     820.3         820.3
</PRE><H3>Station information and sounding indices</H3><PRE>
                         Station identifier: WIII
                             Station number: 96749
                           Observation time: 130204/0000
                           Station latitude: -6.11
                          Station longitude: 106.65
                          Station elevation: 8.0
                            Showalter index: -0.80
                               Lifted index: -3.86
    LIFT computed using virtual temperature: -4.24
                                SWEAT index: 188.01
                                    K index: 34.80
                         Cross totals index: 21.60
                      Vertical totals index: 24.50
                        Totals totals index: 46.10
      Convective Available Potential Energy: 552.24
             CAPE using virtual temperature: 674.77
                      Convective Inhibition: -43.63
             CINS using virtual temperature: -30.84
                           Equilibrum Level: 183.18
 Equilibrum Level using virtual temperature: 181.42
                   Level of Free Convection: 852.82
             LFCT using virtual temperature: 867.09
                     Bulk Richardson Number: 510.60
          Bulk Richardson Number using CAPV: 623.89
  Temp [K] of the Lifted Condensation Level: 293.84
Pres [hPa] of the Lifted Condensation Level: 929.68
   Equivalent potential temp [K] of the LCL: 349.46
     Mean mixed layer potential temperature: 300.04
              Mean mixed layer mixing ratio: 16.86
              1000 hPa to 500 hPa thickness: 5780.00
Precipitable water [mm] for entire sounding: 55.41
</PRE>
<P>Description of the 
<A HREF="/upperair/columns.html">data columns</A>
or <A HREF="/upperair/indices.html">sounding indices</A>.

<P>
<FORM>
<INPUT CLASS="button" TYPE="button" VALUE=" Close this window " 
 onClick="window.close();">
<INPUT CLASS="button" TYPE="button" VALUE=" Select another map " 
 onClick="window.blur();">
</FORM>
<HR SIZE="1">
<I>Interested in graduate studies in atmospheric science?
Check out our program at the
<a href="http://www.uwyo.edu/atsc/howtoapply/"
target=_top>University of Wyoming
</a></I>
<HR SIZE="1"><FONT SIZE="-1">
Questions about the weather data provided by this site can be
addressed to <A HREF="mailto:ldoolman@uwyo.edu">
Larry Oolman (ldoolman@uwyo.edu)</A></FONT>
<HR SIZE="1">
<SCRIPT TYPE="text/javascript">
<!--
window.focus();
// -->
</SCRIPT>
</BODY>
</HTML>
