2013-03-17 00
<HTML>
<TITLE>University of Wyoming - Radiosonde Data</TITLE>
<BODY BGCOLOR="white">
<H2>96749 WIII Jakarta Observations at 00Z 17 Mar 2013</H2>
<PRE>
-----------------------------------------------------------------------------
   PRES   HGHT   TEMP   DWPT   RELH   MIXR   DRCT   SKNT   THTA   THTE   THTV
    hPa     m      C      C      %    g/kg    deg   knot     K      K      K 
-----------------------------------------------------------------------------
 1010.0      8   24.6   23.7     95  18.67    220      2  296.9  351.1  300.2
 1000.0     99   25.2   20.7     76  15.63    225      6  298.4  344.0  301.1
  996.0    134   25.2   20.2     74  15.20    227      7  298.7  343.1  301.4
  978.0    295   25.2   19.4     70  14.77    235     14  300.2  343.7  302.9
  972.0    349   25.2   19.2     69  14.63    236     14  300.8  343.9  303.4
  925.0    784   23.0   16.0     65  12.51    240     14  302.8  340.1  305.1
  913.0    897   22.2   15.1     64  11.94    245     14  303.2  338.8  305.3
  882.0   1196   20.2   12.6     62  10.51    255     14  304.1  335.7  306.0
  850.0   1516   18.0   10.0     60   9.15    240     14  305.0  332.7  306.7
  793.0   2108   15.1    7.9     62   8.52    235      8  308.0  334.2  309.6
  779.0   2259   14.4    7.4     63   8.36    231      8  308.8  334.6  310.4
  713.0   3002    9.8    5.6     75   8.05    210      6  311.6  336.8  313.1
  700.0   3156    8.8    5.2     78   7.98    200      6  312.2  337.2  313.7
  668.0   3543    7.0    2.0     70   6.66    180      7  314.4  335.6  315.6
  663.0   3605    7.0   -1.0     57   5.39    177      7  315.1  332.4  316.1
  616.0   4205    3.3   -1.3     71   5.67    145      8  317.5  335.9  318.6
  607.0   4325    2.6   -1.4     75   5.72    144      8  318.0  336.6  319.1
  575.0   4761    0.0   -4.6     71   4.75    138      6  319.9  335.6  320.9
  534.0   5351   -3.5   -4.9     90   5.01    131      4  322.6  339.2  323.6
  530.0   5410   -3.7   -5.5     87   4.82    130      4  323.1  339.1  324.0
  500.0   5870   -5.1  -10.1     68   3.57    125      6  326.8  339.0  327.5
  490.0   6029   -6.1  -16.1     45   2.23    123      6  327.4  335.3  327.9
  485.0   6109   -6.7  -17.7     41   1.97    122      5  327.6  334.7  328.0
  478.0   6222   -7.7  -11.9     72   3.23    120      5  327.8  339.0  328.4
  455.0   6602   -9.9  -14.4     70   2.78    115      4  329.7  339.5  330.3
  438.0   6896  -11.6  -16.3     68   2.46    140      6  331.2  339.9  331.7
  419.0   7238  -13.5  -18.5     66   2.13    130      7  332.9  340.6  333.3
  400.0   7590  -15.3  -20.3     66   1.92    120      8  335.0  342.0  335.4
  394.0   7705  -15.9  -22.9     55   1.55    118      8  335.7  341.4  336.0
  374.0   8097  -18.1  -28.7     39   0.96    110     10  337.8  341.5  338.0
  372.0   8137  -18.3  -29.3     37   0.91    111     10  338.1  341.6  338.2
  345.0   8697  -23.1  -28.1     64   1.10    130      8  338.9  343.1  339.1
  331.0   8997  -25.2  -31.7     55   0.82    120      4  340.0  343.2  340.2
  305.0   9590  -29.4  -38.9     40   0.44     50      4  342.1  343.9  342.2
  300.0   9710  -30.3  -40.3     37   0.38     75      4  342.6  344.1  342.6
  292.0   9897  -31.9  -42.2     35   0.32    120      6  343.0  344.3  343.1
  280.0  10187  -34.3  -45.1     33   0.25    135      8  343.7  344.7  343.7
  268.0  10491  -36.8  -48.1     30   0.18     85     10  344.3  345.1  344.4
  253.0  10889  -40.1  -52.1     27   0.12     73      8  345.1  345.7  345.2
  250.0  10970  -40.7                          70      8  345.4         345.4
  235.0  11380  -44.2                          70      6  346.2         346.2
  215.0  11970  -49.4                          70      8  347.2         347.2
  205.0  12286  -52.1                          40      8  347.7         347.7
  200.0  12450  -53.5                          65     10  347.9         347.9
  196.0  12576  -54.5                          85     10  348.2         348.2
  170.0  13461  -61.9                          60      8  350.6         350.6
  162.0  13761  -64.3                         100      6  351.2         351.2
  154.0  14076  -67.0                         105     10  351.9         351.9
  150.0  14240  -68.3                         125     10  352.2         352.2
  146.0  14397  -69.4                         140     10  353.1         353.1
  132.0  14983  -73.5                         155     12  356.0         356.0
  119.0  15586  -77.8                         130      8  358.9         358.9
  113.0  15886  -79.9                          55     10  360.2         360.2
  112.0  15938  -80.3                          40     12  360.5         360.5
  107.0  16197  -79.0                          15     21  367.6         367.6
  105.0  16304  -78.5                          11     21  370.6         370.6
  102.0  16468  -79.6                           5     21  371.6         371.6
  100.0  16580  -80.3                          10     19  372.3         372.3
   91.0  17111  -81.1                          25      8  381.0         381.0
   87.0  17364  -81.4                          60      8  385.2         385.2
   84.1  17555  -81.7                          92     13  388.4         388.4
   82.0  17699  -80.8                         115     16  393.1         393.1
   78.0  17982  -78.9                         120     29  402.7         402.7
   74.4  18251  -77.1                          96     25  411.9         411.9
   70.0  18600  -78.1                          65     19  417.0         417.0
   64.0  19112  -79.1                          82     13  425.6         425.6
   60.0  19479  -79.0                          95      8  433.7         433.7
   57.0  19771  -79.0                         120     16  440.2         440.2
   54.3  20048  -78.9                         113     24  446.5         446.5
   50.0  20520  -77.3                         100     37  460.9         460.9
   48.3  20719  -75.5                          96     44  469.8         469.8
   46.0  21006  -70.3                          90     54  488.9         488.9
   45.3  21097  -68.7                          91     56  494.9         494.9
   38.0  22183  -62.6                         100     76  535.9         535.9
   37.7  22232  -62.3                         100     76  537.9         537.9
   33.0  23056  -57.7                          75     54  570.9         570.9
   30.6  23523  -55.1                          71     25  590.5         590.5
   30.0  23650  -51.3                          70     17  604.2         604.2
   29.0  23870  -51.6                         110      6  609.1         609.1
   27.0  24332  -52.4                         195      6  619.6         619.6
   26.0  24577  -52.8                         235     12  625.2         625.2
   25.0  24831  -53.2                         245     12  631.1         631.1
   24.0  25095  -53.6                         150     10  637.2         637.2
   22.9  25399  -54.1                         161     18  644.4         644.4
   22.0  25660  -52.7                         170     25  655.9         655.9
   21.0  25963  -51.2                         155     17  669.4         669.4
   20.0  26280  -49.5                         105     16  683.9         683.9
   19.0  26618  -47.8                          30     27  699.3         699.3
   18.4  26829  -46.7                          17     23  709.1         709.1
   17.0  27352  -46.8                         345     12  724.9         724.9
   16.0  27753  -47.0                          90      4  737.2         737.2
   15.0  28180  -47.1                          35     21  750.5         750.5
   14.0  28636  -47.2                         100     14  765.1         765.1
   13.0  29126  -47.3                         105      8  781.0         781.0
   11.0  30230  -47.6                          80     19  818.0         818.0
   10.6  30475  -47.7                          88     17  826.5         826.5
   10.0  30860  -47.1                         100     14  842.6         842.6
    9.3  31342  -45.5                                     866.4         866.4
</PRE><H3>Station information and sounding indices</H3><PRE>
                         Station identifier: WIII
                             Station number: 96749
                           Observation time: 130317/0000
                           Station latitude: -6.11
                          Station longitude: 106.65
                          Station elevation: 8.0
                            Showalter index: 4.96
                               Lifted index: 0.19
    LIFT computed using virtual temperature: -0.08
                                SWEAT index: 154.01
                                    K index: 29.50
                         Cross totals index: 15.10
                      Vertical totals index: 23.10
                        Totals totals index: 38.20
      Convective Available Potential Energy: 48.19
             CAPE using virtual temperature: 92.14
                      Convective Inhibition: -159.68
             CINS using virtual temperature: -105.24
                           Equilibrum Level: 433.01
 Equilibrum Level using virtual temperature: 419.12
                   Level of Free Convection: 637.69
             LFCT using virtual temperature: 721.77
                     Bulk Richardson Number: 18.41
          Bulk Richardson Number using CAPV: 35.20
  Temp [K] of the Lifted Condensation Level: 291.80
Pres [hPa] of the Lifted Condensation Level: 910.74
   Equivalent potential temp [K] of the LCL: 343.97
     Mean mixed layer potential temperature: 299.71
              Mean mixed layer mixing ratio: 15.14
              1000 hPa to 500 hPa thickness: 5771.00
Precipitable water [mm] for entire sounding: 48.49
</PRE>
<P>Description of the 
<A HREF="/upperair/columns.html">data columns</A>
or <A HREF="/upperair/indices.html">sounding indices</A>.

<P>
<FORM>
<INPUT CLASS="button" TYPE="button" VALUE=" Close this window " 
 onClick="window.close();">
<INPUT CLASS="button" TYPE="button" VALUE=" Select another map " 
 onClick="window.blur();">
</FORM>
<HR SIZE="1">
<I>Interested in graduate studies in atmospheric science?
Check out our program at the
<a href="http://www.uwyo.edu/atsc/howtoapply/"
target=_top>University of Wyoming
</a></I>
<HR SIZE="1"><FONT SIZE="-1">
Questions about the weather data provided by this site can be
addressed to <A HREF="mailto:ldoolman@uwyo.edu">
Larry Oolman (ldoolman@uwyo.edu)</A></FONT>
<HR SIZE="1">
<SCRIPT TYPE="text/javascript">
<!--
window.focus();
// -->
</SCRIPT>
</BODY>
</HTML>
