2014-07-18 12
<HTML>
<TITLE>University of Wyoming - Radiosonde Data</TITLE>
<BODY BGCOLOR="white">
<H2>96749 WIII Jakarta Observations at 00Z 18 Jul 2014</H2>
<PRE>
-----------------------------------------------------------------------------
   PRES   HGHT   TEMP   DWPT   RELH   MIXR   DRCT   SKNT   THTA   THTE   THTV
    hPa     m      C      C      %    g/kg    deg   knot     K      K      K 
-----------------------------------------------------------------------------
 1010.0      8   24.4   22.5     89  17.32    200      3  296.7  346.9  299.8
 1009.0     17   24.4   22.5     89  17.34    200      3  296.8  347.1  299.9
 1000.0     97   24.6   21.5     83  16.44    195      2  297.8  345.6  300.7
  983.0    248   24.6   20.7     79  15.90    180      2  299.2  345.8  302.1
  977.0    301   24.3   20.4     79  15.75    175      2  299.4  345.6  302.2
  944.0    602   22.5   19.0     81  14.91     55      4  300.5  344.5  303.2
  925.0    780   21.4   18.2     82  14.43    140      4  301.2  343.8  303.8
  913.0    893   20.9   17.5     81  13.98    200      4  301.8  343.2  304.3
  882.0   1191   19.5   15.7     79  12.85    185      6  303.3  341.7  305.7
  851.0   1500   18.1   13.8     76  11.76    225     14  304.9  340.3  307.1
  850.0   1510   18.0   13.7     76  11.72    225     14  305.0  340.3  307.1
  793.0   2098   15.1   11.0     76  10.51    220     14  308.0  340.2  310.0
  739.0   2696   12.2    8.3     77   9.37    230     14  311.1  340.2  312.9
  728.0   2823   11.6    7.7     77   9.14    226     12  311.8  340.3  313.5
  700.0   3151   10.2    5.2     71   7.98    215      8  313.8  338.9  315.3
  691.0   3259    9.2    5.2     76   8.09    215      8  313.8  339.3  315.3
  688.0   3294    9.0    5.0     76   8.01    215      8  314.0  339.2  315.5
  663.0   3597    7.3    3.3     76   7.38    195      2  315.4  338.8  316.8
  640.0   3886    5.6    1.7     76   6.81    120      4  316.7  338.5  318.0
  616.0   4199    3.8   -0.1     76   6.23    165      6  318.1  338.3  319.3
  594.0   4496    2.1   -1.7     76   5.72    165      8  319.4  338.1  320.5
  580.0   4691    1.0   -2.8     76   5.40    238      5  320.3  338.1  321.4
  572.0   4803    0.5   -5.9     62   4.33    280      4  321.0  335.4  321.9
  564.0   4916    0.0   -9.0     51   3.45    314      4  321.7  333.4  322.4
  552.0   5087   -1.2   -9.4     54   3.41      5      4  322.3  333.9  323.0
  531.0   5394   -3.3  -10.1     59   3.35    355      6  323.4  334.8  324.0
  511.0   5698   -5.3  -10.8     65   3.29     25      4  324.4  335.7  325.1
  504.0   5808   -6.1  -11.1     68   3.27     47      4  324.8  336.0  325.4
  500.0   5870   -6.5  -11.2     69   3.27     60      4  325.1  336.2  325.7
  492.0   5994   -7.3  -11.9     69   3.14     85      4  325.6  336.4  326.2
  473.0   6297   -9.1  -13.7     70   2.83     65      8  327.0  336.8  327.5
  455.0   6596  -11.0  -15.4     70   2.56    125      6  328.3  337.3  328.8
  437.0   6906  -12.9  -17.1     70   2.30    160      6  329.7  337.9  330.1
  420.0   7212  -14.8  -18.9     71   2.06    260      4  331.0  338.4  331.4
  419.0   7230  -14.9  -19.0     71   2.04    257      4  331.1  338.5  331.5
  404.0   7505  -16.2  -18.8     80   2.16    215     12  332.9  340.8  333.4
  400.0   7580  -16.5  -18.7     83   2.20    215     14  333.5  341.4  333.9
  373.0   8102  -20.3  -24.0     72   1.48    183     18  335.1  340.6  335.4
  371.0   8142  -19.7  -38.7     17   0.36    180     18  336.5  337.9  336.5
  370.0   8162  -19.5  -46.5      7   0.16    179     19  337.0  337.6  337.0
  344.0   8696  -22.6  -54.1      4   0.07    145     23  339.8  340.1  339.8
  319.0   9249  -25.9  -61.9      2   0.03    131     18  342.7  342.8  342.7
  300.0   9690  -29.9  -57.9      5   0.05    120     14  343.1  343.4  343.1
  291.0   9902  -31.7  -57.9      6   0.05    105     14  343.6  343.8  343.6
  267.0  10503  -36.7  -58.0      9   0.06     70     21  344.8  345.1  344.8
  252.0  10906  -40.1  -58.1     13   0.06     83     17  345.5  345.8  345.5
  250.0  10960  -40.7                          85     16  345.4         345.4
  234.0  11396  -44.7                          90     16  345.9         345.9
  204.0  12300  -53.1                          70     25  346.6         346.6
  200.0  12430  -54.3                          70     25  346.6         346.6
  186.0  12883  -57.8                          80     25  348.3         348.3
  160.0  13823  -65.0                          40     41  351.4         351.4
  155.0  14022  -66.5                          40     43  352.0         352.0
  150.0  14220  -67.3                          40     45  354.0         354.0
  136.0  14806  -69.1                          43     52  360.8         360.8
  125.0  15300  -72.0                          45     58  364.4         364.4
  113.0  15892  -75.5                          25     27  368.5         368.5
  107.0  16208  -73.8                         285     14  377.5         377.5
  106.0  16262  -73.5                         276     15  379.1         379.1
  102.0  16485  -75.0                         240     19  380.5         380.5
  100.0  16600  -75.7                         240     17  381.2         381.2
   91.0  17139  -78.1                         225     17  386.9         386.9
   83.9  17602  -80.1                         255     19  391.9         391.9
   82.0  17732  -79.9                         245     21  394.9         394.9
   74.0  18313  -79.1                         200     16  408.4         408.4
   72.6  18422  -78.9                         226     15  411.0         411.0
   70.0  18630  -76.5                         275     14  420.4         420.4
   67.0  18892  -74.6                         290     21  429.8         429.8
   51.6  20455  -63.3                         245     17  489.5         489.5
   50.0  20650  -63.1                         240     16  494.4         494.4
   47.0  21033  -62.5                         215     12  504.7         504.7
   45.0  21302  -62.0                         175     10  512.0         512.0
   43.0  21583  -61.6                         100     12  519.9         519.9
   41.0  21878  -61.1                          95     14  528.2         528.2
   39.0  22187  -60.6                          70     19  537.1         537.1
   33.0  23221  -58.9                          95     47  567.8         567.8
   32.0  23414  -58.1                         100     52  574.9         574.9
   30.0  23820  -56.5                          90     54  590.0         590.0
   29.5  23927  -56.1                          85     54  594.0         594.0
   29.0  24035  -56.2                          80     54  596.6         596.6
   25.0  24975  -57.1                         100     51  619.9         619.9
   22.6  25613  -57.7                          93     49  636.2         636.2
   20.0  26390  -54.5                          85     47  668.6         668.6
   19.0  26723  -53.7                          85     51  680.9         680.9
   12.8  29291  -47.7                          98     44  783.1         783.1
   12.0  29717  -47.3                         100     43  799.2         799.2
   11.3  30115  -46.9                                     814.4         814.4
</PRE><H3>Station information and sounding indices</H3><PRE>
                         Station identifier: WIII
                             Station number: 96749
                           Observation time: 140718/0000
                           Station latitude: -6.11
                          Station longitude: 106.65
                          Station elevation: 8.0
                            Showalter index: 0.27
                               Lifted index: -1.81
    LIFT computed using virtual temperature: -2.16
                                SWEAT index: 196.41
                                    K index: 33.20
                         Cross totals index: 20.20
                      Vertical totals index: 24.50
                        Totals totals index: 44.70
      Convective Available Potential Energy: 207.05
             CAPE using virtual temperature: 264.13
                      Convective Inhibition: -124.53
             CINS using virtual temperature: -87.61
                           Equilibrum Level: 361.70
 Equilibrum Level using virtual temperature: 352.75
                   Level of Free Convection: 647.95
             LFCT using virtual temperature: 682.07
                     Bulk Richardson Number: 88.57
          Bulk Richardson Number using CAPV: 112.99
  Temp [K] of the Lifted Condensation Level: 293.08
Pres [hPa] of the Lifted Condensation Level: 933.89
   Equivalent potential temp [K] of the LCL: 345.53
     Mean mixed layer potential temperature: 298.88
              Mean mixed layer mixing ratio: 15.98
              1000 hPa to 500 hPa thickness: 5773.00
Precipitable water [mm] for entire sounding: 53.34
</PRE>
<P>Description of the 
<A HREF="/upperair/columns.html">data columns</A>
or <A HREF="/upperair/indices.html">sounding indices</A>.

<P>
<FORM>
<INPUT CLASS="button" TYPE="button" VALUE=" Close this window " 
 onClick="window.close();">
<INPUT CLASS="button" TYPE="button" VALUE=" Select another map " 
 onClick="window.blur();">
</FORM>
<HR SIZE="1">
<I>Interested in graduate studies in atmospheric science?
Check out our program at the
<a href="http://www.uwyo.edu/atsc/howtoapply/"
target=_top>University of Wyoming
</a></I>
<HR SIZE="1"><FONT SIZE="-1">
Questions about the weather data provided by this site can be
addressed to <A HREF="mailto:ldoolman@uwyo.edu">
Larry Oolman (ldoolman@uwyo.edu)</A></FONT>
<HR SIZE="1">
<SCRIPT TYPE="text/javascript">
<!--
window.focus();
// -->
</SCRIPT>
</BODY>
</HTML>
