2015-04-03 12
<HTML>
<TITLE>University of Wyoming - Radiosonde Data</TITLE>
<BODY BGCOLOR="white">
<H2>96749 WIII Jakarta Observations at 00Z 03 Apr 2015</H2>
<PRE>
-----------------------------------------------------------------------------
   PRES   HGHT   TEMP   DWPT   RELH   MIXR   DRCT   SKNT   THTA   THTE   THTV
    hPa     m      C      C      %    g/kg    deg   knot     K      K      K 
-----------------------------------------------------------------------------
 1008.0      8   25.2   23.4     90  18.36    290      7  297.7  351.1  300.9
 1000.0     80   25.0   23.1     89  18.17    280      8  298.1  351.1  301.4
  975.0    302   24.1   21.9     88  17.29    260      8  299.4  350.1  302.5
  943.0    595   22.9   20.3     85  16.19    240     14  301.1  348.9  304.0
  925.0    764   22.2   19.4     84  15.58    255     16  302.0  348.2  304.8
  911.0    897   21.5   18.5     83  14.97    265     16  302.6  347.1  305.3
  884.0   1159   20.2   16.8     81  13.81    258     13  303.9  345.1  306.4
  850.0   1497   17.8   15.6     87  13.29    250      8  304.8  344.7  307.2
  820.0   1801   16.1   14.1     88  12.52    235      6  306.2  344.0  308.5
  792.0   2094   14.5   12.7     89  11.80    210      6  307.5  343.4  309.7
  764.0   2398   12.9   11.3     90  11.10    280      4  308.9  342.9  310.9
  737.0   2702   11.2    9.8     91  10.42    290      6  310.2  342.4  312.2
  711.0   3005    9.5    8.3     92   9.78      5      2  311.6  342.0  313.4
  700.0   3137    8.8    7.7     93   9.51    350      2  312.2  341.8  314.0
  686.0   3303    7.9    6.8     93   9.13    325      2  313.0  341.6  314.7
  661.0   3608    6.2    5.2     93   8.47     20      4  314.5  341.2  316.1
  638.0   3900    4.7    3.7     93   7.87     45      6  315.9  340.9  317.4
  637.0   3913    4.6    3.6     93   7.84     45      6  315.9  340.9  317.4
  622.0   4107    4.2   -2.8     60   5.03     48      5  317.6  334.1  318.6
  615.0   4199    3.4    0.4     81   6.45     50      4  317.8  338.6  319.0
  595.0   4466    2.2   -2.7     70   5.30    102      4  319.4  336.8  320.4
  592.0   4507    1.9   -2.5     73   5.40    110      4  319.5  337.2  320.5
  574.0   4755    0.0   -1.4     90   6.05    119      4  320.1  339.9  321.3
  571.0   4797   -0.2   -2.1     87   5.79    120      4  320.3  339.3  321.4
  550.0   5096   -1.9   -6.9     69   4.17     70      4  321.8  335.7  322.6
  543.0   5198   -2.3   -5.8     77   4.59     68      5  322.5  337.8  323.4
  541.0   5228   -1.9  -12.9     43   2.63     68      6  323.3  332.4  323.8
  539.0   5257   -2.1   -8.1     63   3.87     67      6  323.4  336.5  324.2
  536.0   5301   -2.5   -4.2     88   5.26     67      7  323.4  340.9  324.5
  509.0   5709   -4.7   -5.7     93   4.95     60     12  325.5  342.2  326.5
  500.0   5850   -5.5   -6.2     95   4.84     65     12  326.3  342.6  327.2
  475.0   6253   -6.9   -7.7     94   4.54     69     12  329.4  344.9  330.3
  472.0   6302   -7.1   -8.8     87   4.18     70     12  329.7  344.1  330.5
  440.0   6849   -9.5  -21.5     37   1.57     76     13  333.4  339.1  333.7
  417.0   7263  -12.5  -23.5     39   1.39     81     14  334.6  339.8  334.9
  400.0   7580  -15.3  -20.3     66   1.92     85     14  335.0  342.0  335.4
  391.0   7751  -16.3  -20.5     70   1.93     87     13  335.9  343.0  336.3
  373.0   8104  -18.4  -24.3     60   1.45     90     12  337.7  343.1  338.0
  372.0   8124  -18.5  -24.5     59   1.42     89     12  337.8  343.1  338.1
  343.0   8723  -22.3  -26.4     69   1.30     69     12  340.6  345.5  340.8
  330.0   9002  -24.5  -29.7     62   0.99     60     12  341.3  345.2  341.5
  300.0   9690  -29.9  -37.9     46   0.49     70     14  343.1  345.1  343.2
  283.0  10105  -33.1  -41.1     45   0.37     70     11  344.3  345.8  344.4
  279.0  10205  -33.9  -42.3     42   0.33     70     10  344.6  346.0  344.6
  250.0  10970  -39.9  -51.9     27   0.13     60     10  346.6  347.2  346.6
  200.0  12450  -53.1                          45     16  348.5         348.5
  195.0  12607  -54.5                          50     16  348.8         348.8
  153.0  14107  -68.0                          85     14  350.8         350.8
  150.0  14230  -69.1                          90     14  350.9         350.9
  138.0  14711  -72.8                         105     17  352.9         352.9
  112.0  15914  -81.9                         115     14  357.5         357.5
  111.0  15966  -82.3                         115     14  357.6         357.6
  106.0  16224  -81.4                          70     21  364.1         364.1
  102.0  16439  -80.7                          54     29  369.5         369.5
  101.0  16494  -80.9                          50     31  370.1         370.1
  100.0  16550  -81.1                          45     31  370.8         370.8
   95.1  16834  -79.1                          32     26  380.1         380.1
   91.0  17087  -77.5                          20     21  388.1         388.1
   88.7  17234  -76.5                         347     18  392.9         392.9
   82.0  17681  -78.6                         245     10  397.6         397.6
   78.0  17966  -79.9                         230     12  400.6         400.6
   74.5  18228  -81.1                         185      6  403.3         403.3
   70.0  18580  -79.7                          80     10  413.6         413.6
   66.0  18916  -77.8                          40     16  424.8         424.8
   63.9  19101  -76.7                          42     16  431.1         431.1
   59.9  19472  -77.9                          47     15  436.4         436.4
   57.0  19760  -73.7                          50     14  452.3         452.3
   56.1  19853  -72.3                          37     13  457.4         457.4
   54.0  20077  -72.4                           5     12  462.1         462.1
   51.0  20414  -72.6                         120      2  469.3         469.3
   50.0  20530  -72.7                         135      6  471.8         471.8
   49.0  20649  -72.8                         150     14  474.3         474.3
   47.3  20857  -72.9                         128     19  478.8         478.8
   46.0  21022  -72.5                         110     23  483.6         483.6
   44.0  21286  -71.9                          90     33  491.2         491.2
   38.9  22016  -70.3                          90     44  512.9         512.9
   30.0  23600  -61.3                          90     66  577.0         577.0
   26.0  24518  -55.8                          85     74  616.8         616.8
   25.6  24618  -55.1                          85     74  621.2         621.2
   21.0  25888  -47.5                          90     43  680.5         680.5
   20.8  25950  -47.1                          92     43  683.5         683.5
   20.0  26210  -46.5                         100     41  693.1         693.1
   19.0  26554  -45.3                          95     41  706.9         706.9
   18.0  26916  -44.1                          50      8  721.7         721.7
   17.0  27299  -42.8                         310     10  737.7         737.7
   16.0  27706  -41.5                         300      8  755.1         755.1
   15.6  27875  -40.9                         255      7  762.4         762.4
   15.0  28140  -41.9                         185      6  767.7         767.7
   14.2  28510  -43.3                         320      9  775.1         775.1
   14.0  28606  -43.1                         355     10  779.0         779.0
   12.0  29651  -40.7                          10     19  822.6         822.6
   11.0  30241  -39.3                         310     29  848.2         848.2
   10.7  30428  -38.9                         307     31  856.5         856.5
   10.0  30890  -40.1                         300     35  868.7         868.7
    9.0  31606  -41.1                         290     29  891.5         891.5
    8.4  32075  -41.7                         305     27  906.8         906.8
    8.0  32411  -40.2                         315     25  925.5         925.5
    7.0  33329  -36.1                         290     19  978.6         978.6
    6.7  33630  -34.7                                     996.6         996.6
</PRE><H3>Station information and sounding indices</H3><PRE>
                         Station identifier: WIII
                             Station number: 96749
                           Observation time: 150403/0000
                           Station latitude: -6.11
                          Station longitude: 106.65
                          Station elevation: 8.0
                            Showalter index: -0.46
                               Lifted index: -2.52
    LIFT computed using virtual temperature: -2.75
                                SWEAT index: 215.21
                                    K index: 37.80
                         Cross totals index: 21.10
                      Vertical totals index: 23.30
                        Totals totals index: 44.40
      Convective Available Potential Energy: 638.94
             CAPE using virtual temperature: 739.79
                      Convective Inhibition: -37.24
             CINS using virtual temperature: -27.63
                           Equilibrum Level: 172.84
 Equilibrum Level using virtual temperature: 169.50
                   Level of Free Convection: 839.97
             LFCT using virtual temperature: 857.40
                     Bulk Richardson Number: 153.54
          Bulk Richardson Number using CAPV: 177.78
  Temp [K] of the Lifted Condensation Level: 294.77
Pres [hPa] of the Lifted Condensation Level: 950.01
   Equivalent potential temp [K] of the LCL: 350.22
     Mean mixed layer potential temperature: 299.14
              Mean mixed layer mixing ratio: 17.47
              1000 hPa to 500 hPa thickness: 5770.00
Precipitable water [mm] for entire sounding: 60.05
</PRE>
<P>Description of the 
<A HREF="/upperair/columns.html">data columns</A>
or <A HREF="/upperair/indices.html">sounding indices</A>.

<P>
<FORM>
<INPUT CLASS="button" TYPE="button" VALUE=" Close this window " 
 onClick="window.close();">
<INPUT CLASS="button" TYPE="button" VALUE=" Select another map " 
 onClick="window.blur();">
</FORM>
<HR SIZE="1">
<I>Interested in graduate studies in atmospheric science?
Check out our program at the
<a href="http://www.uwyo.edu/atsc/howtoapply/"
target=_top>University of Wyoming
</a></I>
<HR SIZE="1"><FONT SIZE="-1">
Questions about the weather data provided by this site can be
addressed to <A HREF="mailto:ldoolman@uwyo.edu">
Larry Oolman (ldoolman@uwyo.edu)</A></FONT>
<HR SIZE="1">
<SCRIPT TYPE="text/javascript">
<!--
window.focus();
// -->
</SCRIPT>
</BODY>
</HTML>
