2014-04-27 12
<HTML>
<TITLE>University of Wyoming - Radiosonde Data</TITLE>
<BODY BGCOLOR="white">
<H2>96749 WIII Jakarta Observations at 00Z 27 Apr 2014</H2>
<PRE>
-----------------------------------------------------------------------------
   PRES   HGHT   TEMP   DWPT   RELH   MIXR   DRCT   SKNT   THTA   THTE   THTV
    hPa     m      C      C      %    g/kg    deg   knot     K      K      K 
-----------------------------------------------------------------------------
 1009.0      8   25.2   24.2     94  19.27    250      4  297.6  353.7  301.0
 1000.0     88   26.0   22.1     79  17.07    245      6  299.1  349.1  302.2
  976.0    302   25.2   21.3     79  16.60    235     14  300.4  349.3  303.4
  960.0    448   24.6   20.7     79  16.29    241     12  301.2  349.4  304.2
  925.0    774   23.4   18.9     76  15.09    255      8  303.2  348.2  306.0
  912.0    897   22.5   18.3     77  14.75    255      8  303.5  347.6  306.2
  881.0   1196   20.3   16.9     81  13.93    255      4  304.2  346.0  306.8
  850.0   1507   18.0   15.4     85  13.11    220      6  305.0  344.4  307.4
  822.0   1792   16.7   13.7     83  12.15    185      2  306.5  343.3  308.8
  794.0   2088   15.3   12.0     81  11.21    140      2  308.1  342.3  310.2
  766.0   2394   13.9   10.2     78  10.30     80      4  309.7  341.4  311.6
  757.0   2494   13.4    9.6     78  10.01     82      4  310.3  341.2  312.1
  700.0   3151    9.6    6.0     78   8.45     95      4  313.1  339.6  314.7
  640.0   3885    5.5    1.4     75   6.66    120      6  316.6  338.0  317.9
  617.0   4184    3.9   -0.5     73   6.03    100      6  318.0  337.6  319.2
  584.0   4634    1.4   -3.3     71   5.16     93      7  320.2  337.1  321.1
  573.0   4787    0.7   -5.5     63   4.45     90      8  321.1  335.9  322.0
  561.0   4957    0.0   -8.0     55   3.75     79      8  322.2  334.8  322.9
  552.0   5085   -0.7   -8.4     56   3.68     70      8  322.8  335.3  323.6
  500.0   5870   -5.1  -11.1     63   3.29     80     14  326.8  338.1  327.4
  492.0   5997   -5.8  -11.4     65   3.27     80     14  327.4  338.7  328.0
  483.0   6143   -6.7  -11.7     68   3.25     80     14  328.0  339.3  328.7
  429.0   7065  -11.7  -22.7     40   1.45     80     18  333.0  338.3  333.3
  405.0   7505  -14.3  -26.1     36   1.12     80     19  335.1  339.3  335.3
  400.0   7600  -14.9  -26.9     35   1.06     80     19  335.5  339.6  335.8
  392.0   7752  -16.1  -29.1     32   0.88     80     18  335.9  339.3  336.1
  359.0   8401  -20.6  -31.8     36   0.75     80     12  338.4  341.3  338.5
  345.0   8694  -22.7  -33.1     38   0.69    105      8  339.4  342.2  339.6
  323.0   9180  -26.1  -35.1     43   0.60     73      6  341.2  343.6  341.3
  318.0   9293  -26.9  -34.1     51   0.68     65      6  341.6  344.3  341.7
  312.0   9430  -27.9  -32.8     63   0.78     76      7  342.1  345.2  342.2
  300.0   9710  -30.3  -35.3     62   0.64    100     10  342.6  345.1  342.7
  292.0   9898  -31.8  -36.7     62   0.56    115      8  343.1  345.3  343.2
  268.0  10496  -36.6  -41.3     62   0.38    100      4  344.5  346.1  344.6
  252.0  10926  -40.1  -44.6     62   0.29     65      4  345.5  346.7  345.6
  250.0  10980  -40.5                          60      4  345.7         345.7
  246.0  11087  -41.4                          55      4  346.0         346.0
  225.0  11679  -46.4                         105      4  347.3         347.3
  215.0  11980  -48.9                         110      6  347.9         347.9
  205.0  12296  -51.5                          50      6  348.5         348.5
  200.0  12460  -52.9                          30      8  348.8         348.8
  196.0  12586  -54.0                          20     10  349.1         349.1
  170.0  13471  -61.6                          25      8  351.0         351.0
  162.0  13771  -64.2                          50      8  351.5         351.5
  150.0  14250  -68.3                          50      8  352.2         352.2
  125.0  15306  -76.3                          40     16  356.6         356.6
  119.0  15591  -78.5                          65     16  357.7         357.7
  110.0  16047  -81.9                          58     12  359.3         359.3
  107.0  16202  -81.8                          55     10  362.3         362.3
  102.0  16469  -81.7                         163      7  367.6         367.6
  101.0  16524  -82.2                         185      6  367.6         367.6
  100.0  16580  -82.7                         185      6  367.7         367.7
   96.0  16803  -84.5                         190      8  368.4         368.4
   91.0  17095  -87.0                         175      6  369.3         369.3
   90.3  17137  -87.3                         165      6  369.4         369.4
   86.0  17408  -85.3                          95     10  378.6         378.6
   82.0  17672  -83.4                         150     10  387.8         387.8
   77.0  18021  -80.8                         180     16  400.2         400.2
   73.0  18317  -78.6                         150      6  410.9         410.9
   70.0  18550  -76.9                         255     12  419.6         419.6
   66.0  18897  -74.5                         255     17  431.9         431.9
   63.0  19171  -72.6                         275     17  441.9         441.9
   57.0  19761  -68.5                         265     18  464.0         464.0
   54.0  20087  -68.4                         260     19  471.4         471.4
   51.0  20431  -68.3                         305     21  479.3         479.3
   50.0  20550  -68.3                         305     25  482.1         482.1
   49.0  20672  -68.0                         310     31  485.6         485.6
   42.0  21603  -65.8                         245     16  512.9         512.9
   39.9  21913  -65.1                         272     13  522.3         522.3
   36.0  22548  -59.1                         325      8  553.2         553.2
   35.6  22617  -58.5                         349      9  556.7         556.7
   35.0  22724  -58.6                          25     10  559.2         559.2
   30.0  23690  -59.3                         290      4  582.4         582.4
   29.0  23903  -59.1                         240      8  588.7         588.7
   27.5  24237  -58.7                         143     12  598.7         598.7
   27.0  24353  -58.5                         110     14  602.5         602.5
   25.0  24840  -57.6                          80     33  618.5         618.5
   23.0  25367  -56.6                          70     35  636.2         636.2
   22.8  25422  -56.5                          72     36  638.1         638.1
   22.0  25652  -51.3                          81     39  660.2         660.2
   20.0  26270  -52.9                         105     49  673.5         673.5
   19.0  26600  -53.7                          95     64  680.9         680.9
   18.8  26668  -53.9                          95     64  682.4         682.4
   18.7  26703  -53.7                          95     64  684.2         684.2
   18.0  26952  -51.9                          90     64  697.2         697.2
   16.0  27720  -46.5                          88     64  738.7         738.7
   11.0  30261  -37.0                          80     64  856.7         856.7
   10.8  30386  -36.5                                     863.0         863.0
</PRE><H3>Station information and sounding indices</H3><PRE>
                         Station identifier: WIII
                             Station number: 96749
                           Observation time: 140427/0000
                           Station latitude: -6.11
                          Station longitude: 106.65
                          Station elevation: 8.0
                            Showalter index: 0.04
                               Lifted index: -1.87
    LIFT computed using virtual temperature: -2.33
                                SWEAT index: 210.81
                                    K index: 34.90
                         Cross totals index: 20.50
                      Vertical totals index: 23.10
                        Totals totals index: 43.60
      Convective Available Potential Energy: 512.65
             CAPE using virtual temperature: 630.60
                      Convective Inhibition: -71.50
             CINS using virtual temperature: -52.64
                           Equilibrum Level: 199.25
 Equilibrum Level using virtual temperature: 199.12
                   Level of Free Convection: 748.71
             LFCT using virtual temperature: 823.98
                     Bulk Richardson Number: 32.62
          Bulk Richardson Number using CAPV: 40.12
  Temp [K] of the Lifted Condensation Level: 293.86
Pres [hPa] of the Lifted Condensation Level: 929.85
   Equivalent potential temp [K] of the LCL: 349.50
     Mean mixed layer potential temperature: 300.04
              Mean mixed layer mixing ratio: 16.86
              1000 hPa to 500 hPa thickness: 5782.00
Precipitable water [mm] for entire sounding: 55.60
</PRE>
<P>Description of the 
<A HREF="/upperair/columns.html">data columns</A>
or <A HREF="/upperair/indices.html">sounding indices</A>.

<P>
<FORM>
<INPUT CLASS="button" TYPE="button" VALUE=" Close this window " 
 onClick="window.close();">
<INPUT CLASS="button" TYPE="button" VALUE=" Select another map " 
 onClick="window.blur();">
</FORM>
<HR SIZE="1">
<I>Interested in graduate studies in atmospheric science?
Check out our program at the
<a href="http://www.uwyo.edu/atsc/howtoapply/"
target=_top>University of Wyoming
</a></I>
<HR SIZE="1"><FONT SIZE="-1">
Questions about the weather data provided by this site can be
addressed to <A HREF="mailto:ldoolman@uwyo.edu">
Larry Oolman (ldoolman@uwyo.edu)</A></FONT>
<HR SIZE="1">
<SCRIPT TYPE="text/javascript">
<!--
window.focus();
// -->
</SCRIPT>
</BODY>
</HTML>
