2015-06-24 12
<HTML>
<TITLE>University of Wyoming - Radiosonde Data</TITLE>
<BODY BGCOLOR="white">
<H2>96749 WIII Jakarta Observations at 00Z 24 Jun 2015</H2>
<PRE>
-----------------------------------------------------------------------------
   PRES   HGHT   TEMP   DWPT   RELH   MIXR   DRCT   SKNT   THTA   THTE   THTV
    hPa     m      C      C      %    g/kg    deg   knot     K      K      K 
-----------------------------------------------------------------------------
 1011.0      8   22.2   21.9     98  16.67      0      0  294.4  342.2  297.4
 1001.0     97   24.8   21.5     82  16.42    210      2  297.9  345.7  300.8
 1000.0    106   24.8   21.5     82  16.44    195      2  297.9  345.8  300.9
  978.0    301   24.4   19.2     73  14.52    195      8  299.4  342.1  302.1
  925.0    790   23.4   13.4     53  10.55    145      4  303.2  334.9  305.1
  913.0    904   22.7   11.9     51   9.67    135      4  303.6  332.8  305.4
  895.0   1077   21.6    9.6     46   8.45    123      4  304.2  329.9  305.8
  882.0   1203   20.5   10.7     53   9.24    115      4  304.3  332.3  306.0
  852.0   1501   17.8   13.3     75  11.41    150      4  304.6  338.9  306.6
  850.0   1521   17.6   13.5     77  11.57    155      4  304.6  339.4  306.7
  835.0   1673   16.8   13.1     79  11.47    183      4  305.3  339.9  307.4
  823.0   1797   16.2   11.0     71  10.14    205      4  306.0  336.7  307.8
  809.0   1943   15.6    8.6     63   8.74    277      3  306.8  333.5  308.4
  794.0   2102   16.2   -6.5     20   2.97    355      2  309.1  318.7  309.6
  790.0   2145   16.4  -10.6     15   2.17    356      3  309.7  316.9  310.1
  767.0   2393   15.1  -12.8     13   1.86      5      6  311.0  317.2  311.3
  740.0   2695   13.6  -15.6     12   1.55    350      4  312.5  317.8  312.8
  714.0   2995   12.1  -18.3     10   1.27     35      6  314.0  318.4  314.3
  700.0   3162   11.2  -19.8     10   1.14     70      8  314.9  318.9  315.1
  689.0   3293   10.3  -18.3     12   1.32    100     10  315.3  319.9  315.5
  655.0   3713    7.4  -13.6     21   2.05    121     13  316.6  323.6  317.0
  640.0   3903    6.8  -16.9     17   1.60    130     14  318.0  323.5  318.3
  622.0   4138    6.0  -21.0     12   1.16    103      8  319.7  323.8  319.9
  617.0   4203    5.6  -20.5     13   1.22     95      6  320.0  324.3  320.2
  595.0   4497    3.8  -18.4     18   1.51     90     10  321.2  326.6  321.5
  552.0   5105    0.1  -14.1     34   2.34    170     10  323.8  331.9  324.3
  551.0   5120    0.0  -14.0     34   2.36    170     10  323.9  332.1  324.3
  500.0   5890   -6.5  -15.5     49   2.30    185     12  325.1  333.1  325.5
  474.0   6302   -9.3  -15.7     60   2.39    190      4  326.5  334.9  327.0
  456.0   6601  -11.4  -15.8     70   2.46     15      6  327.6  336.2  328.1
  440.0   6877  -13.3  -15.9     81   2.53     31     15  328.5  337.4  329.1
  422.0   7194  -14.2  -18.2     71   2.17     50     25  331.4  339.2  331.8
  419.0   7248  -14.3  -18.6     70   2.12     51     24  331.9  339.5  332.3
  416.0   7303  -13.7  -23.7     43   1.37     51     23  333.3  338.4  333.6
  400.0   7600  -15.5  -25.5     42   1.21     55     19  334.8  339.3  335.0
  390.0   7791  -16.9  -26.9     42   1.09     60     17  335.4  339.5  335.6
  389.0   7810  -16.9  -27.8     38   1.01     60     17  335.6  339.4  335.8
  375.0   8085  -17.1  -40.1     12   0.31     97     17  338.9  340.1  338.9
  374.0   8105  -17.2  -40.2     12   0.31    100     17  338.9  340.2  339.0
  305.0   9599  -28.4  -50.5     10   0.12    120     25  343.6  344.1  343.6
  300.0   9720  -29.3  -51.3     10   0.11    120     25  344.0  344.5  344.0
  288.0  10010  -31.9  -51.9     12   0.11    113     24  344.3  344.8  344.3
  269.0  10483  -36.1  -52.5     17   0.11    100     23  345.0  345.5  345.0
  252.0  10936  -40.1  -53.1     24   0.11    104     23  345.5  346.0  345.6
  250.0  10990  -40.7                         105     23  345.4         345.4
  225.0  11684  -46.0                          90     29  347.9         347.9
  205.0  12297  -50.7                          75     37  349.9         349.9
  200.0  12460  -51.9                          80     33  350.4         350.4
  178.0  13193  -58.0                         100     29  352.3         352.3
  154.0  14104  -65.5                          75     37  354.3         354.3
  150.0  14270  -66.9                          80     37  354.6         354.6
  133.0  14984  -71.0                          80     41  359.7         359.7
  126.0  15305  -72.9                          80     31  361.9         361.9
  120.0  15587  -73.9                         105     21  365.2         365.2
  108.0  16196  -76.0                         105      4  372.4         372.4
  102.0  16527  -77.1                         295     10  376.4         376.4
  100.0  16640  -78.1                         290     12  376.6         376.6
   97.0  16812  -79.5                         280     16  377.2         377.2
   87.2  17413  -84.3                         325     12  379.2         379.2
   83.0  17692  -80.9                         330     16  391.4         391.4
   79.0  17973  -77.6                         155      4  403.9         403.9
   77.3  18096  -76.1                         151      7  409.5         409.5
   75.0  18271  -76.2                         145     12  412.9         412.9
   71.0  18588  -76.3                         100     16  419.2         419.2
   70.0  18670  -76.3                          95     16  420.8         420.8
   67.0  18926  -75.3                          85     17  428.4         428.4
   64.0  19194  -74.2                         105     23  436.4         436.4
   55.0  20079  -70.6                          95     39  464.0         464.0
   54.4  20143  -70.3                          96     40  466.1         466.1
   50.0  20650  -64.7                         100     47  490.6         490.6
   47.8  20926  -61.3                          89     52  505.1         505.1
   47.0  21032  -61.1                          85     54  508.0         508.0
   41.0  21884  -59.4                          90     35  532.5         532.5
   39.0  22196  -58.8                         110     23  541.7         541.7
   37.0  22524  -58.1                          91     20  551.6         551.6
   35.2  22842  -52.3                          72     16  574.6         574.6
   35.0  22879  -52.4                          70     16  575.4         575.4
   34.0  23065  -52.6                         260      2  579.4         579.4
   32.0  23455  -53.2                         240      6  587.9         587.9
   31.0  23659  -53.6                         305      8  592.4         592.4
   30.0  23870  -53.9                         305     14  597.1         597.1
   29.0  24088  -54.0                         305     17  602.8         602.8
   28.0  24315  -54.0                         275     23  608.6         608.6
   26.0  24792  -54.2                         255     23  621.3         621.3
   24.0  25308  -54.3                         225     16  635.2         635.2
   23.0  25584  -53.6                         290     14  645.1         645.1
   20.0  26490  -51.3                         280     25  678.4         678.4
   18.0  27182  -49.9                         265     35  703.4         703.4
   14.0  28833  -46.7                         275     21  766.9         766.9
   12.6  29526  -45.3                         282     29  795.1         795.1
   12.0  29854  -44.3                         285     33  809.7         809.7
   10.0  31080  -40.7                         260     31  866.5         866.5
    9.0  31799  -40.1                         235     17  895.1         895.1
    8.0  32602  -39.5                                     928.3         928.3
</PRE><H3>Station information and sounding indices</H3><PRE>
                         Station identifier: WIII
                             Station number: 96749
                           Observation time: 150624/0000
                           Station latitude: -6.11
                          Station longitude: 106.65
                          Station elevation: 8.0
                            Showalter index: 0.66
                               Lifted index: -0.55
    LIFT computed using virtual temperature: -0.98
                                SWEAT index: 182.01
                                    K index: 6.60
                         Cross totals index: 20.00
                      Vertical totals index: 24.10
                        Totals totals index: 44.10
      Convective Available Potential Energy: 44.52
             CAPE using virtual temperature: 61.53
                      Convective Inhibition: -434.27
             CINS using virtual temperature: -258.55
                           Equilibrum Level: 420.99
 Equilibrum Level using virtual temperature: 418.78
                   Level of Free Convection: 512.44
             LFCT using virtual temperature: 524.14
                     Bulk Richardson Number: 17.30
          Bulk Richardson Number using CAPV: 23.91
  Temp [K] of the Lifted Condensation Level: 291.70
Pres [hPa] of the Lifted Condensation Level: 918.82
   Equivalent potential temp [K] of the LCL: 342.28
     Mean mixed layer potential temperature: 298.86
              Mean mixed layer mixing ratio: 14.93
              1000 hPa to 500 hPa thickness: 5784.00
Precipitable water [mm] for entire sounding: 32.86
</PRE>
<P>Description of the 
<A HREF="/upperair/columns.html">data columns</A>
or <A HREF="/upperair/indices.html">sounding indices</A>.

<P>
<FORM>
<INPUT CLASS="button" TYPE="button" VALUE=" Close this window " 
 onClick="window.close();">
<INPUT CLASS="button" TYPE="button" VALUE=" Select another map " 
 onClick="window.blur();">
</FORM>
<HR SIZE="1">
<I>Interested in graduate studies in atmospheric science?
Check out our program at the
<a href="http://www.uwyo.edu/atsc/howtoapply/"
target=_top>University of Wyoming
</a></I>
<HR SIZE="1"><FONT SIZE="-1">
Questions about the weather data provided by this site can be
addressed to <A HREF="mailto:ldoolman@uwyo.edu">
Larry Oolman (ldoolman@uwyo.edu)</A></FONT>
<HR SIZE="1">
<SCRIPT TYPE="text/javascript">
<!--
window.focus();
// -->
</SCRIPT>
</BODY>
</HTML>
