2015-08-12 12
<HTML>
<TITLE>University of Wyoming - Radiosonde Data</TITLE>
<BODY BGCOLOR="white">
<H2>96749 WIII Jakarta Observations at 00Z 12 Aug 2015</H2>
<PRE>
-----------------------------------------------------------------------------
   PRES   HGHT   TEMP   DWPT   RELH   MIXR   DRCT   SKNT   THTA   THTE   THTV
    hPa     m      C      C      %    g/kg    deg   knot     K      K      K 
-----------------------------------------------------------------------------
 1010.0      8   26.0   23.9     88  18.90    180      4  298.3  353.5  301.7
 1000.0     99   26.2   23.7     86  18.86    160      4  299.4  354.7  302.7
  977.0    303   25.0   22.5     86  17.93    105      6  300.1  352.9  303.4
  945.0    595   23.3   20.8     86  16.66     85     12  301.3  350.5  304.3
  925.0    783   22.2   19.7     86  15.88     90     14  302.0  349.1  304.9
  913.0    896   21.4   19.1     87  15.54     95     14  302.3  348.4  305.1
  852.0   1494   17.3   16.2     93  13.78     95     14  304.1  345.3  306.6
  850.0   1514   17.2   16.1     93  13.73     95     14  304.1  345.2  306.6
  794.0   2093   13.7   12.9     95  11.94     65     10  306.4  342.5  308.5
  775.0   2299   12.4   11.8     96  11.34     45     10  307.1  341.6  309.2
  766.0   2398   12.7   11.1     90  10.95     35     10  308.4  341.9  310.4
  761.0   2453   12.8   10.7     87  10.73     37     10  309.2  342.1  311.1
  750.0   2575   12.4   10.3     87  10.60     42     10  310.0  342.7  312.0
  744.0   2643   13.4    7.4     67   8.76     45     11  311.8  339.1  313.5
  700.0   3155   11.0    1.0     50   5.91     65     12  314.6  333.6  315.8
  688.0   3298   10.2    0.5     51   5.82     65     12  315.4  334.1  316.5
  640.0   3897    7.1   -1.4     55   5.43     65     10  318.4  336.1  319.4
  621.0   4146    5.8   -2.2     56   5.27     32      7  319.6  336.9  320.6
  617.0   4199    5.4   -2.5     57   5.21     25      6  319.8  336.9  320.8
  573.0   4799    1.1   -5.3     62   4.54     40      2  321.6  336.7  322.5
  562.0   4956    0.0   -6.0     64   4.37     58      4  322.0  336.6  322.9
  552.0   5099   -1.3   -7.1     65   4.10     75      6  322.2  335.9  323.0
  510.0   5726   -6.9  -11.8     68   3.05     63     11  322.7  333.1  323.3
  500.0   5880   -8.3  -13.3     67   2.76     60     12  322.9  332.3  323.4
  492.0   6004   -9.3  -15.1     63   2.41     55     14  323.1  331.4  323.6
  471.0   6340  -12.1  -20.1     51   1.65     33     16  323.7  329.6  324.0
  455.0   6605  -11.0  -29.7     20   0.72     15     17  328.2  331.0  328.4
  453.0   6638  -10.9  -30.9     18   0.65     17     18  328.8  331.3  329.0
  437.0   6914  -11.3  -38.3      9   0.32     31     23  331.7  333.0  331.8
  421.0   7199  -11.8  -40.1      8   0.28     45     29  334.7  335.8  334.8
  402.0   7552  -12.3  -42.3      6   0.23     45     24  338.4  339.4  338.5
  400.0   7590  -12.5  -42.5      6   0.23     45     23  338.6  339.6  338.7
  360.0   8381  -18.1  -46.8      6   0.16     45     12  341.5  342.2  341.5
  339.0   8833  -21.3  -49.3      6   0.13     66     11  343.1  343.6  343.1
  331.0   9006  -22.9  -50.1      6   0.12     75     10  343.2  343.7  343.2
  300.0   9720  -29.5  -53.5      8   0.09     70     16  343.7  344.1  343.7
  268.0  10507  -36.7  -56.6     11   0.07     75     19  344.5  344.8  344.5
  254.0  10882  -40.1  -58.1     13   0.06     63     24  344.7  345.0  344.8
  250.0  10990  -40.9                          60     25  345.1         345.1
  215.0  11984  -49.3                          40     37  347.3         347.3
  205.0  12297  -51.9                          45     39  347.9         347.9
  200.0  12460  -53.3                          45     37  348.2         348.2
  170.0  13477  -60.0                          50     29  353.7         353.7
  150.0  14260  -65.1                          55     16  357.7         357.7
  147.0  14377  -66.0                          50     14  358.2         358.2
  140.0  14660  -68.3                          90      8  359.2         359.2
  114.0  15851  -77.8                         110     14  363.3         363.3
  102.0  16495  -83.0                          70     16  365.1         365.1
  100.0  16610  -83.9                          80     16  365.4         365.4
   97.0  16779  -83.4                         100     16  369.5         369.5
   92.6  17036  -82.7                         104     17  375.9         375.9
   90.4  17171  -79.5                         107     17  384.8         384.8
   89.2  17248  -74.5                         108     18  396.3         396.3
   83.0  17668  -73.7                         115     19  406.1         406.1
   78.3  18007  -73.1                          92     18  414.2         414.2
   75.0  18261  -71.0                          75     17  423.8         423.8
   72.5  18461  -69.3                          90     20  431.4         431.4
   70.0  18670  -69.9                         105     23  434.5         434.5
   64.0  19213  -68.3                         140     31  449.3         449.3
   61.0  19504  -67.5                         130     21  457.4         457.4
   58.0  19810  -66.5                         165     12  466.1         466.1
   55.0  20132  -65.6                         155     14  475.4         475.4
   53.0  20357  -64.9                         115     19  481.9         481.9
   50.0  20710  -63.9                         100     12  492.5         492.5
   48.0  20962  -63.3                         140     12  499.7         499.7
   43.0  21641  -61.6                         115     16  519.7         519.7
   41.5  21860  -61.1                          96     13  526.4         526.4
   41.0  21937  -60.8                          90     12  529.1         529.1
   39.0  22254  -59.3                         100     14  540.3         540.3
   38.0  22419  -58.5                          50      8  546.3         546.3
   36.0  22762  -57.0                         315     10  558.8         558.8
   34.0  23125  -55.3                         295     23  572.4         572.4
   30.0  23920  -51.7                         310     17  603.1         603.1
   27.0  24604  -51.3                         290     21  622.7         622.7
   24.5  25235  -50.9                         269     24  641.3         641.3
   24.0  25370  -50.2                         265     25  647.0         647.0
   23.0  25648  -48.9                         270     28  658.9         658.9
   21.0  26242  -50.6                         280     33  671.1         671.1
   20.0  26560  -51.5                         265     35  677.8         677.8
   19.0  26893  -51.6                         245     39  687.6         687.6
   17.1  27576  -51.7                         220     27  708.2         708.2
   16.0  28015  -49.4                         205     19  729.3         729.3
   14.0  28896  -44.7                         225     10  773.5         773.5
   13.6  29087  -43.7                                     783.4         783.4
</PRE><H3>Station information and sounding indices</H3><PRE>
                         Station identifier: WIII
                             Station number: 96749
                           Observation time: 150812/0000
                           Station latitude: -6.11
                          Station longitude: 106.65
                          Station elevation: 8.0
                            Showalter index: -3.48
                               Lifted index: -6.30
    LIFT computed using virtual temperature: -6.95
                                SWEAT index: 251.22
                                    K index: 31.60
                         Cross totals index: 24.40
                      Vertical totals index: 25.50
                        Totals totals index: 49.90
      Convective Available Potential Energy: 1113.90
             CAPE using virtual temperature: 1312.41
                      Convective Inhibition: -14.46
             CINS using virtual temperature: -9.55
                           Equilibrum Level: 175.31
 Equilibrum Level using virtual temperature: 175.15
                   Level of Free Convection: 891.61
             LFCT using virtual temperature: 903.70
                     Bulk Richardson Number: 227.81
          Bulk Richardson Number using CAPV: 268.41
  Temp [K] of the Lifted Condensation Level: 295.30
Pres [hPa] of the Lifted Condensation Level: 947.43
   Equivalent potential temp [K] of the LCL: 353.04
     Mean mixed layer potential temperature: 299.90
              Mean mixed layer mixing ratio: 18.11
              1000 hPa to 500 hPa thickness: 5781.00
Precipitable water [mm] for entire sounding: 53.65
</PRE>
<P>Description of the 
<A HREF="/upperair/columns.html">data columns</A>
or <A HREF="/upperair/indices.html">sounding indices</A>.

<P>
<FORM>
<INPUT CLASS="button" TYPE="button" VALUE=" Close this window " 
 onClick="window.close();">
<INPUT CLASS="button" TYPE="button" VALUE=" Select another map " 
 onClick="window.blur();">
</FORM>
<HR SIZE="1">
<I>Interested in graduate studies in atmospheric science?
Check out our program at the
<a href="http://www.uwyo.edu/atsc/howtoapply/"
target=_top>University of Wyoming
</a></I>
<HR SIZE="1"><FONT SIZE="-1">
Questions about the weather data provided by this site can be
addressed to <A HREF="mailto:ldoolman@uwyo.edu">
Larry Oolman (ldoolman@uwyo.edu)</A></FONT>
<HR SIZE="1">
<SCRIPT TYPE="text/javascript">
<!--
window.focus();
// -->
</SCRIPT>
</BODY>
</HTML>
