2015-01-28 00
<HTML>
<TITLE>University of Wyoming - Radiosonde Data</TITLE>
<BODY BGCOLOR="white">
<H2>96749 WIII Jakarta Observations at 00Z 28 Jan 2015</H2>
<PRE>
-----------------------------------------------------------------------------
   PRES   HGHT   TEMP   DWPT   RELH   MIXR   DRCT   SKNT   THTA   THTE   THTV
    hPa     m      C      C      %    g/kg    deg   knot     K      K      K 
-----------------------------------------------------------------------------
 1010.0      8   24.0   23.5     97  18.44    280      2  296.3  349.6  299.6
 1000.0     93   24.8   22.1     85  17.07    270      4  297.9  347.7  301.0
  977.0    298   23.9   21.4     86  16.68    255      6  299.0  347.9  302.0
  945.0    590   22.6   20.3     87  16.14    303      6  300.6  348.1  303.5
  944.0    599   22.5   20.2     87  16.11    305      6  300.6  348.1  303.5
  925.0    777   21.4   19.3     88  15.48    295      8  301.2  346.9  304.0
  912.0    899   20.7   18.6     87  14.97    285     10  301.7  346.0  304.4
  850.0   1506   17.2   14.8     86  12.61    265     12  304.1  341.9  306.4
  821.0   1799   15.7   13.2     85  11.71    265     14  305.6  341.0  307.8
  793.0   2091   14.3   11.5     83  10.87    270     14  307.1  340.2  309.1
  765.0   2394   12.8    9.8     82  10.04    280     12  308.6  339.4  310.5
  700.0   3143    9.0    5.6     79   8.21    170      6  312.4  338.2  314.0
  687.0   3298    8.4    4.3     75   7.62    140      6  313.4  337.5  314.9
  654.0   3704    6.8    0.8     66   6.24    130      6  316.1  336.1  317.2
  639.0   3893    5.8   -0.2     65   5.93    125      6  317.0  336.2  318.1
  616.0   4190    4.2   -1.8     65   5.46    140      6  318.5  336.3  319.6
  572.0   4792    0.9   -5.1     64   4.61    150     10  321.5  336.8  322.4
  560.0   4964    0.0   -6.0     64   4.39    130     11  322.4  337.0  323.2
  551.0   5092   -1.0   -6.8     65   4.20    115     12  322.7  336.8  323.5
  511.0   5688   -5.6  -10.4     69   3.40    110     16  324.2  335.7  324.8
  500.0   5860   -6.9  -11.5     70   3.19     90     17  324.6  335.5  325.2
  492.0   5986   -7.5  -11.9     71   3.14     83     20  325.3  336.1  325.9
  473.0   6292   -9.1  -18.1     48   1.96     65     29  327.0  334.0  327.4
  432.0   6988  -13.7  -19.7     61   1.87     57     34  329.8  336.5  330.1
  420.0   7201  -14.7  -21.1     58   1.70     55     35  331.1  337.3  331.5
  400.0   7570  -16.5  -23.5     55   1.45     75     29  333.5  338.8  333.8
  385.0   7857  -17.9  -30.9     31   0.76     78     26  335.3  338.2  335.4
  360.0   8355  -22.1  -29.1     53   0.96     85     21  336.1  339.8  336.3
  358.0   8396  -22.4  -29.8     51   0.90     85     21  336.3  339.7  336.5
  321.0   9189  -28.3  -44.3     20   0.23     63     17  338.8  339.7  338.8
  316.0   9300  -29.3  -43.2     25   0.27     60     16  338.9  340.0  339.0
  300.0   9670  -32.5  -39.5     50   0.41     70     16  339.4  341.1  339.5
  291.0   9884  -34.5  -40.5     54   0.39     80     14  339.6  341.1  339.6
  278.0  10202  -37.1  -43.8     50   0.29    105     12  340.3  341.5  340.4
  272.0  10354  -38.3  -45.3     48   0.25    104     12  340.7  341.7  340.7
  270.0  10405  -38.5  -49.5     30   0.16    104     11  341.1  341.8  341.1
  263.0  10585  -40.1  -48.1     42   0.19    102     11  341.3  342.1  341.4
  250.0  10930  -42.7                         100     10  342.4         342.4
  233.0  11391  -46.7                          85     16  343.4         343.4
  200.0  12390  -55.3                          70     27  345.0         345.0
  194.0  12580  -56.8                          70     29  345.7         345.7
  167.0  13515  -63.9                          66     52  348.9         348.9
  160.0  13776  -64.2                          65     58  352.7         352.7
  150.0  14170  -64.7                          70     31  358.4         358.4
  145.0  14369  -66.1                          65     17  359.5         359.5
  138.0  14659  -68.1                          30      8  361.1         361.1
  124.0  15287  -72.5                         190      8  364.3         364.3
  112.0  15885  -76.7                         160      8  367.3         367.3
  106.0  16208  -78.9                         255      6  368.8         368.8
  100.0  16550  -81.3                         245     10  370.4         370.4
   96.0  16777  -82.7                         250      6  372.1         372.1
   91.4  17050  -84.3                         225      8  374.1         374.1
   86.0  17386  -84.4                         180     14  380.5         380.5
   81.0  17716  -84.5                          55      6  386.9         386.9
   73.0  18289  -84.6                         120     14  398.2         398.2
   70.0  18520  -84.7                         120     19  402.9         402.9
   69.9  18528  -84.7                         120     19  403.0         403.0
   63.5  19068  -77.9                         116     17  429.2         429.2
   62.0  19205  -78.2                         115     17  431.5         431.5
   59.2  19469  -78.7                         100     18  436.1         436.1
   54.5  19947  -73.7                          74     20  458.0         458.0
   53.0  20112  -68.7                          65     21  473.2         473.2
   50.0  20460  -70.7                          80     23  476.5         476.5
   47.3  20787  -72.7                          87     30  479.3         479.3
   46.0  20952  -71.8                          90     33  485.2         485.2
   40.8  21664  -68.1                         104     47  511.5         511.5
   39.4  21876  -63.7                         108     51  527.7         527.7
   37.0  22259  -65.1                         115     58  533.7         533.7
   36.3  22376  -65.5                         114     59  535.5         535.5
   30.0  23550  -59.7                         100     70  581.3         581.3
   29.0  23762  -59.1                         100     70  588.7         588.7
   28.1  23960  -58.5                         100     74  595.6         595.6
   28.0  23983  -58.5                         100     74  596.4         596.4
   27.0  24214  -58.0                         100     74  604.0         604.0
   25.0  24703  -56.9                          95     74  620.4         620.4
   22.0  25515  -55.2                          85     74  648.6         648.6
   21.0  25810  -54.6                          80     74  659.2         659.2
   20.0  26120  -53.9                          80     74  670.4         670.4
   17.0  27177  -50.9                          75     60  711.9         711.9
   15.0  27991  -48.6                          85     47  745.5         745.5
   14.6  28166  -48.1                                     752.9         752.9
</PRE><H3>Station information and sounding indices</H3><PRE>
                         Station identifier: WIII
                             Station number: 96749
                           Observation time: 150128/0000
                           Station latitude: -6.11
                          Station longitude: 106.65
                          Station elevation: 8.0
                            Showalter index: -0.79
                               Lifted index: -3.10
    LIFT computed using virtual temperature: -3.53
                                SWEAT index: 218.61
                                    K index: 35.50
                         Cross totals index: 21.70
                      Vertical totals index: 24.10
                        Totals totals index: 45.80
      Convective Available Potential Energy: 836.01
             CAPE using virtual temperature: 960.87
                      Convective Inhibition: -29.43
             CINS using virtual temperature: -22.62
                           Equilibrum Level: 177.66
 Equilibrum Level using virtual temperature: 177.23
                   Level of Free Convection: 838.60
             LFCT using virtual temperature: 864.97
                     Bulk Richardson Number: 627.09
          Bulk Richardson Number using CAPV: 720.75
  Temp [K] of the Lifted Condensation Level: 294.19
Pres [hPa] of the Lifted Condensation Level: 948.39
   Equivalent potential temp [K] of the LCL: 347.93
     Mean mixed layer potential temperature: 298.70
              Mean mixed layer mixing ratio: 16.87
              1000 hPa to 500 hPa thickness: 5767.00
Precipitable water [mm] for entire sounding: 54.61
</PRE>
<P>Description of the 
<A HREF="/upperair/columns.html">data columns</A>
or <A HREF="/upperair/indices.html">sounding indices</A>.

<P>
<FORM>
<INPUT CLASS="button" TYPE="button" VALUE=" Close this window " 
 onClick="window.close();">
<INPUT CLASS="button" TYPE="button" VALUE=" Select another map " 
 onClick="window.blur();">
</FORM>
<HR SIZE="1">
<I>Interested in graduate studies in atmospheric science?
Check out our program at the
<a href="http://www.uwyo.edu/atsc/howtoapply/"
target=_top>University of Wyoming
</a></I>
<HR SIZE="1"><FONT SIZE="-1">
Questions about the weather data provided by this site can be
addressed to <A HREF="mailto:ldoolman@uwyo.edu">
Larry Oolman (ldoolman@uwyo.edu)</A></FONT>
<HR SIZE="1">
<SCRIPT TYPE="text/javascript">
<!--
window.focus();
// -->
</SCRIPT>
</BODY>
</HTML>
