2014-03-03 00
<HTML>
<TITLE>University of Wyoming - Radiosonde Data</TITLE>
<BODY BGCOLOR="white">
<H2>96749 WIII Jakarta Observations at 00Z 03 Mar 2014</H2>
<PRE>
-----------------------------------------------------------------------------
   PRES   HGHT   TEMP   DWPT   RELH   MIXR   DRCT   SKNT   THTA   THTE   THTV
    hPa     m      C      C      %    g/kg    deg   knot     K      K      K 
-----------------------------------------------------------------------------
 1009.0      8   23.8   22.8     94  17.67    190      4  296.2  347.3  299.3
 1006.0     35   25.2   22.7     86  17.61    188      4  297.8  349.1  301.0
 1000.0     88   25.0   22.3     85  17.28    185      4  298.1  348.5  301.2
  976.0    301   24.4   20.4     78  15.72    170      2  299.7  345.8  302.5
  943.0    604   23.6   17.7     69  13.71    285      4  301.8  342.5  304.3
  925.0    773   23.2   16.2     65  12.68    285      6  303.0  340.9  305.3
  918.0    839   23.2   14.2     57  11.21    282      6  303.7  337.3  305.7
  912.0    896   22.7   14.2     59  11.31    280      6  303.8  337.7  305.8
  881.0   1195   20.2   14.5     70  11.89    220      2  304.2  339.9  306.3
  851.0   1495   17.7   14.7     83  12.50    235      2  304.6  342.1  306.8
  850.0   1505   17.6   14.7     83  12.52    235      2  304.6  342.2  306.9
  833.0   1678   17.0   13.1     78  11.50    218      2  305.7  340.4  307.8
  821.0   1801   16.4   12.0     75  10.86    205      2  306.3  339.3  308.3
  793.0   2095   14.9    9.4     70   9.45    315      4  307.8  336.8  309.6
  765.0   2400   13.4    6.8     64   8.15    325      4  309.4  334.6  310.9
  757.0   2489   13.0    6.0     62   7.80    310      5  309.8  334.1  311.3
  752.0   2545   12.8    1.8     47   5.83    301      5  310.2  328.6  311.3
  738.0   2703   13.6  -10.4     18   2.36    275      6  312.8  320.6  313.2
  703.0   3109   10.0    4.0     66   7.30    266      4  313.1  336.2  314.5
  700.0   3145    9.8    3.8     66   7.23    265      4  313.3  336.2  314.7
  687.0   3298    8.8    3.2     68   7.05    260      2  313.9  336.2  315.2
  639.0   3891    4.9    0.8     75   6.40    275      2  316.0  336.5  317.2
  616.0   4191    2.9   -0.4     79   6.08    320      4  317.0  336.7  318.2
  586.0   4599    0.2   -2.0     85   5.67    350      9  318.4  336.9  319.5
  573.0   4779    0.0   -4.6     71   4.77      4     12  320.3  336.0  321.2
  572.0   4793   -0.1   -4.7     71   4.75      5     12  320.3  336.0  321.2
  551.0   5090   -1.7   -6.2     71   4.39      5     10  321.8  336.5  322.7
  510.0   5703   -5.1   -9.4     72   3.71    325      4  324.9  337.5  325.6
  501.0   5844   -5.9  -10.1     72   3.56    334      4  325.6  337.8  326.3
  500.0   5860   -5.9  -11.9     63   3.09    335      4  325.8  336.4  326.4
  491.0   6001   -6.2  -16.2     45   2.22    350      4  327.1  335.0  327.6
  480.0   6178   -6.5  -21.5     29   1.44     23      5  328.9  334.1  329.1
  473.0   6291   -7.3  -21.5     31   1.46     45      6  329.2  334.6  329.5
  455.0   6590   -9.4  -21.5     37   1.52     75      2  330.3  335.8  330.6
  438.0   6883  -11.5  -21.5     43   1.58     55      4  331.2  337.0  331.6
  421.0   7183  -13.4  -26.0     34   1.09    345      2  332.6  336.6  332.8
  404.0   7495  -15.4  -30.8     26   0.73     40      4  333.9  336.7  334.1
  400.0   7570  -15.9  -31.9     24   0.66     40      4  334.2  336.8  334.4
  394.0   7684  -16.9  -33.9     21   0.56     38      5  334.4  336.6  334.5
  388.0   7798  -17.9  -24.6     56   1.35     35      6  334.5  339.5  334.8
  386.0   7837  -18.3  -21.5     76   1.79     37      6  334.5  341.1  334.9
  376.0   8033  -19.5  -26.5     54   1.17     45      7  335.4  339.9  335.7
  372.0   8112  -20.1  -23.4     75   1.57     49      7  335.7  341.5  336.0
  353.0   8498  -22.9  -33.9     36   0.62     66      8  337.0  339.4  337.1
  347.0   8623  -23.7  -31.7     48   0.78     72      8  337.5  340.6  337.7
  345.0   8666  -23.7  -37.7     26   0.43     74      8  338.1  339.8  338.2
  344.0   8687  -23.9  -37.8     26   0.43     75      8  338.1  339.9  338.2
  303.0   9599  -30.9  -44.0     27   0.25     70     16  340.7  341.7  340.7
  300.0   9670  -31.5  -44.5     27   0.24     65     16  340.9  341.9  340.9
  296.0   9765  -32.1  -44.1     29   0.26     58     16  341.3  342.4  341.4
  291.0   9884  -33.1  -45.5     28   0.23     50     16  341.5  342.5  341.6
  259.0  10698  -40.1  -55.1     19   0.08     50     16  342.8  343.2  342.9
  250.0  10940  -41.9                          50     16  343.6         343.6
  244.0  11100  -43.2                          55     16  344.0         344.0
  223.0  11693  -48.2                          55     21  345.3         345.3
  200.0  12410  -54.3                          45     31  346.6         346.6
  160.0  13783  -65.9                          40     31  349.8         349.8
  150.0  14180  -69.3                          50     27  350.5         350.5
  134.0  14849  -73.5                          53     28  354.5         354.5
  124.0  15297  -75.2                          55     29  359.5         359.5
  112.0  15886  -77.3                          70     47  366.1         366.1
  106.0  16204  -78.5                          55     31  369.6         369.6
  101.0  16483  -79.5                          70     17  372.8         372.8
  100.0  16540  -79.9                          75     17  373.1         373.1
   95.0  16827  -82.2                         110     17  374.1         374.1
   93.1  16939  -83.1                         115     19  374.5         374.5
   91.0  17068  -82.3                         100     23  378.6         378.6
   81.0  17727  -78.0                          20     27  400.1         400.1
   77.0  18013  -76.2                         355     14  409.8         409.8
   75.2  18147  -75.3                         326     14  414.4         414.4
   70.0  18560  -75.3                         240     12  423.0         423.0
   65.0  18991  -74.5                         201     15  433.8         433.8
   63.0  19175  -70.3                         185     16  446.9         446.9
   62.9  19184  -70.1                         183     16  447.6         447.6
   60.0  19469  -68.6                         135     10  456.9         456.9
   57.0  19778  -67.0                           0     14  467.3         467.3
   54.0  20104  -65.4                         315     19  478.4         478.4
   53.9  20115  -65.3                         315     19  478.8         478.8
   50.0  20570  -68.1                         295     31  482.6         482.6
   48.6  20740  -69.1                         285     33  484.1         484.1
   47.0  20941  -69.3                         275     29  488.4         488.4
   42.0  21613  -69.9                         261     17  502.8         502.8
   40.0  21910  -68.7                         255     12  512.8         512.8
   35.0  22722  -65.5                         155     12  541.3         541.3
   33.0  23080  -64.0                         155     10  554.2         554.2
   31.0  23460  -62.5                         210      6  568.3         568.3
   30.0  23660  -61.7                         165      6  575.9         575.9
   29.0  23871  -60.3                         219      6  585.3         585.3
   28.0  24094  -58.3                         275      6  596.8         596.8
   27.0  24325  -56.2                         270     10  608.8         608.8
   25.1  24788  -52.1                         313     14  633.5         633.5
   25.0  24814  -52.2                         315     14  633.9         633.9
   24.0  25075  -53.2                         305     12  638.4         638.4
   23.0  25347  -54.2                         175      4  643.1         643.1
   22.0  25631  -55.4                         140     12  648.1         648.1
   21.0  25928  -56.5                         155      6  653.3         653.3
   20.0  26240  -57.7                         195      8  658.8         658.8
   19.0  26562  -58.7                         220      8  665.3         665.3
   18.0  26900  -59.8                          95     14  672.2         672.2
   17.6  27041  -60.3                          95     17  675.1         675.1
   16.9  27297  -55.1                          95     30  699.6         699.6
   16.0  27654  -53.6                          95     47  715.7         715.7
   12.1  29476  -45.7                          89     65  802.9         802.9
   10.0  30750  -43.9                          85     78  854.5         854.5
    9.8  30886  -43.6                          85     78  860.5         860.5
    9.7  30955  -43.5                                     863.5         863.5
</PRE><H3>Station information and sounding indices</H3><PRE>
                         Station identifier: WIII
                             Station number: 96749
                           Observation time: 140303/0000
                           Station latitude: -6.11
                          Station longitude: 106.65
                          Station elevation: 8.0
                            Showalter index: 0.11
                               Lifted index: -1.46
    LIFT computed using virtual temperature: -1.86
                                SWEAT index: 184.40
                                    K index: 32.20
                         Cross totals index: 20.60
                      Vertical totals index: 23.50
                        Totals totals index: 44.10
      Convective Available Potential Energy: 325.89
             CAPE using virtual temperature: 416.02
                      Convective Inhibition: -139.78
             CINS using virtual temperature: -75.76
                           Equilibrum Level: 223.33
 Equilibrum Level using virtual temperature: 223.36
                   Level of Free Convection: 682.53
             LFCT using virtual temperature: 772.33
                     Bulk Richardson Number: 126.19
          Bulk Richardson Number using CAPV: 161.09
  Temp [K] of the Lifted Condensation Level: 293.05
Pres [hPa] of the Lifted Condensation Level: 928.81
   Equivalent potential temp [K] of the LCL: 346.20
     Mean mixed layer potential temperature: 299.31
              Mean mixed layer mixing ratio: 16.06
              1000 hPa to 500 hPa thickness: 5772.00
Precipitable water [mm] for entire sounding: 48.10
</PRE>
<P>Description of the 
<A HREF="/upperair/columns.html">data columns</A>
or <A HREF="/upperair/indices.html">sounding indices</A>.

<P>
<FORM>
<INPUT CLASS="button" TYPE="button" VALUE=" Close this window " 
 onClick="window.close();">
<INPUT CLASS="button" TYPE="button" VALUE=" Select another map " 
 onClick="window.blur();">
</FORM>
<HR SIZE="1">
<I>Interested in graduate studies in atmospheric science?
Check out our program at the
<a href="http://www.uwyo.edu/atsc/howtoapply/"
target=_top>University of Wyoming
</a></I>
<HR SIZE="1"><FONT SIZE="-1">
Questions about the weather data provided by this site can be
addressed to <A HREF="mailto:ldoolman@uwyo.edu">
Larry Oolman (ldoolman@uwyo.edu)</A></FONT>
<HR SIZE="1">
<SCRIPT TYPE="text/javascript">
<!--
window.focus();
// -->
</SCRIPT>
</BODY>
</HTML>
