2014-04-23 00
<HTML>
<TITLE>University of Wyoming - Radiosonde Data</TITLE>
<BODY BGCOLOR="white">
<H2>96749 WIII Jakarta Observations at 00Z 23 Apr 2014</H2>
<PRE>
-----------------------------------------------------------------------------
   PRES   HGHT   TEMP   DWPT   RELH   MIXR   DRCT   SKNT   THTA   THTE   THTV
    hPa     m      C      C      %    g/kg    deg   knot     K      K      K 
-----------------------------------------------------------------------------
 1010.0      8   24.8   23.9     95  18.90      0      0  297.1  352.0  300.4
 1000.0     93   25.4   22.5     84  17.50    240      4  298.6  349.7  301.7
  977.0    299   25.4   21.0     77  16.31    240     12  300.5  348.6  303.5
  971.0    353   25.4   20.6     75  16.00    242     12  301.1  348.3  303.9
  925.0    780   23.0   17.0     69  13.35    260     14  302.8  342.6  305.2
  912.0    903   22.4   16.2     68  12.86    260     16  303.4  341.8  305.7
  850.0   1514   19.2   12.2     64  10.61    265     16  306.2  338.4  308.2
  793.0   2107   15.3   10.2     71   9.91    260     17  308.2  338.6  310.0
  789.0   2150   15.0   10.0     72   9.86    257     17  308.3  338.6  310.2
  713.0   3003   11.6    5.8     67   8.16    205      8  313.7  339.4  315.2
  700.0   3158   11.0    5.0     66   7.87    190      6  314.6  339.6  316.1
  685.0   3338    9.4    4.6     72   7.82    162      6  314.8  339.6  316.3
  640.0   3893    6.0    1.5     73   6.73     75      4  317.1  338.8  318.4
  617.0   4192    4.2   -0.1     74   6.20     95      4  318.4  338.5  319.6
  594.0   4502    2.3   -1.8     74   5.67    110      8  319.7  338.2  320.8
  567.0   4882    0.0   -3.9     75   5.08    100     10  321.2  338.0  322.2
  531.0   5403   -2.7  -10.8     54   3.18     85     12  324.1  335.0  324.7
  500.0   5880   -5.1  -17.1     38   2.01     80     21  326.8  333.9  327.2
  465.0   6446   -8.7  -23.7     29   1.22     80     21  329.1  333.6  329.4
  457.0   6581   -9.9  -17.9     52   2.06     80     21  329.3  336.6  329.7
  443.0   6820  -11.1  -26.1     28   1.03     80     21  330.7  334.5  330.9
  433.0   6996  -11.5  -31.5     17   0.64     80     21  332.3  334.8  332.5
  430.0   7049  -11.7  -21.7     43   1.58     80     21  332.8  338.5  333.1
  421.0   7210  -12.5  -28.1     26   0.91     80     21  333.8  337.2  333.9
  414.0   7339  -13.1  -33.1     17   0.57     77     21  334.6  336.8  334.7
  408.0   7450  -13.7  -24.7     39   1.27     74     21  335.2  340.0  335.4
  400.0   7600  -14.7  -27.7     32   0.99     70     21  335.8  339.6  336.0
  374.0   8095  -18.6  -29.7     37   0.87     60     19  337.1  340.4  337.3
  331.0   8995  -25.8  -33.4     49   0.69     85     16  339.2  341.9  339.4
  313.0   9407  -29.1  -35.1     56   0.62     96     19  340.1  342.6  340.2
  300.0   9710  -30.5  -41.5     33   0.34    105     21  342.3  343.7  342.3
  292.0   9901  -31.9  -46.1     23   0.21    105     19  342.9  343.8  342.9
  290.0   9950  -32.3  -47.3     21   0.19    104     19  343.0  343.8  343.1
  251.0  10953  -40.1  -51.1     30   0.14     81     23  345.9  346.5  345.9
  250.0  10980  -40.3                          80     23  346.0         346.0
  245.0  11114  -41.4                          80     23  346.3         346.3
  205.0  12296  -51.5                          75     33  348.6         348.6
  200.0  12460  -52.9                          75     33  348.8         348.8
  150.0  14250  -67.9                          95     25  352.9         352.9
  132.0  15009  -73.1                         100     29  356.8         356.8
  130.0  15099  -73.7                          92     24  357.3         357.3
  125.0  15324  -75.0                          70     10  358.9         358.9
  119.0  15605  -76.7                         315      8  361.0         361.0
  102.0  16487  -81.8                         270     12  367.3         367.3
  100.0  16600  -82.5                         265     12  368.1         368.1
   96.0  16824  -83.9                         255     10  369.7         369.7
   91.0  17119  -85.7                         255      8  371.8         371.8
   88.8  17253  -86.5                         275      6  372.8         372.8
   86.0  17432  -85.2                         290      4  378.8         378.8
   82.0  17698  -83.3                         205      8  387.8         387.8
   74.0  18270  -79.3                         135     14  407.9         407.9
   70.0  18580  -77.1                          70      8  419.1         419.1
   66.0  18923  -75.3                         310     16  430.1         430.1
   63.0  19194  -73.9                         280     16  439.1         439.1
   58.7  19606  -71.7                         280     27  452.9         452.9
   57.0  19781  -71.2                         280     31  457.9         457.9
   50.0  20560  -68.7                         260     19  481.2         481.2
   46.0  21063  -66.2                         255      8  498.9         498.9
   45.0  21196  -65.5                         272      9  503.6         503.6
   44.0  21334  -64.0                         290     10  510.7         510.7
   42.1  21606  -60.9                         302     14  524.7         524.7
   40.0  21923  -61.0                         315     19  532.2         532.2
   37.0  22407  -61.1                         265      8  543.8         543.8
   35.0  22752  -61.3                         300     14  552.2         552.2
   33.0  23118  -61.4                         290     16  561.3         561.3
   32.0  23309  -61.4                          95      2  566.0         566.0
   30.9  23526  -61.5                          54      3  571.6         571.6
   30.0  23710  -59.1                          20      4  582.9         582.9
   29.0  23924  -58.3                         355      4  590.9         590.9
   27.0  24375  -56.5                         285      6  608.0         608.0
   26.0  24613  -55.6                         110     10  617.3         617.3
   25.3  24785  -54.9                         107     25  624.0         624.0
   25.0  24861  -55.0                         105     31  625.9         625.9
   22.0  25673  -56.0                          75     31  646.2         646.2
   21.2  25908  -56.3                          85     35  652.1         652.1
   20.0  26280  -52.5                         100     41  674.7         674.7
   18.6  26752  -50.3                          94     47  695.7         695.7
   16.0  27756  -48.1                          80     58  733.4         733.4
   11.0  30254  -42.7                          90     62  836.0         836.0
   10.0  30890  -41.3                          85     60  864.2         864.2
    9.0  31610  -40.1                          90     74  895.2         895.2
    8.7  31842  -39.7                          90     74  905.4         905.4
    8.0  32415  -38.8                         100     74  931.1         931.1
    7.4  32948  -37.9                                     955.7         955.7
</PRE><H3>Station information and sounding indices</H3><PRE>
                         Station identifier: WIII
                             Station number: 96749
                           Observation time: 140423/0000
                           Station latitude: -6.11
                          Station longitude: 106.65
                          Station elevation: 8.0
                            Showalter index: 2.44
                               Lifted index: -1.56
    LIFT computed using virtual temperature: -2.20
                                SWEAT index: 199.41
                                    K index: 30.50
                         Cross totals index: 17.30
                      Vertical totals index: 24.30
                        Totals totals index: 41.60
      Convective Available Potential Energy: 410.00
             CAPE using virtual temperature: 514.86
                      Convective Inhibition: -127.08
             CINS using virtual temperature: -67.94
                           Equilibrum Level: 224.51
 Equilibrum Level using virtual temperature: 224.96
                   Level of Free Convection: 677.34
             LFCT using virtual temperature: 797.48
                     Bulk Richardson Number: 196.89
          Bulk Richardson Number using CAPV: 247.25
  Temp [K] of the Lifted Condensation Level: 293.59
Pres [hPa] of the Lifted Condensation Level: 928.11
   Equivalent potential temp [K] of the LCL: 348.64
     Mean mixed layer potential temperature: 299.93
              Mean mixed layer mixing ratio: 16.63
              1000 hPa to 500 hPa thickness: 5787.00
Precipitable water [mm] for entire sounding: 50.76
</PRE>
<P>Description of the 
<A HREF="/upperair/columns.html">data columns</A>
or <A HREF="/upperair/indices.html">sounding indices</A>.

<P>
<FORM>
<INPUT CLASS="button" TYPE="button" VALUE=" Close this window " 
 onClick="window.close();">
<INPUT CLASS="button" TYPE="button" VALUE=" Select another map " 
 onClick="window.blur();">
</FORM>
<HR SIZE="1">
<I>Interested in graduate studies in atmospheric science?
Check out our program at the
<a href="http://www.uwyo.edu/atsc/howtoapply/"
target=_top>University of Wyoming
</a></I>
<HR SIZE="1"><FONT SIZE="-1">
Questions about the weather data provided by this site can be
addressed to <A HREF="mailto:ldoolman@uwyo.edu">
Larry Oolman (ldoolman@uwyo.edu)</A></FONT>
<HR SIZE="1">
<SCRIPT TYPE="text/javascript">
<!--
window.focus();
// -->
</SCRIPT>
</BODY>
</HTML>
