2014-01-14 00
<HTML>
<TITLE>University of Wyoming - Radiosonde Data</TITLE>
<BODY BGCOLOR="white">
<H2>96749 WIII Jakarta Observations at 00Z 14 Jan 2014</H2>
<PRE>
-----------------------------------------------------------------------------
   PRES   HGHT   TEMP   DWPT   RELH   MIXR   DRCT   SKNT   THTA   THTE   THTV
    hPa     m      C      C      %    g/kg    deg   knot     K      K      K 
-----------------------------------------------------------------------------
 1010.0      8   24.0   23.3     96  18.21    230      8  296.3  349.0  299.5
 1000.0     97   24.2   21.9     87  16.85    250     10  297.4  346.3  300.4
  977.0    300   23.1   20.8     87  16.10    290     12  298.2  345.1  301.1
  925.0    778   20.4   18.2     87  14.43    305     17  300.2  342.6  302.8
  913.0    890   19.8   17.7     88  14.15    300     19  300.6  342.4  303.2
  850.0   1506   16.4   14.9     91  12.69    290     14  303.3  341.2  305.6
  793.0   2089   13.3   11.4     88  10.78    280     12  306.1  338.8  308.1
  738.0   2692   10.1    7.8     85   9.06    285     16  309.0  336.9  310.7
  700.0   3136    7.8    5.1     83   7.93    265     16  311.1  335.8  312.6
  689.0   3267    7.4    4.9     84   7.94    261     17  312.1  336.9  313.6
  687.0   3291    7.3    4.8     84   7.90    260     17  312.2  337.0  313.7
  634.0   3950    4.8    1.3     78   6.68    275     24  316.6  338.0  317.9
  615.0   4197    3.4    0.2     80   6.33    280     27  317.7  338.2  318.9
  573.0   4770    0.0   -2.5     83   5.59    278     28  320.3  338.6  321.3
  530.0   5388   -3.7   -5.8     85   4.70    275     29  323.0  338.7  323.9
  500.0   5850   -6.5   -8.3     87   4.11    265     29  325.1  339.0  325.9
  451.0   6654  -10.9  -12.1     91   3.37    265     15  329.2  341.0  329.9
  420.0   7197  -14.3  -15.9     88   2.65    265      6  331.6  341.0  332.1
  404.0   7494  -16.2  -18.0     86   2.32    280      6  332.9  341.2  333.3
  400.0   7570  -16.7  -18.5     86   2.24    275      6  333.2  341.2  333.6
  388.0   7796  -18.2  -20.4     82   1.96    265      4  334.2  341.3  334.6
  373.0   8088  -20.0  -22.9     78   1.64    190      4  335.5  341.5  335.8
  347.0   8623  -23.5  -27.4     70   1.17    224      4  337.8  342.2  338.0
  343.0   8707  -24.1  -28.2     69   1.10    230      4  338.1  342.3  338.3
  316.0   9296  -28.5  -33.8     61   0.70    235      8  340.0  342.8  340.1
  303.0   9598  -30.8  -36.6     56   0.55    185      4  340.9  343.1  341.0
  300.0   9670  -31.3  -37.3     55   0.52    185      4  341.1  343.2  341.2
  290.0   9905  -33.3  -39.3     55   0.44    190      2  341.6  343.4  341.7
  266.0  10505  -38.3  -44.3     53   0.28    125     14  342.8  344.0  342.9
  258.0  10716  -40.1  -46.1     53   0.24    123     15  343.2  344.2  343.3
  250.0  10930  -41.9                         120     16  343.6         343.6
  213.0  11985  -51.2                          90     21  345.2         345.2
  200.0  12400  -54.9                          80     25  345.7         345.7
  194.0  12587  -56.5                          85     27  346.2         346.2
  150.0  14170  -69.5                          75     41  350.2         350.2
  137.0  14700  -73.1                          80     51  353.0         353.0
  124.0  15282  -77.1                          80     74  355.9         355.9
  121.0  15425  -78.1                          80     76  356.6         356.6
  117.0  15618  -77.5                          75     68  361.2         361.2
  107.0  16132  -75.9                          75     21  373.5         373.5
  106.0  16185  -76.3                          75     16  373.9         373.9
  100.0  16520  -78.5                         255      4  375.8         375.8
   95.0  16809  -79.8                         230     14  378.7         378.7
   91.9  16996  -80.7                         195     12  380.6         380.6
   90.0  17114  -80.4                         170     12  383.6         383.6
   86.0  17372  -79.6                         150      4  390.1         390.1
   81.0  17711  -78.7                         255      2  398.8         398.8
   77.0  17997  -77.9                         155      6  406.2         406.2
   73.0  18299  -77.0                         180      4  414.3         414.3
   72.4  18346  -76.9                         198      5  415.5         415.5
   70.0  18540  -74.1                         270      8  425.5         425.5
   69.1  18616  -73.5                         288     10  428.4         428.4
   69.0  18624  -73.5                         290     10  428.6         428.6
   66.0  18885  -73.3                         290     10  434.5         434.5
   63.0  19158  -73.1                         330     12  440.7         440.7
   62.7  19186  -73.1                         327     13  441.3         441.3
   60.0  19448  -67.1                         303     18  460.3         460.3
   57.0  19759  -67.0                         275     25  467.3         467.3
   53.8  20108  -66.9                         257     29  475.4         475.4
   51.0  20431  -68.2                         240     33  479.6         479.6
   50.0  20550  -68.7                         240     29  481.2         481.2
   46.0  21052  -67.5                         245     12  495.6         495.6
   44.0  21320  -66.9                         260      6  503.4         503.4
   42.7  21501  -66.5                         289     10  508.8         508.8
   42.0  21601  -66.4                         305     12  511.4         511.4
   38.9  22066  -66.1                         301     14  523.5         523.5
   38.0  22210  -64.2                         300     14  531.8         531.8
   36.9  22390  -61.9                         291     17  542.3         542.3
   32.6  23161  -59.7                         255     30  567.7         567.7
   31.0  23475  -60.4                         240     35  573.9         573.9
   30.0  23680  -60.9                         235     35  578.0         578.0
   27.0  24334  -61.0                         245     23  595.4         595.4
   25.0  24811  -61.1                         110     14  608.4         608.4
   24.5  24936  -61.1                         104     15  611.9         611.9
   22.0  25612  -58.3                          70     21  639.2         639.2
   20.0  26210  -55.9                          90     17  664.3         664.3
   19.0  26539  -54.4                         100     19  678.7         678.7
   17.5  27067  -52.1                         163     17  702.2         702.2
   15.0  28055  -55.6                         280     12  722.1         722.1
   14.7  28185  -56.1                         255     10  724.7         724.7
   14.0  28495  -56.1                         125      8  734.9         734.9
   13.0  28965  -56.1                          90     49  750.6         750.6
   12.8  29064  -56.1                          88     49  754.0         754.0
   12.0  29480  -52.4                          80     47  781.0         781.0
   11.4  29811  -49.5                                     803.0         803.0
</PRE><H3>Station information and sounding indices</H3><PRE>
                         Station identifier: WIII
                             Station number: 96749
                           Observation time: 140114/0000
                           Station latitude: -6.11
                          Station longitude: 106.65
                          Station elevation: 8.0
                            Showalter index: -0.10
                               Lifted index: -1.79
    LIFT computed using virtual temperature: -2.01
                                SWEAT index: 235.81
                                    K index: 35.10
                         Cross totals index: 21.40
                      Vertical totals index: 22.90
                        Totals totals index: 44.30
      Convective Available Potential Energy: 348.28
             CAPE using virtual temperature: 420.57
                      Convective Inhibition: -17.58
             CINS using virtual temperature: -11.52
                           Equilibrum Level: 233.88
 Equilibrum Level using virtual temperature: 234.32
                   Level of Free Convection: 859.22
             LFCT using virtual temperature: 878.18
                     Bulk Richardson Number: 43.53
          Bulk Richardson Number using CAPV: 52.57
  Temp [K] of the Lifted Condensation Level: 293.75
Pres [hPa] of the Lifted Condensation Level: 951.70
   Equivalent potential temp [K] of the LCL: 345.51
     Mean mixed layer potential temperature: 297.95
              Mean mixed layer mixing ratio: 16.36
              1000 hPa to 500 hPa thickness: 5753.00
Precipitable water [mm] for entire sounding: 56.98
</PRE>
<P>Description of the 
<A HREF="/upperair/columns.html">data columns</A>
or <A HREF="/upperair/indices.html">sounding indices</A>.

<P>
<FORM>
<INPUT CLASS="button" TYPE="button" VALUE=" Close this window " 
 onClick="window.close();">
<INPUT CLASS="button" TYPE="button" VALUE=" Select another map " 
 onClick="window.blur();">
</FORM>
<HR SIZE="1">
<I>Interested in graduate studies in atmospheric science?
Check out our program at the
<a href="http://www.uwyo.edu/atsc/howtoapply/"
target=_top>University of Wyoming
</a></I>
<HR SIZE="1"><FONT SIZE="-1">
Questions about the weather data provided by this site can be
addressed to <A HREF="mailto:ldoolman@uwyo.edu">
Larry Oolman (ldoolman@uwyo.edu)</A></FONT>
<HR SIZE="1">
<SCRIPT TYPE="text/javascript">
<!--
window.focus();
// -->
</SCRIPT>
</BODY>
</HTML>
