2013-09-21 00
<HTML>
<TITLE>University of Wyoming - Radiosonde Data</TITLE>
<BODY BGCOLOR="white">
<H2>96749 WIII Jakarta Observations at 00Z 21 Sep 2013</H2>
<PRE>
-----------------------------------------------------------------------------
   PRES   HGHT   TEMP   DWPT   RELH   MIXR   DRCT   SKNT   THTA   THTE   THTV
    hPa     m      C      C      %    g/kg    deg   knot     K      K      K 
-----------------------------------------------------------------------------
 1010.0      8   24.8   22.3     86  17.11    210      4  297.1  346.8  300.1
 1000.0    100   25.2   20.7     76  15.63    185      4  298.4  344.0  301.1
  990.0    189   25.6   20.6     74  15.69    158      4  299.6  345.7  302.4
  978.0    296   24.9   20.1     75  15.42    125      4  300.0  345.3  302.7
  945.0    597   23.0   18.8     77  14.69     95      4  301.0  344.4  303.6
  925.0    785   21.8   18.0     79  14.24    100      6  301.6  343.8  304.2
  913.0    898   21.1   17.3     79  13.83    105      6  302.0  343.0  304.5
  851.0   1505   17.1   13.8     81  11.76     90     10  303.9  339.1  306.1
  850.0   1515   17.0   13.7     81  11.72     90     10  303.9  339.1  306.1
  822.0   1800   15.4   11.7     78  10.59    115      8  305.2  337.2  307.2
  797.0   2063   14.0    9.8     76   9.63     76      6  306.4  335.7  308.2
  793.0   2105   14.0    7.4     64   8.22     70      6  306.8  332.0  308.3
  784.0   2201   14.0    2.0     44   5.67     63      6  307.8  325.5  308.9
  766.0   2395   12.7    2.4     50   5.98     50      6  308.4  327.1  309.5
  739.0   2695   10.6    3.0     60   6.49    350      8  309.3  329.6  310.5
  712.0   3005    8.4    3.7     72   7.06    355      6  310.2  332.3  311.6
  700.0   3147    7.4    4.0     79   7.33     80      4  310.6  333.6  312.0
  687.0   3300    6.1    3.0     80   6.93    175      2  310.9  332.6  312.2
  666.0   3555    4.0    1.2     82   6.31     87      5  311.3  331.1  312.5
  662.0   3604    6.4   -8.5     34   3.06     70      6  314.5  324.6  315.1
  659.0   3641    8.2  -15.8     17   1.70     71      7  316.9  322.8  317.3
  615.0   4202    4.8  -21.2     13   1.15     85     21  319.4  323.5  319.6
  571.0   4804    1.2  -27.1     10   0.73     80     10  322.0  324.7  322.1
  557.0   5005    0.0  -29.0      9   0.63     93      9  322.9  325.2  323.0
  550.0   5105   -0.6  -29.2      9   0.62    100      8  323.4  325.7  323.5
  510.0   5703   -4.0  -30.6     11   0.59     85     17  326.2  328.5  326.4
  500.0   5860   -4.9  -30.9     11   0.58     80     19  327.0  329.2  327.1
  476.0   6245   -7.5  -27.5     18   0.85     77     21  328.4  331.6  328.6
  455.0   6591   -9.4  -31.4     15   0.62     75     23  330.2  332.6  330.4
  404.0   7504  -14.6  -41.5      8   0.25     90     31  335.0  336.0  335.0
  403.0   7523  -14.7  -41.7      8   0.25     90     31  335.1  336.1  335.1
  400.0   7580  -15.1  -42.1      8   0.24     90     31  335.3  336.2  335.3
  330.0   8991  -26.1  -45.7     14   0.19     85     31  339.2  340.0  339.2
  300.0   9690  -31.5  -47.5     19   0.18     85     27  340.9  341.6  340.9
  299.0   9714  -31.7  -47.7     19   0.17     85     27  340.9  341.6  340.9
  264.0  10580  -40.1  -48.1     42   0.19     77     33  341.0  341.8  341.0
  255.0  10815  -41.8                          75     35  341.9         341.9
  250.0  10950  -42.7                          75     41  342.4         342.4
  200.0  12420  -54.1                          75     64  346.9         346.9
  160.0  13808  -64.3                          75     78  352.5         352.5
  150.0  14210  -67.3                          70     70  354.0         354.0
  138.0  14698  -70.3                          65     68  357.2         357.2
  124.0  15325  -74.2                          55     89  361.3         361.3
  118.0  15616  -76.0                          55     89  363.1         363.1
  115.0  15766  -76.9                          55     86  364.1         364.1
  104.0  16344  -75.1                          82     42  378.1         378.1
  101.0  16513  -75.5                          90     29  380.4         380.4
  100.0  16570  -75.7                          90     29  381.2         381.2
   96.0  16807  -75.1                          85     25  386.8         386.8
   87.9  17318  -73.9                         293     13  399.1         399.1
   87.0  17378  -73.8                         275     12  400.5         400.5
   82.0  17724  -73.3                         220      8  408.3         408.3
   78.0  18017  -73.0                         115      4  414.9         414.9
   74.0  18325  -72.5                          70      6  422.1         422.1
   70.0  18650  -72.1                         325      6  429.8         429.8
   69.1  18727  -70.9                         304      8  434.0         434.0
   67.0  18910  -70.7                         255     14  438.3         438.3
   64.0  19183  -70.4                         255     19  444.7         444.7
   58.0  19769  -69.7                         300     19  458.9         458.9
   57.7  19799  -69.7                         299     19  459.6         459.6
   56.5  19926  -66.7                         296     19  469.2         469.2
   50.0  20670  -64.5                         275     19  491.1         491.1
   43.0  21594  -64.2                         265     35  513.6         513.6
   38.7  22239  -63.9                         261     32  529.9         529.9
   37.0  22514  -64.4                         260     31  535.3         535.3
   35.0  22854  -65.1                         245     27  542.1         542.1
   33.9  23049  -65.5                         261     26  546.1         546.1
   32.0  23407  -61.0                         290     25  567.4         567.4
   30.4  23726  -56.9                         274     23  586.7         586.7
   30.0  23810  -56.7                         270     23  589.5         589.5
   28.0  24251  -55.6                         240     29  604.3         604.3
   27.0  24484  -55.0                         245     23  612.3         612.3
   25.0  24976  -53.8                         280     23  629.5         629.5
   22.3  25707  -51.9                         277     33  655.8         655.8
   20.0  26410  -52.5                         275     43  674.7         674.7
   19.0  26742  -52.4                         275     43  685.0         685.0
   17.0  27461  -52.2                         250     45  707.8         707.8
   15.0  28271  -51.9                         235     19  734.4         734.4
   14.7  28401  -51.9                         241     18  738.8         738.8
   14.0  28722  -49.7                         255     16  756.5         756.5
   12.5  29468  -44.7                         240     20  799.0         799.0
   12.0  29739  -45.4                         235     21  805.7         805.7
   11.0  30317  -47.0                         250     25  820.2         820.2
   10.6  30564  -47.7                                     826.5         826.5
</PRE><H3>Station information and sounding indices</H3><PRE>
                         Station identifier: WIII
                             Station number: 96749
                           Observation time: 130921/0000
                           Station latitude: -6.11
                          Station longitude: 106.65
                          Station elevation: 8.0
                            Showalter index: 2.37
                               Lifted index: -0.02
    LIFT computed using virtual temperature: -0.79
                                SWEAT index: 203.41
                                    K index: 32.20
                         Cross totals index: 18.60
                      Vertical totals index: 21.90
                        Totals totals index: 40.50
      Convective Available Potential Energy: 134.94
             CAPE using virtual temperature: 273.54
                      Convective Inhibition: -56.16
             CINS using virtual temperature: -41.58
                           Equilibrum Level: 233.17
 Equilibrum Level using virtual temperature: 233.12
                   Level of Free Convection: 797.99
             LFCT using virtual temperature: 835.72
                     Bulk Richardson Number: 23.91
          Bulk Richardson Number using CAPV: 48.47
  Temp [K] of the Lifted Condensation Level: 292.42
Pres [hPa] of the Lifted Condensation Level: 919.84
   Equivalent potential temp [K] of the LCL: 345.03
     Mean mixed layer potential temperature: 299.50
              Mean mixed layer mixing ratio: 15.56
              1000 hPa to 500 hPa thickness: 5760.00
Precipitable water [mm] for entire sounding: 40.39
</PRE>
<P>Description of the 
<A HREF="/upperair/columns.html">data columns</A>
or <A HREF="/upperair/indices.html">sounding indices</A>.

<P>
<FORM>
<INPUT CLASS="button" TYPE="button" VALUE=" Close this window " 
 onClick="window.close();">
<INPUT CLASS="button" TYPE="button" VALUE=" Select another map " 
 onClick="window.blur();">
</FORM>
<HR SIZE="1">
<I>Interested in graduate studies in atmospheric science?
Check out our program at the
<a href="http://www.uwyo.edu/atsc/howtoapply/"
target=_top>University of Wyoming
</a></I>
<HR SIZE="1"><FONT SIZE="-1">
Questions about the weather data provided by this site can be
addressed to <A HREF="mailto:ldoolman@uwyo.edu">
Larry Oolman (ldoolman@uwyo.edu)</A></FONT>
<HR SIZE="1">
<SCRIPT TYPE="text/javascript">
<!--
window.focus();
// -->
</SCRIPT>
</BODY>
</HTML>
