2015-04-13 12
<HTML>
<TITLE>University of Wyoming - Radiosonde Data</TITLE>
<BODY BGCOLOR="white">
<H2>96749 WIII Jakarta Observations at 00Z 13 Apr 2015</H2>
<PRE>
-----------------------------------------------------------------------------
   PRES   HGHT   TEMP   DWPT   RELH   MIXR   DRCT   SKNT   THTA   THTE   THTV
    hPa     m      C      C      %    g/kg    deg   knot     K      K      K 
-----------------------------------------------------------------------------
 1011.0      8   25.6   25.3     98  20.59    230      3  297.8  357.9  301.5
 1000.0    110   25.8   23.1     85  18.17    185      4  298.9  352.1  302.2
  979.0    296   24.6   22.4     88  17.79     95      6  299.6  351.8  302.8
  946.0    598   22.7   21.3     92  17.20     55      6  300.6  351.2  303.6
  925.0    795   21.4   20.6     95  16.82     45      6  301.2  350.9  304.2
  914.0    898   20.9   19.9     94  16.31     40      6  301.7  349.9  304.6
  850.0   1525   17.6   15.8     89  13.46     45      4  304.6  344.9  307.0
  823.0   1798   16.0   14.2     89  12.53     45      4  305.7  343.6  308.0
  795.0   2090   14.3   12.5     89  11.59    155      4  307.0  342.2  309.1
  767.0   2393   12.6   10.8     88  10.68    190      8  308.3  340.9  310.2
  740.0   2696   10.9    9.0     88   9.82    155      4  309.5  339.8  311.4
  715.0   2986    9.2    7.3     88   9.05    213     10  310.8  338.8  312.4
  714.0   2998    9.2    7.2     88   9.01    215     10  310.9  338.8  312.5
  700.0   3162    8.8    5.9     82   8.39    205      8  312.2  338.4  313.8
  669.0   3536    7.8    2.9     71   7.10    175      6  315.1  337.8  316.5
  664.0   3597    7.4    2.6     72   7.01    170      6  315.4  337.7  316.7
  640.0   3896    5.4    1.2     75   6.59    215      4  316.4  337.6  317.7
  617.0   4194    3.4   -0.1     78   6.18    185      6  317.5  337.5  318.7
  594.0   4502    1.4   -1.5     81   5.79    240      4  318.6  337.4  319.7
  579.0   4710    0.0   -2.5     83   5.53    197      7  319.3  337.4  320.4
  573.0   4792   -0.5   -2.9     83   5.41    180      8  319.7  337.5  320.8
  531.0   5394   -3.8   -6.0     85   4.61    220      8  322.7  338.1  323.6
  500.0   5870   -6.5   -8.5     86   4.05    220      8  325.1  338.8  325.9
  492.0   5994   -7.2   -9.2     86   3.89    225     10  325.7  338.9  326.4
  438.0   6890  -12.3  -14.2     85   2.91    275     12  330.2  340.4  330.8
  400.0   7590  -16.3  -18.2     85   2.29    270     16  333.7  342.0  334.2
  374.0   8092  -19.5  -22.1     79   1.74    265     14  336.0  342.4  336.3
  360.0   8377  -21.3  -24.4     76   1.48    246     12  337.2  342.8  337.5
  359.0   8397  -21.4  -24.5     76   1.47    245     12  337.3  342.8  337.6
  331.0   8986  -25.5  -28.4     77   1.12    270      4  339.6  343.9  339.8
  317.0   9300  -27.7  -30.4     78   0.97    335      2  340.8  344.5  341.0
  304.0   9604  -29.8  -32.4     78   0.83    355      6  341.9  345.2  342.1
  300.0   9700  -30.5  -33.0     79   0.80    355      8  342.3  345.4  342.4
  253.0  10879  -40.1  -43.2     72   0.33     23     14  345.1  346.5  345.2
  250.0  10960  -40.7                          25     14  345.4         345.4
  245.0  11094  -41.9                          30     14  345.7         345.7
  200.0  12440  -53.7                          15     23  347.6         347.6
  169.0  13482  -63.0                         355     19  349.3         349.3
  153.0  14097  -68.4                         350      4  350.1         350.1
  150.0  14220  -69.5                         315      4  350.2         350.2
  146.0  14377  -70.7                         265      2  350.8         350.8
  138.0  14705  -73.2                         225      4  352.2         352.2
  121.0  15469  -78.9                         217      7  355.2         355.2
  118.0  15611  -78.9                         215      8  357.7         357.7
  112.0  15907  -79.0                         140      6  362.9         362.9
  106.0  16219  -79.0                          30     16  368.6         368.6
  101.0  16494  -79.1                         353     18  373.6         373.6
  100.0  16550  -78.7                         345     19  375.4         375.4
   91.0  17083  -81.2                         280     21  380.7         380.7
   86.0  17402  -82.7                         275     17  383.9         383.9
   84.0  17535  -83.3                         265     14  385.3         385.3
   77.0  18023  -82.3                         185     14  397.0         397.0
   73.0  18322  -81.7                         120     12  404.4         404.4
   71.6  18431  -81.5                         106     14  407.1         407.1
   70.0  18560  -76.5                          90     16  420.4         420.4
   69.9  18568  -76.1                          90     16  421.4         421.4
   66.6  18848  -72.5                          81     12  435.1         435.1
   63.0  19173  -72.3                          70      8  442.5         442.5
   60.0  19459  -72.1                         135     10  449.1         449.1
   54.0  20075  -71.8                         130     29  463.7         463.7
   53.1  20174  -71.7                         125     29  466.0         466.0
   50.2  20506  -67.7                         106     29  483.0         483.0
   50.0  20530  -67.9                         105     29  483.1         483.1
   46.0  21027  -69.4                          80     29  491.2         491.2
   43.1  21415  -70.5                          81     35  497.6         497.6
   36.3  22454  -61.7                          84     50  545.3         545.3
   34.0  22861  -60.6                          85     56  558.5         558.5
   30.0  23640  -58.5                          80     56  584.6         584.6
   28.0  24085  -56.8                          85     56  600.9         600.9
   26.0  24563  -55.0                          95     60  618.9         618.9
   25.8  24612  -54.8                          95     60  620.8         620.8
   23.0  25353  -52.0                          95     25  649.8         649.8
   21.1  25909  -49.9                         133      9  672.3         672.3
   21.0  25940  -50.0                         135      8  672.9         672.9
   20.0  26260  -51.1                          80      6  679.0         679.0
   19.0  26593  -51.2                         300     17  688.6         688.6
   18.0  26944  -51.4                         270     19  699.0         699.0
   16.0  27708  -51.6                         290     12  722.0         722.0
   15.6  27873  -51.7                         345     10  727.0         727.0
   15.0  28130  -50.4                          70      6  739.6         739.6
   13.1  29020  -45.7                          18     24  784.9         784.9
   13.0  29072  -45.0                          15     25  788.9         788.9
   12.3  29445  -40.3                         347     24  818.1         818.1
   12.0                                       335     23                     
</PRE><H3>Station information and sounding indices</H3><PRE>
                         Station identifier: WIII
                             Station number: 96749
                           Observation time: 150413/0000
                           Station latitude: -6.11
                          Station longitude: 106.65
                          Station elevation: 8.0
                            Showalter index: -1.57
                               Lifted index: -4.25
    LIFT computed using virtual temperature: -4.66
                                SWEAT index: 205.61
                                    K index: 37.00
                         Cross totals index: 22.30
                      Vertical totals index: 24.10
                        Totals totals index: 46.40
      Convective Available Potential Energy: 1497.13
             CAPE using virtual temperature: 1625.10
                      Convective Inhibition: -6.56
             CINS using virtual temperature: -4.81
                           Equilibrum Level: 137.80
 Equilibrum Level using virtual temperature: 137.79
                   Level of Free Convection: 901.85
             LFCT using virtual temperature: 915.29
                     Bulk Richardson Number: 1005.05
          Bulk Richardson Number using CAPV: 1090.95
  Temp [K] of the Lifted Condensation Level: 295.40
Pres [hPa] of the Lifted Condensation Level: 954.66
   Equivalent potential temp [K] of the LCL: 352.30
     Mean mixed layer potential temperature: 299.36
              Mean mixed layer mixing ratio: 18.09
              1000 hPa to 500 hPa thickness: 5760.00
Precipitable water [mm] for entire sounding: 60.91
</PRE>
<P>Description of the 
<A HREF="/upperair/columns.html">data columns</A>
or <A HREF="/upperair/indices.html">sounding indices</A>.

<P>
<FORM>
<INPUT CLASS="button" TYPE="button" VALUE=" Close this window " 
 onClick="window.close();">
<INPUT CLASS="button" TYPE="button" VALUE=" Select another map " 
 onClick="window.blur();">
</FORM>
<HR SIZE="1">
<I>Interested in graduate studies in atmospheric science?
Check out our program at the
<a href="http://www.uwyo.edu/atsc/howtoapply/"
target=_top>University of Wyoming
</a></I>
<HR SIZE="1"><FONT SIZE="-1">
Questions about the weather data provided by this site can be
addressed to <A HREF="mailto:ldoolman@uwyo.edu">
Larry Oolman (ldoolman@uwyo.edu)</A></FONT>
<HR SIZE="1">
<SCRIPT TYPE="text/javascript">
<!--
window.focus();
// -->
</SCRIPT>
</BODY>
</HTML>
