2015-01-17 12
<HTML>
<TITLE>University of Wyoming - Radiosonde Data</TITLE>
<BODY BGCOLOR="white">
<H2>96749 WIII Jakarta Observations at 00Z 17 Jan 2015</H2>
<PRE>
-----------------------------------------------------------------------------
   PRES   HGHT   TEMP   DWPT   RELH   MIXR   DRCT   SKNT   THTA   THTE   THTV
    hPa     m      C      C      %    g/kg    deg   knot     K      K      K 
-----------------------------------------------------------------------------
 1010.0      8   24.2   22.6     91  17.43    190      5  296.5  347.0  299.6
 1000.0     97   25.0   23.1     89  18.17    220      8  298.1  351.1  301.4
  977.0    302   24.1   22.2     89  17.64    295     14  299.3  351.0  302.4
  973.0    338   24.0   22.1     89  17.55    296     14  299.5  351.0  302.6
  925.0    779   20.8   19.6     93  15.78    305     19  300.6  347.1  303.4
  912.0    901   20.2   18.8     92  15.24    305     19  301.1  346.1  303.9
  850.0   1509   17.0   15.0     88  12.77    295     23  303.9  342.2  306.3
  793.0   2098   13.9   10.8     82  10.34    285     17  306.7  338.2  308.6
  774.0   2304   12.8    9.3     79   9.59    285     17  307.7  337.0  309.4
  739.0   2692   11.8    6.2     69   8.11    285     16  310.6  335.9  312.1
  715.0   2969   11.0    4.0     62   7.18    294     16  312.7  335.4  314.1
  700.0   3146    9.8    6.0     77   8.45    300     16  313.3  339.9  314.9
  687.0   3302    9.2    5.6     79   8.39    305     14  314.3  340.8  315.9
  675.0   3449    8.6    5.3     80   8.34    303     13  315.2  341.7  316.8
  642.0   3864    6.4    2.8     78   7.35    296     10  317.3  340.9  318.7
  616.0   4200    4.5    1.5     81   6.97    290      8  318.9  341.4  320.3
  594.0   4496    2.9    0.3     83   6.65    235      6  320.3  342.0  321.6
  557.0   5020    0.0   -1.7     88   6.10    235     11  322.9  343.0  324.1
  551.0   5106   -0.5   -2.3     88   5.90    235     12  323.2  342.8  324.4
  511.0   5707   -4.1   -6.5     83   4.63    220     16  326.0  341.6  326.9
  500.0   5880   -5.1   -7.7     82   4.31    210     14  326.8  341.4  327.6
  470.0   6363   -7.3  -13.3     62   2.93    166     11  329.9  340.1  330.4
  456.0   6598   -8.4  -20.5     37   1.65    145     10  331.3  337.4  331.7
  445.0   6787   -9.3  -26.3     24   1.01    146     11  332.5  336.3  332.7
  441.0   6856   -9.7  -16.7     57   2.36    146     11  332.9  341.4  333.4
  400.0   7600  -15.3  -23.3     50   1.47    150     14  335.0  340.5  335.3
  394.0   7714  -15.9  -23.9     50   1.42    150     14  335.7  341.0  336.0
  380.0   7986  -17.9  -27.9     41   1.02    150     14  336.5  340.4  336.7
  374.0   8104  -18.8  -27.2     48   1.11    150     14  336.9  341.1  337.1
  359.0   8407  -21.2  -25.4     69   1.36    135     10  337.7  342.8  337.9
  352.0   8553  -22.3  -24.5     82   1.50    110      9  338.0  343.7  338.4
  345.0   8700  -23.3  -25.7     80   1.38     85      8  338.7  343.9  339.0
  331.0   9002  -25.2  -28.1     77   1.15     60     12  340.0  344.4  340.3
  325.0   9135  -26.1  -29.2     75   1.06     68     13  340.6  344.7  340.8
  316.0   9338  -27.5  -39.5     31   0.39     79     15  341.4  343.0  341.5
  304.0   9615  -29.3  -39.8     35   0.40     95     17  342.7  344.3  342.8
  300.0   9710  -29.9  -39.9     37   0.40     95     17  343.1  344.8  343.2
  256.0  10815  -39.0  -49.9     31   0.16    120     19  345.6  346.3  345.7
  251.0  10953  -40.1  -51.1     30   0.14    120     19  345.9  346.5  345.9
  250.0  10980  -40.3                         120     19  346.0         346.0
  205.0  12296  -51.0                          90     23  349.4         349.4
  200.0  12460  -52.3                          80     23  349.8         349.8
  196.0  12586  -53.2                          70     23  350.3         350.3
  161.0  13817  -62.4                          70     52  355.1         355.1
  150.0  14260  -65.7                          60     43  356.7         356.7
  126.0  15280  -73.9                          30     19  360.1         360.1
  119.0  15615  -76.6                          10     10  361.1         361.1
  109.0  16128  -80.7                         150     10  362.5         362.5
  107.0  16232  -81.3                         180     10  363.2         363.2
  102.0  16499  -83.0                         145     21  365.0         365.0
  100.0  16610  -83.7                         140     25  365.8         365.8
   95.6  16859  -85.3                         135     35  367.4         367.4
   91.0  17132  -84.8                         110     39  373.6         373.6
   86.0  17445  -84.2                          90     45  380.9         380.9
   82.0  17709  -83.7                         105     35  387.2         387.2
   79.3  17895  -83.3                          95     28  391.7         391.7
   78.0  17987  -81.2                          90     25  397.9         397.9
   77.1  18053  -79.7                          79     20  402.3         402.3
   74.0  18285  -80.0                          40      4  406.5         406.5
   70.0  18600  -80.3                         255     12  412.3         412.3
   66.0  18931  -80.9                         195     14  417.9         417.9
   65.0  19016  -81.1                         159     15  419.4         419.4
   63.0  19195  -79.4                          85     16  426.9         426.9
   57.0  19768  -74.0                          55      4  451.6         451.6
   55.9  19880  -72.9                          77      4  456.5         456.5
   54.0  20081  -73.3                         115      4  460.2         460.2
   51.0  20415  -73.9                         130     16  466.3         466.3
   50.0  20530  -74.1                         120     17  468.5         468.5
   48.7  20684  -73.5                         110     20  473.4         473.4
   48.0  20770  -73.0                         105     21  476.6         476.6
   42.0  21563  -68.3                          97     33  506.8         506.8
   34.0  22849  -65.3                          85     52  546.2         546.2
   30.0  23610  -63.5                          90     60  571.0         571.0
   29.7  23671  -63.5                          90     61  572.6         572.6
   20.0  26120  -57.7                          85     86  658.8         658.8
   18.8  26511  -56.3                          85     87  674.9         674.9
   18.2  26724  -55.0                          85     87  685.4         685.4
   18.0  26797  -54.5                          85     87  689.0         689.0
   14.0  28447  -44.2                          80     56  775.1         775.1
   13.1  28883  -41.5                          71     20  799.4         799.4
   13.0                                        70     16                     
</PRE><H3>Station information and sounding indices</H3><PRE>
                         Station identifier: WIII
                             Station number: 96749
                           Observation time: 150117/0000
                           Station latitude: -6.11
                          Station longitude: 106.65
                          Station elevation: 8.0
                            Showalter index: 0.91
                               Lifted index: -2.16
    LIFT computed using virtual temperature: -2.48
                                SWEAT index: 240.00
                                    K index: 33.30
                         Cross totals index: 20.10
                      Vertical totals index: 22.10
                        Totals totals index: 42.20
      Convective Available Potential Energy: 617.41
             CAPE using virtual temperature: 744.02
                      Convective Inhibition: -4.92
             CINS using virtual temperature: -3.35
                           Equilibrum Level: 202.09
 Equilibrum Level using virtual temperature: 202.10
                   Level of Free Convection: 916.43
             LFCT using virtual temperature: 928.45
                     Bulk Richardson Number: 389.68
          Bulk Richardson Number using CAPV: 469.59
  Temp [K] of the Lifted Condensation Level: 295.02
Pres [hPa] of the Lifted Condensation Level: 956.11
   Equivalent potential temp [K] of the LCL: 350.34
     Mean mixed layer potential temperature: 298.85
              Mean mixed layer mixing ratio: 17.63
              1000 hPa to 500 hPa thickness: 5783.00
Precipitable water [mm] for entire sounding: 57.99
</PRE>
<P>Description of the 
<A HREF="/upperair/columns.html">data columns</A>
or <A HREF="/upperair/indices.html">sounding indices</A>.

<P>
<FORM>
<INPUT CLASS="button" TYPE="button" VALUE=" Close this window " 
 onClick="window.close();">
<INPUT CLASS="button" TYPE="button" VALUE=" Select another map " 
 onClick="window.blur();">
</FORM>
<HR SIZE="1">
<I>Interested in graduate studies in atmospheric science?
Check out our program at the
<a href="http://www.uwyo.edu/atsc/howtoapply/"
target=_top>University of Wyoming
</a></I>
<HR SIZE="1"><FONT SIZE="-1">
Questions about the weather data provided by this site can be
addressed to <A HREF="mailto:ldoolman@uwyo.edu">
Larry Oolman (ldoolman@uwyo.edu)</A></FONT>
<HR SIZE="1">
<SCRIPT TYPE="text/javascript">
<!--
window.focus();
// -->
</SCRIPT>
</BODY>
</HTML>
