2013-11-03 12
<HTML>
<TITLE>University of Wyoming - Radiosonde Data</TITLE>
<BODY BGCOLOR="white">
<H2>96749 WIII Jakarta Observations at 00Z 03 Nov 2013</H2>
<PRE>
-----------------------------------------------------------------------------
   PRES   HGHT   TEMP   DWPT   RELH   MIXR   DRCT   SKNT   THTA   THTE   THTV
    hPa     m      C      C      %    g/kg    deg   knot     K      K      K 
-----------------------------------------------------------------------------
 1009.0      8   26.6   22.9     80  17.78    180      4  299.0  351.0  302.2
 1000.0     88   25.8   21.9     79  16.85    175      4  298.9  348.3  302.0
  998.0    106   25.8   21.7     78  16.68    174      4  299.1  348.0  302.1
  995.0    132   27.0   22.2     75  17.26    172      4  300.6  351.5  303.7
  976.0    302   25.7   21.4     77  16.75    160      6  300.9  350.4  303.9
  943.0    604   23.3   20.0     82  15.87    170      2  301.5  348.4  304.4
  925.0    774   22.0   19.2     84  15.38    145      4  301.8  347.4  304.6
  912.0    896   21.2   18.5     85  14.89    125      4  302.2  346.3  304.9
  881.0   1195   19.1   16.7     86  13.73     90      6  303.0  344.0  305.5
  850.0   1504   17.0   14.8     87  12.61     85      6  303.9  341.7  306.2
  834.0   1666   16.2   13.7     85  11.95     81      8  304.8  340.7  306.9
  817.0   1842   15.8    9.8     68   9.39     76     11  306.1  334.7  307.9
  793.0   2094   14.6    6.0     56   7.45     70     14  307.5  330.5  308.9
  772.0   2321   13.6    2.6     47   6.01     78     14  308.8  327.6  309.9
  754.0   2519   13.0   -3.0     33   4.09     84     14  310.2  323.3  311.0
  739.0   2687   11.9   -1.7     39   4.59     90     14  310.7  325.4  311.6
  700.0   3139    8.8    1.8     61   6.27     55     12  312.2  332.0  313.4
  687.0   3293    7.7    1.6     65   6.29     45     10  312.6  332.6  313.8
  641.0   3862    3.6    0.8     82   6.37     26      6  314.2  334.5  315.5
  639.0   3888    3.6   -0.4     75   5.85     25      6  314.6  333.3  315.7
  625.0   4068    4.0   -9.0     38   3.11     34      5  317.0  327.4  317.6
  615.0   4199    3.5   -4.5     56   4.47     40      4  317.9  332.6  318.7
  613.0   4225    3.4   -3.6     60   4.81     40      4  318.1  333.8  319.0
  606.0   4319    3.8  -12.2     30   2.49     41      5  319.6  328.0  320.0
  569.0   4827    0.0  -16.0     29   1.94     44      7  320.9  327.6  321.3
  551.0   5084   -1.4  -23.6     17   1.04     45      8  322.3  326.0  322.5
  549.0   5113   -1.5  -24.5     15   0.96     40      8  322.4  325.9  322.6
  535.0   5318   -3.1  -13.1     46   2.62      3     10  322.9  331.9  323.4
  530.0   5392   -3.7  -12.7     50   2.73    350     10  323.1  332.4  323.6
  510.0   5695   -6.1  -11.1     68   3.24      0     14  323.8  334.8  324.4
  508.0   5726   -6.3  -10.9     70   3.30      5     13  323.8  335.1  324.5
  500.0   5850   -5.9  -15.9     45   2.23     25     10  325.8  333.6  326.2
  499.0   5866   -5.9  -16.9     42   2.05     27     10  326.0  333.2  326.4
  482.0   6136   -7.5  -18.5     41   1.85     68      7  327.2  333.9  327.6
  477.0   6218   -6.9  -32.9     11   0.51     80      7  329.0  330.9  329.1
  473.0   6283   -6.9  -39.7      5   0.26     90      6  329.8  330.8  329.8
  470.0   6333   -6.9  -44.9      3   0.15     88      5  330.4  331.0  330.4
  455.0   6582   -8.6  -48.0      3   0.11     80      2  331.4  331.8  331.4
  437.0   6891  -10.6  -51.8      2   0.07    170      4  332.6  332.9  332.6
  421.0   7177  -12.5  -55.3      1   0.05    120      8  333.7  334.0  333.8
  400.0   7570  -15.1  -60.1      1   0.03    110      8  335.3  335.4  335.3
  389.0   7775  -16.6  -59.1      1   0.03    100      6  336.0  336.2  336.0
  373.0   8083  -18.8  -57.7      2   0.04     75      4  337.1  337.3  337.1
  358.0   8384  -21.0  -56.3      3   0.05     90      6  338.2  338.4  338.2
  330.0   8981  -25.3  -53.5      5   0.08     60      2  340.3  340.6  340.3
  317.0   9276  -27.4  -52.2      8   0.10    355      4  341.2  341.7  341.3
  304.0   9583  -29.6  -50.8     11   0.12    155      4  342.2  342.8  342.3
  300.0   9680  -30.3  -50.3     12   0.13    150      4  342.6  343.1  342.6
  298.0   9727  -30.5  -51.5     11   0.11    150      4  342.9  343.4  342.9
  279.0  10183  -34.6  -55.1     11   0.08    145      2  343.6  343.9  343.6
  267.0  10488  -37.3  -57.6     10   0.06    205      8  344.0  344.3  344.0
  255.0  10806  -40.1  -60.1     10   0.05    198      8  344.4  344.6  344.4
  250.0  10940  -41.1                         195      8  344.8         344.8
  245.0  11074  -42.2                         185      8  345.1         345.1
  234.0  11379  -44.8                         200      8  345.8         345.8
  224.0  11668  -47.3                         250      6  346.3         346.3
  214.0  11971  -49.9                         255      6  346.9         346.9
  200.0  12420  -53.7                         220      6  347.6         347.6
  186.0  12869  -57.6                         200      6  348.5         348.5
  169.0  13462  -62.8                         275      2  349.5         349.5
  153.0  14077  -68.2                          45      8  350.4         350.4
  150.0  14200  -69.3                          40     10  350.5         350.5
  145.0  14397  -70.7                          35     12  351.5         351.5
  125.0  15259  -77.0                          65     31  355.4         355.4
  118.0  15594  -79.4                          70     29  356.8         356.8
  116.0  15693  -80.1                          76     27  357.2         357.2
  107.0  16149  -80.1                         105     17  365.6         365.6
  101.0  16474  -81.6                         125     10  368.7         368.7
  100.0  16530  -81.9                         120     10  369.2         369.2
   96.0  16757  -83.1                          65     10  371.3         371.3
   95.9  16763  -83.1                          70     10  371.3         371.3
   91.0  17055  -82.1                         330      8  378.9         378.9
   88.9  17185  -81.7                         306      9  382.3         382.3
   84.6  17466  -76.5                         256     12  398.2         398.2
   82.0  17646  -76.1                         225     14  402.6         402.6
   77.0  18010  -75.3                         200     12  411.6         411.6
   73.0  18318  -74.6                          95      4  419.3         419.3
   70.0  18560  -74.1                         320     10  425.5         425.5
   66.0  18906  -72.4                         305      6  436.5         436.5
   63.0  19179  -71.0                         330      8  445.4         445.4
   61.5  19321  -70.3                         310      7  450.0         450.0
   60.0  19469  -69.0                         290      6  456.0         456.0
   55.8  19905  -65.3                         283     12  474.1         474.1
   54.0  20104  -65.8                         280     14  477.4         477.4
   52.0  20332  -66.3                         255     21  481.3         481.3
   50.0  20570  -66.9                         255     27  485.4         485.4
   47.0  20943  -67.5                         245     29  492.7         492.7
   45.8  21099  -67.7                         248     27  495.8         495.8
   42.1  21614  -60.7                         260     21  525.2         525.2
   42.0  21629  -60.6                         260     21  525.7         525.7
   40.0  21935  -59.5                         255     27  536.0         536.0
   37.0  22423  -57.6                         290     35  552.8         552.8
   36.8  22457  -57.5                         290     36  554.0         554.0
   33.0  23142  -58.8                         285     51  568.1         568.1
   30.0  23740  -59.9                         270     41  580.8         580.8
   28.6  24037  -60.5                         258     39  587.1         587.1
   26.0  24643  -57.9                         235     35  610.7         610.7
   23.0  25422  -54.5                         250     21  642.4         642.4
   22.0  25704  -53.3                         205      8  654.2         654.2
   21.0  26000  -52.0                         235      6  666.8         666.8
   20.0  26310  -50.7                         285     16  680.2         680.2
   18.5  26819  -47.9                         307     33  704.3         704.3
   18.0  26996  -48.8                         315     39  707.0         707.0
   15.1  28133  -54.5                         285     41  724.5         724.5
   14.0  28628  -51.6                         260     33  750.2         750.2
   13.0  29114  -48.7                         240     21  776.1         776.1
   12.0  29638  -45.6                         195      6  805.0         805.0
   11.0  30208  -42.3                          25      8  837.4         837.4
   10.0  30850  -42.1                          70     16  861.3         861.3
    9.2  31412  -43.7                          58     26  875.9         875.9
    9.0  31561  -38.7                          55     29  900.6         900.6
    8.0  32367  -40.1                          75     35  925.7         925.7
    7.9  32453  -40.3                                     928.4         928.4
</PRE><H3>Station information and sounding indices</H3><PRE>
                         Station identifier: WIII
                             Station number: 96749
                           Observation time: 131103/0000
                           Station latitude: -6.11
                          Station longitude: 106.65
                          Station elevation: 8.0
                            Showalter index: 0.31
                               Lifted index: -2.84
    LIFT computed using virtual temperature: -3.48
                                SWEAT index: 199.61
                                    K index: 30.70
                         Cross totals index: 20.70
                      Vertical totals index: 22.90
                        Totals totals index: 43.60
      Convective Available Potential Energy: 793.41
             CAPE using virtual temperature: 1018.29
                      Convective Inhibition: -20.67
             CINS using virtual temperature: -14.55
                           Equilibrum Level: 164.96
 Equilibrum Level using virtual temperature: 164.50
                   Level of Free Convection: 872.60
             LFCT using virtual temperature: 886.02
                     Bulk Richardson Number: 82.10
          Bulk Richardson Number using CAPV: 105.37
  Temp [K] of the Lifted Condensation Level: 293.71
Pres [hPa] of the Lifted Condensation Level: 923.31
   Equivalent potential temp [K] of the LCL: 349.95
     Mean mixed layer potential temperature: 300.49
              Mean mixed layer mixing ratio: 16.82
              1000 hPa to 500 hPa thickness: 5762.00
Precipitable water [mm] for entire sounding: 44.23
</PRE>
<P>Description of the 
<A HREF="/upperair/columns.html">data columns</A>
or <A HREF="/upperair/indices.html">sounding indices</A>.

<P>
<FORM>
<INPUT CLASS="button" TYPE="button" VALUE=" Close this window " 
 onClick="window.close();">
<INPUT CLASS="button" TYPE="button" VALUE=" Select another map " 
 onClick="window.blur();">
</FORM>
<HR SIZE="1">
<I>Interested in graduate studies in atmospheric science?
Check out our program at the
<a href="http://www.uwyo.edu/atsc/howtoapply/"
target=_top>University of Wyoming
</a></I>
<HR SIZE="1"><FONT SIZE="-1">
Questions about the weather data provided by this site can be
addressed to <A HREF="mailto:ldoolman@uwyo.edu">
Larry Oolman (ldoolman@uwyo.edu)</A></FONT>
<HR SIZE="1">
<SCRIPT TYPE="text/javascript">
<!--
window.focus();
// -->
</SCRIPT>
</BODY>
</HTML>
