2013-07-30 12
<HTML>
<TITLE>University of Wyoming - Radiosonde Data</TITLE>
<BODY BGCOLOR="white">
<H2>96749 WIII Jakarta Observations at 00Z 30 Jul 2013</H2>
<PRE>
-----------------------------------------------------------------------------
   PRES   HGHT   TEMP   DWPT   RELH   MIXR   DRCT   SKNT   THTA   THTE   THTV
    hPa     m      C      C      %    g/kg    deg   knot     K      K      K 
-----------------------------------------------------------------------------
 1009.0      8   25.2   22.5     85  17.34    210      3  297.6  348.0  300.7
 1000.0     87   25.2   21.1     78  16.03    175      4  298.4  345.1  301.2
  994.0    140   26.2   21.2     74  16.23    151      4  299.9  347.6  302.8
  976.0    301   25.0   20.5     76  15.81     80      4  300.3  346.8  303.1
  925.0    772   21.6   18.4     82  14.62     55      4  301.4  344.6  304.0
  911.0    903   20.7   17.8     84  14.29     40      4  301.8  344.1  304.4
  850.0   1501   16.6   15.1     91  12.86    270      4  303.5  341.9  305.9
  820.0   1807   15.2   13.3     89  11.87    180      4  305.2  341.0  307.4
  811.0   1902   14.8   12.8     88  11.58    174      3  305.7  340.7  307.8
  792.0   2100   13.7   11.6     87  10.92    160      2  306.6  339.7  308.6
  738.0   2693   10.3    7.9     85   9.12     65      2  309.2  337.3  310.9
  700.0   3136    7.8    5.1     83   7.93      5      2  311.1  335.8  312.6
  689.0   3267    7.2    4.7     84   7.83    349      2  311.8  336.4  313.3
  686.0   3303    7.0    4.4     83   7.69    345      2  312.0  336.1  313.4
  665.0   3559    5.6    2.1     78   6.74      1      2  313.2  334.6  314.5
  650.0   3746    5.8   -5.2     45   4.02     12      2  315.5  328.6  316.2
  625.0   4066    3.8   -1.0     71   5.72     32      2  316.8  335.3  317.9
  615.0   4197    3.1   -2.4     68   5.26     40      2  317.4  334.5  318.4
  575.0   4740    0.0   -8.0     55   3.66    332      2  319.9  332.2  320.6
  571.0   4796   -0.3   -7.7     58   3.78    325      2  320.2  332.8  320.9
  555.0   5023   -1.7   -6.3     71   4.33     64      4  321.2  335.6  322.0
  551.0   5081   -1.7  -11.7     46   2.85     89      4  321.8  331.6  322.4
  550.0   5096   -1.6  -15.6     34   2.07     95      4  322.1  329.3  322.5
  548.0   5125   -1.5  -23.5     17   1.06     94      4  322.6  326.4  322.8
  546.0   5154   -1.5  -33.5      7   0.42     93      4  322.9  324.5  323.0
  540.0   5242   -2.3   -5.8     77   4.62     90      5  323.0  338.4  323.9
  529.0   5405   -3.2   -7.3     73   4.21     85      6  323.8  338.0  324.7
  525.0   5465   -3.5   -7.8     72   4.07     78      6  324.2  337.9  325.0
  510.0   5694   -4.8  -16.7     39   2.05     50      6  325.3  332.5  325.7
  504.0   5787   -5.3  -20.3     30   1.52     50      7  325.8  331.2  326.1
  501.0   5834   -5.7  -13.7     53   2.66     50      8  325.8  335.1  326.4
  500.0   5850   -5.7  -13.7     53   2.67     50      8  326.0  335.3  326.6
  437.0   6882  -12.2  -19.6     54   1.86     85     12  330.6  337.3  330.9
  400.0   7560  -16.5  -23.5     55   1.45     80     21  333.5  338.8  333.8
  388.0   7784  -18.1  -25.9     50   1.20     80     21  334.3  338.8  334.6
  326.0   9066  -26.9  -39.9     28   0.37     93     18  339.2  340.7  339.3
  316.0   9288  -28.3  -43.6     22   0.26     95     17  340.2  341.3  340.3
  300.0   9660  -30.7  -49.7     14   0.14     75     16  342.0  342.6  342.0
  298.0   9708  -31.1  -49.1     15   0.15     74     17  342.1  342.7  342.1
  278.0  10193  -35.6  -50.1     21   0.14     60     25  342.5  343.1  342.5
  259.0  10688  -40.1  -51.1     30   0.13     60     32  342.8  343.4  342.9
  250.0  10930  -42.1                          60     35  343.3         343.3
  200.0  12390  -55.1                          55     37  345.4         345.4
  194.0  12578  -56.6                          50     37  345.9         345.9
  168.0  13469  -64.0                          45     39  348.3         348.3
  150.0  14170  -69.7                          60     54  349.8         349.8
  144.0  14411  -70.8                          60     60  352.1         352.1
  138.0  14662  -71.9                          66     55  354.4         354.4
  124.0  15286  -73.3                          80     41  362.8         362.8
  117.0  15625  -74.1                          89     35  367.4         367.4
  103.0  16354  -79.9                         110     21  370.0         370.0
  101.0  16464  -80.2                         115     17  371.5         371.5
  100.0  16520  -80.3                         115     17  372.3         372.3
   99.8  16531  -80.3                         115     17  372.6         372.6
   97.9  16642  -73.3                         117     19  388.2         388.2
   95.0  16818  -73.2                         120     23  391.7         391.7
   91.0  17070  -73.2                         120     21  396.7         396.7
   78.0  17974  -72.8                         325     14  415.2         415.2
   74.0  18283  -72.7                         355     14  421.7         421.7
   73.3  18338  -72.7                         350     13  422.9         422.9
   70.0  18610  -70.7                         325     10  432.8         432.8
   67.0  18872  -69.1                         285     17  441.8         441.8
   61.5  19385  -65.9                         261     29  459.8         459.8
   57.0  19844  -66.9                         240     39  467.5         467.5
   55.5  20005  -67.3                         238     35  470.2         470.2
   50.0  20640  -62.3                         230     19  496.2         496.2
   47.0  21029  -59.0                         275     17  512.9         512.9
   43.8  21472  -55.3                         282     19  532.5         532.5
   36.0  22720  -56.1                         300     23  561.0         561.0
   30.0  23880  -56.9                         255     29  588.9         588.9
   29.0  24095  -56.6                         255     27  595.6         595.6
   28.8  24139  -56.5                         254     27  596.9         596.9
   26.0  24792  -53.3                         245     25  623.6         623.6
   25.8  24841  -53.1                         247     26  625.7         625.7
   23.0  25575  -55.2                         275     35  640.5         640.5
   21.6  25977  -56.3                         275     39  648.7         648.7
   20.0  26470  -51.9                         275     43  676.6         676.6
   16.0  27928  -50.4                         260     37  725.9         725.9
   13.0  29285  -49.0                         270     16  775.0         775.0
   12.0  29808  -48.5                         295     14  794.9         794.9
   10.0  31000  -47.3                         265     29  841.9         841.9
    9.0  31700  -46.1                         230     29  872.1         872.1
    8.2  32318  -45.1                         297     23  899.7         899.7
    8.0  32482  -45.6                         315     21  904.1         904.1
    7.0  33365  -48.2                         335     25  928.3         928.3
    6.7  33655  -49.1                         322     20  936.4         936.4
    6.0  34395  -41.5                         290      6  999.4         999.4
    5.8  34622  -39.1                                    1019.4        1019.4
</PRE><H3>Station information and sounding indices</H3><PRE>
                         Station identifier: WIII
                             Station number: 96749
                           Observation time: 130730/0000
                           Station latitude: -6.11
                          Station longitude: 106.65
                          Station elevation: 8.0
                            Showalter index: 0.41
                               Lifted index: -1.39
    LIFT computed using virtual temperature: -1.87
                                SWEAT index: 197.21
                                    K index: 34.70
                         Cross totals index: 20.80
                      Vertical totals index: 22.30
                        Totals totals index: 43.10
      Convective Available Potential Energy: 494.71
             CAPE using virtual temperature: 619.40
                      Convective Inhibition: -30.49
             CINS using virtual temperature: -23.92
                           Equilibrum Level: 191.30
 Equilibrum Level using virtual temperature: 191.10
                   Level of Free Convection: 856.56
             LFCT using virtual temperature: 866.13
                     Bulk Richardson Number: 822.10
          Bulk Richardson Number using CAPV: 1029.31
  Temp [K] of the Lifted Condensation Level: 292.82
Pres [hPa] of the Lifted Condensation Level: 921.00
   Equivalent potential temp [K] of the LCL: 346.53
     Mean mixed layer potential temperature: 299.80
              Mean mixed layer mixing ratio: 15.94
              1000 hPa to 500 hPa thickness: 5763.00
Precipitable water [mm] for entire sounding: 52.22
</PRE>
<P>Description of the 
<A HREF="/upperair/columns.html">data columns</A>
or <A HREF="/upperair/indices.html">sounding indices</A>.

<P>
<FORM>
<INPUT CLASS="button" TYPE="button" VALUE=" Close this window " 
 onClick="window.close();">
<INPUT CLASS="button" TYPE="button" VALUE=" Select another map " 
 onClick="window.blur();">
</FORM>
<HR SIZE="1">
<I>Interested in graduate studies in atmospheric science?
Check out our program at the
<a href="http://www.uwyo.edu/atsc/howtoapply/"
target=_top>University of Wyoming
</a></I>
<HR SIZE="1"><FONT SIZE="-1">
Questions about the weather data provided by this site can be
addressed to <A HREF="mailto:ldoolman@uwyo.edu">
Larry Oolman (ldoolman@uwyo.edu)</A></FONT>
<HR SIZE="1">
<SCRIPT TYPE="text/javascript">
<!--
window.focus();
// -->
</SCRIPT>
</BODY>
</HTML>
