2013-08-14 12
<HTML>
<TITLE>University of Wyoming - Radiosonde Data</TITLE>
<BODY BGCOLOR="white">
<H2>96749 WIII Jakarta Observations at 00Z 14 Aug 2013</H2>
<PRE>
-----------------------------------------------------------------------------
   PRES   HGHT   TEMP   DWPT   RELH   MIXR   DRCT   SKNT   THTA   THTE   THTV
    hPa     m      C      C      %    g/kg    deg   knot     K      K      K 
-----------------------------------------------------------------------------
 1010.0      8   22.8   19.6     82  14.43    150      5  295.1  336.6  297.7
 1000.0     93   23.8   19.3     76  14.30    145      8  296.9  338.5  299.5
  995.0    137   24.6   18.6     69  13.74    142      9  298.2  338.3  300.6
  977.0    296   23.5   17.9     71  13.43    130     12  298.6  337.9  301.0
  944.0    596   21.4   16.7     75  12.85    100     14  299.5  337.2  301.8
  925.0    774   20.2   16.0     77  12.51    100     16  300.0  336.8  302.2
  912.0    896   19.4   14.8     75  11.75    105     16  300.4  335.1  302.5
  901.0   1000   18.8   13.8     73  11.12    103     17  300.8  333.7  302.8
  850.0   1497   14.2   12.8     91  11.04     95     19  301.0  333.8  303.0
  807.0   1934   10.6    9.0     90   9.00     95     17  301.7  328.6  303.3
  805.0   1954   11.6   -5.4     30   3.19     95     17  303.0  313.0  303.5
  799.0   2017   18.4  -10.6     13   2.14     95     16  310.9  318.0  311.3
  792.0   2093   18.4  -16.8      8   1.30     95     16  311.6  316.1  311.9
  790.0   2114   18.4  -18.6      7   1.12     95     16  311.9  315.8  312.1
  761.0   2433   17.6  -20.4      6   1.00     92     15  314.4  317.9  314.5
  700.0   3138   12.2  -24.8      6   0.74     85     14  316.0  318.6  316.1
  682.0   3355   10.6  -25.4      6   0.72     86     15  316.5  319.1  316.7
  639.0   3891    5.7  -14.7     22   1.93     90     16  316.9  323.5  317.3
  625.0   4074    4.0  -11.0     33   2.66    108     15  317.0  325.9  317.5
  622.0   4113    5.0  -25.0      9   0.81    112     15  318.6  321.5  318.7
  616.0   4191    4.6  -25.7      9   0.77    120     14  318.9  321.8  319.1
  593.0   4499    2.8  -28.5      8   0.62    120     14  320.4  322.7  320.6
  572.0   4790    1.2  -31.1      7   0.50     95     16  321.8  323.7  321.9
  557.0   5005    0.0  -33.0      6   0.43    100     14  322.9  324.5  322.9
  530.0   5399   -2.9  -28.5     12   0.69    110     10  324.0  326.6  324.1
  504.0   5798   -5.9  -23.9     23   1.11     84     12  325.0  329.1  325.3
  500.0   5860   -6.1  -17.1     41   2.01     80     12  325.5  332.6  325.9
  498.0   5891   -6.3  -14.3     53   2.55     78     12  325.7  334.6  326.2
  491.0   6001   -7.2  -14.8     55   2.48     70     14  325.8  334.5  326.3
  473.0   6291   -9.7  -16.2     59   2.30     80     16  326.3  334.4  326.7
  466.0   6407  -10.7  -16.7     61   2.23     76     17  326.4  334.3  326.9
  437.0   6899  -12.8  -18.0     65   2.14     60     19  329.9  337.5  330.3
  430.0   7022  -13.3  -18.3     66   2.12     65     20  330.7  338.3  331.1
  400.0   7570  -15.9  -27.9     35   0.97     85     27  334.2  337.9  334.4
  373.0   8090  -19.3  -34.2     26   0.57     95     33  336.4  338.7  336.5
  354.0   8479  -21.9  -38.9     20   0.37     93     33  338.0  339.6  338.1
  300.0   9670  -32.9  -38.9     55   0.44     85     31  338.9  340.7  339.0
  269.0  10425  -40.1  -42.2     80   0.35     71     36  339.1  340.6  339.2
  266.0  10500  -40.6                          70     37  339.5         339.5
  250.0  10920  -43.5                          65     43  341.3         341.3
  200.0  12390  -54.3                          45     52  346.6         346.6
  176.0  13181  -60.5                          40     60  349.3         349.3
  168.0  13469  -62.8                          45     62  350.2         350.2
  150.0  14170  -68.3                          60     45  352.2         352.2
  144.0  14409  -70.2                          60     47  353.1         353.1
  121.0  15427  -78.3                          52     55  356.3         356.3
  117.0  15618  -78.7                          50     56  358.9         358.9
  112.0  15867  -79.3                          50     39  362.3         362.3
  106.0  16183  -76.0                          50     12  374.3         374.3
  103.0  16348  -74.3                          94     14  380.7         380.7
  100.0  16520  -74.9                         140     16  382.8         382.8
   90.0  17129  -75.5                         110     21  393.3         393.3
   86.9  17332  -75.7                          98     19  396.8         396.8
   86.0  17393  -75.2                          95     19  399.0         399.0
   82.0  17670  -72.9                         100     16  409.2         409.2
   80.7  17763  -72.1                          95     14  412.7         412.7
   77.0  18039  -72.0                          80     10  418.5         418.5
   74.0  18273  -71.9                          15     14  423.6         423.6
   70.0  18600  -71.7                           0     17  430.7         430.7
   69.3  18659  -71.7                           0     15  431.9         431.9
   67.0  18861  -70.3                           0     10  439.1         439.1
   63.0  19229  -67.7                         235      8  452.6         452.6
   60.0  19521  -65.7                         220     14  463.5         463.5
   59.2  19602  -65.1                         227     14  466.6         466.6
   55.0  20054  -63.1                         265     16  481.1         481.1
   50.0  20640  -60.5                         260     29  500.5         500.5
   48.2  20868  -60.7                         262     32  505.3         505.3
   41.0  21882  -59.4                         270     43  532.4         532.4
   35.0  22874  -58.1                         255     33  560.3         560.3
   30.0  23840  -56.9                         285     29  588.9         588.9
   28.0  24282  -56.2                         290     31  602.5         602.5
   24.0  25271  -54.8                         280     39  633.8         633.8
   20.0  26440  -53.1                         260     41  672.9         672.9
   18.0  27126  -51.6                         245     27  698.1         698.1
   15.0  28313  -49.1                         255     29  743.9         743.9
   14.6  28489  -48.7                         249     27  750.9         750.9
   13.0  29252  -48.8                         225     19  775.9         775.9
   11.2  30231  -48.9                         243     23  809.3         809.3
   11.0  30350  -48.5                         245     23  815.1         815.1
   10.0  30980  -46.1                         235     21  846.4         846.4
    9.0  31684  -44.8                         230     23  877.3         877.3
    8.4  32144  -43.9                         303     13  898.2         898.2
    8.0  32473  -43.7                         355      6  911.7         911.7
    7.0  33372  -43.1                         270      2  949.7         949.7
    6.2  34188  -42.5                          44     30  985.6         985.6
    6.0                                        80     37                     
</PRE><H3>Station information and sounding indices</H3><PRE>
                         Station identifier: WIII
                             Station number: 96749
                           Observation time: 130814/0000
                           Station latitude: -6.11
                          Station longitude: 106.65
                          Station elevation: 8.0
                            Showalter index: 3.49
                               Lifted index: 1.70
    LIFT computed using virtual temperature: 1.34
                                SWEAT index: 203.60
                                    K index: -3.90
                         Cross totals index: 18.90
                      Vertical totals index: 20.30
                        Totals totals index: 39.20
      Convective Available Potential Energy: 15.38
             CAPE using virtual temperature: 20.99
                      Convective Inhibition: -44.93
             CINS using virtual temperature: -36.88
                           Equilibrum Level: 804.36
 Equilibrum Level using virtual temperature: 803.12
                   Level of Free Convection: 855.34
             LFCT using virtual temperature: 860.74
                     Bulk Richardson Number: 2.12
          Bulk Richardson Number using CAPV: 2.89
  Temp [K] of the Lifted Condensation Level: 290.17
Pres [hPa] of the Lifted Condensation Level: 909.83
   Equivalent potential temp [K] of the LCL: 337.77
     Mean mixed layer potential temperature: 298.12
              Mean mixed layer mixing ratio: 13.61
              1000 hPa to 500 hPa thickness: 5767.00
Precipitable water [mm] for entire sounding: 30.59
</PRE>
<P>Description of the 
<A HREF="/upperair/columns.html">data columns</A>
or <A HREF="/upperair/indices.html">sounding indices</A>.

<P>
<FORM>
<INPUT CLASS="button" TYPE="button" VALUE=" Close this window " 
 onClick="window.close();">
<INPUT CLASS="button" TYPE="button" VALUE=" Select another map " 
 onClick="window.blur();">
</FORM>
<HR SIZE="1">
<I>Interested in graduate studies in atmospheric science?
Check out our program at the
<a href="http://www.uwyo.edu/atsc/howtoapply/"
target=_top>University of Wyoming
</a></I>
<HR SIZE="1"><FONT SIZE="-1">
Questions about the weather data provided by this site can be
addressed to <A HREF="mailto:ldoolman@uwyo.edu">
Larry Oolman (ldoolman@uwyo.edu)</A></FONT>
<HR SIZE="1">
<SCRIPT TYPE="text/javascript">
<!--
window.focus();
// -->
</SCRIPT>
</BODY>
</HTML>
