2015-10-19 00
<HTML>
<TITLE>University of Wyoming - Radiosonde Data</TITLE>
<BODY BGCOLOR="white">
<H2>96749 WIII Jakarta Observations at 00Z 19 Oct 2015</H2>
<PRE>
-----------------------------------------------------------------------------
   PRES   HGHT   TEMP   DWPT   RELH   MIXR   DRCT   SKNT   THTA   THTE   THTV
    hPa     m      C      C      %    g/kg    deg   knot     K      K      K 
-----------------------------------------------------------------------------
 1011.0      8   25.2   21.1     78  15.85    200      2  297.4  343.5  300.2
 1000.0    110   26.0   20.0     70  14.95    150      2  299.1  343.0  301.8
  996.0    145   26.6   20.6     70  15.59    132      2  300.1  346.0  302.9
  979.0    297   25.4   20.4     74  15.72     55      4  300.4  346.6  303.2
  941.0    645   22.6   20.1     86  16.01     79     10  300.9  348.2  303.8
  925.0    795   22.2   18.0     77  14.24     90     12  302.0  344.3  304.6
  914.0    899   21.8   17.0     74  13.55    100     12  302.6  342.9  305.1
  883.0   1197   20.6   14.3     67  11.71    115     12  304.3  339.5  306.5
  850.0   1527   19.2   11.2     60   9.92    100     12  306.2  336.4  308.1
  824.0   1794   17.7    9.7     59   9.22     85     12  307.4  335.6  309.1
  823.0   1804   17.6    9.6     59   9.20     85     12  307.4  335.6  309.1
  795.0   2098   15.1    6.6     57   7.74     90     14  307.8  331.7  309.2
  768.0   2391   12.6    3.6     54   6.49     95     10  308.1  328.3  309.3
  767.0   2402   12.7    2.5     50   6.03     95     10  308.4  327.2  309.5
  751.0   2579   14.6  -14.4     12   1.68    121     12  312.3  318.0  312.6
  740.0   2703   14.2  -17.3     10   1.34    140     14  313.1  317.7  313.4
  707.0   3087   12.8  -26.2      5   0.64    152     11  315.7  318.1  315.9
  700.0   3170   12.2  -20.8      8   1.05    155     10  316.0  319.7  316.2
  689.0   3301   11.3  -21.1      9   1.04    160      8  316.4  320.1  316.6
  641.0   3897    7.2  -22.5     10   0.99    100      8  318.4  321.9  318.6
  618.0   4199    5.2  -23.2     11   0.96    110      4  319.3  322.8  319.5
  612.0   4280    4.6  -23.4     11   0.95    129      4  319.6  323.0  319.8
  595.0   4507    3.5  -24.5     11   0.89    185      4  320.9  324.1  321.0
  574.0   4797    2.0  -26.0     10   0.81    145     10  322.5  325.4  322.6
  546.0   5202    0.0  -28.0     10   0.70    158      9  324.7  327.3  324.8
  532.0   5408   -1.5  -28.3     11   0.70    165      8  325.3  327.9  325.5
  500.0   5900   -5.1  -29.1     13   0.69    155     10  326.8  329.4  326.9
  474.0   6315   -7.8  -33.3     11   0.49    135     10  328.5  330.4  328.6
  467.0   6431   -8.5  -34.5     10   0.44    126     11  329.0  330.7  329.1
  439.0   6907   -9.6  -39.6      7   0.28     90     16  333.4  334.5  333.4
  419.0   7266  -10.5  -43.5      5   0.19     98     17  336.8  337.6  336.8
  400.0   7620  -13.3  -45.3      5   0.17    105     17  337.6  338.3  337.6
  390.0   7807  -14.8  -45.7      5   0.16    100     17  338.1  338.8  338.1
  360.0   8396  -19.5  -47.1      7   0.15    165     10  339.6  340.2  339.6
  332.0   8993  -24.3  -48.5      9   0.14    160      8  341.0  341.6  341.0
  305.0   9618  -29.3  -50.0     12   0.13     95      8  342.3  342.9  342.3
  300.0   9740  -30.3  -50.3     12   0.13     90     10  342.6  343.1  342.6
  280.0  10226  -34.4  -52.9     14   0.10     75      8  343.5  343.9  343.5
  274.0  10379  -35.7  -53.7     14   0.09     79      8  343.7  344.1  343.8
  257.0  10821  -39.9  -50.3     32   0.15     90      6  344.0  344.6  344.0
  256.0  10848  -40.1  -50.1     33   0.15     90      6  344.0  344.6  344.0
  250.0  11010  -41.3                          90      6  344.5         344.5
  205.0  12317  -51.6                          95      8  348.4         348.4
  200.0  12480  -52.9                          90     10  348.8         348.8
  162.0  13791  -64.3                          30     19  351.3         351.3
  150.0  14270  -68.5                          40     27  351.9         351.9
  122.0  15475  -79.7                          50     43  352.9         352.9
  119.0  15617  -79.4                          55     49  355.9         355.9
  113.0  15912  -78.8                          60     74  362.4         362.4
  107.0  16223  -78.1                          60     74  369.4         369.4
  102.0  16496  -77.5                          53     54  375.6         375.6
  100.0  16610  -76.3                          50     45  380.1         380.1
   92.0  17089  -76.1                          50     17  389.6         389.6
   87.0  17409  -75.9                         135     14  396.2         396.2
   83.0  17680  -75.8                         140     27  401.8         401.8
   79.4  17934  -75.7                         122     31  407.2         407.2
   78.0  18037  -74.5                         115     33  411.7         411.7
   75.0  18265  -71.9                         119     27  421.8         421.8
   71.0  18587  -71.4                         125     19  429.5         429.5
   70.0  18670  -71.3                         120     19  431.5         431.5
   67.0  18934  -70.3                         110     17  439.1         439.1
   58.0  19803  -67.0                          30      8  465.0         465.0
   55.0  20123  -65.8                         190      4  474.9         474.9
   52.0  20461  -64.5                         155      4  485.6         485.6
   51.1  20566  -64.1                         166      4  489.0         489.0
   50.0  20700  -63.1                         180      4  494.4         494.4
   48.0  20953  -62.7                         230      8  501.1         501.1
   43.0  21635  -61.7                         255     12  519.6         519.6
   37.0  22566  -60.3                         220     17  546.0         546.0
   36.0  22736  -60.0                         220      6  551.0         551.0
   34.0  23091  -59.5                         285      4  561.5         561.5
   32.0  23466  -58.9                         270      8  572.8         572.8
   31.3  23603  -58.7                         277      9  577.0         577.0
   30.0  23870  -57.3                         290     10  587.8         587.8
   28.0  24310  -52.5                         305     10  612.8         612.8
   27.9  24333  -52.3                         305     10  614.1         614.1
   23.3  25502  -50.5                         292     14  651.8         651.8
   21.0  26174  -52.3                         285     16  666.1         666.1
   20.0  26490  -53.1                         305     12  672.9         672.9
   18.2  27098  -52.7                         332     14  692.5         692.5
   18.0  27170  -52.1                         335     14  696.5         696.5
   17.0  27545  -49.3                         280      6  717.1         717.1
   16.0  27942  -46.2                         155     14  739.6         739.6
   15.9  27983  -45.9                         153     14  742.0         742.0
   15.0  28371  -45.7                         135     10  755.0         755.0
   14.8  28460  -45.7                                     758.0         758.0
</PRE><H3>Station information and sounding indices</H3><PRE>
                         Station identifier: WIII
                             Station number: 96749
                           Observation time: 151019/0000
                           Station latitude: -6.11
                          Station longitude: 106.65
                          Station elevation: 8.0
                            Showalter index: 3.31
                               Lifted index: -0.52
    LIFT computed using virtual temperature: -1.29
                                SWEAT index: 168.41
                                    K index: 2.50
                         Cross totals index: 16.30
                      Vertical totals index: 24.30
                        Totals totals index: 40.60
      Convective Available Potential Energy: 18.53
             CAPE using virtual temperature: 82.29
                      Convective Inhibition: -116.03
             CINS using virtual temperature: -84.15
                           Equilibrum Level: 453.85
 Equilibrum Level using virtual temperature: 255.54
                   Level of Free Convection: 773.10
             LFCT using virtual temperature: 793.36
                     Bulk Richardson Number: 4.03
          Bulk Richardson Number using CAPV: 17.90
  Temp [K] of the Lifted Condensation Level: 292.43
Pres [hPa] of the Lifted Condensation Level: 915.37
   Equivalent potential temp [K] of the LCL: 345.80
     Mean mixed layer potential temperature: 299.92
              Mean mixed layer mixing ratio: 15.64
              1000 hPa to 500 hPa thickness: 5790.00
Precipitable water [mm] for entire sounding: 33.50
</PRE>
<P>Description of the 
<A HREF="/upperair/columns.html">data columns</A>
or <A HREF="/upperair/indices.html">sounding indices</A>.

<P>
<FORM>
<INPUT CLASS="button" TYPE="button" VALUE=" Close this window " 
 onClick="window.close();">
<INPUT CLASS="button" TYPE="button" VALUE=" Select another map " 
 onClick="window.blur();">
</FORM>
<HR SIZE="1">
<I>Interested in graduate studies in atmospheric science?
Check out our program at the
<a href="http://www.uwyo.edu/atsc/howtoapply/"
target=_top>University of Wyoming
</a></I>
<HR SIZE="1"><FONT SIZE="-1">
Questions about the weather data provided by this site can be
addressed to <A HREF="mailto:ldoolman@uwyo.edu">
Larry Oolman (ldoolman@uwyo.edu)</A></FONT>
<HR SIZE="1">
<SCRIPT TYPE="text/javascript">
<!--
window.focus();
// -->
</SCRIPT>
</BODY>
</HTML>
