2015-07-13 12
<HTML>
<TITLE>University of Wyoming - Radiosonde Data</TITLE>
<BODY BGCOLOR="white">
<H2>96749 WIII Jakarta Observations at 00Z 13 Jul 2015</H2>
<PRE>
-----------------------------------------------------------------------------
   PRES   HGHT   TEMP   DWPT   RELH   MIXR   DRCT   SKNT   THTA   THTE   THTV
    hPa     m      C      C      %    g/kg    deg   knot     K      K      K 
-----------------------------------------------------------------------------
 1009.0      8   25.6   22.1     81  16.91    110      6  298.0  347.3  301.0
 1008.0     17   26.8   23.1     80  18.02    109      6  299.3  352.1  302.5
 1000.0     92   26.4   23.1     82  18.17    105     10  299.6  352.9  302.8
  977.0    297   25.0   22.1     84  17.53    100     21  300.1  351.6  303.2
  925.0    778   21.6   19.9     90  16.09    100     21  301.4  348.9  304.3
  912.0    900   21.0   19.1     89  15.56    100     21  302.0  348.1  304.8
  850.0   1509   18.0   15.4     85  13.11     80     21  305.0  344.4  307.4
  825.0   1765   17.2   12.2     72  10.94     69     20  306.8  340.0  308.8
  793.0   2099   15.3   10.3     72  10.04     55     19  308.2  339.0  310.1
  713.0   2996   10.3    5.3     71   7.91     70     10  312.2  337.1  313.7
  708.0   3056   10.0    5.0     71   7.78     68      9  312.5  337.0  314.0
  700.0   3150    9.2    5.2     76   7.98     65      8  312.6  337.7  314.1
  687.0   3304    8.3    4.9     79   7.95     55      6  313.4  338.4  314.9
  662.0   3610    6.7    4.2     84   7.88    110      6  314.8  339.7  316.3
  647.0   3799    5.6    3.8     88   7.83     89      7  315.7  340.6  317.2
  616.0   4198    4.0    0.2     76   6.32     45     10  318.3  338.7  319.5
  593.0   4508    2.7   -2.7     68   5.33      0     12  320.3  337.8  321.3
  584.0   4632    2.2   -3.8     65   4.97    354     13  321.1  337.5  322.1
  563.0   4926    0.0   -2.1     86   5.86    341     14  321.9  341.2  323.0
  531.0   5392   -1.9   -6.4     71   4.47    320     16  325.0  340.1  325.9
  511.0   5697   -3.2   -9.3     63   3.72    325     16  327.1  339.8  327.8
  500.0   5870   -3.9  -10.9     58   3.35    315     16  328.2  339.8  328.9
  496.0   5933   -4.3   -9.3     68   3.83    313     16  328.5  341.7  329.2
  492.0   5996   -4.6  -10.1     65   3.62    310     16  328.9  341.4  329.6
  456.0   6588   -7.3  -17.8     43   2.08    335     10  332.7  340.2  333.1
  438.0   6902   -8.8  -21.9     34   1.53     10     12  334.7  340.3  335.0
  425.0   7137   -9.9  -24.9     28   1.20     14     12  336.2  340.7  336.4
  422.0   7191  -10.3  -25.2     28   1.17     15     12  336.3  340.7  336.5
  405.0   7505  -12.9  -27.1     29   1.03    140      6  336.9  340.8  337.1
  400.0   7600  -13.7  -27.7     30   0.99    195      6  337.1  340.9  337.3
  390.0   7792  -15.2  -27.5     34   1.03    295      6  337.6  341.5  337.8
  388.0   7832  -15.5  -27.5     35   1.04    294      7  337.7  341.6  337.9
  377.0   8049  -17.1  -27.1     42   1.11    291      9  338.4  342.6  338.6
  375.0   8088  -17.4  -27.7     40   1.06    290     10  338.5  342.6  338.7
  346.0   8685  -21.3  -36.1     25   0.51    355     17  341.1  343.2  341.2
  321.0   9241  -24.9  -43.9     15   0.24    337     21  343.5  344.5  343.5
  318.0   9309  -25.5  -44.1     16   0.24    335     21  343.5  344.5  343.6
  300.0   9730  -29.5  -45.5     20   0.22    345     21  343.7  344.6  343.7
  257.0  10809  -38.9  -52.2     23   0.12     15     25  345.4  345.9  345.4
  252.0  10946  -40.1  -53.1     24   0.11     15     28  345.5  346.0  345.6
  250.0  11000  -40.5                          15     29  345.7         345.7
  205.0  12316  -51.5                          30     33  348.5         348.5
  200.0  12480  -52.9                          35     37  348.8         348.8
  187.0  12911  -54.9                          55     43  352.3         352.3
  186.0  12945  -55.1                          56     42  352.6         352.6
  170.0  13508  -58.8                          75     23  355.7         355.7
  155.0  14085  -62.6                         130     29  358.7         358.7
  150.0  14290  -63.9                         135     27  359.8         359.8
  147.0  14413  -65.3                         135     27  359.5         359.5
  114.0  15891  -77.9                         140     27  363.1         363.1
  102.0  16538  -83.4                         125     33  364.3         364.3
  101.0  16595  -83.9                         118     33  364.4         364.4
  100.0  16650  -83.3                         110     33  366.5         366.5
   97.3  16803  -82.1                          92     31  371.8         371.8
   97.0  16820  -82.2                          90     31  371.8         371.8
   88.4  17333  -86.3                          90     27  373.7         373.7
   82.0  17749  -83.7                          85     21  387.1         387.1
   79.6  17913  -82.7                         103     28  392.5         392.5
   78.0  18025  -83.4                         115     33  393.4         393.4
   75.3  18221  -84.5                         107     36  395.0         395.0
   70.0  18630  -79.1                          90     41  414.8         414.8
   63.0  19240  -72.6                          80     45  441.9         441.9
   61.5  19379  -71.1                          85     47  448.2         448.2
   60.0  19528  -68.5                          90     49  457.2         457.2
   56.9  19848  -62.9                          89     46  476.9         476.9
   50.0  20650  -58.7                          85     37  504.7         504.7
   49.0  20778  -58.1                          85     35  509.1         509.1
   47.0  21041  -56.8                          65     19  518.3         518.3
   45.7  21218  -55.9                           1     11  524.6         524.6
   45.0  21315  -56.0                         325      6  526.7         526.7
   43.0  21603  -56.3                         270     21  532.9         532.9
   39.0  22220  -56.9                         195     16  546.5         546.5
   37.0  22553  -57.2                         185      4  553.9         553.9
   36.0  22726  -57.4                         255     12  557.8         557.8
   34.0  23088  -57.7                         225     17  566.1         566.1
   33.0  23277  -57.9                         223     19  570.5         570.5
   32.0  23471  -57.1                         220     21  577.6         577.6
   30.0  23880  -55.5                         260     17  592.7         592.7
   29.0  24096  -55.3                         275     17  599.0         599.0
   27.0  24551  -54.9                         276     21  612.5         612.5
   22.9  25612  -50.9                         278     31  653.8         653.8
   20.8  26241  -47.3                         279     37  682.9         682.9
   20.0  26500  -47.9                         280     39  688.8         688.8
   19.0  26838  -47.8                         280     41  699.4         699.4
   18.0  27195  -47.6                         260     49  710.8         710.8
   13.2  29241  -46.7                         257     35  779.7         779.7
   11.0  30455  -44.6                         255     27  829.1         829.1
   10.0  31090  -43.5                         255     21  856.0         856.0
    9.6  31365  -43.3                                     866.8         866.8
</PRE><H3>Station information and sounding indices</H3><PRE>
                         Station identifier: WIII
                             Station number: 96749
                           Observation time: 150713/0000
                           Station latitude: -6.11
                          Station longitude: 106.65
                          Station elevation: 8.0
                            Showalter index: 1.24
                               Lifted index: -1.43
    LIFT computed using virtual temperature: -1.93
                                SWEAT index: 242.80
                                    K index: 33.30
                         Cross totals index: 19.30
                      Vertical totals index: 21.90
                        Totals totals index: 41.20
      Convective Available Potential Energy: 648.68
             CAPE using virtual temperature: 799.83
                      Convective Inhibition: -14.27
             CINS using virtual temperature: -7.93
                           Equilibrum Level: 191.44
 Equilibrum Level using virtual temperature: 191.43
                   Level of Free Convection: 852.12
             LFCT using virtual temperature: 890.04
                     Bulk Richardson Number: 48.25
          Bulk Richardson Number using CAPV: 59.49
  Temp [K] of the Lifted Condensation Level: 294.73
Pres [hPa] of the Lifted Condensation Level: 940.18
   Equivalent potential temp [K] of the LCL: 351.66
     Mean mixed layer potential temperature: 299.98
              Mean mixed layer mixing ratio: 17.61
              1000 hPa to 500 hPa thickness: 5778.00
Precipitable water [mm] for entire sounding: 56.06
</PRE>
<P>Description of the 
<A HREF="/upperair/columns.html">data columns</A>
or <A HREF="/upperair/indices.html">sounding indices</A>.

<P>
<FORM>
<INPUT CLASS="button" TYPE="button" VALUE=" Close this window " 
 onClick="window.close();">
<INPUT CLASS="button" TYPE="button" VALUE=" Select another map " 
 onClick="window.blur();">
</FORM>
<HR SIZE="1">
<I>Interested in graduate studies in atmospheric science?
Check out our program at the
<a href="http://www.uwyo.edu/atsc/howtoapply/"
target=_top>University of Wyoming
</a></I>
<HR SIZE="1"><FONT SIZE="-1">
Questions about the weather data provided by this site can be
addressed to <A HREF="mailto:ldoolman@uwyo.edu">
Larry Oolman (ldoolman@uwyo.edu)</A></FONT>
<HR SIZE="1">
<SCRIPT TYPE="text/javascript">
<!--
window.focus();
// -->
</SCRIPT>
</BODY>
</HTML>
