2013-10-30 00
<HTML>
<TITLE>University of Wyoming - Radiosonde Data</TITLE>
<BODY BGCOLOR="white">
<H2>96749 WIII Jakarta Observations at 00Z 30 Oct 2013</H2>
<PRE>
-----------------------------------------------------------------------------
   PRES   HGHT   TEMP   DWPT   RELH   MIXR   DRCT   SKNT   THTA   THTE   THTV
    hPa     m      C      C      %    g/kg    deg   knot     K      K      K 
-----------------------------------------------------------------------------
 1011.0      8   26.4   21.8     76  16.56    170      5  298.6  347.0  301.6
 1008.0     36   25.0   20.3     75  15.11    167      5  297.5  341.4  300.2
 1000.0    110   26.4   19.4     65  14.39    160      6  299.6  341.8  302.1
  979.0    296   25.3   18.9     67  14.20    135      6  300.3  342.1  302.8
  925.0    795   22.4   17.4     73  13.70     80      8  302.2  342.9  304.7
  914.0    898   21.7   16.8     74  13.34     75      8  302.6  342.2  305.0
  853.0   1495   17.8   13.3     75  11.36     65     14  304.5  338.6  306.6
  850.0   1525   17.6   13.1     75  11.27     65     14  304.6  338.5  306.6
  795.0   2088   14.2   10.3     77   9.97     65     12  306.8  337.1  308.6
  741.0   2680   10.5    7.3     80   8.73     80     12  309.1  336.0  310.7
  714.0   2992    8.6    5.7     82   8.13     70     12  310.2  335.5  311.8
  700.0   3159    7.6    4.9     83   7.82     80     12  310.9  335.2  312.3
  664.0   3593    5.7    3.1     84   7.28     95      8  313.4  336.4  314.8
  663.0   3606    5.6    3.1     84   7.27     93      8  313.5  336.4  314.9
  617.0   4189    2.1   -0.2     85   6.17     20      6  316.0  335.8  317.2
  594.0   4497    0.3   -1.9     85   5.64     40      4  317.4  335.6  318.4
  590.0   4551    0.0   -2.2     85   5.55     21      4  317.6  335.6  318.7
  573.0   4782   -1.3   -3.3     87   5.28    300      2  318.7  336.0  319.7
  551.0   5092   -3.1   -4.7     89   4.93    355      4  320.2  336.4  321.1
  531.0   5384   -4.8   -6.0     91   4.62     10      2  321.6  336.9  322.5
  500.0   5860   -7.5   -8.2     95   4.15    345      4  323.8  337.8  324.6
  492.0   5986   -7.9   -9.2     91   3.90    345      6  324.8  338.0  325.6
  478.0   6211   -8.7  -10.9     84   3.50    338      5  326.5  338.6  327.2
  473.0   6292   -9.1  -11.6     82   3.35    335      4  327.0  338.6  327.7
  455.0   6590  -10.6  -14.2     75   2.82    275      2  328.8  338.6  329.3
  438.0   6883  -12.1  -16.7     69   2.38    235      4  330.4  338.9  330.9
  421.0   7187  -13.7  -19.3     63   1.98    295      2  332.2  339.4  332.6
  404.0   7504  -15.3  -22.0     56   1.63    280      4  334.1  340.0  334.4
  400.0   7580  -15.7  -22.7     55   1.55    270      4  334.5  340.2  334.8
  398.0   7618  -15.9  -22.9     55   1.53    264      4  334.7  340.4  335.0
  389.0   7785  -17.1  -24.2     54   1.40    235      6  335.3  340.5  335.6
  358.0   8390  -21.5  -28.9     51   0.99    225      8  337.5  341.2  337.7
  344.0   8682  -23.6  -31.1     50   0.83    165      4  338.5  341.7  338.6
  317.0   9278  -28.0  -35.8     47   0.57    220      8  340.4  342.7  340.6
  300.0   9680  -30.9  -38.9     45   0.44    270      6  341.7  343.5  341.8
  291.0   9893  -32.7  -41.0     43   0.36    285      8  342.2  343.7  342.3
  267.0  10494  -37.7  -47.1     37   0.21    300     10  343.4  344.3  343.5
  256.0  10788  -40.1  -50.1     33   0.15    290     11  344.0  344.6  344.0
  250.0  10950  -41.3                         285     12  344.5         344.5
  234.0  11386  -45.2                         275     12  345.2         345.2
  224.0  11673  -47.8                         280     10  345.6         345.6
  204.0  12290  -53.3                         250      6  346.2         346.2
  200.0  12420  -54.5                         245      6  346.3         346.3
  195.0  12577  -55.8                         240      6  346.7         346.7
  186.0  12869  -58.3                         190      2  347.4         347.4
  177.0  13176  -60.9                         170      6  348.2         348.2
  168.0  13499  -63.6                         195      6  348.9         348.9
  160.0  13801  -66.1                          70      6  349.5         349.5
  153.0  14077  -68.5                          45     14  350.0         350.0
  150.0  14200  -69.5                          50     14  350.2         350.2
  120.0  15495  -79.5                          75     25  354.9         354.9
  118.0  15591  -79.4                          90     23  356.9         356.9
  112.0  15887  -78.9                         110     25  363.0         363.0
  106.0  16199  -78.5                         125     16  369.6         369.6
  100.0  16530  -79.1                         170     12  374.6         374.6
   94.6  16845  -79.5                         204      9  379.9         379.9
   90.0  17131  -78.4                         235      6  387.5         387.5
   86.0  17392  -77.4                         290     16  394.6         394.6
   82.0  17666  -76.3                         275     19  402.2         402.2
   77.0  18028  -74.9                         240      6  412.4         412.4
   74.0  18256  -74.0                         335      4  419.0         419.0
   73.0  18334  -73.7                         336      6  421.3         421.3
   70.0  18580  -72.3                         340     12  429.4         429.4
   66.0  18927  -70.9                         320     23  439.7         439.7
   62.2  19277  -69.5                         273     17  450.3         450.3
   60.0  19490  -70.0                         245     14  454.0         454.0
   55.6  19940  -70.9                         282     17  461.8         461.8
   52.8  20249  -65.3                         308     18  481.6         481.6
   52.0  20342  -65.1                         315     19  484.1         484.1
   50.0  20580  -64.7                         300     17  490.6         490.6
   45.0  21226  -64.2                         245     21  506.8         506.8
   36.8  22460  -63.3                         269     42  539.1         539.1
   35.0  22772  -60.5                         275     47  554.1         554.1
   33.5  23045  -58.1                         265     42  567.5         567.5
   30.0  23740  -58.7                         240     31  584.0         584.0
   28.0  24177  -58.5                         265     33  596.3         596.3
   22.0  25704  -57.7                         240     23  641.2         641.2
   21.0  25998  -57.5                         260     21  650.3         650.3
   20.0  26310  -54.9                         280     19  667.4         667.4
   18.8  26709  -51.3                         284     27  690.5         690.5
   17.0  27364  -51.0                         290     39  711.5         711.5
   15.0  28179  -50.7                         270     23  738.4         738.4
   14.0  28628  -50.5                         300     19  753.7         753.7
   12.0  29632  -50.2                         285     21  789.0         789.0
   11.7  29797  -50.1                                     795.0         795.0
</PRE><H3>Station information and sounding indices</H3><PRE>
                         Station identifier: WIII
                             Station number: 96749
                           Observation time: 131030/0000
                           Station latitude: -6.11
                          Station longitude: 106.65
                          Station elevation: 8.0
                            Showalter index: 0.03
                               Lifted index: -1.47
    LIFT computed using virtual temperature: -1.60
                                SWEAT index: 189.21
                                    K index: 35.50
                         Cross totals index: 20.60
                      Vertical totals index: 25.10
                        Totals totals index: 45.70
      Convective Available Potential Energy: 124.66
             CAPE using virtual temperature: 158.73
                      Convective Inhibition: -118.86
             CINS using virtual temperature: -98.12
                           Equilibrum Level: 447.26
 Equilibrum Level using virtual temperature: 439.72
                   Level of Free Convection: 734.45
             LFCT using virtual temperature: 755.00
                     Bulk Richardson Number: 17.92
          Bulk Richardson Number using CAPV: 22.82
  Temp [K] of the Lifted Condensation Level: 290.78
Pres [hPa] of the Lifted Condensation Level: 897.30
   Equivalent potential temp [K] of the LCL: 342.07
     Mean mixed layer potential temperature: 299.93
              Mean mixed layer mixing ratio: 14.36
              1000 hPa to 500 hPa thickness: 5750.00
Precipitable water [mm] for entire sounding: 52.48
</PRE>
<P>Description of the 
<A HREF="/upperair/columns.html">data columns</A>
or <A HREF="/upperair/indices.html">sounding indices</A>.

<P>
<FORM>
<INPUT CLASS="button" TYPE="button" VALUE=" Close this window " 
 onClick="window.close();">
<INPUT CLASS="button" TYPE="button" VALUE=" Select another map " 
 onClick="window.blur();">
</FORM>
<HR SIZE="1">
<I>Interested in graduate studies in atmospheric science?
Check out our program at the
<a href="http://www.uwyo.edu/atsc/howtoapply/"
target=_top>University of Wyoming
</a></I>
<HR SIZE="1"><FONT SIZE="-1">
Questions about the weather data provided by this site can be
addressed to <A HREF="mailto:ldoolman@uwyo.edu">
Larry Oolman (ldoolman@uwyo.edu)</A></FONT>
<HR SIZE="1">
<SCRIPT TYPE="text/javascript">
<!--
window.focus();
// -->
</SCRIPT>
</BODY>
</HTML>
