2014-10-19 12
<HTML>
<TITLE>University of Wyoming - Radiosonde Data</TITLE>
<BODY BGCOLOR="white">
<H2>96749 WIII Jakarta Observations at 00Z 19 Oct 2014</H2>
<PRE>
-----------------------------------------------------------------------------
   PRES   HGHT   TEMP   DWPT   RELH   MIXR   DRCT   SKNT   THTA   THTE   THTV
    hPa     m      C      C      %    g/kg    deg   knot     K      K      K 
-----------------------------------------------------------------------------
 1009.0      8   24.8   23.2     91  18.11    230      3  297.2  349.8  300.4
 1000.0     89   25.2   22.3     84  17.28    200      4  298.4  348.8  301.4
  988.0    196   26.2   22.7     81  17.94    160      5  300.4  353.2  303.6
  976.0    303   25.6   21.9     80  17.30    120      6  300.9  351.9  304.0
  944.0    597   24.1   19.8     77  15.65    155      4  302.2  348.7  305.0
  925.0    776   23.2   18.5     75  14.71    150      6  303.0  346.8  305.7
  912.0    899   22.4   18.0     76  14.42    140      8  303.4  346.4  306.0
  851.0   1500   18.3   15.3     83  13.05     95     17  305.2  344.4  307.6
  850.0   1510   18.2   15.3     83  13.03     95     17  305.2  344.4  307.6
  794.0   2086   14.3   11.6     84  10.94     85     19  307.1  340.3  309.1
  739.0   2692   10.2    7.8     85   9.03     95     16  309.0  336.8  310.6
  718.0   2936    8.6    6.2     85   8.35    119     13  309.7  335.6  311.3
  713.0   2994    9.1    1.2     58   5.89    125     12  310.9  329.5  312.0
  712.0   3005    9.2    0.2     53   5.48    125     12  311.1  328.5  312.2
  707.0   3064    8.8   -1.2     49   4.98    125     12  311.3  327.2  312.2
  701.0   3134    8.4    5.1     80   7.92    125     12  311.6  336.4  313.1
  700.0   3146    8.4    3.4     71   7.03    125     12  311.8  333.9  313.1
  690.0   3265    7.8    2.8     71   6.83    125     12  312.4  333.9  313.7
  684.0   3337    8.2   -6.8     34   3.37    125     12  313.6  324.7  314.2
  657.0   3668    5.8   -7.2     39   3.41    125     12  314.5  325.7  315.2
  651.0   3743    5.2   -0.8     65   5.58    125     12  314.7  332.6  315.7
  639.0   3894    4.6   -2.4     60   5.05    125     12  315.7  332.0  316.6
  634.0   3958    4.0    1.4     83   6.73    123     12  315.7  337.2  317.0
  619.0   4153    3.6   -4.4     56   4.48    117     10  317.4  332.1  318.3
  615.0   4206    3.3   -0.9     74   5.87    115     10  317.7  336.7  318.8
  613.0   4232    3.2    0.9     85   6.71    115     10  317.8  339.5  319.1
  599.0   4419    2.0   -1.4     78   5.80    115      8  318.5  337.4  319.6
  580.0   4679    1.0   -1.6     83   5.90    115      5  320.3  339.6  321.5
  571.0   4804    0.6   -3.9     72   5.05    115      4  321.2  338.0  322.2
  559.0   4975    0.0   -7.0     59   4.07     98      3  322.5  336.2  323.3
  550.0   5105   -0.5  -14.5     34   2.27     85      3  323.4  331.3  323.9
  532.0   5370   -2.1  -15.1     36   2.24     58      2  324.6  332.4  325.1
  530.0   5400   -2.3  -14.2     40   2.41     55      2  324.7  333.1  325.2
  523.0   5505   -3.1  -11.1     54   3.15     76      2  325.0  335.8  325.6
  520.0   5550   -3.3  -13.3     46   2.65     85      2  325.3  334.5  325.8
  516.0   5611   -2.9  -19.9     26   1.54     97      2  326.5  332.0  326.8
  510.0   5704   -3.4  -22.3     22   1.26    115      2  326.9  331.6  327.2
  500.0   5860   -4.3  -26.3     16   0.90    115      4  327.7  331.1  327.9
  492.0   5987   -4.9  -28.9     13   0.72    120      4  328.5  331.2  328.7
  484.0   6116   -5.5  -31.5     11   0.57     95      4  329.3  331.5  329.4
  480.0   6182   -6.1  -20.1     32   1.62     82      4  329.4  335.2  329.7
  479.0   6198   -5.9  -28.9     14   0.74     79      4  329.8  332.6  329.9
  473.0   6297   -6.5  -25.5     21   1.02     60      4  330.2  334.0  330.4
  460.0   6515   -7.9  -17.9     45   2.05     78      3  331.1  338.5  331.6
  455.0   6600   -8.4  -19.8     39   1.76     85      2  331.5  337.9  331.9
  438.0   6895  -10.2  -26.5     25   1.01    195      2  332.8  336.6  333.1
  432.0   7002  -10.9  -28.9     21   0.82    215      3  333.3  336.4  333.5
  422.0   7181  -12.2  -28.8     24   0.84    250      6  333.9  337.1  334.0
  404.0   7514  -14.7  -28.7     29   0.89    266      8  334.8  338.2  335.0
  400.0   7590  -15.3  -23.3     50   1.47    270      8  335.0  340.5  335.3
  399.0   7609  -15.3  -23.3     50   1.48    271      8  335.2  340.7  335.6
  390.0   7779  -16.5  -25.4     46   1.25    280      8  335.8  340.5  336.1
  374.0   8091  -18.8  -29.3     39   0.91    255      4  336.8  340.3  337.0
  360.0   8375  -20.9  -32.9     33   0.67    278      2  337.8  340.4  337.9
  359.0   8395  -21.0  -37.6     21   0.42    280      2  337.9  339.6  338.0
  357.0   8436  -21.1  -47.1      8   0.15    286      2  338.3  338.9  338.3
  345.0   8686  -23.3  -42.2     16   0.27    325      4  338.6  339.7  338.6
  342.0   8750  -23.9  -40.9     19   0.31    323      5  338.7  340.0  338.7
  307.0   9527  -29.7  -31.8     82   0.87    297     18  341.1  344.6  341.3
  305.0   9573  -30.1  -32.3     81   0.84    295     19  341.1  344.4  341.3
  300.0   9690  -31.3  -33.7     79   0.74    295     19  341.1  344.1  341.3
  254.0  10852  -40.1  -48.1     42   0.19    304     26  344.7  345.6  344.8
  250.0  10960  -40.9                         305     27  345.1         345.1
  245.0  11093  -42.1                         305     29  345.4         345.4
  205.0  12267  -52.5                         315     25  347.1         347.1
  200.0  12430  -53.9                         310     25  347.2         347.2
  161.0  13772  -65.4                         305     19  350.1         350.1
  150.0  14210  -69.1                         310     19  350.9         350.9
  132.0  14951  -74.3                         325     25  354.6         354.6
  113.0  15853  -80.7                           5     23  358.8         358.8
  112.0  15903  -80.6                           5     23  360.0         360.0
  110.0  16004  -80.3                          22     22  362.3         362.3
  101.0  16484  -81.5                         105     16  368.9         368.9
  100.0  16540  -81.7                         105     16  369.6         369.6
   96.0  16769  -81.9                         100     16  373.6         373.6
   87.1  17315  -82.3                         149     11  383.3         383.3
   86.0  17387  -81.5                         155     10  386.3         386.3
   82.5  17622  -78.9                         204     10  396.2         396.2
   81.0  17726  -79.0                         225     10  398.1         398.1
   77.0  18014  -79.2                         325     12  403.4         403.4
   73.0  18318  -79.5                         325      6  409.1         409.1
   70.5  18519  -74.9                         292     13  423.0         423.0
   70.0  18560  -74.7                         285     14  424.2         424.2
   66.0  18904  -72.8                         285     27  435.6         435.6
   64.6  19030  -72.1                         278     26  439.8         439.8
   63.3  19151  -66.5                         272     25  454.7         454.7
   60.0  19472  -68.4                         255     23  457.4         457.4
   56.2  19864  -70.7                         263     17  460.8         460.8
   51.0  20442  -69.5                         275      8  476.5         476.5
   50.0  20560  -69.3                         235      6  479.8         479.8
   49.0  20682  -68.9                         205      4  483.4         483.4
   47.0  20933  -68.2                         100     12  491.0         491.0
   42.0  21611  -66.2                          80     29  512.0         512.0
   36.6  22440  -63.7                          80     47  538.9         538.9
   36.0  22541  -63.5                          80     49  541.9         541.9
   30.0  23660  -61.7                          80     58  575.9         575.9
   25.0  24800  -59.4                          95     68  613.3         613.3
   24.6  24900  -59.2                          95     68  616.7         616.7
   23.3  25240  -58.5                          95     67  628.4         628.4
   20.0  26210  -54.7                          95     66  668.0         668.0
   19.6  26339  -54.1                          95     66  673.7         673.7
   15.9  27683  -53.5                          95     63  717.2         717.2
   13.0  29006  -47.9                          95     60  779.1         779.1
   12.0  29532  -45.6                         100     58  805.1         805.1
   11.2  29986  -43.7                                     828.0         828.0
</PRE><H3>Station information and sounding indices</H3><PRE>
                         Station identifier: WIII
                             Station number: 96749
                           Observation time: 141019/0000
                           Station latitude: -6.11
                          Station longitude: 106.65
                          Station elevation: 8.0
                            Showalter index: 0.84
                               Lifted index: -1.56
    LIFT computed using virtual temperature: -2.44
                                SWEAT index: 221.60
                                    K index: 32.80
                         Cross totals index: 19.60
                      Vertical totals index: 22.50
                        Totals totals index: 42.10
      Convective Available Potential Energy: 994.46
             CAPE using virtual temperature: 1169.75
                      Convective Inhibition: -53.14
             CINS using virtual temperature: -39.64
                           Equilibrum Level: 151.74
 Equilibrum Level using virtual temperature: 151.62
                   Level of Free Convection: 835.24
             LFCT using virtual temperature: 851.49
                     Bulk Richardson Number: 155.15
          Bulk Richardson Number using CAPV: 182.50
  Temp [K] of the Lifted Condensation Level: 294.29
Pres [hPa] of the Lifted Condensation Level: 933.20
   Equivalent potential temp [K] of the LCL: 350.88
     Mean mixed layer potential temperature: 300.18
              Mean mixed layer mixing ratio: 17.27
              1000 hPa to 500 hPa thickness: 5771.00
Precipitable water [mm] for entire sounding: 51.19
</PRE>
<P>Description of the 
<A HREF="/upperair/columns.html">data columns</A>
or <A HREF="/upperair/indices.html">sounding indices</A>.

<P>
<FORM>
<INPUT CLASS="button" TYPE="button" VALUE=" Close this window " 
 onClick="window.close();">
<INPUT CLASS="button" TYPE="button" VALUE=" Select another map " 
 onClick="window.blur();">
</FORM>
<HR SIZE="1">
<I>Interested in graduate studies in atmospheric science?
Check out our program at the
<a href="http://www.uwyo.edu/atsc/howtoapply/"
target=_top>University of Wyoming
</a></I>
<HR SIZE="1"><FONT SIZE="-1">
Questions about the weather data provided by this site can be
addressed to <A HREF="mailto:ldoolman@uwyo.edu">
Larry Oolman (ldoolman@uwyo.edu)</A></FONT>
<HR SIZE="1">
<SCRIPT TYPE="text/javascript">
<!--
window.focus();
// -->
</SCRIPT>
</BODY>
</HTML>
