2015-05-31 12
<HTML>
<TITLE>University of Wyoming - Radiosonde Data</TITLE>
<BODY BGCOLOR="white">
<H2>96749 WIII Jakarta Observations at 00Z 31 May 2015</H2>
<PRE>
-----------------------------------------------------------------------------
   PRES   HGHT   TEMP   DWPT   RELH   MIXR   DRCT   SKNT   THTA   THTE   THTV
    hPa     m      C      C      %    g/kg    deg   knot     K      K      K 
-----------------------------------------------------------------------------
 1008.0      8   25.0   24.0     94  19.06      0      0  297.5  352.9  300.9
 1007.0     17   26.2   24.6     91  19.80      0      0  298.8  356.7  302.3
 1000.0     82   26.0   24.2     90  19.45      0      0  299.1  356.2  302.6
  976.0    296   24.8   22.9     89  18.42    125      2  300.0  354.2  303.3
  943.0    598   23.1   21.1     88  17.03     80      4  301.3  351.6  304.4
  925.0    768   22.2   20.1     88  16.29     85      4  302.0  350.3  304.9
  911.0    900   21.5   19.3     87  15.75     90      4  302.6  349.4  305.5
  881.0   1190   20.0   17.6     86  14.61    110     10  304.0  347.6  306.6
  850.0   1501   18.4   15.8     85  13.46     95     16  305.4  345.9  307.9
  807.0   1946   16.2   12.4     78  11.33     91     15  307.6  342.2  309.7
  793.0   2095   16.4    7.7     56   8.39     90     14  309.4  335.4  310.9
  778.0   2258   16.6    2.6     39   5.97     90     13  311.3  330.2  312.4
  768.0   2368   16.0    6.0     51   7.69     90     12  311.8  335.9  313.2
  728.0   2821   13.8   -1.2     36   4.84     90     10  314.2  329.8  315.1
  700.0   3150   12.0   -6.0     28   3.51     90      8  315.7  327.3  316.4
  687.0   3305   11.1   -6.9     28   3.34     95      6  316.5  327.6  317.1
  639.0   3904    7.8  -10.2     27   2.77    150      8  319.3  328.7  319.9
  616.0   4207    6.1  -11.9     26   2.51    115      8  320.7  329.3  321.2
  609.0   4302    5.6  -12.4     26   2.44    123      9  321.2  329.6  321.7
  594.0   4504    3.6  -11.2     33   2.75    140     12  321.2  330.6  321.8
  572.0   4809    0.7   -9.4     47   3.29    135     10  321.2  332.4  321.9
  567.0   4880    0.0   -9.0     51   3.43    128     10  321.2  332.8  321.9
  551.0   5109   -0.5  -16.0     30   2.00    105      8  323.3  330.3  323.7
  538.0   5300   -0.9  -21.9     19   1.24    102      7  325.0  329.5  325.2
  531.0   5404   -1.6  -22.6     18   1.18    100      6  325.4  329.7  325.6
  511.0   5708   -3.6  -24.6     18   1.03    150      8  326.6  330.4  326.8
  500.0   5880   -4.7  -25.7     18   0.95    150     10  327.2  330.8  327.4
  474.0   6295   -7.8  -23.9     26   1.17    140      6  328.4  332.8  328.7
  456.0   6596  -10.0  -22.7     35   1.37     70     10  329.3  334.3  329.6
  443.0   6821  -11.7  -21.7     43   1.53     66     11  329.9  335.5  330.2
  438.0   6908  -11.5  -26.5     28   1.01     65     12  331.3  335.1  331.5
  434.0   6978  -11.3  -30.3     19   0.71     70     11  332.4  335.1  332.5
  421.0   7210  -12.6  -33.5     16   0.54     85      8  333.6  335.7  333.7
  405.0   7505  -14.3  -37.6     12   0.37     75      8  335.1  336.6  335.1
  400.0   7600  -14.9  -38.9     11   0.33     90      8  335.5  336.9  335.6
  389.0   7809  -15.8  -38.0     13   0.37    115      8  337.0  338.6  337.1
  376.0   8065  -16.9  -36.9     16   0.43    104     10  338.9  340.6  339.0
  345.0   8692  -21.9  -39.6     19   0.36     75     14  340.5  341.9  340.6
  300.0   9710  -30.1  -44.1     24   0.26     80     14  342.8  343.9  342.9
  299.0   9734  -30.3  -44.3     24   0.25     80     14  342.9  343.9  342.9
  268.0  10497  -36.6  -54.4     14   0.09     90     14  344.6  345.0  344.7
  252.0  10926  -40.1  -60.1     10   0.05    148     12  345.5  345.7  345.5
  250.0  10980  -40.7                         155     12  345.4         345.4
  246.0  11087  -41.6                         170     14  345.6         345.6
  205.0  12296  -52.1                         195     10  347.7         347.7
  200.0  12460  -53.5                         185     10  347.9         347.9
  195.0  12618  -54.8                         175      8  348.4         348.4
  178.0  13185  -59.4                         205     14  350.0         350.0
  161.0  13810  -64.5                         200     14  351.6         351.6
  154.0  14086  -66.8                         210      6  352.2         352.2
  150.0  14250  -68.1                         245      6  352.6         352.6
  146.0  14409  -69.5                         280      4  353.0         353.0
  139.0  14697  -71.9                         295      4  353.6         353.6
  132.0  15001  -74.5                         335      4  354.2         354.2
  124.0  15368  -77.7                         299     12  354.9         354.9
  119.0  15602  -78.3                         275     17  357.9         357.9
  113.0  15896  -79.2                         265     16  361.7         361.7
  102.0  16477  -80.8                         330      8  369.3         369.3
  100.0  16590  -81.1                         340     10  370.8         370.8
   96.0  16820  -81.3                           5     14  374.7         374.7
   87.0  17373  -81.9                         290     19  384.3         384.3
   82.0  17706  -82.2                         215     16  390.2         390.2
   78.0  17987  -82.5                         165     19  395.3         395.3
   74.6  18238  -82.7                         152     17  399.8         399.8
   74.0  18283  -81.8                         150     17  402.7         402.7
   72.1  18431  -78.7                         131     19  412.2         412.2
   70.0  18600  -77.7                         110     21  417.8         417.8
   63.0  19212  -75.5                         120     23  435.4         435.4
   57.0  19793  -73.4                         100     37  452.8         452.8
   52.0  20326  -71.5                          97     44  469.3         469.3
   50.0  20560  -66.3                          95     47  486.8         486.8
   49.0  20684  -64.4                          95     45  494.1         494.1
   47.6  20861  -61.7                          98     46  504.7         504.7
   44.0  21354  -60.2                         105     49  519.8         519.8
   42.0  21646  -59.3                         100     51  529.0         529.0
   34.4  22899  -55.5                          96     39  570.0         570.0
   33.0  23163  -55.5                          95     37  576.8         576.8
   32.0  23359  -55.5                          85     23  581.9         581.9
   30.0  23770  -55.5                         110     12  592.7         592.7
   29.2  23943  -55.5                         106     15  597.3         597.3
   29.0  23987  -55.2                         105     16  599.5         599.5
   26.5  24570  -50.7                         354     13  627.7         627.7
   26.0  24694  -50.6                         330     12  631.3         631.3
   22.0  25788  -49.9                         303     27  664.3         664.3
   21.0  26092  -50.9                         295     31  670.3         670.3
   20.0  26410  -51.9                         280     33  676.6         676.6
   19.0  26741  -53.1                         265     37  682.8         682.8
   18.0  27098  -51.7                         265     33  697.9         697.9
   17.0  27475  -50.2                         285     39  714.1         714.1
   13.0  29245  -43.3                         265     25  794.9         794.9
   12.6  29451  -42.5                         268     28  804.8         804.8
   11.0  30365  -43.4                         280     39  833.2         833.2
   10.6  30615  -43.7                                     841.2         841.2
</PRE><H3>Station information and sounding indices</H3><PRE>
                         Station identifier: WIII
                             Station number: 96749
                           Observation time: 150531/0000
                           Station latitude: -6.11
                          Station longitude: 106.65
                          Station elevation: 8.0
                            Showalter index: -0.14
                               Lifted index: -3.18
    LIFT computed using virtual temperature: -4.15
                                SWEAT index: 231.62
                                    K index: 20.90
                         Cross totals index: 20.50
                      Vertical totals index: 23.10
                        Totals totals index: 43.60
      Convective Available Potential Energy: 1366.47
             CAPE using virtual temperature: 1608.74
                      Convective Inhibition: -11.53
             CINS using virtual temperature: -5.71
                           Equilibrum Level: 129.60
 Equilibrum Level using virtual temperature: 129.46
                   Level of Free Convection: 873.32
             LFCT using virtual temperature: 904.73
                     Bulk Richardson Number: 237.76
          Bulk Richardson Number using CAPV: 279.92
  Temp [K] of the Lifted Condensation Level: 295.84
Pres [hPa] of the Lifted Condensation Level: 954.07
   Equivalent potential temp [K] of the LCL: 354.46
     Mean mixed layer potential temperature: 299.86
              Mean mixed layer mixing ratio: 18.61
              1000 hPa to 500 hPa thickness: 5798.00
Precipitable water [mm] for entire sounding: 45.49
</PRE>
<P>Description of the 
<A HREF="/upperair/columns.html">data columns</A>
or <A HREF="/upperair/indices.html">sounding indices</A>.

<P>
<FORM>
<INPUT CLASS="button" TYPE="button" VALUE=" Close this window " 
 onClick="window.close();">
<INPUT CLASS="button" TYPE="button" VALUE=" Select another map " 
 onClick="window.blur();">
</FORM>
<HR SIZE="1">
<I>Interested in graduate studies in atmospheric science?
Check out our program at the
<a href="http://www.uwyo.edu/atsc/howtoapply/"
target=_top>University of Wyoming
</a></I>
<HR SIZE="1"><FONT SIZE="-1">
Questions about the weather data provided by this site can be
addressed to <A HREF="mailto:ldoolman@uwyo.edu">
Larry Oolman (ldoolman@uwyo.edu)</A></FONT>
<HR SIZE="1">
<SCRIPT TYPE="text/javascript">
<!--
window.focus();
// -->
</SCRIPT>
</BODY>
</HTML>
