2014-06-03 00
<HTML>
<TITLE>University of Wyoming - Radiosonde Data</TITLE>
<BODY BGCOLOR="white">
<H2>96749 WIII Jakarta Observations at 00Z 03 Jun 2014</H2>
<PRE>
-----------------------------------------------------------------------------
   PRES   HGHT   TEMP   DWPT   RELH   MIXR   DRCT   SKNT   THTA   THTE   THTV
    hPa     m      C      C      %    g/kg    deg   knot     K      K      K 
-----------------------------------------------------------------------------
 1007.0      8   24.6   23.0     91  17.93    160      5  297.2  349.2  300.3
 1006.0     17   26.0   23.7     87  18.74    158      5  298.6  353.4  302.0
 1000.0     73   26.0   23.1     84  18.17    145      6  299.1  352.4  302.4
  975.0    295   24.8   21.5     82  16.88    100     12  300.1  349.8  303.2
  942.0    598   23.2   19.3     79  15.24     90     14  301.5  346.6  304.2
  925.0    758   22.4   18.2     77  14.43     95     14  302.2  345.0  304.8
  910.0    900   21.6   17.2     76  13.78    100     14  302.8  343.8  305.3
  850.0   1491   18.2   13.2     73  11.34     90     16  305.2  339.4  307.3
  838.0   1613   18.0   10.0     60   9.28     86     14  306.2  334.5  307.9
  802.0   1988   17.0    5.0     45   6.86     74      8  309.0  330.4  310.3
  791.0   2106   16.4    8.1     58   8.65     70      6  309.7  336.4  311.3
  790.0   2117   16.4    8.4     59   8.83     69      6  309.7  337.1  311.4
  782.0   2203   16.4    2.4     39   5.85     65      5  310.6  329.1  311.7
  764.0   2400   15.3    3.2     44   6.36     55      2  311.5  331.6  312.7
  727.0   2820   13.0    5.0     58   7.58     17      6  313.4  337.4  314.9
  711.0   3006   12.1    3.5     56   6.95      0      8  314.4  336.5  315.7
  700.0   3137   11.4    2.4     54   6.54    355      8  315.1  336.0  316.3
  686.0   3303   10.4    1.3     53   6.16    355      8  315.8  335.6  317.0
  662.0   3596    8.6   -0.7     52   5.54     25      4  317.0  335.0  318.1
  615.0   4202    5.0   -4.7     50   4.41     60      6  319.6  334.1  320.4
  577.0   4727    1.8   -8.2     47   3.59    124      9  321.7  333.8  322.4
  572.0   4797    1.2   -7.8     51   3.74    133     10  321.8  334.4  322.6
  571.0   4811    1.3  -11.2     39   2.86    135     10  322.1  331.9  322.7
  570.0   4825    1.4  -14.6     29   2.17    136     10  322.4  329.9  322.8
  567.0   4868    1.6  -10.4     41   3.07    137     10  323.1  333.6  323.7
  564.0   4910    1.8  -21.2     16   1.26    139      9  323.8  328.4  324.1
  546.0   5171    0.0  -22.0     17   1.21    150      8  324.7  329.1  324.9
  530.0   5407   -1.7  -22.0     20   1.24    160      6  325.4  329.9  325.7
  500.0   5870   -5.1  -22.1     25   1.31    220      4  326.8  331.5  327.0
  473.0   6301   -8.1  -23.4     28   1.23    270      6  328.2  332.7  328.5
  468.0   6383   -8.7  -23.7     29   1.21    236      5  328.5  333.0  328.8
  455.0   6599  -10.0  -26.8     24   0.94    145      2  329.6  333.1  329.7
  427.0   7085  -12.9  -33.9     15   0.51    145      5  331.9  333.9  332.0
  418.0   7246  -12.1  -58.1      1   0.04    145      6  334.9  335.1  334.9
  404.0   7505  -13.7  -58.9      1   0.03    145      8  336.2  336.4  336.2
  400.0   7580  -14.1  -59.1      1   0.03    140     10  336.6  336.7  336.6
  389.0   7787  -15.4  -60.0      1   0.03    120     12  337.5  337.6  337.5
  345.0   8680  -21.3  -64.0      1   0.02    105     19  341.4  341.5  341.4
  328.0   9056  -23.7  -65.7      1   0.02    127     18  343.0  343.1  343.0
  300.0   9700  -29.5  -51.5     10   0.11    165     16  343.7  344.2  343.7
  292.0   9890  -31.1  -51.8     11   0.11    175     17  344.0  344.5  344.0
  271.0  10416  -35.7  -52.7     16   0.11    181     16  344.8  345.3  344.8
  257.0  10782  -39.1  -48.1     38   0.19    185     16  345.1  345.9  345.1
  250.0  10970  -40.7                         190     12  345.4         345.4
  246.0  11077  -41.6                         195      8  345.7         345.7
  215.0  11970  -49.1                          80      4  347.6         347.6
  205.0  12286  -51.7                           5     12  348.2         348.2
  200.0  12450  -53.1                           5     16  348.5         348.5
  150.0  14250  -67.7                          30     23  353.3         353.3
  139.0  14698  -71.6                          35     25  354.1         354.1
  126.0  15276  -76.7                          26     16  355.1         355.1
  119.0  15601  -77.8                          20     10  358.8         358.8
  107.0  16205  -80.0                         195      8  365.9         365.9
  102.0  16477  -80.9                         205     14  369.1         369.1
  100.0  16590  -81.3                         220     14  370.4         370.4
   96.0  16822  -80.5                         255     16  376.3         376.3
   91.0  17125  -79.5                         240     12  384.2         384.2
   87.0  17380  -78.6                         180      6  390.9         390.9
   84.0  17579  -77.9                         216      7  396.2         396.2
   82.0  17718  -73.1                         240      8  408.7         408.7
   81.9  17726  -72.9                         240      8  409.3         409.3
   78.0  18013  -72.5                         225      6  416.0         416.0
   74.0  18323  -72.0                         255     19  423.3         423.3
   70.0  18650  -71.5                         250     29  431.1         431.1
   64.0  19182  -69.6                         265     31  446.5         446.5
   60.8  19487  -68.5                         257     34  455.5         455.5
   55.0  20083  -70.6                         240     39  464.0         464.0
   53.6  20237  -71.1                         241     36  466.2         466.2
   50.0  20650  -68.5                         245     29  481.6         481.6
   47.4  20970  -68.5                         245     24  489.1         489.1
   47.0  21021  -68.0                         245     23  491.4         491.4
   45.0  21287  -65.5                         235     14  503.7         503.7
   41.3  21811  -60.5                          27     10  528.6         528.6
   41.0  21856  -60.5                          40     10  529.7         529.7
   39.0  22167  -60.5                           5     17  537.4         537.4
   37.0  22495  -60.4                          10     16  545.6         545.6
   31.0  23596  -60.3                          95     25  574.2         574.2
   30.0  23800  -60.3                         100     27  579.7         579.7
   29.0  24012  -59.8                         105     29  586.8         586.8
   26.7  24530  -58.5                          97     35  604.4         604.4
   25.0  24948  -55.6                          90     39  624.2         624.2
   24.4  25103  -54.5                          91     40  631.7         631.7
   20.0  26380  -53.7                          95     52  671.0         671.0
   15.9  27864  -50.5                          93     57  727.0         727.0
   12.0  29737  -44.7                          90     64  808.4         808.4
   11.5  30020  -43.8                          90     68  821.5         821.5
   11.0  30316  -42.9                          95     68  835.3         835.3
   10.0  30950  -40.9                          90     58  865.7         865.7
    8.0  32479  -38.0                          90     51  934.4         934.4
    7.5  32922  -37.1                                     955.3         955.3
</PRE><H3>Station information and sounding indices</H3><PRE>
                         Station identifier: WIII
                             Station number: 96749
                           Observation time: 140603/0000
                           Station latitude: -6.11
                          Station longitude: 106.65
                          Station elevation: 8.0
                            Showalter index: 2.04
                               Lifted index: -2.09
    LIFT computed using virtual temperature: -2.89
                                SWEAT index: 194.41
                                    K index: 27.50
                         Cross totals index: 18.30
                      Vertical totals index: 23.30
                        Totals totals index: 41.60
      Convective Available Potential Energy: 423.67
             CAPE using virtual temperature: 577.00
                      Convective Inhibition: -119.34
             CINS using virtual temperature: -24.78
                           Equilibrum Level: 188.03
 Equilibrum Level using virtual temperature: 186.61
                   Level of Free Convection: 647.47
             LFCT using virtual temperature: 856.41
                     Bulk Richardson Number: 213.36
          Bulk Richardson Number using CAPV: 290.57
  Temp [K] of the Lifted Condensation Level: 294.17
Pres [hPa] of the Lifted Condensation Level: 934.37
   Equivalent potential temp [K] of the LCL: 350.12
     Mean mixed layer potential temperature: 299.94
              Mean mixed layer mixing ratio: 17.12
              1000 hPa to 500 hPa thickness: 5797.00
Precipitable water [mm] for entire sounding: 43.44
</PRE>
<P>Description of the 
<A HREF="/upperair/columns.html">data columns</A>
or <A HREF="/upperair/indices.html">sounding indices</A>.

<P>
<FORM>
<INPUT CLASS="button" TYPE="button" VALUE=" Close this window " 
 onClick="window.close();">
<INPUT CLASS="button" TYPE="button" VALUE=" Select another map " 
 onClick="window.blur();">
</FORM>
<HR SIZE="1">
<I>Interested in graduate studies in atmospheric science?
Check out our program at the
<a href="http://www.uwyo.edu/atsc/howtoapply/"
target=_top>University of Wyoming
</a></I>
<HR SIZE="1"><FONT SIZE="-1">
Questions about the weather data provided by this site can be
addressed to <A HREF="mailto:ldoolman@uwyo.edu">
Larry Oolman (ldoolman@uwyo.edu)</A></FONT>
<HR SIZE="1">
<SCRIPT TYPE="text/javascript">
<!--
window.focus();
// -->
</SCRIPT>
</BODY>
</HTML>
