2015-05-27 12
<HTML>
<TITLE>University of Wyoming - Radiosonde Data</TITLE>
<BODY BGCOLOR="white">
<H2>96749 WIII Jakarta Observations at 00Z 27 May 2015</H2>
<PRE>
-----------------------------------------------------------------------------
   PRES   HGHT   TEMP   DWPT   RELH   MIXR   DRCT   SKNT   THTA   THTE   THTV
    hPa     m      C      C      %    g/kg    deg   knot     K      K      K 
-----------------------------------------------------------------------------
 1011.0      8   25.2   24.2     94  19.23    190      4  297.4  353.4  300.8
 1000.0    108   26.0   24.2     90  19.45    160      6  299.1  356.2  302.6
  985.0    242   25.6   23.5     88  18.92    121     10  300.0  355.7  303.4
  979.0    295   25.3   23.0     87  18.50    105     12  300.2  354.7  303.6
  925.0    793   22.4   18.8     80  15.00     85     12  302.2  346.7  304.9
  914.0    897   21.8   18.1     80  14.47     85     12  302.6  345.6  305.2
  850.0   1525   17.8   13.5     76  11.57     75     10  304.8  339.6  306.9
  847.0   1555   17.6   13.1     75  11.31     75     10  304.9  338.9  306.9
  828.0   1749   16.8    8.8     59   8.65     75      8  306.0  332.4  307.6
  823.0   1801   16.5    8.9     61   8.77     75      8  306.2  333.0  307.8
  795.0   2095   14.8    9.5     71   9.47     90     10  307.4  336.4  309.2
  774.0   2322   13.4   10.0     80  10.06     86      9  308.3  339.1  310.2
  767.0   2398   13.1    8.2     72   8.94     85      8  308.8  336.3  310.4
  753.0   2553   12.4    4.4     58   7.01     67      7  309.7  331.5  311.0
  749.0   2598   12.8    0.8     44   5.44     62      7  310.6  327.8  311.6
  747.0   2621   12.8    0.8     44   5.46     59      7  310.8  328.1  311.8
  743.0   2666   12.4    5.4     62   7.62     54      6  310.8  334.7  312.3
  740.0   2700   12.2    5.0     61   7.42     50      6  311.0  334.2  312.4
  713.0   3011   10.8    0.8     50   5.72     57      6  312.8  331.0  313.8
  700.0   3164    9.8    3.8     66   7.23     60      6  313.3  336.2  314.7
  688.0   3307    8.9    2.9     66   6.91     65      6  313.9  335.8  315.2
  664.0   3600    7.1    1.1     66   6.28     55      8  315.0  335.1  316.2
  650.0   3776    6.0    0.0     65   5.92     62      9  315.7  334.8  316.8
  627.0   4071    5.4  -17.6     17   1.54     75     11  318.3  323.7  318.6
  617.0   4202    4.4  -14.6     24   2.01     80     12  318.6  325.5  318.9
  595.0   4496    2.0   -7.7     49   3.61    125      6  319.2  331.2  319.9
  584.0   4647    0.8   -4.2     69   4.82    130      5  319.5  335.3  320.4
  573.0   4800    0.0   -9.0     51   3.40    135      4  320.3  331.7  320.9
  563.0   4941   -0.7  -11.7     43   2.79    140      3  321.1  330.5  321.6
  552.0   5098   -1.8  -10.8     50   3.05    145      2  321.6  332.0  322.2
  531.0   5406   -3.8   -9.1     67   3.65     45      4  322.8  335.1  323.5
  528.0   5451   -4.1   -8.8     70   3.74     44      5  322.9  335.6  323.6
  505.0   5802   -5.3  -12.3     58   2.96     32      9  325.6  335.8  326.2
  500.0   5880   -5.7  -13.7     53   2.67     30     10  326.0  335.3  326.6
  474.0   6296   -7.5  -26.3     21   0.95     25     10  328.8  332.3  329.0
  456.0   6598   -8.8  -35.4     10   0.41     50     12  330.8  332.4  330.9
  455.0   6615   -8.9  -35.9      9   0.39     49     12  330.9  332.5  331.0
  438.0   6907  -10.7  -32.9     14   0.55     25      8  332.2  334.4  332.3
  424.0   7157  -12.3  -30.3     21   0.73     35      7  333.3  336.1  333.5
  405.0   7506  -14.5  -30.1     25   0.78     50      6  334.9  337.9  335.0
  400.0   7600  -15.1  -30.1     27   0.79     65      6  335.3  338.3  335.4
  390.0   7790  -16.6  -29.8     31   0.83     95      4  335.8  339.0  336.0
  377.0   8045  -18.5  -29.5     37   0.89     95      6  336.5  339.9  336.7
  374.0   8103  -18.9  -30.1     37   0.85     95      6  336.7  340.0  336.9
  359.0   8403  -21.1  -32.9     34   0.67     60      4  337.8  340.4  337.9
  318.0   9291  -27.5  -41.2     26   0.33     50      8  340.8  342.2  340.9
  313.0   9407  -28.3  -42.3     25   0.30     32      7  341.2  342.4  341.3
  304.0   9615  -29.5  -44.2     23   0.25      0      4  342.3  343.4  342.4
  300.0   9710  -30.1  -45.1     22   0.23      5      4  342.8  343.8  342.9
  292.0   9899  -31.7  -46.1     23   0.21     10      2  343.2  344.1  343.2
  280.0  10192  -34.2  -47.6     25   0.19     55      4  343.7  344.5  343.7
  268.0  10497  -36.9  -49.2     27   0.16     45      4  344.2  344.9  344.2
  254.0  10872  -40.1  -51.1     30   0.14    343      2  344.7  345.3  344.8
  250.0  10980  -40.9                         325      2  345.1         345.1
  246.0  11086  -41.8                         275      4  345.3         345.3
  235.0  11388  -44.5                         245      4  345.9         345.9
  205.0  12287  -52.3                         260      2  347.4         347.4
  200.0  12450  -53.7                         240      2  347.6         347.6
  187.0  12866  -57.3                         200      2  348.4         348.4
  169.0  13492  -62.8                          85      2  349.5         349.5
  161.0  13792  -65.5                         190      2  350.0         350.0
  153.0  14107  -68.2                         210      6  350.4         350.4
  150.0  14230  -69.3                         205      6  350.5         350.5
  140.0  14642  -71.9                         187      8  352.9         352.9
  139.0  14683  -72.1                         185      8  353.3         353.3
  132.0  14983  -73.6                          95      8  355.9         355.9
  119.0  15583  -76.5                         115      6  361.2         361.2
  113.0  15882  -78.0                          80     10  363.8         363.8
  107.0  16198  -79.6                         115      6  366.6         366.6
  102.0  16475  -80.9                          85      8  369.0         369.0
  100.0  16590  -81.5                          80     10  370.0         370.0
   96.0  16818  -82.7                          75     17  372.0         372.0
   94.8  16888  -83.1                          85     19  372.6         372.6
   87.0  17374  -80.9                         155     25  386.2         386.2
   78.0  17991  -78.2                         115     19  404.2         404.2
   74.0  18289  -76.8                         120     19  413.1         413.1
   73.1  18358  -76.5                         114     19  415.2         415.2
   70.0  18610  -71.9                          95     19  430.2         430.2
   67.3  18845  -68.3                          95     20  442.9         442.9
   60.0  19528  -71.7                          95     21  450.0         450.0
   57.7  19761  -72.9                          80     19  452.4         452.4
   57.0  19833  -72.6                          75     19  454.6         454.6
   55.0  20045  -71.9                          95     16  460.9         460.9
   52.0  20377  -70.7                          80     16  471.1         471.1
   50.0  20610  -69.9                          95     17  478.4         478.4
   49.0  20733  -69.4                         100     19  482.4         482.4
   40.0  21966  -64.1                          70     60  524.4         524.4
   37.0  22439  -62.1                          80     68  541.4         541.4
   36.6  22506  -61.8                          80     68  543.8         543.8
   34.3  22900  -60.1                          75     59  558.4         558.4
   32.0  23338  -54.6                          70     49  584.2         584.2
   31.7  23397  -53.9                          72     45  587.8         587.8
   30.0  23750  -53.9                          85     21  597.1         597.1
   29.0  23967  -54.0                         125     14  602.8         602.8
   25.0  24919  -54.2                         110     31  628.1         628.1
   24.0  25180  -54.3                         120     21  635.3         635.3
   23.9  25207  -54.3                         116     20  636.0         636.0
   23.0  25457  -50.4                          80     10  654.5         654.5
   22.1  25718  -46.3                         296      8  674.2         674.2
   22.0  25748  -46.3                         280      8  675.0         675.0
   20.0  26380  -46.5                         280     35  693.1         693.1
   19.0  26720  -46.5                         275     37  703.4         703.4
   17.0  27458  -46.4                         285     35  726.4         726.4
   15.4  28114  -46.3                         270     41  747.5         747.5
   13.0  29250  -44.4                         245     51  791.0         791.0
   10.0  31010  -41.5                         265     51  863.5         863.5
    9.0  31728  -39.8                         255     51  896.3         896.3
    8.7  31959  -39.3                                     907.1         907.1
</PRE><H3>Station information and sounding indices</H3><PRE>
                         Station identifier: WIII
                             Station number: 96749
                           Observation time: 150527/0000
                           Station latitude: -6.11
                          Station longitude: 106.65
                          Station elevation: 8.0
                            Showalter index: 1.36
                               Lifted index: -4.10
    LIFT computed using virtual temperature: -4.80
                                SWEAT index: 192.01
                                    K index: 31.00
                         Cross totals index: 19.20
                      Vertical totals index: 23.50
                        Totals totals index: 42.70
      Convective Available Potential Energy: 1726.25
             CAPE using virtual temperature: 1969.56
                      Convective Inhibition: -15.09
             CINS using virtual temperature: -7.05
                           Equilibrum Level: 136.69
 Equilibrum Level using virtual temperature: 136.65
                   Level of Free Convection: 886.68
             LFCT using virtual temperature: 912.88
                     Bulk Richardson Number: 511.88
          Bulk Richardson Number using CAPV: 584.03
  Temp [K] of the Lifted Condensation Level: 295.77
Pres [hPa] of the Lifted Condensation Level: 953.34
   Equivalent potential temp [K] of the LCL: 354.23
     Mean mixed layer potential temperature: 299.85
              Mean mixed layer mixing ratio: 18.54
              1000 hPa to 500 hPa thickness: 5772.00
Precipitable water [mm] for entire sounding: 48.42
</PRE>
<P>Description of the 
<A HREF="/upperair/columns.html">data columns</A>
or <A HREF="/upperair/indices.html">sounding indices</A>.

<P>
<FORM>
<INPUT CLASS="button" TYPE="button" VALUE=" Close this window " 
 onClick="window.close();">
<INPUT CLASS="button" TYPE="button" VALUE=" Select another map " 
 onClick="window.blur();">
</FORM>
<HR SIZE="1">
<I>Interested in graduate studies in atmospheric science?
Check out our program at the
<a href="http://www.uwyo.edu/atsc/howtoapply/"
target=_top>University of Wyoming
</a></I>
<HR SIZE="1"><FONT SIZE="-1">
Questions about the weather data provided by this site can be
addressed to <A HREF="mailto:ldoolman@uwyo.edu">
Larry Oolman (ldoolman@uwyo.edu)</A></FONT>
<HR SIZE="1">
<SCRIPT TYPE="text/javascript">
<!--
window.focus();
// -->
</SCRIPT>
</BODY>
</HTML>
