2013-11-02 12
<HTML>
<TITLE>University of Wyoming - Radiosonde Data</TITLE>
<BODY BGCOLOR="white">
<H2>96749 WIII Jakarta Observations at 00Z 02 Nov 2013</H2>
<PRE>
-----------------------------------------------------------------------------
   PRES   HGHT   TEMP   DWPT   RELH   MIXR   DRCT   SKNT   THTA   THTE   THTV
    hPa     m      C      C      %    g/kg    deg   knot     K      K      K 
-----------------------------------------------------------------------------
 1009.0      8   25.8   21.9     79  16.70    130      2  298.2  346.9  301.2
 1000.0     91   24.6   20.3     77  15.24    130      4  297.8  342.1  300.5
  995.0    135   24.8   20.3     76  15.32    131      5  298.4  343.1  301.1
  977.0    296   24.9   19.4     71  14.74    135      8  300.1  343.4  302.7
  969.0    369   25.0   19.0     69  14.49    130      8  300.8  343.6  303.5
  925.0    776   22.0   18.0     78  14.24    100      6  301.8  344.0  304.4
  912.0    899   21.1   18.0     83  14.45     95      6  302.1  344.9  304.7
  884.0   1168   19.0   18.0     94  14.92     86      8  302.6  347.0  305.3
  881.0   1198   18.9   17.3     91  14.34     85      8  302.8  345.5  305.4
  871.0   1296   18.6   15.1     80  12.54     95      9  303.5  341.0  305.8
  858.0   1425   18.6    9.6     56   8.82    108     11  304.8  331.6  306.4
  851.0   1495   18.2    8.4     53   8.18    115     12  305.1  330.1  306.6
  850.0   1505   18.2    8.2     52   8.09    115     12  305.2  329.9  306.7
  841.0   1596   17.8    5.8     45   6.92    109     13  305.7  327.0  307.0
  821.0   1801   16.3    6.7     53   7.54     95     14  306.2  329.4  307.6
  793.0   2096   14.2    7.9     66   8.52     95     19  307.0  333.1  308.6
  783.0   2204   13.4    8.4     72   8.91     93     18  307.3  334.6  308.9
  781.0   2225   14.0    4.0     51   6.57     93     18  308.2  328.6  309.4
  723.0   2872    9.4    4.6     72   7.41     80     14  310.0  333.1  311.4
  704.0   3093    8.6   -0.4     53   5.31     76     12  311.5  328.3  312.5
  700.0   3140    8.2   -0.8     53   5.18     75     12  311.5  328.0  312.5
  662.0   3598    5.5    0.1     68   5.84     60     12  313.4  332.1  314.6
  648.0   3773    4.4    0.4     75   6.12     44     10  314.2  333.7  315.3
  615.0   4196    3.0   -2.8     66   5.10      5      4  317.3  333.9  318.3
  593.0   4492    2.0   -5.0     60   4.47     77      4  319.5  334.2  320.3
  592.0   4505    2.0   -5.1     59   4.45     80      4  319.6  334.3  320.4
  578.0   4698    1.6   -6.4     55   4.12    108      5  321.3  335.1  322.1
  576.0   4726    2.0  -16.0     25   1.92    112      5  322.1  328.8  322.5
  558.0   4981    0.0   -9.0     51   3.49    148      6  322.7  334.5  323.4
  550.0   5096   -0.8   -9.2     53   3.47    165      6  323.1  334.9  323.8
  530.0   5391   -2.8   -9.9     58   3.43    240      8  324.1  335.8  324.8
  529.0   5406   -2.9   -9.9     59   3.43    240      8  324.2  335.9  324.9
  526.0   5451   -2.7  -15.7     36   2.15    239      9  324.9  332.5  325.4
  517.0   5587   -3.3  -25.3     16   0.95    237     11  325.8  329.3  326.0
  510.0   5694   -4.2  -22.9     22   1.19    235     12  326.0  330.4  326.2
  500.0   5850   -5.5  -19.5     32   1.64    250     10  326.3  332.1  326.6
  491.0   5992   -6.4  -19.5     35   1.67    260      8  326.9  332.9  327.2
  480.0   6170   -7.5  -19.5     38   1.71    261      9  327.6  333.8  328.0
  471.0   6317   -7.5  -28.5     17   0.78    263     10  329.4  332.4  329.6
  454.0   6603   -9.7  -21.7     37   1.49    265     12  330.1  335.6  330.4
  437.0   6896  -11.6  -36.8     10   0.37    225      8  331.3  332.8  331.4
  431.0   7003  -12.3  -42.3      6   0.22    232      7  331.8  332.6  331.8
  420.0   7199  -13.6  -36.8     12   0.39    245      6  332.6  334.1  332.7
  404.0   7495  -15.5  -28.5     32   0.91    290     10  333.8  337.2  334.0
  400.0   7570  -15.9  -35.9     16   0.45    285     10  334.2  336.0  334.3
  387.0   7819  -17.1  -50.1      4   0.10    280      8  335.8  336.3  335.9
  373.0   8094  -19.2  -35.0     23   0.53    275      6  336.6  338.6  336.7
  370.0   8155  -19.7  -31.7     34   0.73    278      6  336.7  339.6  336.9
  358.0   8398  -21.5  -33.5     33   0.63    290      6  337.4  339.9  337.6
  344.0   8692  -23.7  -35.7     32   0.53    275      6  338.3  340.4  338.4
  343.0   8714  -23.9  -35.9     32   0.52    275      6  338.4  340.5  338.5
  303.0   9608  -30.4  -43.3     27   0.28    280      8  341.5  342.6  341.5
  300.0   9680  -30.9  -43.9     27   0.26    280      8  341.7  342.8  341.8
  291.0   9892  -32.7  -44.9     29   0.24    275      8  342.1  343.1  342.1
  279.0  10186  -35.3  -46.3     31   0.21    290     12  342.6  343.5  342.6
  268.0  10466  -37.7  -47.7     34   0.19    274     13  343.0  343.8  343.0
  256.0  10779  -40.1  -57.1     15   0.07    255     14  344.0  344.3  344.0
  250.0  10940  -41.3                         245     14  344.5         344.5
  244.0  11101  -42.6                         235     14  344.9         344.9
  223.0  11698  -47.6                         250     12  346.2         346.2
  213.0  12002  -50.2                         220     10  346.8         346.8
  204.0  12289  -52.6                         225      8  347.3         347.3
  200.0  12420  -53.7                         235      6  347.6         347.6
  194.0  12608  -55.3                         250      2  348.0         348.0
  185.0  12902  -57.8                          35      6  348.7         348.7
  168.0  13499  -62.9                          70     10  350.0         350.0
  152.0  14118  -68.2                          65     12  351.1         351.1
  150.0  14200  -68.9                          60     12  351.2         351.2
  145.0  14398  -70.3                          45     10  352.2         352.2
  124.0  15314  -76.6                          75     33  356.8         356.8
  122.0  15410  -77.3                          80     30  357.2         357.2
  118.0  15600  -78.4                          90     23  358.7         358.7
  116.0  15697  -78.9                          90     19  359.5         359.5
  112.0  15897  -79.0                          65     12  362.9         362.9
  106.0  16209  -79.2                         340      8  368.3         368.3
  102.0  16428  -79.3                         248      5  372.1         372.1
  100.0  16540  -79.7                         200      4  373.5         373.5
   95.0  16831  -79.3                         100     10  379.8         379.8
   93.0  16951  -79.1                          76     12  382.5         382.5
   86.0  17400  -78.0                         350     21  393.4         393.4
   73.0  18339  -75.7                         230     16  417.1         417.1
   70.0  18580  -75.1                         225      8  423.4         423.4
   66.0  18924  -73.8                         280      4  433.3         433.3
   63.0  19195  -72.9                         230     10  441.2         441.2
   58.5  19628  -71.3                         263      9  454.2         454.2
   57.0  19783  -70.0                         275      8  460.6         460.6
   52.8  20240  -66.1                         254     14  479.8         479.8
   51.0  20450  -66.1                         245     17  484.6         484.6
   50.0  20570  -66.1                         245     19  487.3         487.3
   49.0  20693  -65.9                         245     19  490.5         490.5
   47.0  20947  -65.6                         280     19  497.1         497.1
   42.0  21632  -64.7                         235     23  515.6         515.6
   38.7  22131  -64.1                         260     21  529.4         529.4
   38.0  22244  -63.4                         265     21  534.0         534.0
   37.0  22409  -62.3                         255     21  540.9         540.9
   35.0  22754  -60.0                         230     25  555.5         555.5
   33.9  22952  -58.7                         248     26  564.0         564.0
   32.0  23314  -58.5                         280     29  573.9         573.9
   30.0  23720  -58.3                         275     33  585.1         585.1
   27.0  24391  -56.7                         270     37  607.5         607.5
   23.0  25413  -54.2                         230     35  643.3         643.3
   21.4  25872  -53.1                         261     30  660.0         660.0
   20.0  26310  -51.3                         290     25  678.4         678.4
   18.0  27004  -48.2                         280     12  708.9         708.9
   16.1  27738  -44.9                         298     27  742.6         742.6
   15.0  28206  -46.7                         310     37  751.7         751.7
   14.0  28663  -48.5                         275     43  760.6         760.6
   13.8  28758  -48.9                         275     43  762.4         762.4
   11.4  30009  -49.7                         254     21  802.3         802.3
   10.0  30870  -47.5                         240      6  841.1         841.1
    9.0  31569  -45.7                          30      8  873.8         873.8
    8.9  31643  -45.5                                     877.3         877.3
</PRE><H3>Station information and sounding indices</H3><PRE>
                         Station identifier: WIII
                             Station number: 96749
                           Observation time: 131102/0000
                           Station latitude: -6.11
                          Station longitude: 106.65
                          Station elevation: 8.0
                            Showalter index: 5.90
                               Lifted index: -0.02
    LIFT computed using virtual temperature: -0.58
                                SWEAT index: 132.41
                                    K index: 22.90
                         Cross totals index: 13.70
                      Vertical totals index: 23.70
                        Totals totals index: 37.40
      Convective Available Potential Energy: 36.27
             CAPE using virtual temperature: 97.93
                      Convective Inhibition: -109.63
             CINS using virtual temperature: -73.40
                           Equilibrum Level: 478.72
 Equilibrum Level using virtual temperature: 399.87
                   Level of Free Convection: 739.37
             LFCT using virtual temperature: 787.35
                     Bulk Richardson Number: 15.26
          Bulk Richardson Number using CAPV: 41.21
  Temp [K] of the Lifted Condensation Level: 291.66
Pres [hPa] of the Lifted Condensation Level: 910.61
   Equivalent potential temp [K] of the LCL: 343.46
     Mean mixed layer potential temperature: 299.59
              Mean mixed layer mixing ratio: 14.98
              1000 hPa to 500 hPa thickness: 5759.00
Precipitable water [mm] for entire sounding: 43.91
</PRE>
<P>Description of the 
<A HREF="/upperair/columns.html">data columns</A>
or <A HREF="/upperair/indices.html">sounding indices</A>.

<P>
<FORM>
<INPUT CLASS="button" TYPE="button" VALUE=" Close this window " 
 onClick="window.close();">
<INPUT CLASS="button" TYPE="button" VALUE=" Select another map " 
 onClick="window.blur();">
</FORM>
<HR SIZE="1">
<I>Interested in graduate studies in atmospheric science?
Check out our program at the
<a href="http://www.uwyo.edu/atsc/howtoapply/"
target=_top>University of Wyoming
</a></I>
<HR SIZE="1"><FONT SIZE="-1">
Questions about the weather data provided by this site can be
addressed to <A HREF="mailto:ldoolman@uwyo.edu">
Larry Oolman (ldoolman@uwyo.edu)</A></FONT>
<HR SIZE="1">
<SCRIPT TYPE="text/javascript">
<!--
window.focus();
// -->
</SCRIPT>
</BODY>
</HTML>
