2015-11-26 12
<HTML>
<TITLE>University of Wyoming - Radiosonde Data</TITLE>
<BODY BGCOLOR="white">
<H2>96749 WIII Jakarta Observations at 00Z 26 Nov 2015</H2>
<PRE>
-----------------------------------------------------------------------------
   PRES   HGHT   TEMP   DWPT   RELH   MIXR   DRCT   SKNT   THTA   THTE   THTV
    hPa     m      C      C      %    g/kg    deg   knot     K      K      K 
-----------------------------------------------------------------------------
 1008.0      8   25.4   23.5     89  18.47    180      1  297.9  351.7  301.1
 1001.0     70   26.6   20.6     70  15.51    119      4  299.7  345.2  302.4
 1000.0     79   26.6   20.6     70  15.53    110      4  299.8  345.4  302.5
  997.0    105   26.4   20.4     70  15.43     80      6  299.9  345.2  302.6
  954.0    493   24.3   18.3     69  14.08     30      6  301.5  343.2  304.0
  925.0    765   22.8   16.8     69  13.18     30      6  302.6  341.9  305.0
  913.0    879   22.4   16.0     67  12.66     35      6  303.3  341.2  305.6
  896.0   1042   21.8   14.8     64  11.95     30      5  304.4  340.2  306.5
  880.0   1198   20.8   13.8     64  11.43     25      4  304.9  339.4  307.0
  850.0   1497   19.0   12.0     64  10.47     45      4  306.0  337.8  308.0
  821.0   1791   17.3   11.0     66  10.12     55      6  307.3  338.2  309.2
  793.0   2085   15.6   10.0     69   9.79     50      6  308.6  338.6  310.4
  738.0   2693   12.2    7.8     75   9.11     10      8  311.2  339.5  312.9
  712.0   2997   10.4    6.8     78   8.78     45      6  312.5  339.9  314.1
  700.0   3141    9.6    6.3     80   8.63     20      6  313.1  340.1  314.7
  687.0   3295    8.7    5.2     79   8.16    345      4  313.8  339.5  315.4
  663.0   3588    7.1    3.2     76   7.33     15      4  315.2  338.5  316.6
  639.0   3892    5.4    1.1     74   6.54    335      2  316.6  337.6  317.9
  633.0   3969    5.0    0.6     73   6.36    318      2  317.0  337.4  318.2
  616.0   4191    4.2   -1.2     68   5.72    270      2  318.6  337.2  319.6
  607.0   4311    3.8   -2.2     65   5.39    318      2  319.4  337.1  320.4
  597.0   4445    3.2  -10.8     35   2.83     13      2  320.2  329.8  320.8
  593.0   4500    2.9  -10.5     37   2.91     35      2  320.5  330.4  321.1
  572.0   4790    1.3   -8.9     47   3.43    340      4  321.9  333.5  322.6
  571.0   4804    1.2   -8.8     47   3.46    336      4  322.0  333.7  322.7
  570.0   4818    1.0   -4.0     69   5.02    333      4  321.9  338.6  322.9
  561.0   4946    0.4   -4.1     72   5.06    298      4  322.7  339.5  323.7
  558.0   4989    0.6   -8.4     51   3.65    287      4  323.4  335.8  324.1
  553.0   5061    0.0   -4.3     73   5.06    268      4  323.5  340.4  324.5
  551.0   5090   -0.2   -4.4     73   5.05    260      4  323.6  340.5  324.6
  530.0   5398   -2.2   -5.1     80   4.95    260      2  324.8  341.4  325.8
  511.0   5687   -4.2   -5.9     88   4.86    125      2  325.9  342.3  326.8
  500.0   5860   -5.3   -6.3     93   4.80    145      4  326.5  342.8  327.5
  492.0   5987   -6.2   -7.3     92   4.50    160      4  326.9  342.2  327.8
  473.0   6296   -8.3   -9.9     89   3.84     45      2  327.9  341.1  328.7
  470.0   6345   -8.7  -10.3     88   3.74     30      2  328.1  341.0  328.9
  455.0   6598   -9.0  -11.9     80   3.41    315      2  330.8  342.7  331.5
  448.0   6719   -9.1  -12.6     76   3.26    342      3  332.1  343.6  332.8
  421.0   7197  -12.4  -16.1     74   2.61     90      6  333.9  343.2  334.4
  400.0   7590  -15.1  -18.9     73   2.16    355      2  335.3  343.1  335.7
  389.0   7801  -16.3  -19.4     77   2.13    295      4  336.4  344.2  336.8
  374.0   8093  -18.3  -21.7     75   1.81    210      6  337.5  344.2  337.9
  359.0   8397  -20.4  -24.1     72   1.53    225      4  338.7  344.5  339.0
  345.0   8692  -22.4  -26.4     70   1.29    175      4  339.9  344.8  340.1
  335.0   8910  -23.9  -28.1     68   1.14    271      4  340.7  345.0  340.9
  331.0   8998  -24.0  -36.1     32   0.53    310      4  341.7  343.8  341.8
  329.0   9042  -24.1  -40.1     21   0.36    313      5  342.2  343.6  342.2
  304.0   9614  -28.0  -44.0     20   0.25    350     12  344.4  345.5  344.5
  300.0   9710  -28.7  -44.7     20   0.24    345     12  344.8  345.8  344.9
  280.0  10192  -32.8  -45.8     26   0.23    315     14  345.8  346.8  345.9
  255.0  10845  -38.3  -47.3     38   0.21    327     12  347.0  347.9  347.1
  250.0  10980  -39.3  -52.3     24   0.12    330     12  347.5  348.0  347.5
  247.0  11063  -40.1  -52.1     27   0.13    331     13  347.5  348.1  347.5
  235.0  11395  -43.0                         335     16  348.1         348.1
  205.0  12305  -51.0                         320     17  349.3         349.3
  200.0  12470  -52.5                         320     17  349.5         349.5
  178.0  13195  -58.7                         330     19  351.1         351.1
  154.0  14096  -66.5                         350     17  352.7         352.7
  150.0  14260  -67.9                         345     16  352.9         352.9
  139.0  14698  -71.1                         340     14  355.1         355.1
  126.0  15263  -75.2                         340      4  357.7         357.7
  119.0  15592  -77.6                         185      4  359.2         359.2
  113.0  15889  -79.8                         195     10  360.5         360.5
  107.0  16203  -82.1                         155      6  361.8         361.8
  102.0  16478  -84.1                          60     10  363.0         363.0
  101.0  16535  -84.5                          60     10  363.2         363.2
  100.0  16590  -84.3                          55     12  364.6         364.6
   96.3  16799  -83.3                          41     14  370.5         370.5
   92.6  17020  -77.7                          26     16  385.7         385.7
   91.0  17119  -78.0                          20     17  387.1         387.1
   82.0  17711  -79.9                          20      2  395.0         395.0
   81.8  17725  -79.9                          14      2  395.1         395.1
   78.0  17998  -75.1                         260      8  410.5         410.5
   76.6  18102  -73.3                         263     15  416.4         416.4
   74.0  18305  -73.0                         270     27  421.2         421.2
   70.0  18630  -72.5                         265     37  428.9         428.9
   67.0  18887  -72.6                         260     45  434.1         434.1
   60.2  19514  -72.9                         231     29  446.9         446.9
   60.0  19534  -72.8                         230     29  447.7         447.7
   55.0  20051  -69.3                         265     17  466.9         466.9
   52.1  20373  -67.1                         294     23  479.3         479.3
   52.0  20384  -67.2                         295     23  479.4         479.4
   50.0  20620  -68.3                         295     27  482.1         482.1
   45.5  21182  -71.1                         311     19  488.5         488.5
   43.0  21526  -68.3                         320     14  503.4         503.4
   39.0  22121  -63.4                         265     19  530.0         530.0
   37.0  22441  -60.8                         220     14  544.8         544.8
   35.8  22642  -59.1                         211     14  554.2         554.2
   35.0  22784  -59.1                         205     14  557.9         557.9
   33.0  23153  -59.0                         240     19  567.5         567.5
   30.0  23750  -58.9                         260     21  583.5         583.5
   29.0  23963  -58.3                         270     17  590.9         590.9
   28.7  24028  -58.1                         269     19  593.1         593.1
   28.0  24185  -57.0                         265     23  600.4         600.4
   26.7  24486  -54.9                         275     25  614.5         614.5
   25.0  24903  -56.1                         290     27  622.6         622.6
   23.0  25431  -57.7                         280     16  633.0         633.0
   22.0  25713  -58.5                         310      8  638.6         638.6
   21.8  25771  -58.7                         310      8  639.8         639.8
   21.0  26008  -55.7                         310      8  655.9         655.9
   20.4  26193  -53.3                         298     10  668.5         668.5
   20.0  26320  -53.1                         290     12  672.9         672.9
   19.0  26652  -52.5                         280     12  684.7         684.7
   16.0  27766  -50.5                                     725.7         725.7
</PRE><H3>Station information and sounding indices</H3><PRE>
                         Station identifier: WIII
                             Station number: 96749
                           Observation time: 151126/0000
                           Station latitude: -6.11
                          Station longitude: 106.65
                          Station elevation: 8.0
                            Showalter index: 2.52
                               Lifted index: -0.26
    LIFT computed using virtual temperature: -0.34
                                SWEAT index: 156.00
                                    K index: 33.00
                         Cross totals index: 17.30
                      Vertical totals index: 24.30
                        Totals totals index: 41.60
      Convective Available Potential Energy: 12.65
             CAPE using virtual temperature: 22.90
                      Convective Inhibition: -217.12
             CINS using virtual temperature: -145.87
                           Equilibrum Level: 460.19
 Equilibrum Level using virtual temperature: 458.77
                   Level of Free Convection: 514.69
             LFCT using virtual temperature: 667.83
                     Bulk Richardson Number: 15.74
          Bulk Richardson Number using CAPV: 28.51
  Temp [K] of the Lifted Condensation Level: 291.56
Pres [hPa] of the Lifted Condensation Level: 901.09
   Equivalent potential temp [K] of the LCL: 344.59
     Mean mixed layer potential temperature: 300.39
              Mean mixed layer mixing ratio: 15.07
              1000 hPa to 500 hPa thickness: 5781.00
Precipitable water [mm] for entire sounding: 52.15
</PRE>
<P>Description of the 
<A HREF="/upperair/columns.html">data columns</A>
or <A HREF="/upperair/indices.html">sounding indices</A>.

<P>
<FORM>
<INPUT CLASS="button" TYPE="button" VALUE=" Close this window " 
 onClick="window.close();">
<INPUT CLASS="button" TYPE="button" VALUE=" Select another map " 
 onClick="window.blur();">
</FORM>
<HR SIZE="1">
<I>Interested in graduate studies in atmospheric science?
Check out our program at the
<a href="http://www.uwyo.edu/atsc/howtoapply/"
target=_top>University of Wyoming
</a></I>
<HR SIZE="1"><FONT SIZE="-1">
Questions about the weather data provided by this site can be
addressed to <A HREF="mailto:ldoolman@uwyo.edu">
Larry Oolman (ldoolman@uwyo.edu)</A></FONT>
<HR SIZE="1">
<SCRIPT TYPE="text/javascript">
<!--
window.focus();
// -->
</SCRIPT>
</BODY>
</HTML>
