2015-12-21 12
<HTML>
<TITLE>University of Wyoming - Radiosonde Data</TITLE>
<BODY BGCOLOR="white">
<H2>96749 WIII Jakarta Observations at 00Z 21 Dec 2015</H2>
<PRE>
-----------------------------------------------------------------------------
   PRES   HGHT   TEMP   DWPT   RELH   MIXR   DRCT   SKNT   THTA   THTE   THTV
    hPa     m      C      C      %    g/kg    deg   knot     K      K      K 
-----------------------------------------------------------------------------
 1010.0      8   25.0   23.2     90  18.10    260     10  297.3  349.9  300.5
 1000.0     95   24.0   21.5     86  16.44    255     12  297.1  344.9  300.1
  977.0    299   23.2   21.0     87  16.32    240     14  298.3  345.9  301.2
  954.0    508   22.4   20.5     89  16.19    275     15  299.6  347.0  302.4
  944.0    600   22.1   19.5     85  15.37    290     16  300.1  345.3  302.9
  925.0    777   21.4   17.6     79  13.88    300     19  301.2  342.2  303.7
  912.0    899   20.6   17.2     81  13.72    310     23  301.6  342.3  304.1
  850.0   1506   16.8   15.2     90  12.94    305     27  303.7  342.4  306.1
  792.0   2104   13.3   11.3     88  10.77    300     31  306.2  338.8  308.2
  753.0   2531   10.8    8.6     86   9.40    294     29  307.9  336.7  309.7
  700.0   3140    9.4    7.3     87   9.25    285     27  312.9  341.8  314.6
  665.0   3565    7.6    4.7     82   8.12    279     22  315.5  341.2  317.0
  615.0   4200    3.9    2.0     88   7.26    270     14  318.4  341.7  319.7
  593.0   4497    2.2    0.8     90   6.88    275     12  319.7  342.0  321.0
  566.0   4876    0.0   -0.8     94   6.42    258     10  321.4  342.4  322.6
  530.0   5397   -2.7   -3.2     96   5.72    235      6  324.2  343.3  325.4
  500.0   5860   -5.1   -5.4     98   5.15    220      8  326.8  344.1  327.8
  473.0   6290   -7.4   -8.4     93   4.33    225      6  329.1  343.9  329.9
  455.0   6591   -9.1  -10.4     90   3.82    270     10  330.7  344.0  331.5
  438.0   6886  -10.7  -12.5     87   3.37    285     10  332.3  344.1  333.0
  421.0   7193  -12.3  -14.6     83   2.95    275      4  333.9  344.4  334.5
  404.0   7513  -14.1  -16.8     80   2.56    235      4  335.6  344.9  336.2
  400.0   7590  -14.5  -17.3     79   2.48    230      4  336.1  345.0  336.6
  391.0   7763  -15.5  -19.2     73   2.15    227      4  336.9  344.8  337.4
  373.0   8113  -18.1  -21.4     75   1.87    220      4  338.0  345.0  338.4
  344.0   8714  -22.6  -25.2     80   1.45    250     10  339.9  345.3  340.2
  330.0   9022  -24.9  -27.1     82   1.27    260      8  340.8  345.6  341.0
  317.0   9312  -26.8  -29.0     82   1.11    240      4  342.0  346.3  342.2
  304.0   9614  -28.9  -30.9     83   0.96    110     12  343.3  347.1  343.5
  300.0   9710  -29.5  -31.5     83   0.92    110     14  343.7  347.3  343.9
  279.0  10220  -33.5  -35.1     86   0.70    120     14  345.1  347.9  345.3
  270.0  10451  -35.3  -36.7     87   0.61    149     14  345.8  348.2  345.9
  256.0  10817  -38.5  -40.6     80   0.43    195     14  346.4  348.1  346.4
  250.0  10980  -39.9  -42.4     77   0.37    205     17  346.6  348.1  346.7
  235.0  11390  -43.5                         210     23  347.4         347.4
  200.0  12460  -52.7                         155     12  349.1         349.1
  178.0  13185  -59.3                         105      6  350.2         350.2
  154.0  14086  -67.4                          60     19  351.1         351.1
  150.0  14250  -68.9                          65     23  351.2         351.2
  127.0  15227  -75.7                          69     45  356.1         356.1
  119.0  15600  -77.6                          70     54  359.2         359.2
  114.0  15846  -78.9                          70     51  361.3         361.3
  107.0  16206  -78.8                          55     33  368.0         368.0
  100.0  16590  -78.7                          70     31  375.4         375.4
   96.0  16823  -78.4                          70     31  380.5         380.5
   91.0  17129  -77.9                          40     17  387.2         387.2
   87.0  17387  -77.5                         340     21  393.0         393.0
   78.0  18011  -76.6                         285     33  407.4         407.4
   70.0  18630  -75.7                         260     41  422.1         422.1
   67.0  18884  -75.5                         255     41  427.8         427.8
   62.4  19297  -75.3                         261     25  437.1         437.1
   60.0  19530  -72.4                         265     16  448.4         448.4
   57.0  19834  -68.7                         325      6  463.6         463.6
   55.5  19993  -66.7                         335      8  471.6         471.6
   52.0  20390  -64.8                           0     12  484.8         484.8
   50.0  20630  -63.7                           0     14  492.9         492.9
   47.9  20894  -63.5                         352     16  499.5         499.5
   45.0  21275  -65.4                         340     19  503.9         503.9
   44.0  21412  -66.1                         328     17  505.4         505.4
   43.0  21553  -66.0                         315     14  509.1         509.1
   41.0  21843  -65.7                         255     12  516.8         516.8
   39.0  22149  -65.3                         220     19  525.1         525.1
   35.0  22809  -64.7                         235     23  543.3         543.3
   32.0  23356  -64.1                         210     23  558.9         558.9
   30.0  23750  -63.7                         215     14  570.4         570.4
   29.8  23791  -63.7                         211     14  571.5         571.5
   27.0  24405  -61.2                         155      6  594.7         594.7
   25.0  24885  -59.3                         120      8  613.4         613.4
   23.6  25243  -57.9                          58      9  627.8         627.8
   23.0  25408  -56.2                          30     10  637.5         637.5
   22.0  25693  -53.2                          40      2  654.6         654.6
   21.4  25870  -51.3                         111      2  665.4         665.4
   21.0  25993  -51.5                         160      2  668.5         668.5
   20.0  26310  -51.9                         280      2  676.6         676.6
   19.0  26644  -51.4                         295      8  688.0         688.0
   18.0  26996  -51.0                         305     10  700.2         700.2
   17.0  27369  -50.5                         285     10  713.3         713.3
   16.0  27763  -49.9                         315     10  727.6         727.6
   15.0  28184  -49.3                         145      2  743.0         743.0
   14.6  28360  -49.1                         129     14  749.6         749.6
   14.1  28590  -45.1                         109     30  770.6         770.6
   14.0  28638  -45.1                         105     33  772.0         772.0
   12.0  29662  -46.2                          80     23  803.1         803.1
   11.1  30181  -46.7                          80     32  819.3         819.3
   11.0  30241  -46.1                          80     33  823.7         823.7
   10.6  30488  -43.5                          90     36  841.9         841.9
   10.0  30880  -42.9                         105     41  858.3         858.3
    9.0  31588  -43.4                         120     54  882.4         882.4
    8.3  32132  -43.9                         115     60  901.5         901.5
    8.0  32379  -44.0                         115     60  910.3         910.3
    7.6  32724  -44.3                         112     59  922.6         922.6
    6.2  34102  -39.7                         102     56  997.6         997.6
    6.0                                       100     56                     
</PRE><H3>Station information and sounding indices</H3><PRE>
                         Station identifier: WIII
                             Station number: 96749
                           Observation time: 151221/0000
                           Station latitude: -6.11
                          Station longitude: 106.65
                          Station elevation: 8.0
                            Showalter index: 0.81
                               Lifted index: -0.63
    LIFT computed using virtual temperature: -0.69
                                SWEAT index: 244.40
                                    K index: 35.00
                         Cross totals index: 20.30
                      Vertical totals index: 21.90
                        Totals totals index: 42.20
      Convective Available Potential Energy: 97.71
             CAPE using virtual temperature: 135.12
                      Convective Inhibition: -36.05
             CINS using virtual temperature: -27.19
                           Equilibrum Level: 429.69
 Equilibrum Level using virtual temperature: 424.02
                   Level of Free Convection: 841.74
             LFCT using virtual temperature: 855.16
                     Bulk Richardson Number: 6.31
          Bulk Richardson Number using CAPV: 8.73
  Temp [K] of the Lifted Condensation Level: 293.87
Pres [hPa] of the Lifted Condensation Level: 950.85
   Equivalent potential temp [K] of the LCL: 346.13
     Mean mixed layer potential temperature: 298.15
              Mean mixed layer mixing ratio: 16.48
              1000 hPa to 500 hPa thickness: 5765.00
Precipitable water [mm] for entire sounding: 60.24
</PRE>
<P>Description of the 
<A HREF="/upperair/columns.html">data columns</A>
or <A HREF="/upperair/indices.html">sounding indices</A>.

<P>
<FORM>
<INPUT CLASS="button" TYPE="button" VALUE=" Close this window " 
 onClick="window.close();">
<INPUT CLASS="button" TYPE="button" VALUE=" Select another map " 
 onClick="window.blur();">
</FORM>
<HR SIZE="1">
<I>Interested in graduate studies in atmospheric science?
Check out our program at the
<a href="http://www.uwyo.edu/atsc/howtoapply/"
target=_top>University of Wyoming
</a></I>
<HR SIZE="1"><FONT SIZE="-1">
Questions about the weather data provided by this site can be
addressed to <A HREF="mailto:ldoolman@uwyo.edu">
Larry Oolman (ldoolman@uwyo.edu)</A></FONT>
<HR SIZE="1">
<SCRIPT TYPE="text/javascript">
<!--
window.focus();
// -->
</SCRIPT>
</BODY>
</HTML>
