2015-05-06 12
<HTML>
<TITLE>University of Wyoming - Radiosonde Data</TITLE>
<BODY BGCOLOR="white">
<H2>96749 WIII Jakarta Observations at 00Z 06 May 2015</H2>
<PRE>
-----------------------------------------------------------------------------
   PRES   HGHT   TEMP   DWPT   RELH   MIXR   DRCT   SKNT   THTA   THTE   THTV
    hPa     m      C      C      %    g/kg    deg   knot     K      K      K 
-----------------------------------------------------------------------------
 1009.0      8   24.4   22.7     90  17.56    170      2  296.8  347.7  299.9
 1000.0     86   25.4   22.7     85  17.72    150      4  298.6  350.3  301.7
  992.0    157   25.6   23.1     86  18.32    133      6  299.4  353.2  302.7
  976.0    300   25.0   21.0     78  16.31    100     10  300.2  348.2  303.1
  925.0    772   23.0   14.0     57  10.98     85     16  302.8  335.6  304.8
  911.0    905   22.2   14.0     60  11.15     80     16  303.3  336.7  305.3
  908.0    934   22.0   14.0     60  11.18     81     16  303.4  336.9  305.4
  851.0   1494   18.5   10.5     60   9.43     95     12  305.4  334.0  307.1
  850.0   1504   18.4   10.4     60   9.40     95     12  305.4  333.9  307.1
  825.0   1760   17.2    8.2     55   8.34     80      8  306.8  332.3  308.3
  793.0   2094   15.5    7.5     59   8.25     60      2  308.4  333.9  310.0
  765.0   2397   14.0    6.8     62   8.18     85      4  310.0  335.4  311.5
  712.0   3003   10.9    5.5     69   8.02     40      6  313.0  338.2  314.5
  700.0   3147   10.2    5.2     71   7.98     45      6  313.8  338.9  315.3
  674.0   3462    8.6    3.6     71   7.41     66      6  315.4  338.9  316.8
  663.0   3597    7.8    3.0     71   7.20     75      6  316.0  339.0  317.4
  639.0   3898    6.2    1.6     72   6.77    110     10  317.4  339.2  318.8
  616.0   4198    4.5    0.2     74   6.35    105      6  318.9  339.5  320.1
  594.0   4495    2.9   -1.1     75   5.96    115      6  320.3  339.8  321.4
  558.0   5006    0.0   -3.5     77   5.32     68      5  322.7  340.4  323.7
  531.0   5401   -2.1   -6.1     74   4.60     30      4  324.8  340.2  325.7
  500.0   5880   -4.7   -9.2     71   3.83    320      6  327.2  340.4  328.0
  474.0   6293   -7.5  -11.8     71   3.29    270      8  328.9  340.3  329.5
  422.0   7192  -13.4  -17.4     72   2.33    200     12  332.3  340.6  332.8
  415.0   7322  -14.3  -18.2     72   2.21    200     10  332.8  340.8  333.2
  405.0   7506  -15.6  -19.5     72   2.02    200      6  333.4  340.7  333.8
  400.0   7600  -16.3  -20.2     72   1.93    195      6  333.7  340.7  334.1
  380.0   7983  -18.9  -24.9     59   1.34    172      6  335.2  340.2  335.5
  365.0   8282  -21.3  -22.0     94   1.81    155      6  335.9  342.6  336.3
  364.0   8302  -21.1  -26.1     64   1.26    154      6  336.4  341.1  336.7
  347.0   8653  -22.9  -32.9     40   0.70    133      6  338.6  341.3  338.8
  345.0   8695  -23.3  -32.9     41   0.70    130      6  338.7  341.4  338.8
  337.0   8866  -24.7  -32.7     47   0.73    130      7  339.0  341.9  339.1
  333.0   8953  -25.3  -28.3     76   1.12    130      7  339.3  343.6  339.6
  317.0   9307  -28.2  -31.6     72   0.86    130      8  340.2  343.5  340.3
  312.0   9421  -29.1  -32.7     71   0.79    115      9  340.4  343.5  340.6
  304.0   9606  -30.4  -36.9     53   0.53     90     10  341.1  343.2  341.2
  300.0   9700  -31.1  -39.1     45   0.43     95     10  341.4  343.2  341.5
  278.0  10237  -35.7  -36.4     93   0.61    125     14  342.3  344.8  342.4
  268.0  10491  -37.7  -39.2     85   0.48    140     16  343.1  345.0  343.2
  256.0  10808  -40.1  -42.8     75   0.34    133     17  344.0  345.4  344.0
  250.0  10970  -41.3                         130     17  344.5         344.5
  200.0  12440  -53.3                         115     19  348.2         348.2
  195.0  12598  -54.4                         110     19  348.9         348.9
  169.0  13494  -60.8                          65     27  352.9         352.9
  161.0  13797  -63.0                          60     14  354.2         354.2
  150.0  14240  -66.1                         140      6  356.0         356.0
  146.0  14398  -67.2                         175      6  356.8         356.8
  125.0  15305  -73.7                         180     14  361.4         361.4
  113.0  15895  -77.8                         140     12  364.2         364.2
  108.0  16159  -79.7                         100      8  365.4         365.4
  102.0  16479  -81.9                          50      4  367.1         367.1
  100.0  16590  -82.7                          20      4  367.7         367.7
   97.1  16753  -83.9                         310      2  368.5         368.5
   96.0  16816  -83.8                         310      2  369.8         369.8
   91.0  17113  -83.4                         275     14  376.3         376.3
   86.0  17427  -83.0                         325      4  383.2         383.2
   82.0  17691  -82.7                         115     16  389.2         389.2
   71.5  18451  -81.7                         102     24  406.8         406.8
   70.0  18570  -80.3                         100     25  412.3         412.3
   66.0  18910  -75.5                         105     41  429.7         429.7
   61.6  19309  -69.9                          89     33  450.7         450.7
   57.0  19770  -69.9                          70     25  460.8         460.8
   55.9  19885  -69.9                          72     27  463.4         463.4
   53.8  20115  -65.5                          75     30  478.6         478.6
   51.0  20440  -64.9                          80     35  487.3         487.3
   50.0  20560  -64.7                          75     33  490.6         490.6
   49.0  20684  -64.1                          65     33  494.9         494.9
   46.5  21005  -62.5                          87     29  506.2         506.2
   44.0  21344  -62.8                         110     25  513.4         513.4
   34.5  22835  -64.3                          88     43  546.5         546.5
   30.0  23700  -58.9                          75     54  583.5         583.5
   29.0  23913  -58.6                          80     51  590.0         590.0
   27.0  24361  -57.9                          83     56  604.1         604.1
   26.0  24604  -52.7                          85     58  625.4         625.4
   25.0  24857  -47.3                          85     40  648.0         648.0
   24.0  25126  -47.3                          85     21  655.7         655.7
   23.0  25407  -47.2                         160      6  663.8         663.8
   22.0  25701  -47.2                         140     14  672.4         672.4
   21.0  26008  -47.1                         100     23  681.5         681.5
   20.1  26297  -47.1                          87     15  690.2         690.2
   20.0  26330  -46.9                          85     14  691.8         691.8
   19.0  26674  -44.4                          25      6  709.8         709.8
   18.2  26962  -42.3                           6     10  725.2         725.2
   17.0  27417  -44.0                         335     17  734.0         734.0
   15.0  28252  -47.2                         330      6  750.2         750.2
   14.0  28712  -48.9                         225     12  759.3         759.3
   13.1  29151  -46.9                         113     10  780.8         780.8
   13.0  29203  -46.1                         100     10  785.1         785.1
   12.1  29687  -38.9                         357     18  826.9         826.9
   12.0  29744  -39.0                         345     19  828.5         828.5
   10.0  30990  -41.1                         290     16  865.0         865.0
    9.6  31267  -41.5                                     873.6         873.6
</PRE><H3>Station information and sounding indices</H3><PRE>
                         Station identifier: WIII
                             Station number: 96749
                           Observation time: 150506/0000
                           Station latitude: -6.11
                          Station longitude: 106.65
                          Station elevation: 8.0
                            Showalter index: 4.81
                               Lifted index: -0.93
    LIFT computed using virtual temperature: -1.26
                                SWEAT index: 154.81
                                    K index: 28.50
                         Cross totals index: 15.10
                      Vertical totals index: 23.10
                        Totals totals index: 38.20
      Convective Available Potential Energy: 417.76
             CAPE using virtual temperature: 491.97
                      Convective Inhibition: -114.97
             CINS using virtual temperature: -45.59
                           Equilibrum Level: 214.19
 Equilibrum Level using virtual temperature: 214.24
                   Level of Free Convection: 661.19
             LFCT using virtual temperature: 786.57
                     Bulk Richardson Number: 328.85
          Bulk Richardson Number using CAPV: 387.27
  Temp [K] of the Lifted Condensation Level: 293.46
Pres [hPa] of the Lifted Condensation Level: 928.62
   Equivalent potential temp [K] of the LCL: 348.01
     Mean mixed layer potential temperature: 299.76
              Mean mixed layer mixing ratio: 16.53
              1000 hPa to 500 hPa thickness: 5794.00
Precipitable water [mm] for entire sounding: 50.23
</PRE>
<P>Description of the 
<A HREF="/upperair/columns.html">data columns</A>
or <A HREF="/upperair/indices.html">sounding indices</A>.

<P>
<FORM>
<INPUT CLASS="button" TYPE="button" VALUE=" Close this window " 
 onClick="window.close();">
<INPUT CLASS="button" TYPE="button" VALUE=" Select another map " 
 onClick="window.blur();">
</FORM>
<HR SIZE="1">
<I>Interested in graduate studies in atmospheric science?
Check out our program at the
<a href="http://www.uwyo.edu/atsc/howtoapply/"
target=_top>University of Wyoming
</a></I>
<HR SIZE="1"><FONT SIZE="-1">
Questions about the weather data provided by this site can be
addressed to <A HREF="mailto:ldoolman@uwyo.edu">
Larry Oolman (ldoolman@uwyo.edu)</A></FONT>
<HR SIZE="1">
<SCRIPT TYPE="text/javascript">
<!--
window.focus();
// -->
</SCRIPT>
</BODY>
</HTML>
