2013-11-11 00
<HTML>
<TITLE>University of Wyoming - Radiosonde Data</TITLE>
<BODY BGCOLOR="white">
<H2>96749 WIII Jakarta Observations at 00Z 11 Nov 2013</H2>
<PRE>
-----------------------------------------------------------------------------
   PRES   HGHT   TEMP   DWPT   RELH   MIXR   DRCT   SKNT   THTA   THTE   THTV
    hPa     m      C      C      %    g/kg    deg   knot     K      K      K 
-----------------------------------------------------------------------------
 1008.0      8   27.6   22.6     74  17.47    220      4  300.1  351.4  303.2
 1006.0     25   26.2   22.1     78  16.96    221      4  298.8  348.5  301.9
 1000.0     77   26.2   21.4     75  16.33    225      4  299.4  347.2  302.3
  979.0    265   26.8   19.8     66  15.08    242      4  301.8  346.5  304.5
  975.0    301   26.5   19.8     67  15.13    245      4  301.8  346.7  304.6
  942.0    605   24.1   19.7     76  15.55    245      4  302.4  348.5  305.2
  925.0    765   22.8   19.6     82  15.78    165      2  302.6  349.5  305.5
  911.0    897   21.9   18.9     83  15.35      0      0  303.1  348.8  305.8
  880.0   1198   20.0   17.4     85  14.39     90      6  304.0  347.1  306.6
  865.0   1347   19.0   16.6     86  13.93     88      8  304.5  346.3  307.1
  850.0   1498   18.2   14.5     79  12.36     85     10  305.2  342.4  307.5
  792.0   2098   14.9   10.5     75  10.18     95     12  307.9  339.0  309.8
  744.0   2628   12.0    7.0     71   8.52     90     12  310.3  336.7  311.9
  736.0   2719   12.6    0.6     44   5.46     89     12  311.9  329.3  312.9
  700.0   3138   10.2   -0.8     46   5.18     85     12  313.8  330.4  314.7
  641.0   3866    5.6   -2.4     56   5.03     82     12  316.5  332.9  317.5
  615.0   4202    3.3   -1.9     69   5.46     80     12  317.6  335.4  318.7
  580.0   4677    0.0   -1.1     92   6.13     96     10  319.1  339.1  320.3
  571.0   4803   -0.2   -2.1     87   5.76    100     10  320.3  339.2  321.4
  558.0   4988   -0.5   -3.7     79   5.24     91     11  322.1  339.5  323.1
  510.0   5703   -4.1   -8.8     70   3.88     55     14  326.1  339.4  326.9
  500.0   5860   -4.9   -9.9     68   3.63     55     16  327.0  339.4  327.7
  472.0   6307   -7.5  -12.1     70   3.23     70     12  329.2  340.4  329.9
  437.0   6905  -11.0  -15.0     72   2.75     45      6  332.1  341.9  332.7
  430.0   7030  -11.7  -15.6     73   2.65     52      6  332.8  342.2  333.3
  421.0   7192  -12.3  -20.3     51   1.82     62      7  334.0  340.6  334.4
  413.0   7338  -13.5  -17.0     75   2.46     70      7  334.3  343.1  334.8
  404.0   7505  -14.6  -19.1     68   2.10     80      8  335.0  342.6  335.4
  400.0   7580  -15.1  -20.1     66   1.95     75      8  335.3  342.4  335.7
  358.0   8407  -21.1  -28.8     50   1.00     70      4  338.0  341.8  338.2
  353.0   8511  -21.9  -29.9     48   0.91     75      5  338.3  341.8  338.5
  348.0   8616  -22.7  -28.7     58   1.03     81      5  338.6  342.6  338.8
  344.0   8700  -23.0  -32.1     43   0.76     85      6  339.4  342.3  339.5
  333.0   8938  -23.7  -41.7     17   0.30     62     11  341.5  342.8  341.6
  330.0   9003  -24.2  -42.0     18   0.29     55     12  341.7  342.9  341.8
  300.0   9690  -29.7  -44.7     22   0.24     65     14  343.4  344.4  343.4
  256.0  10804  -38.8  -50.3     29   0.15     80      6  346.0  346.6  346.0
  250.0  10970  -40.1  -51.1     30   0.14     45      4  346.3  346.9  346.3
  245.0  11104  -41.2                          15      2  346.6         346.6
  224.0  11698  -46.3                         325      4  347.8         347.8
  205.0  12286  -51.3                         310      4  348.9         348.9
  200.0  12450  -52.7                         300      2  349.1         349.1
  195.0  12608  -54.1                         285      2  349.4         349.4
  187.0  12868  -56.4                         290      6  349.9         349.9
  178.0  13175  -59.2                         315      2  350.4         350.4
  169.0  13498  -62.1                          40      6  350.8         350.8
  154.0  14076  -67.2                          80      8  351.4         351.4
  150.0  14240  -68.7                          80     10  351.6         351.6
  132.0  14989  -75.7                          40      8  352.2         352.2
  130.0  15079  -76.5                          33     11  352.2         352.2
  125.0  15299  -77.9                          15     19  353.7         353.7
  113.0  15867  -81.6                          40     29  357.2         357.2
  103.0  16388  -84.9                          57     58  360.4         360.4
  101.0  16495  -85.2                          60     64  361.9         361.9
  100.0  16550  -85.3                          60     62  362.7         362.7
   92.8  16959  -86.3                          65     45  368.5         368.5
   88.8  17202  -81.9                          73     34  382.0         382.0
   81.5  17685  -79.1                          89     14  397.2         397.2
   81.0  17720  -78.4                          90     12  399.4         399.4
   78.1  17930  -74.1                         338      9  412.4         412.4
   77.0  18013  -73.8                         295      8  414.8         414.8
   70.0  18570  -71.7                         290     21  430.7         430.7
   63.0  19196  -70.4                         295     17  446.8         446.8
   60.0  19486  -69.7                         260     19  454.4         454.4
   58.0  19687  -69.3                         266     17  459.9         459.9
   54.0  20117  -68.0                         280     14  472.2         472.2
   51.0  20461  -67.0                         245     10  482.3         482.3
   50.0  20580  -66.7                         255      8  485.9         485.9
   49.0  20704  -66.3                         260      6  489.6         489.6
   47.0  20959  -65.5                         330     14  497.4         497.4
   42.0  21649  -63.3                         305     27  519.1         519.1
   38.3  22215  -61.5                         264     25  537.5         537.5
   38.0  22264  -61.5                         260     25  538.7         538.7
   32.0  23330  -61.8                         265     27  565.1         565.1
   30.0  23730  -61.9                         245     19  575.3         575.3
   29.0  23942  -60.7                         200     21  584.3         584.3
   26.9  24411  -57.9                         197     24  604.8         604.8
   26.0  24628  -57.4                         195     25  612.2         612.2
   24.0  25138  -56.1                         220     19  629.9         629.9
   23.0  25409  -55.5                         210     17  639.6         639.6
   21.0  25989  -54.1                         170     16  660.7         660.7
   20.0  26300  -53.3                         105      8  672.3         672.3
   19.6  26430  -53.1                          50     12  676.8         676.8
   19.0  26632  -50.9                         325     19  689.6         689.6
   18.1  26948  -47.5                         308     23  710.0         710.0
   17.0  27357  -49.1                         285     29  717.7         717.7
   16.0  27753  -50.6                         270     33  725.2         725.2
   15.0  28174  -52.3                         260     29  733.2         733.2
   14.0  28621  -51.7                         260     21  749.8         749.8
   13.0  29101  -51.0                         110     16  768.1         768.1
   12.5  29355  -50.7                          93     16  778.0         778.0
   12.0  29625  -49.3                          75     16  792.0         792.0
   11.0  30200  -46.4                         350     14  822.7         822.7
   10.0  30830  -43.1                          45     17  857.5         857.5
    9.6  31106  -41.9                                     872.1         872.1
</PRE><H3>Station information and sounding indices</H3><PRE>
                         Station identifier: WIII
                             Station number: 96749
                           Observation time: 131111/0000
                           Station latitude: -6.11
                          Station longitude: 106.65
                          Station elevation: 8.0
                            Showalter index: 1.01
                               Lifted index: -0.82
    LIFT computed using virtual temperature: -1.15
                                SWEAT index: 210.01
                                    K index: 26.60
                         Cross totals index: 19.40
                      Vertical totals index: 23.10
                        Totals totals index: 42.50
      Convective Available Potential Energy: 174.57
             CAPE using virtual temperature: 255.09
                      Convective Inhibition: -94.62
             CINS using virtual temperature: -61.76
                           Equilibrum Level: 337.51
 Equilibrum Level using virtual temperature: 335.43
                   Level of Free Convection: 673.57
             LFCT using virtual temperature: 786.86
                     Bulk Richardson Number: 9.44
          Bulk Richardson Number using CAPV: 13.80
  Temp [K] of the Lifted Condensation Level: 292.16
Pres [hPa] of the Lifted Condensation Level: 900.68
   Equivalent potential temp [K] of the LCL: 347.12
     Mean mixed layer potential temperature: 301.04
              Mean mixed layer mixing ratio: 15.65
              1000 hPa to 500 hPa thickness: 5783.00
Precipitable water [mm] for entire sounding: 52.43
</PRE>
<P>Description of the 
<A HREF="/upperair/columns.html">data columns</A>
or <A HREF="/upperair/indices.html">sounding indices</A>.

<P>
<FORM>
<INPUT CLASS="button" TYPE="button" VALUE=" Close this window " 
 onClick="window.close();">
<INPUT CLASS="button" TYPE="button" VALUE=" Select another map " 
 onClick="window.blur();">
</FORM>
<HR SIZE="1">
<I>Interested in graduate studies in atmospheric science?
Check out our program at the
<a href="http://www.uwyo.edu/atsc/howtoapply/"
target=_top>University of Wyoming
</a></I>
<HR SIZE="1"><FONT SIZE="-1">
Questions about the weather data provided by this site can be
addressed to <A HREF="mailto:ldoolman@uwyo.edu">
Larry Oolman (ldoolman@uwyo.edu)</A></FONT>
<HR SIZE="1">
<SCRIPT TYPE="text/javascript">
<!--
window.focus();
// -->
</SCRIPT>
</BODY>
</HTML>
