2015-05-11 12
<HTML>
<TITLE>University of Wyoming - Radiosonde Data</TITLE>
<BODY BGCOLOR="white">
<H2>96749 WIII Jakarta Observations at 00Z 11 May 2015</H2>
<PRE>
-----------------------------------------------------------------------------
   PRES   HGHT   TEMP   DWPT   RELH   MIXR   DRCT   SKNT   THTA   THTE   THTV
    hPa     m      C      C      %    g/kg    deg   knot     K      K      K 
-----------------------------------------------------------------------------
 1009.0      8   24.4   23.0     92  17.89      0      0  296.8  348.6  300.0
 1008.0     17   26.2   23.5     85  18.47     12      1  298.7  352.7  302.0
 1000.0     91   26.4   22.9     81  17.94    105      6  299.6  352.2  302.8
  977.0    297   25.2   22.1     83  17.51    105     17  300.3  351.9  303.5
  947.0    572   23.6   21.1     86  16.95     94     20  301.4  351.5  304.5
  925.0    778   22.2   19.0     82  15.19     85     23  302.0  347.0  304.8
  912.0    901   21.5   18.0     80  14.48     80     25  302.5  345.6  305.2
  851.0   1500   18.3   13.3     73  11.39     95     17  305.1  339.5  307.2
  850.0   1510   18.2   13.2     73  11.34     90     17  305.2  339.4  307.3
  822.0   1797   17.6   11.6     68  10.54     75     10  307.5  339.7  309.4
  793.0   2100   15.8   10.0     69   9.84    105      4  308.8  339.0  310.6
  766.0   2393   14.1    8.5     69   9.19    100      6  310.0  338.4  311.7
  739.0   2695   12.3    7.0     70   8.55     75      4  311.2  337.9  312.8
  700.0   3153    9.6    4.6     71   7.65     85      6  313.1  337.2  314.5
  688.0   3296    8.6    4.2     74   7.58     95      6  313.6  337.5  315.0
  663.0   3602    6.6    3.4     80   7.42    124      7  314.6  338.2  316.0
  653.0   3727    7.8   -7.2     34   3.43    136      7  317.3  328.7  318.0
  617.0   4190    5.1   -8.7     36   3.23    180      8  319.5  330.3  320.1
  594.0   4500    3.4   -9.7     38   3.10    215      2  320.9  331.4  321.5
  592.0   4528    3.2   -9.8     38   3.08    210      2  321.0  331.5  321.6
  578.0   4722    3.8  -14.2     26   2.22    172      3  323.9  331.6  324.3
  552.0   5093    1.1  -17.6     23   1.74    100      4  325.0  331.2  325.3
  542.0   5240    0.0  -19.0     22   1.58     80      5  325.4  331.0  325.7
  532.0   5388   -1.0  -20.9     20   1.37     60      6  325.9  330.9  326.2
  531.0   5403   -1.1  -21.1     20   1.35     59      6  326.0  330.9  326.2
  520.0   5570   -2.3  -13.3     43   2.65     53      6  326.5  335.7  327.0
  500.0   5880   -4.1  -19.1     30   1.70     40      6  328.0  334.1  328.3
  495.0   5959   -4.3  -22.3     23   1.30     33      6  328.7  333.4  328.9
  493.0   5991   -4.5  -22.7     23   1.26     30      6  328.8  333.4  329.1
  456.0   6599   -8.4  -29.5     16   0.73     20     10  331.4  334.2  331.5
  435.0   6966  -10.7  -33.7     13   0.51     38     10  332.9  334.9  333.0
  418.0   7273  -10.9  -37.9      9   0.35     53     10  336.5  337.9  336.6
  400.0   7610  -13.7  -36.7     12   0.41     70     10  337.1  338.8  337.2
  375.0   8083  -17.4  -38.4     14   0.37     95     10  338.5  340.0  338.6
  346.0   8674  -22.0  -40.4     17   0.33    175      8  340.2  341.5  340.2
  319.0   9270  -26.6  -42.5     21   0.28    240      4  341.7  342.9  341.8
  306.0   9575  -29.0  -43.6     23   0.26    290      2  342.5  343.6  342.5
  300.0   9720  -30.1  -44.1     24   0.26    265      2  342.8  343.9  342.9
  293.0   9886  -31.4                         230      4  343.3         343.3
  250.0  11000  -40.1                         195     12  346.3         346.3
  236.0  11382  -43.1                         185     12  347.5         347.5
  216.0  11970  -47.8                         125      4  349.1         349.1
  206.0  12284  -50.3                         125      6  349.9         349.9
  200.0  12480  -51.9                          80      4  350.4         350.4
  197.0  12575  -52.7                          55      4  350.7         350.7
  188.0  12867  -55.0                         330      4  351.7         351.7
  179.0  13174  -57.5                         290      6  352.6         352.6
  155.0  14075  -64.7                         300     14  355.2         355.2
  150.0  14280  -66.3                         315     16  355.7         355.7
  140.0  14694  -68.5                         335     14  358.8         358.8
  133.0  15002  -70.2                          20      6  361.2         361.2
  131.0  15093  -70.7                          43      7  361.9         361.9
  127.0  15272  -72.0                          90     10  362.7         362.7
  114.0  15895  -76.6                          70     19  365.6         365.6
  103.0  16481  -80.9                         105     17  368.1         368.1
  101.0  16594  -81.7                         105     18  368.6         368.6
  100.0  16650  -82.3                         105     19  368.5         368.5
   97.0  16817  -83.5                         110     19  369.4         369.4
   85.2  17529  -88.5                          85     25  373.2         373.2
   83.0  17671  -86.6                         100     21  379.8         379.8
   81.0  17804  -84.9                         114     21  386.0         386.0
   78.0  18015  -83.3                         135     21  393.5         393.5
   74.0  18309  -81.1                          90     27  404.2         404.2
   70.0  18620  -78.7                          80     25  415.7         415.7
   67.0  18872  -76.1                          80     23  426.6         426.6
   63.0  19236  -68.8                          80     19  450.2         450.2
   61.8  19350  -66.5                          88     21  457.8         457.8
   60.0  19527  -67.2                         100     23  460.2         460.2
   57.0  19835  -68.3                          75     35  464.4         464.4
   50.7  20537  -70.9                          85     35  474.1         474.1
   50.0  20620  -70.7                          85     33  476.5         476.5
   44.1  21376  -65.7                          98     38  506.1         506.1
   41.0  21825  -64.8                         105     41  518.9         518.9
   35.0  22800  -62.9                          95     51  547.8         547.8
   30.0  23750  -61.1                         100     58  577.5         577.5
   29.0  23960  -61.0                         100     62  583.5         583.5
   28.8  24003  -60.9                         100     62  584.8         584.8
   28.7  24025  -60.9                         100     61  585.4         585.4
   26.0  24651  -54.8                          90     41  619.4         619.4
   25.0  24900  -52.4                          65     21  633.3         633.3
   24.4  25055  -50.9                          29     13  642.1         642.1
   24.0  25163  -50.5                           5      8  646.2         646.2
   23.0  25441  -49.5                          85     14  657.1         657.1
   22.0  25731  -48.5                          55     17  668.6         668.6
   21.3  25943  -47.7                           3     15  677.1         677.1
   21.0  26037  -47.1                         340     14  681.6         681.6
   20.0  26360  -45.1                         310     25  697.4         697.4
   18.6  26846  -44.7                         272     28  713.2         713.2
   18.0  27064  -46.0                         255     29  715.7         715.7
   17.1  27406  -48.1                         246     25  719.7         719.7
   17.0  27445  -48.0                         245     25  721.2         721.2
   16.0  27855  -46.8                         280     25  737.6         737.6
   14.0  28757  -44.3                         240     17  774.9         774.9
   11.0  30386  -39.7                         265     29  846.8         846.8
   10.0  31030  -37.9                         260     37  876.9         876.9
    9.3  31531  -36.3                                     901.4         901.4
</PRE><H3>Station information and sounding indices</H3><PRE>
                         Station identifier: WIII
                             Station number: 96749
                           Observation time: 150511/0000
                           Station latitude: -6.11
                          Station longitude: 106.65
                          Station elevation: 8.0
                            Showalter index: 3.04
                               Lifted index: -1.71
    LIFT computed using virtual temperature: -2.49
                                SWEAT index: 198.40
                                    K index: 30.50
                         Cross totals index: 17.30
                      Vertical totals index: 22.30
                        Totals totals index: 39.60
      Convective Available Potential Energy: 622.31
             CAPE using virtual temperature: 829.08
                      Convective Inhibition: -36.46
             CINS using virtual temperature: -14.57
                           Equilibrum Level: 191.49
 Equilibrum Level using virtual temperature: 191.42
                   Level of Free Convection: 779.30
             LFCT using virtual temperature: 883.19
                     Bulk Richardson Number: 259.16
          Bulk Richardson Number using CAPV: 345.27
  Temp [K] of the Lifted Condensation Level: 294.72
Pres [hPa] of the Lifted Condensation Level: 938.52
   Equivalent potential temp [K] of the LCL: 351.88
     Mean mixed layer potential temperature: 300.12
              Mean mixed layer mixing ratio: 17.62
              1000 hPa to 500 hPa thickness: 5789.00
Precipitable water [mm] for entire sounding: 47.68
</PRE>
<P>Description of the 
<A HREF="/upperair/columns.html">data columns</A>
or <A HREF="/upperair/indices.html">sounding indices</A>.

<P>
<FORM>
<INPUT CLASS="button" TYPE="button" VALUE=" Close this window " 
 onClick="window.close();">
<INPUT CLASS="button" TYPE="button" VALUE=" Select another map " 
 onClick="window.blur();">
</FORM>
<HR SIZE="1">
<I>Interested in graduate studies in atmospheric science?
Check out our program at the
<a href="http://www.uwyo.edu/atsc/howtoapply/"
target=_top>University of Wyoming
</a></I>
<HR SIZE="1"><FONT SIZE="-1">
Questions about the weather data provided by this site can be
addressed to <A HREF="mailto:ldoolman@uwyo.edu">
Larry Oolman (ldoolman@uwyo.edu)</A></FONT>
<HR SIZE="1">
<SCRIPT TYPE="text/javascript">
<!--
window.focus();
// -->
</SCRIPT>
</BODY>
</HTML>
