2015-09-30 12
<HTML>
<TITLE>University of Wyoming - Radiosonde Data</TITLE>
<BODY BGCOLOR="white">
<H2>96749 WIII Jakarta Observations at 00Z 30 Sep 2015</H2>
<PRE>
-----------------------------------------------------------------------------
   PRES   HGHT   TEMP   DWPT   RELH   MIXR   DRCT   SKNT   THTA   THTE   THTV
    hPa     m      C      C      %    g/kg    deg   knot     K      K      K 
-----------------------------------------------------------------------------
 1011.0      8   24.6   21.3     82  16.05      0      0  296.8  343.4  299.7
 1010.0     17   26.6   20.6     70  15.37      9      0  298.9  343.9  301.6
 1000.0    106   26.0   20.0     70  14.95     95      4  299.1  343.0  301.8
  978.0    301   24.7   19.4     73  14.75     95     14  299.7  343.1  302.4
  925.0    790   21.4   18.0     81  14.24     85     21  301.2  343.3  303.8
  913.0    903   21.0   17.0     78  13.53     90     23  301.9  342.0  304.3
  892.0   1105   20.2   15.2     73  12.32     85     22  303.1  339.9  305.3
  850.0   1520   17.6    9.6     59   8.90     75     19  304.6  331.5  306.2
  848.0   1540   17.6   10.6     64   9.55     76     19  304.8  333.7  306.5
  823.0   1796   16.3   11.9     75  10.72     85     16  306.0  338.5  308.0
  803.0   2006   15.2   12.9     86  11.78     64     12  307.0  342.8  309.2
  794.0   2101   14.9   11.3     79  10.70     55     10  307.7  340.3  309.6
  767.0   2395   13.9    6.4     60   7.90     65      8  309.7  334.2  311.1
  764.0   2428   13.8    5.8     58   7.62     70      8  309.9  333.6  311.3
  740.0   2695   11.7    3.3     56   6.60    110     10  310.4  331.1  311.7
  704.0   3112    8.4   -0.6     53   5.23    141     14  311.2  327.9  312.2
  700.0   3159    9.0   -7.0     32   3.25    145     14  312.4  323.0  313.0
  699.0   3171    9.4  -11.6     21   2.26    146     14  313.0  320.6  313.4
  688.0   3302    9.1  -11.9     21   2.24    155     16  314.0  321.6  314.5
  686.0   3326    9.0  -12.0     21   2.23    155     16  314.2  321.7  314.6
  663.0   3607    6.7  -12.1     25   2.29    150     14  314.8  322.5  315.2
  644.0   3846    4.8  -12.2     28   2.34    124     15  315.2  323.1  315.6
  616.0   4206    3.6  -19.6     16   1.32     85     16  317.9  322.5  318.1
  579.0   4708    2.0  -30.0      7   0.55     68     14  321.6  323.7  321.8
  551.0   5107    0.2  -37.2      4   0.29     55     12  324.1  325.2  324.1
  548.0   5151    0.0  -38.0      4   0.27     55     12  324.4  325.4  324.4
  500.0   5880   -3.3  -37.3      5   0.31     50     16  328.9  330.2  329.0
  485.0   6120   -4.7  -23.7     21   1.17     50     16  330.1  334.4  330.3
  474.0   6297   -6.2  -24.5     22   1.12     50     16  330.4  334.6  330.6
  438.0   6908  -11.4  -27.2     26   0.94     10     12  331.4  334.9  331.5
  427.0   7105  -13.1  -28.1     27   0.89     27     13  331.6  335.0  331.8
  408.0   7450  -14.7  -34.7     17   0.50     57     14  333.9  335.9  334.0
  406.0   7488  -14.9  -23.9     46   1.37     60     14  334.1  339.2  334.4
  400.0   7600  -15.3  -27.3     35   1.02     70     14  335.0  338.9  335.2
  394.0   7714  -15.7  -40.7     10   0.28     84     16  335.9  337.1  336.0
  389.0   7808  -16.4  -40.6     10   0.29     95     17  336.2  337.4  336.3
  359.0   8395  -21.0  -39.9     17   0.33    100     12  337.9  339.2  337.9
  345.0   8687  -23.3  -39.5     21   0.36    150     10  338.6  340.1  338.7
  300.0   9710  -31.3  -38.3     50   0.47    180     23  341.1  343.0  341.2
  286.0  10046  -34.5  -40.5     54   0.39    183     20  341.3  342.9  341.3
  279.0  10217  -35.9  -42.6     50   0.32    185     19  341.7  343.0  341.7
  268.0  10494  -38.2  -46.1     43   0.23    195     12  342.3  343.3  342.4
  259.0  10730  -40.1  -49.1     38   0.17    184     11  342.8  343.6  342.9
  256.0  10809  -40.8                         180     10  343.0         343.0
  250.0  10970  -42.1                         190      8  343.3         343.3
  245.0  11102  -43.3                         195      6  343.6         343.6
  234.0  11403  -45.9                         260      4  344.1         344.1
  214.0  11987  -51.0                         325     10  345.1         345.1
  200.0  12430  -54.9                         330     10  345.7         345.7
  186.0  12882  -58.1                         320      8  347.8         347.8
  169.0  13479  -62.3                         145      8  350.5         350.5
  153.0  14099  -66.6                          90     23  353.1         353.1
  152.0  14140  -66.9                          88     23  353.3         353.3
  150.0  14220  -67.3                          85     23  354.0         354.0
  118.0  15629  -77.4                          60     43  360.5         360.5
  116.0  15729  -78.1                          60     39  360.9         360.9
  107.0  16192  -77.2                          65     25  371.0         371.0
  102.0  16466  -76.7                          93     21  377.1         377.1
  100.0  16580  -77.7                         105     19  377.4         377.4
   96.0  16811  -78.7                         125     27  379.9         379.9
   93.5  16961  -79.3                         121     24  381.5         381.5
   86.0  17443  -76.8                         110     14  395.9         395.9
   82.0  17717  -75.3                          65     10  404.2         404.2
   78.0  18006  -73.8                          50     12  413.2         413.2
   74.0  18310  -72.2                         155     10  422.9         422.9
   70.0  18630  -70.5                         180      8  433.2         433.2
   68.8  18733  -69.3                         216      8  437.9         437.9
   67.0  18891  -69.5                         270      8  440.9         440.9
   55.0  20068  -70.7                         240     27  463.8         463.8
   52.8  20311  -70.9                         238     20  468.6         468.6
   50.0  20640  -64.3                         235     10  491.5         491.5
   47.1  21009  -60.7                         274     14  508.6         508.6
   47.0  21022  -60.7                         275     14  509.0         509.0
   45.0  21294  -60.3                         290     10  516.3         516.3
   41.0  21877  -59.5                         280     47  532.2         532.2
   35.8  22726  -58.3                         273     45  556.3         556.3
   31.0  23625  -61.2                         265     43  571.8         571.8
   30.0  23830  -61.9                         265     41  575.3         575.3
   22.4  25690  -50.1                         269     44  660.3         660.3
   21.0  26111  -50.4                         270     45  671.6         671.6
   20.0  26430  -50.7                         270     52  680.2         680.2
   18.3  27007  -51.2                         275     62  696.1         696.1
   18.0  27115  -51.3                         275     62  699.1         699.1
   17.4  27335  -51.5                                     705.3         705.3
</PRE><H3>Station information and sounding indices</H3><PRE>
                         Station identifier: WIII
                             Station number: 96749
                           Observation time: 150930/0000
                           Station latitude: -6.11
                          Station longitude: 106.65
                          Station elevation: 8.0
                            Showalter index: 7.31
                               Lifted index: 2.34
    LIFT computed using virtual temperature: 1.58
                                SWEAT index: 169.20
                                    K index: 14.50
                         Cross totals index: 12.90
                      Vertical totals index: 20.90
                        Totals totals index: 33.80
      Convective Available Potential Energy: 2.49
             CAPE using virtual temperature: 44.73
                      Convective Inhibition: -134.34
             CINS using virtual temperature: -98.18
                           Equilibrum Level: 627.79
 Equilibrum Level using virtual temperature: 417.77
                   Level of Free Convection: 712.25
             LFCT using virtual temperature: 732.77
                     Bulk Richardson Number: 2.36
          Bulk Richardson Number using CAPV: 42.38
  Temp [K] of the Lifted Condensation Level: 291.49
Pres [hPa] of the Lifted Condensation Level: 908.67
   Equivalent potential temp [K] of the LCL: 343.05
     Mean mixed layer potential temperature: 299.59
              Mean mixed layer mixing ratio: 14.84
              1000 hPa to 500 hPa thickness: 5774.00
Precipitable water [mm] for entire sounding: 38.79
</PRE>
<P>Description of the 
<A HREF="/upperair/columns.html">data columns</A>
or <A HREF="/upperair/indices.html">sounding indices</A>.

<P>
<FORM>
<INPUT CLASS="button" TYPE="button" VALUE=" Close this window " 
 onClick="window.close();">
<INPUT CLASS="button" TYPE="button" VALUE=" Select another map " 
 onClick="window.blur();">
</FORM>
<HR SIZE="1">
<I>Interested in graduate studies in atmospheric science?
Check out our program at the
<a href="http://www.uwyo.edu/atsc/howtoapply/"
target=_top>University of Wyoming
</a></I>
<HR SIZE="1"><FONT SIZE="-1">
Questions about the weather data provided by this site can be
addressed to <A HREF="mailto:ldoolman@uwyo.edu">
Larry Oolman (ldoolman@uwyo.edu)</A></FONT>
<HR SIZE="1">
<SCRIPT TYPE="text/javascript">
<!--
window.focus();
// -->
</SCRIPT>
</BODY>
</HTML>
