2014-08-09 12
<HTML>
<TITLE>University of Wyoming - Radiosonde Data</TITLE>
<BODY BGCOLOR="white">
<H2>96749 WIII Jakarta Observations at 00Z 09 Aug 2014</H2>
<PRE>
-----------------------------------------------------------------------------
   PRES   HGHT   TEMP   DWPT   RELH   MIXR   DRCT   SKNT   THTA   THTE   THTV
    hPa     m      C      C      %    g/kg    deg   knot     K      K      K 
-----------------------------------------------------------------------------
 1011.0      8   25.2   22.5     85  17.30    200      4  297.4  347.7  300.5
 1000.0    109   25.4   22.1     82  17.07    160      4  298.6  348.4  301.6
  979.0    295   24.6   20.4     77  15.66     85      6  299.6  345.6  302.4
  941.0    643   23.2   17.2     69  13.29     85     12  301.5  340.9  303.9
  925.0    793   22.2   17.2     73  13.53     85     14  302.0  342.2  304.4
  914.0    896   21.7   16.4     72  12.98     90     14  302.5  341.1  304.8
  850.0   1524   18.4   11.4     64  10.05     90     10  305.4  335.9  307.2
  794.0   2103   14.9    6.8     58   7.84     85     19  307.7  331.9  309.2
  758.0   2497   12.6    3.6     54   6.58     91     18  309.3  329.8  310.5
  739.0   2709   11.6   -1.2     41   4.77     95     17  310.5  325.7  311.4
  700.0   3162    9.6  -11.4     21   2.30     80     19  313.1  320.8  313.5
  688.0   3305    8.7  -11.8     22   2.27     75     19  313.7  321.3  314.1
  675.0   3462    7.8  -12.2     23   2.23     83     17  314.3  321.9  314.8
  663.0   3609    6.9  -13.1     23   2.11     90     16  314.9  322.1  315.3
  616.0   4209    3.2  -16.8     21   1.68     75     14  317.4  323.2  317.7
  603.0   4381    1.6   -6.4     55   3.95     69     10  317.5  330.5  318.2
  594.0   4502    1.1   -7.4     53   3.70     65      8  318.3  330.6  319.0
  572.0   4805    0.0  -10.0     47   3.14    250      2  320.4  331.0  321.0
  551.0   5103   -1.7  -11.7     46   2.85     40      6  321.9  331.6  322.4
  539.0   5279   -2.7  -12.7     46   2.69     43      6  322.7  331.9  323.2
  533.0   5367   -3.3   -9.3     63   3.57     44      6  323.0  335.1  323.7
  530.0   5412   -3.6   -9.7     63   3.48     45      6  323.2  335.0  323.9
  510.0   5714   -5.5  -12.2     59   2.96    270      4  324.4  334.6  325.0
  500.0   5870   -6.5  -13.5     58   2.71    255      6  325.1  334.4  325.6
  491.0   6011   -7.5  -14.1     59   2.63    245      8  325.5  334.6  326.0
  479.0   6204   -8.9  -14.9     62   2.52    240      8  326.1  334.9  326.6
  459.0   6533  -10.5  -17.5     56   2.12    232      8  328.1  335.6  328.5
  454.0   6617  -11.0  -24.0     34   1.22    230      8  328.5  333.0  328.8
  449.0   6702  -11.5  -30.5     19   0.68    237      7  328.9  331.5  329.1
  445.0   6771  -11.9  -28.9     23   0.79    243      6  329.2  332.2  329.4
  433.0   6980  -12.5  -30.5     21   0.70    260      4  331.1  333.8  331.2
  429.0   7051  -12.9  -32.9     17   0.56    266      4  331.4  333.6  331.6
  420.0   7212  -14.2  -23.4     46   1.39    280      2  331.8  337.0  332.1
  419.0   7230  -14.3  -22.3     51   1.54    270      2  331.9  337.5  332.2
  417.0   7266  -14.5  -26.5     35   1.06    249      2  332.1  336.0  332.3
  413.0   7339  -15.1  -22.1     55   1.59    206      2  332.2  338.0  332.5
  404.0   7505  -16.5  -26.9     40   1.05    110      2  332.5  336.5  332.8
  400.0   7580  -17.1  -29.1     35   0.87    110      2  332.7  336.0  332.9
  388.0   7809  -18.1  -30.9     32   0.75    115      4  334.2  337.1  334.4
  384.0   7886  -18.5  -31.5     31   0.72    133      5  334.7  337.5  334.9
  373.0   8103  -19.8  -32.0     33   0.71    185      6  335.8  338.5  335.9
  358.0   8408  -21.7  -32.7     36   0.69    175      7  337.2  339.9  337.4
  345.0   8680  -24.1  -35.1     36   0.56    166      8  337.6  339.8  337.7
  343.0   8723  -24.2  -32.7     45   0.72    165      8  338.0  340.8  338.1
  341.0   8765  -24.3  -30.3     58   0.91    157      7  338.4  341.9  338.6
  338.0   8830  -24.3  -37.3     29   0.46    146      7  339.3  341.1  339.4
  329.0   9025  -25.9  -39.8     26   0.37    110      4  339.7  341.2  339.8
  303.0   9618  -30.7  -47.4     18   0.18    105      4  341.0  341.8  341.0
  300.0   9690  -31.3  -48.3     17   0.16    100      4  341.1  341.8  341.2
  291.0   9901  -33.1  -53.9     11   0.09     90      6  341.6  342.0  341.6
  278.0  10218  -35.7  -62.3      5   0.03    105     12  342.2  342.4  342.2
  258.0  10736  -40.1  -76.1      1   0.00     66      9  343.2  343.2  343.2
  255.0  10816  -40.7                          60      8  343.5         343.5
  250.0  10950  -41.7                          60      8  343.9         343.9
  200.0  12420  -54.1                          25     25  346.9         346.9
  194.0  12608  -55.7                          20     23  347.4         347.4
  177.0  13176  -60.5                          45     19  348.8         348.8
  160.0  13801  -65.7                          90     17  350.1         350.1
  150.0  14200  -69.1                          90     25  350.9         350.9
  124.0  15317  -76.4                         105     37  357.2         357.2
  123.0  15365  -76.7                         103     38  357.5         357.5
  106.0  16209  -81.2                          60     47  364.4         364.4
  103.0  16373  -82.1                          60     52  365.8         365.8
  101.0  16483  -78.7                          60     53  374.4         374.4
  100.0  16540  -78.7                          60     54  375.4         375.4
   95.0  16833  -76.5                          65     43  385.2         385.2
   93.6  16918  -75.9                          59     39  388.1         388.1
   92.6  16981  -70.9                          55     36  399.2         399.2
   86.0  17415  -71.6                          25     14  406.3         406.3
   82.0  17695  -72.0                         330      6  410.9         410.9
   78.0  17989  -72.5                         215      4  415.9         415.9
   74.9  18227  -72.9                         146      2  419.9         419.9
   74.0  18299  -71.6                         125      2  424.1         424.1
   70.8  18562  -66.9                         260     10  439.5         439.5
   70.0  18630  -66.9                         295     12  440.9         440.9
   63.8  19192  -64.3                         283     26  458.5         458.5
   58.0  19770  -65.2                         270     41  469.1         469.1
   52.0  20432  -66.2                         245     31  481.5         481.5
   50.6  20598  -66.5                         228     21  484.7         484.7
   50.0  20670  -66.3                         220     17  486.8         486.8
   45.0  21315  -64.7                         170      8  505.5         505.5
   41.0  21885  -63.4                         135     19  522.6         522.6
   37.0  22513  -61.8                         100     39  542.1         542.1
   36.7  22563  -61.7                          99     40  543.6         543.6
   33.6  23108  -62.9                          93     47  554.4         554.4
   30.0  23810  -59.9                          85     56  580.8         580.8
   26.0  24723  -56.7                          75     54  614.0         614.0
   22.0  25788  -53.0                         105     47  655.0         655.0
   20.7  26176  -51.7                         102     47  670.5         670.5
   20.0  26400  -51.5                         100     47  677.8         677.8
   17.0  27460  -50.8                          95     51  712.3         712.3
   13.0  29209  -49.6                         100     62  773.1         773.1
   12.6  29413  -49.5                         100     62  780.5         780.5
   12.1  29677  -49.3                                     790.2         790.2
</PRE><H3>Station information and sounding indices</H3><PRE>
                         Station identifier: WIII
                             Station number: 96749
                           Observation time: 140809/0000
                           Station latitude: -6.11
                          Station longitude: 106.65
                          Station elevation: 8.0
                            Showalter index: 2.15
                               Lifted index: -1.92
    LIFT computed using virtual temperature: -2.37
                                SWEAT index: 162.81
                                    K index: 15.30
                         Cross totals index: 17.90
                      Vertical totals index: 24.90
                        Totals totals index: 42.80
      Convective Available Potential Energy: 320.94
             CAPE using virtual temperature: 478.03
                      Convective Inhibition: -114.11
             CINS using virtual temperature: -66.19
                           Equilibrum Level: 242.80
 Equilibrum Level using virtual temperature: 242.98
                   Level of Free Convection: 680.54
             LFCT using virtual temperature: 794.30
                     Bulk Richardson Number: 55.63
          Bulk Richardson Number using CAPV: 82.86
  Temp [K] of the Lifted Condensation Level: 292.87
Pres [hPa] of the Lifted Condensation Level: 926.66
   Equivalent potential temp [K] of the LCL: 345.81
     Mean mixed layer potential temperature: 299.33
              Mean mixed layer mixing ratio: 15.92
              1000 hPa to 500 hPa thickness: 5761.00
Precipitable water [mm] for entire sounding: 40.21
</PRE>
<P>Description of the 
<A HREF="/upperair/columns.html">data columns</A>
or <A HREF="/upperair/indices.html">sounding indices</A>.

<P>
<FORM>
<INPUT CLASS="button" TYPE="button" VALUE=" Close this window " 
 onClick="window.close();">
<INPUT CLASS="button" TYPE="button" VALUE=" Select another map " 
 onClick="window.blur();">
</FORM>
<HR SIZE="1">
<I>Interested in graduate studies in atmospheric science?
Check out our program at the
<a href="http://www.uwyo.edu/atsc/howtoapply/"
target=_top>University of Wyoming
</a></I>
<HR SIZE="1"><FONT SIZE="-1">
Questions about the weather data provided by this site can be
addressed to <A HREF="mailto:ldoolman@uwyo.edu">
Larry Oolman (ldoolman@uwyo.edu)</A></FONT>
<HR SIZE="1">
<SCRIPT TYPE="text/javascript">
<!--
window.focus();
// -->
</SCRIPT>
</BODY>
</HTML>
