2014-07-07 00
<HTML>
<TITLE>University of Wyoming - Radiosonde Data</TITLE>
<BODY BGCOLOR="white">
<H2>96749 WIII Jakarta Observations at 00Z 07 Jul 2014</H2>
<PRE>
-----------------------------------------------------------------------------
   PRES   HGHT   TEMP   DWPT   RELH   MIXR   DRCT   SKNT   THTA   THTE   THTV
    hPa     m      C      C      %    g/kg    deg   knot     K      K      K 
-----------------------------------------------------------------------------
 1010.0      8   24.4   22.5     89  17.32    180      3  296.7  346.9  299.8
 1000.0     93   24.8   21.9     84  16.85    170      6  297.9  347.1  300.9
  977.0    298   25.6   19.5     69  14.86    140     12  300.7  344.5  303.4
  970.0    361   25.8   18.8     65  14.29    134     12  301.6  343.9  304.1
  925.0    778   22.2   17.6     75  13.88     95     12  302.0  343.2  304.5
  912.0    901   21.5   17.1     76  13.59     80     12  302.5  343.0  305.0
  881.0   1200   19.9   15.7     77  12.89     85      6  303.9  342.4  306.2
  850.0   1511   18.2   14.3     78  12.20    125      6  305.2  341.9  307.4
  840.0   1613   17.6   12.9     74  11.25    139      6  305.6  339.6  307.7
  816.0   1860   16.6    5.6     48   7.04    172      5  307.1  328.8  308.4
  795.0   2082   14.6   11.2     80  10.62    202      4  307.2  339.6  309.2
  793.0   2103   14.5   11.0     80  10.53    205      4  307.3  339.4  309.3
  739.0   2694   11.3    6.4     72   8.25    170      2  310.2  335.8  311.7
  713.0   2995    9.8    4.1     68   7.25    225      2  311.6  334.4  313.0
  701.0   3137    9.0    3.0     66   6.82    170      4  312.3  333.8  313.6
  700.0   3149    9.2    2.2     62   6.45    165      4  312.6  333.1  313.9
  688.0   3292    9.2   -4.8     37   3.91    105      4  314.2  326.9  314.9
  679.0   3401    8.2   -1.8     49   4.96    110      5  314.3  330.3  315.2
  666.0   3561    8.4   -8.6     29   3.01    118      6  316.2  326.3  316.8
  639.0   3900    6.0   -8.3     35   3.21    135      8  317.2  327.9  317.9
  626.0   4068    4.8   -8.2     38   3.31    121      7  317.8  328.8  318.4
  620.0   4147    4.2   -0.4     72   6.03    114      6  317.9  337.5  319.1
  617.0   4186    4.8   -5.2     48   4.23    111      6  319.1  333.1  319.9
  616.0   4200    4.7   -4.5     51   4.48    110      6  319.1  333.9  320.0
  610.0   4279    4.2    0.0     74   6.31    118      5  319.4  340.0  320.6
  603.0   4373    4.2   -1.8     65   5.59    128      4  320.5  338.8  321.6
  594.0   4495    3.4   -2.4     66   5.44    140      2  320.9  338.8  321.9
  572.0   4800    1.2   -3.8     69   5.08    225      2  321.8  338.7  322.8
  560.0   4971    0.0   -4.6     71   4.88    205      3  322.4  338.6  323.3
  551.0   5099   -0.7   -5.7     69   4.57    190      4  323.0  338.3  323.9
  530.0   5408   -2.5   -8.3     64   3.88     95      4  324.5  337.7  325.3
  510.0   5713   -4.2  -10.9     59   3.28     35     10  326.0  337.3  326.7
  504.0   5807   -4.7  -11.7     58   3.11     41     12  326.5  337.3  327.1
  500.0   5870   -5.3  -12.3     58   2.99     45     14  326.5  336.9  327.1
  491.0   6011   -6.3  -13.5     57   2.77     50     17  326.9  336.6  327.5
  455.0   6603  -10.7  -18.5     53   1.97     45     27  328.7  335.7  329.1
  444.0   6793  -12.1  -20.1     51   1.76     51     30  329.2  335.5  329.6
  437.0   6914  -12.1  -16.5     70   2.42     55     32  330.7  339.3  331.2
  432.0   7003  -11.7  -28.7     23   0.83     58     34  332.3  335.5  332.5
  427.0   7092  -11.9  -48.9      3   0.11     61     36  333.2  333.6  333.2
  419.0   7237  -12.5  -28.5     25   0.88     66     38  334.2  337.5  334.4
  404.0   7514  -14.4  -30.4     24   0.76     75     43  335.2  338.2  335.4
  400.0   7590  -14.9  -30.9     24   0.73     75     43  335.5  338.4  335.7
  394.0   7704  -15.7  -31.7     24   0.69     75     43  335.9  338.6  336.1
  386.0   7859  -16.7  -32.7     24   0.64     75     43  336.6  339.1  336.7
  383.0   7917  -17.1  -61.1      1   0.03     75     43  336.8  336.9  336.8
  325.0   9132  -24.1  -45.1     13   0.21     75     41  343.4  344.3  343.4
  304.0   9614  -27.9  -48.1     13   0.16     75     41  344.6  345.3  344.6
  300.0   9710  -28.7  -48.7     13   0.15     75     39  344.8  345.5  344.9
  250.0  10990  -39.9  -55.9     16   0.08     75     23  346.6  347.0  346.6
  249.0  11017  -40.1  -56.1     16   0.08     75     23  346.7  347.1  346.7
  225.0  11689  -46.0                          80     27  347.8         347.8
  200.0  12470  -52.9                          70     37  348.8         348.8
  154.0  14087  -67.4                          55     27  351.1         351.1
  150.0  14250  -68.9                          55     27  351.2         351.2
  132.0  15004  -74.8                          55     39  353.7         353.7
  129.0  15139  -75.9                          55     47  354.1         354.1
  121.0  15509  -77.1                          55     68  358.4         358.4
  119.0  15606  -74.7                          55     74  364.6         364.6
  118.0  15655  -73.5                          56     72  367.7         367.7
  102.0  16496  -78.9                          80     39  372.9         372.9
  101.0  16553  -79.3                          80     37  373.2         373.2
  100.0  16610  -79.3                          80     33  374.3         374.3
   97.0  16784  -77.8                          80     23  380.4         380.4
   92.0  17087  -75.2                          70     17  391.4         391.4
   90.3  17194  -74.3                         102     15  395.3         395.3
   87.0  17411  -71.8                         165     12  404.6         404.6
   86.9  17418  -71.7                         166     12  404.9         404.9
   79.0  17974  -72.9                         275     14  413.6         413.6
   71.3  18573  -74.1                         251     19  423.3         423.3
   71.0  18597  -73.7                         250     19  424.6         424.6
   70.0  18680  -72.5                         250     19  428.9         428.9
   55.0  20113  -69.5                         280     17  466.4         466.4
   52.0  20447  -68.8                         265     16  475.6         475.6
   50.0  20680  -68.3                         280     16  482.1         482.1
   47.0  21061  -66.8                         255      8  494.4         494.4
   45.0  21328  -65.7                         290      6  503.2         503.2
   43.0  21608  -64.5                          85      4  512.6         512.6
   34.0  23053  -58.7                          95     43  563.5         563.5
   30.2  23798  -59.3                          90     51  581.3         581.3
   30.0  23840  -59.1                          90     51  582.9         582.9
   27.0  24509  -55.5                          95     49  610.9         610.9
   25.5  24872  -53.5                          93     48  626.6         626.6
   21.5  25966  -54.9                          87     44  653.7         653.7
   20.0  26430  -53.3                          85     43  672.3         672.3
   16.8  27561  -49.7                          86     48  718.2         718.2
   13.0  29241  -48.7                          88     55  776.2         776.2
   11.0  30355  -41.7                          89     59  839.6         839.6
   10.0  31000  -42.1                          90     62  861.3         861.3
    9.0  31710  -43.2                          90     56  883.5         883.5
    8.7  31939  -43.5                          93     45  890.8         890.8
    8.0  32507  -41.6                         100     17  920.0         920.0
    7.5  32944  -40.1                                     943.1         943.1
</PRE><H3>Station information and sounding indices</H3><PRE>
                         Station identifier: WIII
                             Station number: 96749
                           Observation time: 140707/0000
                           Station latitude: -6.11
                          Station longitude: 106.65
                          Station elevation: 8.0
                            Showalter index: 0.81
                               Lifted index: -0.43
    LIFT computed using virtual temperature: -0.81
                                SWEAT index: 197.61
                                    K index: 30.80
                         Cross totals index: 19.60
                      Vertical totals index: 23.50
                        Totals totals index: 43.10
      Convective Available Potential Energy: 49.48
             CAPE using virtual temperature: 101.25
                      Convective Inhibition: -110.52
             CINS using virtual temperature: -79.67
                           Equilibrum Level: 431.95
 Equilibrum Level using virtual temperature: 424.04
                   Level of Free Convection: 717.12
             LFCT using virtual temperature: 768.58
                     Bulk Richardson Number: 14.52
          Bulk Richardson Number using CAPV: 29.72
  Temp [K] of the Lifted Condensation Level: 292.15
Pres [hPa] of the Lifted Condensation Level: 913.09
   Equivalent potential temp [K] of the LCL: 345.04
     Mean mixed layer potential temperature: 299.86
              Mean mixed layer mixing ratio: 15.45
              1000 hPa to 500 hPa thickness: 5777.00
Precipitable water [mm] for entire sounding: 47.49
</PRE>
<P>Description of the 
<A HREF="/upperair/columns.html">data columns</A>
or <A HREF="/upperair/indices.html">sounding indices</A>.

<P>
<FORM>
<INPUT CLASS="button" TYPE="button" VALUE=" Close this window " 
 onClick="window.close();">
<INPUT CLASS="button" TYPE="button" VALUE=" Select another map " 
 onClick="window.blur();">
</FORM>
<HR SIZE="1">
<I>Interested in graduate studies in atmospheric science?
Check out our program at the
<a href="http://www.uwyo.edu/atsc/howtoapply/"
target=_top>University of Wyoming
</a></I>
<HR SIZE="1"><FONT SIZE="-1">
Questions about the weather data provided by this site can be
addressed to <A HREF="mailto:ldoolman@uwyo.edu">
Larry Oolman (ldoolman@uwyo.edu)</A></FONT>
<HR SIZE="1">
<SCRIPT TYPE="text/javascript">
<!--
window.focus();
// -->
</SCRIPT>
</BODY>
</HTML>
