2014-08-06 00
<HTML>
<TITLE>University of Wyoming - Radiosonde Data</TITLE>
<BODY BGCOLOR="white">
<H2>96749 WIII Jakarta Observations at 00Z 06 Aug 2014</H2>
<PRE>
-----------------------------------------------------------------------------
   PRES   HGHT   TEMP   DWPT   RELH   MIXR   DRCT   SKNT   THTA   THTE   THTV
    hPa     m      C      C      %    g/kg    deg   knot     K      K      K 
-----------------------------------------------------------------------------
 1011.0      8   25.8   23.7     88  18.65    130      5  298.0  352.4  301.3
 1000.0    102   26.2   22.7     81  17.72    125     10  299.4  351.3  302.5
  978.0    297   24.9   21.6     82  16.91    110     17  300.0  349.7  303.0
  925.0    787   21.8   18.8     83  15.00    100     25  301.6  346.0  304.3
  913.0    900   21.3   18.0     81  14.40    100     27  302.2  344.9  304.8
  850.0   1519   18.4   13.4     73  11.49     95     25  305.4  340.1  307.5
  795.0   2088   14.7   10.4     75  10.05     95     23  307.4  338.1  309.2
  776.0   2294   13.4    9.3     76   9.56     88     20  308.1  337.4  309.9
  754.0   2536   12.8    4.8     58   7.20     80     17  310.0  332.4  311.3
  714.0   2992   10.2    3.6     64   7.00     65     10  311.9  334.0  313.2
  700.0   3157    9.2    3.2     66   6.93     75      8  312.6  334.5  313.9
  688.0   3299    8.3    2.3     66   6.63     80      6  313.2  334.2  314.5
  651.0   3754    5.6   -0.4     65   5.74     67     13  315.1  333.6  316.2
  617.0   4190    3.0   -2.2     69   5.30     55     19  317.0  334.2  318.0
  610.0   4283    2.4   -2.6     70   5.21     63     17  317.4  334.3  318.4
  582.0   4660    0.0   -5.0     69   4.56     94     10  318.8  333.8  319.7
  573.0   4784   -0.7   -5.6     70   4.44    105      8  319.4  334.1  320.3
  551.0   5095   -2.6   -7.0     72   4.14     75      6  320.8  334.6  321.6
  538.0   5285   -3.7   -7.8     73   3.97     98      5  321.7  335.0  322.4
  531.0   5388   -4.0  -10.4     61   3.29    110      4  322.5  333.6  323.1
  520.0   5553   -4.5  -14.5     46   2.40    105      5  323.8  332.2  324.3
  511.0   5690   -5.5  -15.0     47   2.34    100      6  324.3  332.4  324.7
  500.0   5860   -6.7  -15.7     49   2.26    130      6  324.8  332.7  325.2
  491.0   6002   -7.4  -15.9     51   2.26    155      6  325.6  333.5  326.0
  483.0   6131   -8.1  -16.1     53   2.27    153      6  326.3  334.3  326.8
  481.0   6163   -8.1  -22.1     31   1.36    152      7  326.7  331.6  327.0
  476.0   6244   -8.5  -21.5     34   1.45    151      7  327.2  332.4  327.5
  471.0   6327   -9.1  -15.1     62   2.53    150      7  327.4  336.3  327.9
  455.0   6594  -11.1  -16.5     65   2.33    145      8  328.1  336.4  328.6
  446.0   6748  -12.3  -17.3     66   2.22    133      8  328.5  336.4  329.0
  444.0   6782  -11.5  -22.5     40   1.42    130      8  330.0  335.2  330.2
  437.0   6904  -12.1  -25.0     33   1.15    120      8  330.8  335.1  331.0
  421.0   7189  -13.3  -31.0     21   0.69    140      6  332.7  335.3  332.8
  400.0   7580  -15.1  -39.1     11   0.32     85      4  335.3  336.6  335.3
  389.0   7790  -16.7  -40.7     11   0.28     55      6  335.8  337.0  335.9
  384.0   7887  -17.5  -41.5     10   0.26     66      6  336.1  337.1  336.1
  359.0   8384  -21.1  -45.6      9   0.18    125      8  337.8  338.5  337.8
  333.0   8939  -25.1  -50.1      8   0.12    121     13  339.6  340.1  339.6
  330.0   9004  -25.7  -44.2     16   0.23    120     14  339.7  340.6  339.7
  327.0   9071  -26.3  -38.3     31   0.43    123     14  339.7  341.5  339.8
  324.0   9137  -25.9  -51.9      7   0.10    127     15  341.2  341.6  341.2
  317.0   9294  -27.1  -55.6      5   0.06    135     16  341.7  341.9  341.7
  300.0   9690  -30.1  -65.1      2   0.02    115     14  342.8  342.9  342.8
  279.0  10198  -34.2  -59.8      6   0.04    105     14  344.1  344.4  344.1
  267.0  10506  -36.6  -56.6     11   0.07    100     12  344.9  345.2  344.9
  263.0  10612  -37.5  -55.5     14   0.08    105     13  345.1  345.5  345.2
  250.0  10960  -39.9  -62.9      7   0.03    120     16  346.6  346.8  346.6
  245.0  11094  -41.1                         120     16  346.8         346.8
  205.0  12276  -51.8                          80     23  348.1         348.1
  200.0  12440  -53.3                          80     23  348.2         348.2
  161.0  13790  -63.5                          40     52  353.2         353.2
  150.0  14230  -66.9                          55     47  354.6         354.6
  132.0  14986  -73.2                          90     41  356.6         356.6
  129.0  15122  -74.3                          88     42  357.0         357.0
  113.0  15871  -79.9                          75     49  360.2         360.2
  102.0  16450  -84.3                          90     54  362.6         362.6
  101.0  16505  -83.7                          95     58  364.7         364.7
  100.0  16560  -83.1                          95     58  366.9         366.9
   93.5  16939  -77.9                          91     60  384.3         384.3
   91.4  17069  -77.7                          90     60  387.3         387.3
   86.7  17374  -77.0                          75     49  394.4         394.4
   84.0  17553  -76.7                          74     42  398.7         398.7
   76.2  18123  -69.5                          71     19  424.9         424.9
   74.1  18288  -69.1                          70     12  429.1         429.1
   70.4  18593  -68.4                         310      8  437.0         437.0
   70.0  18630  -68.3                         255     10  437.9         437.9
   67.0  18898  -67.8                         250     10  444.5         444.5
   57.6  19812  -66.2                         270     14  467.7         467.7
   50.0  20670  -64.7                         265      6  490.6         490.6
   49.5  20726  -64.8                         265     14  491.7         491.7
   48.1  20905  -65.1                         268      9  495.1         495.1
   47.1  21031  -65.0                         270      6  498.4         498.4
   44.8  21336  -64.6                          55      4  506.3         506.3
   42.6  21641  -64.3                          80     10  514.4         514.4
   36.7  22555  -63.3                          85     31  539.4         539.4
   31.6  23470  -62.4                         100     45  565.6         565.6
   30.4  23708  -62.1                          89     49  572.6         572.6
   30.0  23790  -61.7                          85     51  575.9         575.9
   24.8  24994  -58.4                          90     54  617.6         617.6
   20.0  26350  -54.7                          80     54  668.0         668.0
   17.2  27320  -51.3                          82     54  708.3         708.3
   14.0  28651  -49.7                          85     54  756.0         756.0
   10.0  30870  -47.1                                     842.6         842.6
</PRE><H3>Station information and sounding indices</H3><PRE>
                         Station identifier: WIII
                             Station number: 96749
                           Observation time: 140806/0000
                           Station latitude: -6.11
                          Station longitude: 106.65
                          Station elevation: 8.0
                            Showalter index: 0.15
                               Lifted index: -3.64
    LIFT computed using virtual temperature: -4.28
                                SWEAT index: 216.80
                                    K index: 32.50
                         Cross totals index: 20.10
                      Vertical totals index: 25.10
                        Totals totals index: 45.20
      Convective Available Potential Energy: 812.15
             CAPE using virtual temperature: 982.33
                      Convective Inhibition: -39.70
             CINS using virtual temperature: -21.00
                           Equilibrum Level: 189.48
 Equilibrum Level using virtual temperature: 188.89
                   Level of Free Convection: 815.41
             LFCT using virtual temperature: 843.71
                     Bulk Richardson Number: 206.70
          Bulk Richardson Number using CAPV: 250.01
  Temp [K] of the Lifted Condensation Level: 294.25
Pres [hPa] of the Lifted Condensation Level: 937.30
   Equivalent potential temp [K] of the LCL: 349.98
     Mean mixed layer potential temperature: 299.75
              Mean mixed layer mixing ratio: 17.14
              1000 hPa to 500 hPa thickness: 5758.00
Precipitable water [mm] for entire sounding: 49.99
</PRE>
<P>Description of the 
<A HREF="/upperair/columns.html">data columns</A>
or <A HREF="/upperair/indices.html">sounding indices</A>.

<P>
<FORM>
<INPUT CLASS="button" TYPE="button" VALUE=" Close this window " 
 onClick="window.close();">
<INPUT CLASS="button" TYPE="button" VALUE=" Select another map " 
 onClick="window.blur();">
</FORM>
<HR SIZE="1">
<I>Interested in graduate studies in atmospheric science?
Check out our program at the
<a href="http://www.uwyo.edu/atsc/howtoapply/"
target=_top>University of Wyoming
</a></I>
<HR SIZE="1"><FONT SIZE="-1">
Questions about the weather data provided by this site can be
addressed to <A HREF="mailto:ldoolman@uwyo.edu">
Larry Oolman (ldoolman@uwyo.edu)</A></FONT>
<HR SIZE="1">
<SCRIPT TYPE="text/javascript">
<!--
window.focus();
// -->
</SCRIPT>
</BODY>
</HTML>
