2013-10-02 12
<HTML>
<TITLE>University of Wyoming - Radiosonde Data</TITLE>
<BODY BGCOLOR="white">
<H2>96749 WIII Jakarta Observations at 00Z 02 Oct 2013</H2>
<PRE>
-----------------------------------------------------------------------------
   PRES   HGHT   TEMP   DWPT   RELH   MIXR   DRCT   SKNT   THTA   THTE   THTV
    hPa     m      C      C      %    g/kg    deg   knot     K      K      K 
-----------------------------------------------------------------------------
 1011.0      8   27.4   22.8     76  17.63    210      5  299.6  351.4  302.8
 1008.0     34   26.0   21.9     78  16.72    202      5  298.5  347.3  301.4
 1000.0    105   26.0   21.9     78  16.85    180      6  299.1  348.5  302.2
  978.0    300   24.8   21.2     80  16.52    110      8  299.9  348.4  302.8
  945.0    602   22.9   20.2     84  16.00     90     10  300.9  348.1  303.8
  925.0    790   21.8   19.5     87  15.68     90      8  301.6  348.0  304.4
  914.0    893   21.2   18.9     87  15.32     95      8  302.0  347.4  304.8
  883.0   1192   19.5   17.4     87  14.33     70      6  303.2  345.9  305.8
  852.0   1501   17.7   15.7     88  13.35     75      2  304.5  344.5  306.9
  850.0   1521   17.6   15.6     88  13.29     80      2  304.6  344.4  307.0
  833.0   1694   16.8   13.9     83  12.13    124      3  305.5  342.1  307.7
  823.0   1797   16.7   12.0     74  10.84    150      4  306.5  339.4  308.5
  805.0   1986   16.6    8.6     59   8.78    172      8  308.3  335.3  309.9
  794.0   2102   15.8    7.9     59   8.51    185     10  308.7  334.9  310.2
  740.0   2695   11.9    4.6     61   7.22    235     10  310.7  333.3  312.0
  714.0   2996    9.9    2.9     62   6.63    125     10  311.7  332.6  312.9
  710.0   3043    9.6    2.6     62   6.54    126     11  311.8  332.4  313.1
  700.0   3161    9.8    3.8     66   7.23    130     12  313.3  336.2  314.7
  679.0   3414    8.8    3.8     71   7.46    134     11  314.9  338.6  316.3
  617.0   4193    3.3   -2.3     67   5.27    145      6  317.4  334.5  318.4
  595.0   4489    1.3   -4.6     65   4.59    100      8  318.3  333.4  319.2
  582.0   4669    0.0   -6.0     64   4.22    100      9  318.8  332.8  319.6
  555.0   5048   -1.7  -24.7     15   0.94    100     12  321.2  324.6  321.4
  500.0   5870   -5.7  -28.7     14   0.72    100     17  326.0  328.7  326.2
  474.0   6288   -7.1  -31.7     12   0.57    110     16  329.3  331.5  329.4
  467.0   6404   -7.5  -32.5     12   0.54    108     15  330.2  332.3  330.3
  438.0   6900  -11.7  -31.7     17   0.62    100      8  331.0  333.4  331.1
  433.0   6988  -12.7  -20.7     51   1.71     91      9  330.8  337.0  331.2
  421.0   7202  -14.3  -20.6     58   1.77     70     12  331.5  337.9  331.8
  400.0   7590  -17.1  -20.5     75   1.88     80     17  332.7  339.5  333.1
  399.0   7609  -17.1  -20.6     74   1.87     80     17  332.9  339.7  333.3
  391.0   7760  -17.3  -30.3     31   0.79     84     19  334.6  337.6  334.8
  370.0   8171  -20.1  -35.1     25   0.53     94     24  336.2  338.3  336.3
  359.0   8392  -21.6  -37.4     23   0.43    100     27  337.1  338.8  337.2
  328.0   9053  -26.1  -44.1     17   0.23     87     34  339.7  340.7  339.8
  300.0   9690  -31.9  -39.9     45   0.40     75     41  340.3  341.9  340.4
  296.0   9785  -32.7  -39.7     50   0.41     75     40  340.5  342.1  340.6
  279.0  10195  -36.1  -43.1     48   0.31     75     35  341.4  342.7  341.5
  260.0  10684  -40.1  -47.1     47   0.21     69     29  342.4  343.4  342.5
  250.0  10950  -42.1                          65     25  343.3         343.3
  234.0  11386  -45.8                          65     27  344.2         344.2
  200.0  12420  -54.7                          55     41  346.0         346.0
  195.0  12577  -56.0                          55     39  346.5         346.5
  155.0  14003  -67.3                          68     64  350.7         350.7
  150.0  14200  -68.5                          70     68  351.9         351.9
  145.0  14401  -69.7                          75     70  353.2         353.2
  131.0  15002  -73.4                          85     60  357.0         357.0
  130.0  15048  -73.7                          86     57  357.3         357.3
  118.0  15614  -73.9                          95     21  367.0         367.0
  115.0  15764  -73.9                         111     20  369.6         369.6
  107.0  16181  -76.8                         155     17  371.9         371.9
  105.0  16291  -77.5                         150     16  372.5         372.5
  101.0  16513  -78.0                         140     14  375.8         375.8
  100.0  16570  -78.1                         150     14  376.6         376.6
   96.4  16779  -78.5                         170      8  379.8         379.8
   91.0  17107  -78.0                         210      2  387.1         387.1
   87.0  17363  -77.5                         195      8  393.0         393.0
   86.5  17396  -77.5                         189      9  393.7         393.7
   82.0  17699  -79.9                         135     16  394.9         394.9
   81.2  17754  -80.3                         131     16  395.2         395.2
   78.0  17983  -79.0                         115     14  402.4         402.4
   74.0  18283  -77.3                         150      8  412.1         412.1
   70.0  18600  -75.5                         140     14  422.5         422.5
   67.0  18860  -73.5                         100     10  432.2         432.2
   63.0  19226  -70.7                         110      6  446.1         446.1
   60.0  19517  -68.5                         275      4  457.3         457.3
   57.0  19822  -66.1                         215     17  469.4         469.4
   56.5  19874  -65.7                         215     17  471.5         471.5
   54.0  20150  -65.3                         215     17  478.5         478.5
   52.0  20381  -65.0                         245     10  484.4         484.4
   50.0  20620  -64.7                         280     12  490.6         490.6
   49.0  20745  -64.2                         295     14  494.5         494.5
   43.0  21554  -61.3                         285     23  520.6         520.6
   39.1  22142  -59.1                         279     29  540.4         540.4
   31.0  23612  -55.4                         265     45  587.4         587.4
   30.0  23820  -54.9                         265     45  594.4         594.4
   29.8  23863  -54.9                         265     45  595.5         595.5
   23.0  25505  -56.7                         260     25  635.9         635.9
   21.2  26021  -57.3                         287     18  649.1         649.1
   21.0  26081  -57.0                         290     17  651.8         651.8
   20.0  26390  -55.5                         275     19  665.5         665.5
   19.0  26720  -54.3                         255     17  679.1         679.1
   17.0  27435  -51.6                         300     25  709.5         709.5
   16.9  27473  -51.5                         299     25  711.2         711.2
   15.0  28255  -50.1                         275     29  740.5         740.5
   14.0  28708  -49.3                         255     19  757.9         757.9
   13.0  29194  -48.5                         290     37  777.1         777.1
   12.0  29719  -47.5                         260     19  798.4         798.4
   11.0  30290  -46.5                                     822.2         822.2
</PRE><H3>Station information and sounding indices</H3><PRE>
                         Station identifier: WIII
                             Station number: 96749
                           Observation time: 131002/0000
                           Station latitude: -6.11
                          Station longitude: 106.65
                          Station elevation: 8.0
                            Showalter index: -0.57
                               Lifted index: -2.03
    LIFT computed using virtual temperature: -2.87
                                SWEAT index: 208.20
                                    K index: 32.90
                         Cross totals index: 21.30
                      Vertical totals index: 23.30
                        Totals totals index: 44.60
      Convective Available Potential Energy: 717.53
             CAPE using virtual temperature: 873.09
                      Convective Inhibition: -61.38
             CINS using virtual temperature: -31.13
                           Equilibrum Level: 180.97
 Equilibrum Level using virtual temperature: 179.79
                   Level of Free Convection: 747.93
             LFCT using virtual temperature: 838.77
                     Bulk Richardson Number: 6704.49
          Bulk Richardson Number using CAPV: 8157.96
  Temp [K] of the Lifted Condensation Level: 293.63
Pres [hPa] of the Lifted Condensation Level: 931.32
   Equivalent potential temp [K] of the LCL: 348.27
     Mean mixed layer potential temperature: 299.67
              Mean mixed layer mixing ratio: 16.58
              1000 hPa to 500 hPa thickness: 5765.00
Precipitable water [mm] for entire sounding: 48.85
</PRE>
<P>Description of the 
<A HREF="/upperair/columns.html">data columns</A>
or <A HREF="/upperair/indices.html">sounding indices</A>.

<P>
<FORM>
<INPUT CLASS="button" TYPE="button" VALUE=" Close this window " 
 onClick="window.close();">
<INPUT CLASS="button" TYPE="button" VALUE=" Select another map " 
 onClick="window.blur();">
</FORM>
<HR SIZE="1">
<I>Interested in graduate studies in atmospheric science?
Check out our program at the
<a href="http://www.uwyo.edu/atsc/howtoapply/"
target=_top>University of Wyoming
</a></I>
<HR SIZE="1"><FONT SIZE="-1">
Questions about the weather data provided by this site can be
addressed to <A HREF="mailto:ldoolman@uwyo.edu">
Larry Oolman (ldoolman@uwyo.edu)</A></FONT>
<HR SIZE="1">
<SCRIPT TYPE="text/javascript">
<!--
window.focus();
// -->
</SCRIPT>
</BODY>
</HTML>
