2014-07-06 00
<HTML>
<TITLE>University of Wyoming - Radiosonde Data</TITLE>
<BODY BGCOLOR="white">
<H2>96749 WIII Jakarta Observations at 00Z 06 Jul 2014</H2>
<PRE>
-----------------------------------------------------------------------------
   PRES   HGHT   TEMP   DWPT   RELH   MIXR   DRCT   SKNT   THTA   THTE   THTV
    hPa     m      C      C      %    g/kg    deg   knot     K      K      K 
-----------------------------------------------------------------------------
 1009.0      8   24.6   23.7     95  18.69    220      4  297.0  351.2  300.3
 1000.0     90   24.8   23.6     93  18.74    220      6  297.9  352.6  301.3
  976.0    304   25.0   22.4     85  17.78    215     12  300.2  352.5  303.4
  975.0    313   25.0   22.3     85  17.74    213     12  300.3  352.5  303.5
  944.0    597   23.0   21.5     91  17.44    145      6  301.1  352.6  304.2
  925.0    775   21.8   21.0     95  17.25    120      8  301.6  352.6  304.7
  912.0    898   21.2   20.2     95  16.68    100     10  302.2  351.6  305.2
  851.0   1498   18.1   16.6     91  14.13     95     10  304.9  347.4  307.5
  850.0   1508   18.0   16.5     91  14.09     95     10  305.0  347.3  307.6
  822.0   1791   16.4   14.9     91  13.13    115      8  306.2  345.9  308.6
  793.0   2094   14.6   13.2     91  12.15    110      6  307.5  344.4  309.8
  766.0   2386   13.0   11.5     91  11.26     85      4  308.8  343.2  310.8
  713.0   2992    9.5    8.1     91   9.58    120      2  311.3  341.1  313.1
  700.0   3147    8.6    7.2     91   9.18    110      4  312.0  340.6  313.7
  687.0   3302    8.0    6.3     89   8.77    100      8  313.0  340.5  314.7
  682.0   3363    7.8    5.9     88   8.61    102      8  313.4  340.5  315.0
  662.0   3608    6.8    2.5     74   6.97    108      7  315.0  337.2  316.3
  649.0   3771    5.8    4.4     91   8.15    112      6  315.6  341.5  317.2
  639.0   3898    6.3   -8.1     35   3.27    115      6  317.6  328.5  318.3
  634.0   3963    6.6  -14.4     21   1.99    120      7  318.6  325.5  319.0
  616.0   4197    5.3  -18.1     17   1.51    140     12  319.8  325.1  320.1
  574.0   4771    2.0  -27.0     10   0.73    140      8  322.4  325.2  322.6
  560.0   4969    0.6   -3.7     73   5.23    140      7  323.1  340.4  324.1
  555.0   5041    0.0   -3.5     77   5.35    140      6  323.2  341.0  324.2
  552.0   5085   -0.3   -3.9     77   5.23    140      6  323.3  340.8  324.4
  531.0   5394   -2.4   -6.6     73   4.43    100     10  324.4  339.4  325.3
  530.0   5409   -2.5   -6.7     73   4.39    100     10  324.5  339.3  325.3
  525.0   5485   -2.1  -15.1     36   2.27     98     11  325.8  333.8  326.3
  500.0   5870   -5.1  -18.1     35   1.85     90     16  326.8  333.3  327.1
  496.0   5933   -5.7  -16.7     42   2.10     89     16  326.8  334.2  327.2
  487.0   6076   -6.5   -8.9     83   4.03     86     16  327.5  341.3  328.3
  476.0   6254   -8.1   -8.8     95   4.15     83     17  327.7  341.9  328.5
  463.0   6469   -6.1  -20.1     32   1.68     79     17  332.8  338.9  333.1
  422.0   7185  -12.5  -27.5     27   0.95     65     19  333.5  337.1  333.7
  400.0   7590  -15.7  -23.7     50   1.42     95     16  334.5  339.8  334.8
  390.0   7779  -16.9  -24.2     53   1.39    110     16  335.3  340.5  335.6
  374.0   8092  -18.9  -25.0     59   1.35    115     19  336.7  341.8  337.0
  356.0   8461  -21.3  -26.0     66   1.30    105     23  338.3  343.2  338.6
  305.0   9582  -30.1  -45.1     22   0.22     75     37  341.2  342.2  341.3
  300.0   9700  -31.1  -52.1     11   0.10     75     37  341.4  341.9  341.4
  281.0  10162  -34.7  -52.7     14   0.10     75     40  342.7  343.1  342.7
  266.0  10544  -37.9  -43.9     53   0.29     75     43  343.4  344.7  343.5
  257.0  10781  -39.4  -44.7     57   0.28     75     45  344.6  345.8  344.7
  253.0  10888  -40.1  -45.1     59   0.27     72     43  345.1  346.3  345.2
  250.0  10970  -40.9                          70     41  345.1         345.1
  205.0  12286  -51.8                          60     37  348.2         348.2
  200.0  12450  -53.1                          60     41  348.5         348.5
  150.0  14230  -69.1                          60     45  350.9         350.9
  139.0  14680  -72.3                          60     54  352.9         352.9
  132.0  14985  -74.5                          55     64  354.3         354.3
  127.0  15211  -73.1                          55     64  360.7         360.7
  125.0  15303  -73.6                          55     64  361.5         361.5
  113.0  15888  -76.8                          65     31  366.0         366.0
  108.0  16150  -78.3                          75     35  368.0         368.0
  102.0  16477  -78.5                          70     21  373.8         373.8
  100.0  16590  -78.5                          75     17  375.8         375.8
   92.0  17064  -78.0                          85     12  385.8         385.8
   89.8  17202  -77.9                         115     13  388.7         388.7
   87.0  17386  -75.5                         155     14  397.1         397.1
   83.0  17659  -71.9                         275      8  409.7         409.7
   82.3  17708  -71.3                         279     10  412.0         412.0
   78.0  18023  -71.5                         305     21  418.0         418.0
   70.0  18660  -71.9                         275     21  430.2         430.2
   61.0  19477  -70.8                         255     29  449.8         449.8
   58.3  19746  -70.5                         266     26  456.5         456.5
   55.0  20097  -69.0                         280     21  467.6         467.6
   50.0  20670  -66.5                         260     14  486.4         486.4
   47.0  21050  -65.3                         240      8  497.8         497.8
   45.0  21317  -64.5                         105      4  506.0         506.0
   43.0  21596  -63.7                          80     14  514.6         514.6
   35.8  22722  -60.3                          83     36  551.1         551.1
   31.0  23624  -58.2                          85     54  580.0         580.0
   30.0  23830  -57.7                          85     54  586.8         586.8
   22.0  25804  -54.6                         105     49  650.2         650.2
   20.0  26410  -53.7                          90     52  671.0         671.0
   18.0  27101  -52.1                          90     49  696.4         696.4
   12.0  29760  -46.2                          85     51  803.1         803.1
   11.1  30271  -45.0                         100     64  825.3         825.3
   11.0  30331  -44.9                         100     64  827.9         827.9
   10.7  30512  -44.5                                     836.0         836.0
</PRE><H3>Station information and sounding indices</H3><PRE>
                         Station identifier: WIII
                             Station number: 96749
                           Observation time: 140706/0000
                           Station latitude: -6.11
                          Station longitude: 106.65
                          Station elevation: 8.0
                            Showalter index: -1.06
                               Lifted index: -2.87
    LIFT computed using virtual temperature: -3.64
                                SWEAT index: 234.01
                                    K index: 38.20
                         Cross totals index: 21.60
                      Vertical totals index: 23.10
                        Totals totals index: 44.70
      Convective Available Potential Energy: 1186.75
             CAPE using virtual temperature: 1358.87
                      Convective Inhibition: -15.03
             CINS using virtual temperature: -12.57
                           Equilibrum Level: 142.36
 Equilibrum Level using virtual temperature: 142.28
                   Level of Free Convection: 866.84
             LFCT using virtual temperature: 882.66
                     Bulk Richardson Number: 79.26
          Bulk Richardson Number using CAPV: 90.75
  Temp [K] of the Lifted Condensation Level: 295.39
Pres [hPa] of the Lifted Condensation Level: 953.81
   Equivalent potential temp [K] of the LCL: 352.38
     Mean mixed layer potential temperature: 299.42
              Mean mixed layer mixing ratio: 18.08
              1000 hPa to 500 hPa thickness: 5780.00
Precipitable water [mm] for entire sounding: 56.49
</PRE>
<P>Description of the 
<A HREF="/upperair/columns.html">data columns</A>
or <A HREF="/upperair/indices.html">sounding indices</A>.

<P>
<FORM>
<INPUT CLASS="button" TYPE="button" VALUE=" Close this window " 
 onClick="window.close();">
<INPUT CLASS="button" TYPE="button" VALUE=" Select another map " 
 onClick="window.blur();">
</FORM>
<HR SIZE="1">
<I>Interested in graduate studies in atmospheric science?
Check out our program at the
<a href="http://www.uwyo.edu/atsc/howtoapply/"
target=_top>University of Wyoming
</a></I>
<HR SIZE="1"><FONT SIZE="-1">
Questions about the weather data provided by this site can be
addressed to <A HREF="mailto:ldoolman@uwyo.edu">
Larry Oolman (ldoolman@uwyo.edu)</A></FONT>
<HR SIZE="1">
<SCRIPT TYPE="text/javascript">
<!--
window.focus();
// -->
</SCRIPT>
</BODY>
</HTML>
