2015-06-03 12
<HTML>
<TITLE>University of Wyoming - Radiosonde Data</TITLE>
<BODY BGCOLOR="white">
<H2>96749 WIII Jakarta Observations at 00Z 03 Jun 2015</H2>
<PRE>
-----------------------------------------------------------------------------
   PRES   HGHT   TEMP   DWPT   RELH   MIXR   DRCT   SKNT   THTA   THTE   THTV
    hPa     m      C      C      %    g/kg    deg   knot     K      K      K 
-----------------------------------------------------------------------------
 1010.0      8   24.4   22.8     91  17.65    200      5  296.7  347.9  299.8
 1000.0     96   25.0   23.6     92  18.74    175      6  298.1  352.8  301.5
  998.0    114   26.0   24.4     91  19.73    170      6  299.3  357.2  302.8
  977.0    301   25.2   22.8     87  18.30    115      6  300.3  354.2  303.6
  945.0    594   23.8   20.4     81  16.22     80     10  301.8  349.9  304.8
  925.0    782   23.0   18.8     77  15.00     80     10  302.8  347.4  305.5
  913.0    895   22.4   18.3     78  14.74     80     10  303.3  347.2  306.0
  850.0   1516   18.8   15.7     82  13.37     80     10  305.8  346.2  308.3
  794.0   2094   16.0   10.8     71  10.36     80      8  308.8  340.6  310.8
  740.0   2692   13.1    5.8     61   7.86    125      8  312.0  336.6  313.4
  700.0   3164   10.8    1.8     54   6.27    115     10  314.4  334.4  315.6
  680.0   3405    9.4    0.4     53   5.83    109     10  315.5  334.2  316.6
  640.0   3903    6.4   -3.3     50   4.70     95     10  317.6  333.0  318.5
  627.0   4072    5.4   -4.6     49   4.36     86     10  318.3  332.6  319.1
  618.0   4189    4.7   -6.6     44   3.80     80     10  318.9  331.5  319.6
  587.0   4607    2.4  -13.6     30   2.29     90     10  320.9  328.7  321.3
  575.0   4773    1.2   -6.8     55   4.02     94     10  321.3  334.8  322.1
  573.0   4801    1.0   -7.8     52   3.72     95     10  321.5  334.0  322.2
  568.0   4871    0.6  -10.4     44   3.07     94     10  321.8  332.2  322.4
  564.0   4928    0.0   -9.0     51   3.45     94     10  321.7  333.4  322.4
  532.0   5391   -3.1  -10.0     59   3.37     90     10  323.4  334.9  324.1
  518.0   5603   -4.5  -10.5     63   3.34     99     11  324.2  335.6  324.9
  500.0   5880   -6.3  -12.3     62   2.99    110     12  325.3  335.6  325.9
  493.0   5990   -6.5  -18.5     38   1.81    115     14  326.4  332.8  326.7
  485.0   6119   -6.7  -25.7     20   0.98    115     14  327.6  331.3  327.8
  479.0   6216   -7.3  -16.3     49   2.25    115     15  328.1  336.0  328.5
  463.0   6481   -9.1  -20.1     41   1.68    115     16  329.0  335.1  329.4
  444.0   6804  -11.3  -25.3     30   1.11    115     17  330.2  334.3  330.4
  439.0   6891  -11.8  -24.1     35   1.25    115     17  330.6  335.2  330.9
  414.0   7339  -14.5  -18.0     75   2.25     79     12  332.8  340.9  333.2
  408.0   7450  -14.9  -21.9     55   1.63     70     11  333.6  339.6  334.0
  405.0   7506  -15.2  -22.2     55   1.60     65     10  334.0  339.9  334.3
  400.0   7600  -15.7  -22.7     55   1.55     65     10  334.5  340.2  334.8
  374.0   8093  -19.2  -27.1     50   1.12     55      6  336.4  340.6  336.6
  359.0   8393  -21.3  -29.8     46   0.91     75      8  337.5  341.0  337.7
  331.0   8989  -25.4  -35.1     40   0.59     40      6  339.7  342.1  339.9
  300.0   9710  -30.5  -41.5     33   0.34     40     10  342.3  343.7  342.3
  299.0   9734  -30.7  -41.7     33   0.33     40     10  342.3  343.7  342.4
  280.0  10194  -34.9  -43.9     39   0.28     45      8  342.8  343.9  342.8
  275.0  10318  -35.9  -39.4     70   0.46     35      6  343.1  344.9  343.2
  268.0  10496  -37.4  -45.2     44   0.25     20      2  343.4  344.5  343.5
  263.0  10625  -38.5  -49.5     30   0.16     24      4  343.7  344.4  343.7
  255.0  10836  -40.1  -44.0     66   0.30     31      6  344.4  345.6  344.4
  250.0  10970  -41.3                          35      8  344.5         344.5
  214.0  12001  -50.1                          60      6  346.5         346.5
  200.0  12450  -53.9                         350      2  347.2         347.2
  195.0  12607  -55.1                         330      4  347.8         347.8
  177.0  13206  -59.8                         270      4  350.0         350.0
  169.0  13492  -62.0                         290      8  350.9         350.9
  153.0  14107  -66.8                         285     17  352.9         352.9
  150.0  14230  -67.7                         280     19  353.3         353.3
  132.0  14981  -72.9                         240     33  357.1         357.1
  125.0  15301  -75.2                         235     33  358.7         358.7
  118.0  15639  -77.5                         244     30  360.3         360.3
  102.0  16468  -80.3                         265     21  370.2         370.2
  101.0  16524  -80.2                         265     21  371.5         371.5
  100.0  16580  -80.1                         260     21  372.7         372.7
   91.0  17113  -79.9                         225     21  383.2         383.2
   86.0  17432  -79.8                         195     17  389.7         389.7
   79.2  17897  -79.7                          90     14  399.2         399.2
   78.0  17982  -80.0                          70     14  400.3         400.3
   74.0  18278  -81.1                          75     19  404.1         404.1
   70.6  18542  -82.1                          96     19  407.4         407.4
   70.0  18590  -81.7                         100     19  409.3         409.3
   66.0  18923  -78.5                         100     23  423.1         423.1
   65.7  18948  -78.3                          97     24  424.2         424.2
   64.4  19064  -73.7                          84     28  436.7         436.7
   63.0  19194  -73.2                          70     33  440.4         440.4
   60.0  19482  -72.2                          90     35  448.8         448.8
   54.0  20105  -70.1                          85     37  467.5         467.5
   50.0  20560  -68.5                          95     45  481.6         481.6
   49.3  20644  -68.3                          95     45  484.1         484.1
   49.0  20681  -67.2                          95     45  487.4         487.4
   47.8  20832  -62.9                          92     45  501.2         501.2
   44.0  21354  -61.0                          80     47  518.0         518.0
   35.0  22797  -55.6                          80     47  567.0         567.0
   32.0  23362  -53.5                          55     10  587.4         587.4
   30.2  23727  -52.1                          86      5  600.9         600.9
   30.0  23770  -52.1                          90      4  602.0         602.0
   29.0  23990  -52.1                         180     14  608.0         608.0
   26.0  24698  -52.0                         105     16  627.5         627.5
   24.8  25004  -51.9                         179     11  636.2         636.2
   24.0  25218  -50.0                         230      8  647.8         647.8
   23.1  25469  -47.7                         261     20  661.6         661.6
   23.0  25497  -47.7                         265     21  662.4         662.4
   20.0  26420  -48.1                         265     41  688.2         688.2
   18.0  27116  -47.4                         265     39  711.4         711.4
   17.7  27227  -47.3                         266     39  715.1         715.1
   16.3  27768  -50.1                         270     38  723.1         723.1
   15.0  28314  -48.6                         275     37  745.6         745.6
   14.0  28768  -47.3                         272     42  764.7         764.7
   12.0  29795  -45.0                         265     52  807.5         807.5
   11.2  30255  -43.9                         265     55  827.3         827.3
   10.2  30879  -46.7                         265     59  839.4         839.4
   10.0  31010  -46.3                         265     60  845.6         845.6
    8.1  32427  -40.8                         245     64  919.8         919.8
    8.0  32511  -40.5                                     924.3         924.3
</PRE><H3>Station information and sounding indices</H3><PRE>
                         Station identifier: WIII
                             Station number: 96749
                           Observation time: 150603/0000
                           Station latitude: -6.11
                          Station longitude: 106.65
                          Station elevation: 8.0
                            Showalter index: -1.83
                               Lifted index: -4.40
    LIFT computed using virtual temperature: -5.02
                                SWEAT index: 220.41
                                    K index: 31.80
                         Cross totals index: 22.00
                      Vertical totals index: 25.10
                        Totals totals index: 47.10
      Convective Available Potential Energy: 1428.95
             CAPE using virtual temperature: 1624.61
                      Convective Inhibition: -43.53
             CINS using virtual temperature: -25.35
                           Equilibrum Level: 150.61
 Equilibrum Level using virtual temperature: 150.62
                   Level of Free Convection: 791.30
             LFCT using virtual temperature: 853.49
                     Bulk Richardson Number: 383.21
          Bulk Richardson Number using CAPV: 435.68
  Temp [K] of the Lifted Condensation Level: 295.50
Pres [hPa] of the Lifted Condensation Level: 951.32
   Equivalent potential temp [K] of the LCL: 353.34
     Mean mixed layer potential temperature: 299.77
              Mean mixed layer mixing ratio: 18.28
              1000 hPa to 500 hPa thickness: 5784.00
Precipitable water [mm] for entire sounding: 51.66
</PRE>
<P>Description of the 
<A HREF="/upperair/columns.html">data columns</A>
or <A HREF="/upperair/indices.html">sounding indices</A>.

<P>
<FORM>
<INPUT CLASS="button" TYPE="button" VALUE=" Close this window " 
 onClick="window.close();">
<INPUT CLASS="button" TYPE="button" VALUE=" Select another map " 
 onClick="window.blur();">
</FORM>
<HR SIZE="1">
<I>Interested in graduate studies in atmospheric science?
Check out our program at the
<a href="http://www.uwyo.edu/atsc/howtoapply/"
target=_top>University of Wyoming
</a></I>
<HR SIZE="1"><FONT SIZE="-1">
Questions about the weather data provided by this site can be
addressed to <A HREF="mailto:ldoolman@uwyo.edu">
Larry Oolman (ldoolman@uwyo.edu)</A></FONT>
<HR SIZE="1">
<SCRIPT TYPE="text/javascript">
<!--
window.focus();
// -->
</SCRIPT>
</BODY>
</HTML>
