2015-05-24 00
<HTML>
<TITLE>University of Wyoming - Radiosonde Data</TITLE>
<BODY BGCOLOR="white">
<H2>96749 WIII Jakarta Observations at 00Z 24 May 2015</H2>
<PRE>
-----------------------------------------------------------------------------
   PRES   HGHT   TEMP   DWPT   RELH   MIXR   DRCT   SKNT   THTA   THTE   THTV
    hPa     m      C      C      %    g/kg    deg   knot     K      K      K 
-----------------------------------------------------------------------------
 1011.0      8   23.6   22.8     95  17.63      0      0  295.8  346.7  298.9
 1000.0    102   25.4   21.7     80  16.64    100      4  298.6  347.2  301.5
  978.0    297   24.5   20.4     78  15.73    100     14  299.5  345.7  302.4
  945.0    598   23.1   18.5     75  14.40     85     14  301.1  343.6  303.6
  925.0    786   22.2   17.3     74  13.62     85     14  302.0  342.4  304.5
  913.0    899   21.5   16.1     71  12.78     90     14  302.4  340.5  304.8
  882.0   1199   19.8   13.0     65  10.79     75     12  303.6  336.0  305.6
  876.0   1258   19.4   12.4     64  10.43     65     11  303.8  335.2  305.7
  852.0   1497   17.7   12.9     73  11.06     25      8  304.5  337.8  306.5
  850.0   1517   17.6   12.9     74  11.12     25      8  304.6  338.0  306.6
  823.0   1793   16.2   10.6     69   9.82    355      8  305.9  335.7  307.7
  812.0   1908   15.6    9.6     67   9.32    334      7  306.4  334.9  308.2
  794.0   2098   14.9    4.7     51   6.81    300      4  307.6  328.7  308.9
  769.0   2369   13.8   -2.2     33   4.25    282      6  309.3  322.9  310.1
  766.0   2402   13.7   -5.8     25   3.25    280      6  309.6  320.1  310.2
  763.0   2435   13.6   -9.4     19   2.47    272      6  309.8  317.9  310.2
  757.0   2501   13.2    3.2     51   6.40    256      6  310.1  330.1  311.3
  747.0   2613   14.0  -20.0      8   1.05    230      6  312.1  315.8  312.3
  714.0   2993   12.8  -15.0     13   1.68    140      6  314.8  320.5  315.1
  700.0   3159   12.2  -12.8     16   2.05    140      8  316.0  322.9  316.4
  698.0   3183   12.0  -11.0     19   2.38    140      8  316.0  324.0  316.4
  641.0   3885    7.6  -14.8     19   1.91    145      4  318.8  325.4  319.2
  618.0   4186    5.8  -16.4     19   1.73      0      0  320.0  326.1  320.4
  604.0   4375    4.6  -17.4     19   1.62    300      4  320.8  326.5  321.1
  601.0   4415    4.2   -8.8     38   3.29    286      4  320.8  331.9  321.4
  595.0   4496    3.6   -8.8     40   3.31    260      6  321.0  332.2  321.6
  574.0   4786    1.3   -8.9     46   3.41    320      6  321.6  333.2  322.3
  562.0   4956    0.0   -9.0     51   3.46    327      7  322.0  333.7  322.7
  532.0   5391   -4.2  -10.6     61   3.22    345      8  322.1  333.0  322.8
  527.0   5466   -4.9  -10.9     63   3.18      6      8  322.1  332.9  322.7
  518.0   5602   -3.7  -21.7     23   1.31     44      7  325.2  329.9  325.4
  512.0   5693   -3.9  -25.2     17   0.97     70      6  326.0  329.6  326.2
  500.0   5880   -4.3  -32.3      9   0.51     85      8  327.7  329.7  327.8
  475.0   6282   -6.2  -32.5     10   0.53     90     12  330.2  332.2  330.3
  457.0   6584   -7.7  -32.7     11   0.54    130     16  332.1  334.1  332.2
  442.0   6845   -8.9  -32.9     12   0.55    147     17  333.7  335.8  333.8
  439.0   6897   -9.4  -33.2     12   0.53    150     17  333.7  335.8  333.9
  407.0   7477  -14.5  -36.9     13   0.40    140     14  334.4  336.0  334.4
  400.0   7610  -15.7  -37.7     13   0.37    145     14  334.5  336.0  334.6
  391.0   7779  -17.0  -39.0     13   0.34    155     16  335.0  336.3  335.0
  360.0   8392  -21.7  -43.7     12   0.22    105     14  336.6  337.6  336.7
  359.0   8413  -21.9  -43.9     12   0.22    106     14  336.7  337.6  336.7
  321.0   9226  -26.1  -52.1      7   0.10    137     14  341.8  342.2  341.8
  318.0   9294  -26.7  -51.7      8   0.10    140     14  341.9  342.3  341.9
  300.0   9710  -30.5  -49.5     14   0.14    125     10  342.3  342.9  342.3
  293.0   9875  -31.9  -50.5     14   0.13    125      8  342.6  343.2  342.6
  280.0  10192  -34.6  -52.3     15   0.11    125      8  343.2  343.7  343.2
  268.0  10498  -37.2  -54.1     16   0.09    165      4  343.8  344.2  343.8
  257.0  10790  -39.6  -55.8     16   0.08    185      6  344.3  344.6  344.3
  255.0  10845  -40.1  -56.1     16   0.08    177      6  344.4  344.7  344.4
  250.0  10980  -41.1                         155      6  344.8         344.8
  246.0  11087  -41.9                         140      6  345.2         345.2
  235.0  11390  -44.2                          65      8  346.3         346.3
  215.0  11980  -48.7                          20     12  348.3         348.3
  200.0  12460  -52.3                          15     14  349.8         349.8
  187.0  12881  -55.8                          25     12  350.9         350.9
  162.0  13778  -63.3                          40     17  353.0         353.0
  150.0  14260  -67.3                          90      8  354.0         354.0
  147.0  14376  -68.2                         105      6  354.4         354.4
  120.0  15544  -77.8                         140     14  358.0         358.0
  102.0  16479  -85.4                         165     19  360.4         360.4
  101.0  16535  -85.9                         170     21  360.5         360.5
  100.0  16590  -85.9                         160     23  361.5         361.5
   96.0  16817  -85.0                         160     33  367.5         367.5
   86.0  17428  -82.7                         115     23  383.9         383.9
   82.0  17693  -81.7                          80     25  391.2         391.2
   80.5  17795  -81.3                          82     25  394.1         394.1
   71.8  18436  -82.5                          97     27  404.6         404.6
   70.0  18580  -77.5                         100     27  418.3         418.3
   68.7  18687  -75.9                         100     26  423.9         423.9
   62.2  19272  -66.7                         100     19  456.5         456.5
   60.0  19490  -66.5                         100     17  461.6         461.6
   57.0  19799  -66.3                          80     12  468.9         468.9
   52.0  20353  -65.9                          85     19  482.4         482.4
   50.0  20590  -65.7                          80     23  488.2         488.2
   47.0  20968  -65.1                          55     27  498.4         498.4
   41.3  21758  -63.9                          79     26  520.1         520.1
   39.0  22107  -65.0                          90     25  526.0         526.0
   37.1  22412  -65.9                          78     35  531.2         531.2
   36.0  22597  -61.7                          72     41  546.6         546.6
   35.0  22771  -62.2                          65     47  549.8         549.8
   34.0  22951  -62.7                          71     42  553.0         553.0
   30.0  23740  -53.3                          95     19  598.7         598.7
   29.1  23937  -50.3                         117      7  612.2         612.2
   29.0  23960  -50.4                         120      6  612.6         612.6
   28.0  24187  -50.9                         225     12  617.2         617.2
   25.5  24794  -52.5                         180      5  629.5         629.5
   25.0  24924  -52.1                         170      4  634.2         634.2
   24.0  25190  -51.3                         310      4  644.0         644.0
   20.0  26380  -47.7                         270     27  689.4         689.4
   19.0  26720  -47.1                         265     33  701.6         701.6
   17.6  27227  -46.1                         269     36  720.1         720.1
   16.0  27854  -49.0                         275     39  730.7         730.7
   15.4  28106  -50.1                         275     33  734.9         734.9
   15.0  28280  -48.8                         290     33  744.9         744.9
   14.0  28735  -45.3                         288     40  771.5         771.5
   12.0  29768  -44.3                         285     56  809.8         809.8
   10.1  30923  -43.2                         275     62  854.9         854.9
   10.0  30990  -43.1                         275     62  857.5         857.5
    9.0  31702  -42.1                         265     62  887.7         887.7
    8.5  32088  -41.5                         268     57  904.5         904.5
    7.3  33127  -38.3                         278     43  957.8         957.8
    7.0                                       280     39                     
</PRE><H3>Station information and sounding indices</H3><PRE>
                         Station identifier: WIII
                             Station number: 96749
                           Observation time: 150524/0000
                           Station latitude: -6.11
                          Station longitude: 106.65
                          Station elevation: 8.0
                            Showalter index: 3.42
                               Lifted index: 0.29
    LIFT computed using virtual temperature: -0.52
                                SWEAT index: 178.81
                                    K index: 9.80
                         Cross totals index: 17.20
                      Vertical totals index: 21.90
                        Totals totals index: 39.10
      Convective Available Potential Energy: 80.79
             CAPE using virtual temperature: 139.87
                      Convective Inhibition: -238.02
             CINS using virtual temperature: -50.94
                           Equilibrum Level: 334.94
 Equilibrum Level using virtual temperature: 331.60
                   Level of Free Convection: 574.42
             LFCT using virtual temperature: 811.93
                     Bulk Richardson Number: 13.68
          Bulk Richardson Number using CAPV: 23.68
  Temp [K] of the Lifted Condensation Level: 293.03
Pres [hPa] of the Lifted Condensation Level: 930.92
   Equivalent potential temp [K] of the LCL: 345.80
     Mean mixed layer potential temperature: 299.10
              Mean mixed layer mixing ratio: 15.99
              1000 hPa to 500 hPa thickness: 5778.00
Precipitable water [mm] for entire sounding: 36.44
</PRE>
<P>Description of the 
<A HREF="/upperair/columns.html">data columns</A>
or <A HREF="/upperair/indices.html">sounding indices</A>.

<P>
<FORM>
<INPUT CLASS="button" TYPE="button" VALUE=" Close this window " 
 onClick="window.close();">
<INPUT CLASS="button" TYPE="button" VALUE=" Select another map " 
 onClick="window.blur();">
</FORM>
<HR SIZE="1">
<I>Interested in graduate studies in atmospheric science?
Check out our program at the
<a href="http://www.uwyo.edu/atsc/howtoapply/"
target=_top>University of Wyoming
</a></I>
<HR SIZE="1"><FONT SIZE="-1">
Questions about the weather data provided by this site can be
addressed to <A HREF="mailto:ldoolman@uwyo.edu">
Larry Oolman (ldoolman@uwyo.edu)</A></FONT>
<HR SIZE="1">
<SCRIPT TYPE="text/javascript">
<!--
window.focus();
// -->
</SCRIPT>
</BODY>
</HTML>
