2013-03-27 00
<HTML>
<TITLE>University of Wyoming - Radiosonde Data</TITLE>
<BODY BGCOLOR="white">
<H2>96749 WIII Jakarta Observations at 00Z 27 Mar 2013</H2>
<PRE>
-----------------------------------------------------------------------------
   PRES   HGHT   TEMP   DWPT   RELH   MIXR   DRCT   SKNT   THTA   THTE   THTV
    hPa     m      C      C      %    g/kg    deg   knot     K      K      K 
-----------------------------------------------------------------------------
 1008.0      8   26.0   24.0     89  19.06    140      3  298.5  354.1  301.9
 1000.0     82   26.8   22.6     78  17.61    135      4  299.9  351.7  303.1
  986.0    207   26.4   22.7     80  17.98    129      6  300.8  353.8  304.0
  976.0    297   25.9   21.8     78  17.19    125      8  301.1  351.9  304.2
  943.0    599   24.2   18.9     72  14.76     85      4  302.3  346.2  305.0
  925.0    769   23.2   17.2     69  13.53     95      4  303.0  343.4  305.5
  911.0    902   22.2   16.2     69  12.85    100      4  303.3  341.7  305.6
  906.0    950   21.8   15.8     69  12.62     99      4  303.4  341.1  305.7
  881.0   1192   20.1   15.4     74  12.65     95      2  304.1  342.0  306.4
  850.0   1501   18.0   14.9     82  12.69    235      2  305.0  343.1  307.3
  821.0   1795   16.5   13.5     83  11.99    250      6  306.4  342.7  308.6
  793.0   2089   14.9   12.1     83  11.33    290      8  307.8  342.3  309.9
  765.0   2394   13.3   10.7     84  10.66    270     10  309.3  342.0  311.2
  726.0   2838   11.0    8.6     85   9.75    291     10  311.4  341.6  313.2
  700.0   3142    9.6    5.8     77   8.33    305     10  313.1  339.2  314.7
  687.0   3296    8.7    5.1     78   8.06    310     10  313.8  339.2  315.3
  663.0   3587    7.1    3.6     79   7.56    290      8  315.2  339.2  316.6
  616.0   4189    3.7    0.7     81   6.60    315     10  318.0  339.3  319.3
  594.0   4487    2.1   -0.7     82   6.16    275      6  319.4  339.4  320.6
  588.0   4570    1.6   -1.1     82   6.04    277      6  319.8  339.5  320.9
  570.0   4820    0.6   -7.4     55   3.87    283      6  321.4  334.4  322.2
  565.0   4890    0.0   -5.0     69   4.69    285      6  321.6  337.1  322.5
  551.0   5089   -1.0   -7.7     61   3.93    290      6  322.7  335.9  323.4
  511.0   5687   -4.0  -15.6     40   2.23     65      6  326.0  333.9  326.5
  500.0   5860   -4.9  -17.9     35   1.88     55      4  327.0  333.7  327.4
  494.0   5955   -5.3  -18.3     35   1.84     48      4  327.6  334.2  328.0
  492.0   5986   -5.5  -18.5     35   1.81     45      4  327.8  334.2  328.1
  473.0   6293   -7.5  -20.9     33   1.54    105      8  329.0  334.6  329.4
  440.0   6855  -11.1  -25.1     31   1.14    119      8  331.3  335.6  331.6
  438.0   6889  -11.4  -24.3     33   1.23    120      8  331.4  335.9  331.6
  423.0   7156  -13.5  -18.5     66   2.11    142     10  332.0  339.6  332.4
  421.0   7192  -13.8  -18.8     66   2.07    145     10  332.1  339.5  332.5
  419.0   7228  -14.1  -19.1     66   2.03    142     10  332.1  339.5  332.6
  417.0   7265  -14.1  -25.1     39   1.20    139      9  332.6  337.1  332.8
  400.0   7580  -15.7  -31.7     24   0.68    115      6  334.5  337.1  334.6
  389.0   7789  -16.7  -33.9     21   0.57     95      8  335.8  338.0  335.9
  371.0   8144  -18.5  -37.5     17   0.41     92     10  338.1  339.7  338.1
  359.0   8386  -20.3  -36.7     22   0.46     90     12  338.8  340.7  338.9
  340.0   8788  -23.3  -35.3     32   0.56    137      8  340.1  342.3  340.2
  331.0   8981  -24.8  -35.1     38   0.59    160      6  340.6  343.0  340.7
  317.0   9293  -27.2  -34.8     48   0.63    150      8  341.5  344.0  341.6
  304.0   9595  -29.5  -34.5     62   0.68    165      8  342.4  345.1  342.5
  303.0   9619  -29.7  -34.5     63   0.68    164      8  342.4  345.1  342.6
  300.0   9690  -29.9  -37.9     46   0.49    160      8  343.1  345.1  343.2
  299.0   9714  -29.9  -39.9     37   0.40    160      8  343.4  345.1  343.5
  280.0  10181  -33.5  -41.5     44   0.36    150      8  344.8  346.3  344.9
  279.0  10206  -33.7  -42.1     43   0.34    150      8  344.9  346.3  344.9
  260.0  10699  -37.5  -53.5     17   0.10    162      8  346.3  346.7  346.3
  256.0  10806  -38.5  -53.3     20   0.11    165      8  346.4  346.9  346.4
  250.0  10970  -39.9  -52.9     24   0.11    165     10  346.6  347.1  346.6
  249.0  10997  -40.1  -52.1     27   0.12    164     10  346.7  347.3  346.7
  214.0  12001  -49.0                         135      4  348.3         348.3
  205.0  12286  -51.5                         200      8  348.6         348.6
  200.0  12450  -52.9                         195      8  348.8         348.8
  195.0  12608  -54.2                         195      8  349.3         349.3
  186.0  12902  -56.7                         230      6  350.0         350.0
  161.0  13800  -64.2                         250     16  352.1         352.1
  154.0  14076  -66.5                         250     12  352.6         352.6
  150.0  14240  -67.9                         260     12  352.9         352.9
  146.0  14395  -69.1                         270     10  353.6         353.6
  132.0  14975  -73.5                         255      6  356.1         356.1
  119.0  15572  -78.0                         350      4  358.6         358.6
  113.0  15869  -80.2                         350      6  359.7         359.7
  101.0  16515  -85.1                          55      4  362.0         362.0
  100.0  16570  -85.1                          65      6  363.1         363.1
   91.0  17086  -86.3                         135     14  370.6         370.6
   86.0  17396  -87.0                          80     17  375.1         375.1
   85.6  17421  -87.1                          75     19  375.5         375.5
   81.0  17726  -84.1                          90     19  387.6         387.6
   78.6  17892  -82.5                         108     23  394.3         394.3
   77.0  18007  -82.4                         120     25  396.9         396.9
   73.0  18305  -82.0                         120     33  403.8         403.8
   70.1  18532  -81.7                          96     25  409.1         409.1
   70.0  18540  -81.5                          95     25  409.7         409.7
   69.0  18622  -80.5                          90     23  413.6         413.6
   63.8  19070  -74.9                          86     29  435.2         435.2
   62.0  19239  -74.1                          85     31  440.6         440.6
   56.0  19840  -71.2                          70     17  460.3         460.3
   51.0  20393  -68.5                         110     35  479.0         479.0
   50.0  20510  -67.9                         105     37  483.1         483.1
   44.0  21288  -64.6                          90     49  509.0         509.0
   42.0  21572  -63.4                          85     43  518.8         518.8
   40.8  21748  -62.7                          67     28  524.9         524.9
   40.0  21871  -61.1                          55     17  531.9         531.9
   39.1  22013  -59.3                          13     15  539.9         539.9
   38.0  22192  -59.1                         320     12  544.9         544.9
   35.0  22710  -58.5                         345     14  559.5         559.5
   31.0  23474  -57.5                         280     16  581.7         581.7
   30.0  23680  -57.3                         225     17  587.8         587.8
   26.4  24488  -56.3                         151     24  612.5         612.5
   24.0  25098  -53.9                          95     29  636.5         636.5
   23.0  25371  -52.8                          80     10  647.5         647.5
   22.0  25656  -51.6                         170      4  659.1         659.1
   21.7  25744  -51.3                         179      5  662.8         662.8
   20.2  26214  -45.7                         228     11  693.5         693.5
   20.0  26280  -45.7                         235     12  695.5         695.5
   19.0  26625  -45.3                         220      8  707.0         707.0
   17.0  27374  -44.4                         305      4  732.7         732.7
   15.0  28217  -43.4                         280     31  762.7         762.7
   14.0  28682  -42.9                         265     23  779.7         779.7
   13.0  29181  -42.3                         355     10  798.5         798.5
   12.0  29720  -41.6                         280     37  819.2         819.2
   11.0  30306  -41.0                         255     16  842.3         842.3
   10.4  30683  -40.5                                     857.6         857.6
</PRE><H3>Station information and sounding indices</H3><PRE>
                         Station identifier: WIII
                             Station number: 96749
                           Observation time: 130327/0000
                           Station latitude: -6.11
                          Station longitude: 106.65
                          Station elevation: 8.0
                            Showalter index: 0.73
                               Lifted index: -2.36
    LIFT computed using virtual temperature: -3.10
                                SWEAT index: 186.80
                                    K index: 34.00
                         Cross totals index: 19.80
                      Vertical totals index: 22.90
                        Totals totals index: 42.70
      Convective Available Potential Energy: 853.54
             CAPE using virtual temperature: 1007.22
                      Convective Inhibition: -40.52
             CINS using virtual temperature: -22.89
                           Equilibrum Level: 172.64
 Equilibrum Level using virtual temperature: 172.01
                   Level of Free Convection: 846.52
             LFCT using virtual temperature: 869.55
                     Bulk Richardson Number: 79.83
          Bulk Richardson Number using CAPV: 94.21
  Temp [K] of the Lifted Condensation Level: 294.07
Pres [hPa] of the Lifted Condensation Level: 924.09
   Equivalent potential temp [K] of the LCL: 351.44
     Mean mixed layer potential temperature: 300.80
              Mean mixed layer mixing ratio: 17.22
              1000 hPa to 500 hPa thickness: 5778.00
Precipitable water [mm] for entire sounding: 53.75
</PRE>
<P>Description of the 
<A HREF="/upperair/columns.html">data columns</A>
or <A HREF="/upperair/indices.html">sounding indices</A>.

<P>
<FORM>
<INPUT CLASS="button" TYPE="button" VALUE=" Close this window " 
 onClick="window.close();">
<INPUT CLASS="button" TYPE="button" VALUE=" Select another map " 
 onClick="window.blur();">
</FORM>
<HR SIZE="1">
<I>Interested in graduate studies in atmospheric science?
Check out our program at the
<a href="http://www.uwyo.edu/atsc/howtoapply/"
target=_top>University of Wyoming
</a></I>
<HR SIZE="1"><FONT SIZE="-1">
Questions about the weather data provided by this site can be
addressed to <A HREF="mailto:ldoolman@uwyo.edu">
Larry Oolman (ldoolman@uwyo.edu)</A></FONT>
<HR SIZE="1">
<SCRIPT TYPE="text/javascript">
<!--
window.focus();
// -->
</SCRIPT>
</BODY>
</HTML>
