2013-05-14 00
<HTML>
<TITLE>University of Wyoming - Radiosonde Data</TITLE>
<BODY BGCOLOR="white">
<H2>96749 WIII Jakarta Observations at 00Z 14 May 2013</H2>
<PRE>
-----------------------------------------------------------------------------
   PRES   HGHT   TEMP   DWPT   RELH   MIXR   DRCT   SKNT   THTA   THTE   THTV
    hPa     m      C      C      %    g/kg    deg   knot     K      K      K 
-----------------------------------------------------------------------------
 1008.0      8   24.4   23.9     97  18.94    160      4  296.9  351.8  300.2
 1000.0     76   25.8   22.9     84  17.94    140      4  298.9  351.5  302.1
  996.0    111   26.8   23.3     81  18.47    128      4  300.3  354.7  303.6
  975.0    299   25.8   22.2     81  17.60     65      6  301.1  353.1  304.2
  942.0    603   24.1   20.4     80  16.26     60      6  302.4  350.6  305.3
  925.0    763   23.2   19.4     79  15.58     50      6  303.0  349.4  305.9
  910.0    905   22.4   18.4     78  14.86     40      6  303.6  348.0  306.4
  850.0   1498   19.2   14.2     73  12.12    320      4  306.2  342.9  308.5
  820.0   1802   17.5   12.7     73  11.34    295      8  307.6  342.1  309.7
  792.0   2097   15.8   11.1     74  10.62    330      8  308.9  341.5  310.9
  712.0   2999   10.8    6.5     75   8.62    310      6  312.9  339.9  314.5
  700.0   3143   10.0    5.8     75   8.33    325      8  313.5  339.7  315.1
  679.0   3396    9.0    4.6     74   7.89    344      8  315.1  340.2  316.6
  662.0   3605    7.6    5.5     87   8.64      0      8  315.9  343.3  317.5
  648.0   3781    6.4    6.3     99   9.33      0      7  316.4  346.0  318.2
  644.0   3832    7.0    4.0     81   7.98      0      7  317.7  343.2  319.2
  616.0   4193    5.1    1.5     78   6.98      0      6  319.5  342.2  320.9
  593.0   4502    3.4   -0.6     75   6.22    335      6  321.1  341.5  322.3
  550.0   5113    0.2   -4.8     69   4.90    333      6  324.3  340.7  325.2
  548.0   5142    0.0   -6.0     64   4.48    333      6  324.4  339.5  325.2
  500.0   5870   -4.3   -8.8     71   3.95    330      6  327.7  341.3  328.5
  492.0   5996   -5.2   -9.6     71   3.79    330      4  328.2  341.2  328.9
  473.0   6305   -7.2  -11.4     72   3.41     70      2  329.3  341.1  330.0
  455.0   6609   -9.3  -13.2     73   3.06    340      4  330.4  341.1  331.0
  450.0   6696   -9.9  -13.7     74   2.97      9      5  330.7  341.1  331.3
  438.0   6903  -11.0  -14.9     73   2.77     80      6  331.9  341.7  332.4
  421.0   7207  -12.6  -16.6     72   2.50     40      8  333.6  342.6  334.1
  400.0   7600  -14.7  -18.8     71   2.18     80      6  335.8  343.7  336.2
  389.0   7805  -16.1  -20.6     69   1.92    105      8  336.6  343.6  337.0
  318.0   9291  -26.6  -33.5     52   0.72    115     14  342.0  344.8  342.1
  314.0   9384  -27.3  -34.3     51   0.67    111     14  342.3  345.0  342.4
  300.0   9710  -29.3  -43.3     25   0.28     95     16  344.0  345.1  344.0
  288.0  10001  -31.1  -49.1     15   0.15     77     20  345.4  346.1  345.5
  280.0  10198  -32.6  -51.6     13   0.12     65     23  346.1  346.6  346.1
  250.0  10990  -38.7  -61.7      7   0.04     80     17  348.4  348.6  348.4
  246.0  11100  -39.6  -63.3      6   0.03     80     17  348.6  348.8  348.6
  244.0  11156  -40.1  -64.1      6   0.03     80     18  348.7  348.9  348.7
  225.0  11696  -44.5                          75     25  350.1         350.1
  215.0  11999  -47.0                          85     16  350.9         350.9
  206.0  12283  -49.3                         125     17  351.6         351.6
  200.0  12480  -50.9                         125     17  352.0         352.0
  150.0  14290  -67.3                         155     19  354.0         354.0
  147.0  14406  -68.2                         160     19  354.5         354.5
  126.0  15293  -74.9                         170     23  358.3         358.3
  102.0  16509  -84.1                         110     19  363.0         363.0
  101.0  16565  -84.5                         108     19  363.2         363.2
  100.0  16620  -84.7                         105     19  363.8         363.8
   91.0  17133  -87.6                          80     17  368.0         368.0
   88.4  17291  -88.5                          75     21  369.3         369.3
   77.7  17988  -87.3                          78     30  385.6         385.6
   76.0  18109  -84.7                          78     31  393.5         393.5
   74.6  18213  -77.1                          79     33  411.6         411.6
   70.0  18580  -74.1                          80     37  425.5         425.5
   68.2  18733  -72.3                          79     33  432.6         432.6
   65.5  18975  -65.9                          77     26  451.6         451.6
   63.0  19210  -66.7                          75     19  454.9         454.9
   60.0  19504  -67.6                         110      8  459.2         459.2
   57.0  19813  -68.6                         170     12  463.7         463.7
   54.0  20139  -69.7                         155     16  468.5         468.5
   53.4  20206  -69.9                         145     17  469.4         469.4
   50.0  20600  -69.1                         100     21  480.2         480.2
   49.0  20721  -68.8                          85     23  483.7         483.7
   47.4  20921  -68.3                          85     18  489.5         489.5
   47.0  20973  -67.5                          85     17  492.8         492.8
   45.0  21240  -63.1                         210      4  509.5         509.5
   43.6  21434  -59.9                         228      8  521.9         521.9
   42.0  21668  -59.9                         250     12  527.5         527.5
   39.0  22132  -59.9                         250     23  538.8         538.8
   37.0  22461  -59.9                         200     14  547.0         547.0
   35.0  22809  -59.9                         200      6  555.7         555.7
   33.9  23009  -59.9                         224      9  560.8         560.8
   33.0  23179  -59.2                         245     12  566.9         566.9
   30.0  23780  -56.9                         270     14  588.9         588.9
   29.0  23997  -56.2                         240     10  596.6         596.6
   25.0  24946  -53.2                          95      2  631.1         631.1
   24.0  25207  -52.4                         310      8  640.9         640.9
   21.9  25793  -50.5                         310     13  663.4         663.4
   20.0  26380  -51.5                         310     17  677.8         677.8
   18.6  26853  -49.7                         277     17  697.6         697.6
   17.0  27448  -46.1                         235     16  727.4         727.4
   16.6  27606  -45.1                         202     12  735.5         735.5
   16.0  27851  -46.0                         150      6  740.3         740.3
   15.3  28148  -47.1                         244      7  746.2         746.2
   15.0  28280  -46.2                         285      8  753.3         753.3
   14.4  28552  -44.5                         300     19  768.0         768.0
   14.0  28740  -44.9                         310     27  772.7         772.7
   13.0  29233  -46.1                         280     21  785.2         785.2
   12.2  29657  -47.1                         272     31  796.1         796.1
   12.0  29767  -46.6                         270     33  801.5         801.5
   11.0  30351  -44.2                         250     35  830.6         830.6
   10.0  30990  -41.5                         250     43  863.5         863.5
    9.6  31267  -40.9                         244     49  875.9         875.9
    9.0  31707  -40.5                         235     58  893.5         893.5
    8.0  32509  -39.9                                     926.7         926.7
</PRE><H3>Station information and sounding indices</H3><PRE>
                         Station identifier: WIII
                             Station number: 96749
                           Observation time: 130514/0000
                           Station latitude: -6.11
                          Station longitude: 106.65
                          Station elevation: 8.0
                            Showalter index: 1.42
                               Lifted index: -2.20
    LIFT computed using virtual temperature: -2.64
                                SWEAT index: 184.41
                                    K index: 33.50
                         Cross totals index: 18.50
                      Vertical totals index: 23.50
                        Totals totals index: 42.00
      Convective Available Potential Energy: 710.31
             CAPE using virtual temperature: 832.96
                      Convective Inhibition: -61.27
             CINS using virtual temperature: -37.41
                           Equilibrum Level: 201.32
 Equilibrum Level using virtual temperature: 201.40
                   Level of Free Convection: 783.84
             LFCT using virtual temperature: 829.77
                     Bulk Richardson Number: 109.24
          Bulk Richardson Number using CAPV: 128.10
  Temp [K] of the Lifted Condensation Level: 294.73
Pres [hPa] of the Lifted Condensation Level: 934.00
   Equivalent potential temp [K] of the LCL: 352.72
     Mean mixed layer potential temperature: 300.55
              Mean mixed layer mixing ratio: 17.74
              1000 hPa to 500 hPa thickness: 5794.00
Precipitable water [mm] for entire sounding: 58.25
</PRE>
<P>Description of the 
<A HREF="/upperair/columns.html">data columns</A>
or <A HREF="/upperair/indices.html">sounding indices</A>.

<P>
<FORM>
<INPUT CLASS="button" TYPE="button" VALUE=" Close this window " 
 onClick="window.close();">
<INPUT CLASS="button" TYPE="button" VALUE=" Select another map " 
 onClick="window.blur();">
</FORM>
<HR SIZE="1">
<I>Interested in graduate studies in atmospheric science?
Check out our program at the
<a href="http://www.uwyo.edu/atsc/howtoapply/"
target=_top>University of Wyoming
</a></I>
<HR SIZE="1"><FONT SIZE="-1">
Questions about the weather data provided by this site can be
addressed to <A HREF="mailto:ldoolman@uwyo.edu">
Larry Oolman (ldoolman@uwyo.edu)</A></FONT>
<HR SIZE="1">
<SCRIPT TYPE="text/javascript">
<!--
window.focus();
// -->
</SCRIPT>
</BODY>
</HTML>
