2015-07-21 12
<HTML>
<TITLE>University of Wyoming - Radiosonde Data</TITLE>
<BODY BGCOLOR="white">
<H2>96749 WIII Jakarta Observations at 00Z 21 Jul 2015</H2>
<PRE>
-----------------------------------------------------------------------------
   PRES   HGHT   TEMP   DWPT   RELH   MIXR   DRCT   SKNT   THTA   THTE   THTV
    hPa     m      C      C      %    g/kg    deg   knot     K      K      K 
-----------------------------------------------------------------------------
 1012.0      8   23.2   22.0     93  16.75    100      2  295.3  343.6  298.3
 1011.0     17   26.0   22.5     81  17.30    100      2  298.2  348.7  301.3
 1000.0    111   25.4   22.1     82  17.07     95      6  298.6  348.4  301.6
  979.0    297   24.4   21.2     82  16.48     85     16  299.4  347.7  302.3
  925.0    795   21.8   18.8     83  15.00    105     10  301.6  346.0  304.3
  914.0    898   21.3   17.7     80  14.11    110      8  302.1  343.9  304.6
  883.0   1197   19.8   14.4     71  11.79    120     10  303.5  338.8  305.7
  856.0   1466   18.4   11.4     64   9.98    108     10  304.8  335.0  306.6
  850.0   1526   18.4    7.4     49   7.65    105     10  305.4  328.8  306.8
  846.0   1566   18.0    7.0     49   7.48    104     10  305.4  328.3  306.8
  839.0   1638   18.0   10.0     60   9.27    103     10  306.1  334.4  307.8
  823.0   1802   17.1    7.1     52   7.73    100     10  306.8  330.6  308.3
  815.0   1886   16.6    5.6     48   7.04    103     10  307.2  328.9  308.5
  802.0   2023   15.2    9.2     67   9.19    107     10  307.1  335.2  308.8
  795.0   2097   15.0    8.1     63   8.57    110     10  307.7  334.0  309.3
  753.0   2557   14.0    1.0     41   5.49     99     12  311.4  328.8  312.4
  740.0   2703   12.9   -0.1     41   5.18     95     12  311.8  328.3  312.8
  714.0   3002   10.8   -2.2     40   4.58    125     10  312.6  327.4  313.5
  700.0   3168    9.6   -3.4     40   4.27    125     14  313.1  326.9  313.9
  623.0   4122    2.4  -11.6     35   2.54    111     19  315.4  323.9  315.9
  617.0   4199    2.1  -13.1     32   2.27    110     19  315.9  323.6  316.4
  594.0   4505    0.7  -18.9     21   1.46    105     16  317.8  322.9  318.1
  582.0   4669    0.0  -22.0     17   1.13    116     13  318.8  322.9  319.1
  572.0   4806   -0.7  -22.1     18   1.14    125     10  319.6  323.7  319.9
  511.0   5698   -5.0  -22.8     24   1.21     50     12  324.8  329.2  325.0
  500.0   5870   -5.9  -22.9     25   1.22     50     10  325.8  330.2  326.0
  498.0   5901   -6.3  -22.3     27   1.29     50     10  325.7  330.3  325.9
  492.0   5996   -6.3  -28.2     16   0.76     50     10  326.8  329.7  326.9
  482.0   6157   -6.3  -38.3      6   0.29     59     11  328.7  329.9  328.8
  455.0   6600   -9.0  -39.1      7   0.29     85     12  330.9  332.0  330.9
  421.0   7197  -12.5  -40.2      8   0.28     90      8  333.7  334.8  333.7
  405.0   7495  -14.3  -40.7      9   0.27     65     12  335.1  336.2  335.1
  400.0   7590  -14.9  -40.9      9   0.27     65     12  335.5  336.6  335.6
  389.0   7798  -16.4  -42.4      9   0.24     70     14  336.3  337.2  336.3
  374.0   8092  -18.5  -44.5      8   0.20    100      8  337.3  338.1  337.3
  351.0   8566  -21.9  -47.9      8   0.14     90     10  338.9  339.5  338.9
  317.0   9302  -28.3  -46.5     16   0.19     75     12  340.0  340.8  340.1
  300.0   9700  -31.7  -45.7     24   0.21     75     14  340.6  341.5  340.6
  256.0  10799  -40.1  -57.1     15   0.07     92     22  344.0  344.3  344.0
  250.0  10960  -41.3                          95     23  344.5         344.5
  200.0  12440  -53.5                         110     29  347.9         347.9
  195.0  12598  -54.7                         110     31  348.5         348.5
  150.0  14230  -67.1                         105     51  354.3         354.3
  139.0  14669  -70.4                         100     49  356.3         356.3
  113.0  15862  -79.3                          80     52  361.4         361.4
  107.0  16177  -81.7                          70     54  362.6         362.6
  103.0  16397  -83.3                          64     51  363.5         363.5
  100.0  16560  -83.1                          60     49  366.9         366.9
   91.7  17042  -84.7                          65     49  373.0         373.0
   91.0  17087  -83.7                          65     51  375.8         375.8
   82.0  17696  -69.8                          75     43  415.6         415.6
   78.0  17989  -63.1                          55     33  435.4         435.4
   72.4  18451  -61.5                          96     23  448.1         448.1
   70.0  18660  -62.7                         115     19  449.9         449.9
   67.0  18925  -63.8                         125     16  453.1         453.1
   64.0  19202  -65.0                         125     17  456.5         456.5
   58.0  19798  -67.5                          90     21  463.9         463.9
   55.0  20119  -68.9                         105      8  467.8         467.8
   53.7  20264  -69.5                         155     10  469.6         469.6
   52.0  20456  -69.0                         160     16  475.0         475.0
   50.0  20690  -68.5                         135     23  481.6         481.6
   47.0  21062  -67.4                         105     27  492.9         492.9
   44.3  21418  -66.3                         102     26  504.0         504.0
   43.0  21601  -61.7                         100     25  519.6         519.6
   41.0  21899  -59.5                          65     17  532.3         532.3
   39.0  22213  -57.1                         335      8  545.9         545.9
   38.2  22342  -56.1                         319     10  551.7         551.7
   37.0  22544  -56.8                         295     14  555.0         555.0
   36.0  22718  -57.3                         315     12  557.9         557.9
   35.7  22771  -57.5                         312     13  558.8         558.8
   31.6  23547  -53.7                         276     28  588.8         588.8
   30.0  23880  -54.5                         260     35  595.5         595.5
   29.0  24097  -54.4                         255     35  601.5         601.5
   27.0  24556  -54.2                         270     33  614.4         614.4
   24.0  25311  -54.0                         265     54  636.3         636.3
   20.0  26480  -53.5                         270     37  671.7         671.7
   18.2  27085  -53.3                         270     44  690.6         690.6
   17.0  27535  -51.5                         270     49  710.1         710.1
   14.0  28815  -46.3                         260     47  768.2         768.2
   12.0  29831  -42.1                         270     39  817.4         817.4
   11.8  29942  -41.7                         270     39  822.9         822.9
   10.5  30725  -45.5                         270     37  836.8         836.8
   10.0  31050  -44.7                         270     29  851.6         851.6
    9.0  31761  -42.6                         270     33  885.6         885.6
    8.0  32557  -40.3                                     925.1         925.1
</PRE><H3>Station information and sounding indices</H3><PRE>
                         Station identifier: WIII
                             Station number: 96749
                           Observation time: 150721/0000
                           Station latitude: -6.11
                          Station longitude: 106.65
                          Station elevation: 8.0
                            Showalter index: 6.01
                               Lifted index: -2.03
    LIFT computed using virtual temperature: -2.77
                                SWEAT index: 118.81
                                    K index: 18.70
                         Cross totals index: 13.30
                      Vertical totals index: 24.30
                        Totals totals index: 37.60
      Convective Available Potential Energy: 467.80
             CAPE using virtual temperature: 656.39
                      Convective Inhibition: -93.54
             CINS using virtual temperature: -32.88
                           Equilibrum Level: 215.18
 Equilibrum Level using virtual temperature: 215.20
                   Level of Free Convection: 707.94
             LFCT using virtual temperature: 848.44
                     Bulk Richardson Number: 398.98
          Bulk Richardson Number using CAPV: 559.82
  Temp [K] of the Lifted Condensation Level: 293.77
Pres [hPa] of the Lifted Condensation Level: 938.29
   Equivalent potential temp [K] of the LCL: 347.74
     Mean mixed layer potential temperature: 299.18
              Mean mixed layer mixing ratio: 16.61
              1000 hPa to 500 hPa thickness: 5759.00
Precipitable water [mm] for entire sounding: 38.91
</PRE>
<P>Description of the 
<A HREF="/upperair/columns.html">data columns</A>
or <A HREF="/upperair/indices.html">sounding indices</A>.

<P>
<FORM>
<INPUT CLASS="button" TYPE="button" VALUE=" Close this window " 
 onClick="window.close();">
<INPUT CLASS="button" TYPE="button" VALUE=" Select another map " 
 onClick="window.blur();">
</FORM>
<HR SIZE="1">
<I>Interested in graduate studies in atmospheric science?
Check out our program at the
<a href="http://www.uwyo.edu/atsc/howtoapply/"
target=_top>University of Wyoming
</a></I>
<HR SIZE="1"><FONT SIZE="-1">
Questions about the weather data provided by this site can be
addressed to <A HREF="mailto:ldoolman@uwyo.edu">
Larry Oolman (ldoolman@uwyo.edu)</A></FONT>
<HR SIZE="1">
<SCRIPT TYPE="text/javascript">
<!--
window.focus();
// -->
</SCRIPT>
</BODY>
</HTML>
