2013-03-24 00
<HTML>
<TITLE>University of Wyoming - Radiosonde Data</TITLE>
<BODY BGCOLOR="white">
<H2>96749 WIII Jakarta Observations at 00Z 24 Mar 2013</H2>
<PRE>
-----------------------------------------------------------------------------
   PRES   HGHT   TEMP   DWPT   RELH   MIXR   DRCT   SKNT   THTA   THTE   THTV
    hPa     m      C      C      %    g/kg    deg   knot     K      K      K 
-----------------------------------------------------------------------------
 1009.0      8   24.8   23.6     93  18.57    200      4  297.2  351.1  300.5
 1000.0     89   25.6   21.9     80  16.85    175      4  298.8  348.0  301.8
  987.0    205   26.4   20.4     70  15.54    140      4  300.7  346.5  303.5
  976.0    303   25.9   20.0     70  15.36    110      4  301.1  346.5  303.9
  944.0    597   24.2   19.0     73  14.84     40      4  302.3  346.4  305.0
  925.0    776   23.2   18.3     74  14.52     50      6  303.0  346.3  305.7
  912.0    899   22.3   17.9     76  14.34     60      6  303.3  346.1  305.9
  881.0   1198   20.1   16.9     82  13.91     85      6  304.1  345.7  306.6
  851.0   1499   17.9   15.8     88  13.48     50      2  304.8  345.2  307.2
  850.0   1509   17.8   15.8     88  13.46     55      2  304.8  345.2  307.2
  793.0   2101   15.2   12.4     83  11.54    165      6  308.1  343.4  310.3
  788.0   2155   15.0   12.1     83  11.38    168      6  308.4  343.2  310.6
  738.0   2706   12.0    9.1     82   9.93    200      8  311.0  341.8  312.9
  700.0   3150    9.6    6.7     82   8.87    185      8  313.1  340.9  314.8
  663.0   3597    7.3    3.8     79   7.66    180      8  315.4  339.7  316.8
  639.0   3900    5.7    1.9     76   6.91    210      8  316.9  339.1  318.3
  616.0   4202    4.2   -0.1     74   6.23    160      6  318.5  338.7  319.7
  605.0   4350    3.4   -1.0     73   5.91    152      6  319.2  338.5  320.4
  571.0   4817    0.0   -3.9     75   5.05    127      8  320.6  337.2  321.6
  531.0   5394   -3.5   -7.2     76   4.21     95     10  323.1  337.2  323.9
  504.0   5808   -6.1   -9.6     76   3.68    112     12  324.8  337.3  325.5
  500.0   5870   -6.1  -13.1     58   2.80    115     12  325.5  335.2  326.1
  499.0   5886   -6.1  -14.1     53   2.59    116     12  325.7  334.7  326.2
  498.0   5901   -5.9  -23.9     23   1.12    117     12  326.1  330.2  326.4
  486.0   6092   -6.9  -31.9     12   0.55    127     12  327.2  329.3  327.3
  480.0   6189   -7.5  -16.5     49   2.21    132     12  327.6  335.4  328.1
  462.0   6486   -8.1  -31.1     14   0.62    149     12  330.5  332.9  330.6
  455.0   6604   -8.8  -27.6     20   0.88    155     12  331.1  334.4  331.2
  444.0   6794   -9.9  -21.9     37   1.50    144     11  332.0  337.5  332.3
  419.0   7238  -13.1  -28.1     27   0.91    120      8  333.4  336.9  333.6
  414.0   7329  -13.9  -20.9     55   1.76    114      7  333.5  340.0  333.9
  411.0   7385  -13.9  -27.9     30   0.94    111      7  334.2  337.8  334.4
  405.0   7496  -14.9  -21.9     55   1.64    105      6  334.3  340.3  334.6
  403.0   7534  -15.3  -19.9     68   1.97    105      6  334.3  341.5  334.7
  400.0   7590  -15.7  -20.4     67   1.90    105      6  334.5  341.4  334.9
  373.0   8113  -18.7  -25.0     58   1.36    135     10  337.3  342.4  337.6
  361.0   8357  -20.1  -27.1     54   1.16    109      7  338.6  343.0  338.8
  359.0   8398  -20.4  -27.4     54   1.13    105      6  338.6  342.9  338.9
  333.0   8949  -25.1  -32.1     52   0.78    114      6  339.6  342.7  339.8
  331.0   8993  -25.3  -31.8     55   0.81    115      6  339.9  343.1  340.1
  326.0   9103  -25.9  -30.9     63   0.90    105      6  340.6  344.1  340.8
  304.0   9605  -29.4  -36.1     52   0.58     60      6  342.5  344.8  342.6
  300.0   9700  -30.1  -37.1     50   0.53     55      6  342.8  345.0  342.9
  292.0   9892  -31.5  -40.9     39   0.37     55      4  343.5  345.0  343.5
  290.0   9940  -31.9  -41.9     36   0.33     58      5  343.6  345.0  343.7
  279.0  10209  -34.2  -46.1     29   0.22     75     10  344.2  345.1  344.2
  256.0  10806  -39.2  -55.4     16   0.08     65     12  345.3  345.7  345.4
  252.0  10916  -40.1  -57.1     15   0.07     68     12  345.5  345.8  345.5
  250.0  10970  -40.5                          70     12  345.7         345.7
  245.0  11104  -41.6                          70     12  346.0         346.0
  235.0  11380  -44.0                          45     12  346.6         346.6
  224.0  11698  -46.7                          40      6  347.2         347.2
  214.0  12001  -49.3                          90      8  347.8         347.8
  200.0  12450  -53.1                          75     16  348.5         348.5
  195.0  12608  -54.5                          75     19  348.9         348.9
  161.0  13800  -64.7                          75     19  351.2         351.2
  150.0  14240  -68.5                          75     16  351.9         351.9
  138.0  14733  -71.5                          70     17  355.1         355.1
  129.0  15131  -73.9                          94     17  357.7         357.7
  125.0  15312  -74.7                         105     17  359.4         359.4
  107.0  16204  -78.8                          80     12  368.0         368.0
  102.0  16478  -80.1                          52      5  370.6         370.6
  100.0  16590  -80.9                          40      2  371.2         371.2
   96.0  16815  -82.7                          30      4  372.1         372.1
   91.0  17111  -85.0                         105      4  373.2         373.2
   86.6  17385  -87.1                         155     12  374.3         374.3
   86.0  17423  -86.8                         155     12  375.6         375.6
   77.0  18039  -81.8                          85     25  398.0         398.0
   70.5  18529  -77.9                          94     31  416.6         416.6
   70.0  18570  -78.1                          95     31  417.0         417.0
   69.0  18652  -78.5                          95     31  417.9         417.9
   66.8  18838  -79.3                          83     26  420.0         420.0
   62.0  19268  -78.1                          55     16  431.6         431.6
   56.0  19855  -76.5                          90     31  448.0         448.0
   51.1  20383  -75.1                          90     44  463.2         463.2
   50.0  20510  -73.1                          90     47  470.8         470.8
   44.0  21287  -65.2                          90     64  507.6         507.6
   43.7  21329  -64.8                          90     64  509.6         509.6
   39.7  21913  -58.9                          88     44  538.6         538.6
   36.0  22536  -56.3                          85     23  560.6         560.6
   34.0  22900  -54.8                          95     19  573.9         573.9
   33.0  23090  -53.9                          30      6  580.9         580.9
   32.7  23148  -53.7                          14      7  583.1         583.1
   31.0  23490  -55.2                         280     16  588.1         588.1
   30.0  23700  -56.1                         265     27  591.1         591.1
   29.0  23915  -57.0                         255     33  594.3         594.3
   27.9  24159  -58.1                         255     25  597.9         597.9
   27.0  24370  -55.7                         260     16  610.3         610.3
   26.0  24612  -53.0                          10      4  624.7         624.7
   25.0  24864  -50.1                          20     10  639.9         639.9
   24.0  25130  -50.2                         330      6  647.0         647.0
   23.0  25408  -50.4                         170      8  654.5         654.5
   20.0  26320  -50.9                         185     12  679.6         679.6
   19.0  26655  -50.7                         235     12  690.3         690.3
   17.2  27304  -50.3                         160     12  711.5         711.5
   16.0  27781  -48.4                         105     12  732.5         732.5
   14.1  28617  -45.1                          67     12  770.6         770.6
   14.0  28665  -45.0                          65     12  772.4         772.4
   13.0  29164  -44.3                          65     14  791.5         791.5
   12.0  29702  -43.5                          55     10  812.6         812.6
   11.0  30288  -42.6                           0     10  836.1         836.1
   10.0  30930  -41.7                          25      8  862.8         862.8
    9.0  31649  -39.6                         325     19  897.0         897.0
    8.4  32120  -38.3                                     920.1         920.1
</PRE><H3>Station information and sounding indices</H3><PRE>
                         Station identifier: WIII
                             Station number: 96749
                           Observation time: 130324/0000
                           Station latitude: -6.11
                          Station longitude: 106.65
                          Station elevation: 8.0
                            Showalter index: -1.26
                               Lifted index: -1.96
    LIFT computed using virtual temperature: -2.43
                                SWEAT index: 205.61
                                    K index: 36.80
                         Cross totals index: 21.90
                      Vertical totals index: 23.90
                        Totals totals index: 45.80
      Convective Available Potential Energy: 202.57
             CAPE using virtual temperature: 286.38
                      Convective Inhibition: -101.47
             CINS using virtual temperature: -81.58
                           Equilibrum Level: 297.46
 Equilibrum Level using virtual temperature: 292.15
                   Level of Free Convection: 703.79
             LFCT using virtual temperature: 734.62
                     Bulk Richardson Number: 517.88
          Bulk Richardson Number using CAPV: 732.15
  Temp [K] of the Lifted Condensation Level: 292.59
Pres [hPa] of the Lifted Condensation Level: 912.28
   Equivalent potential temp [K] of the LCL: 346.99
     Mean mixed layer potential temperature: 300.38
              Mean mixed layer mixing ratio: 15.88
              1000 hPa to 500 hPa thickness: 5781.00
Precipitable water [mm] for entire sounding: 55.55
</PRE>
<P>Description of the 
<A HREF="/upperair/columns.html">data columns</A>
or <A HREF="/upperair/indices.html">sounding indices</A>.

<P>
<FORM>
<INPUT CLASS="button" TYPE="button" VALUE=" Close this window " 
 onClick="window.close();">
<INPUT CLASS="button" TYPE="button" VALUE=" Select another map " 
 onClick="window.blur();">
</FORM>
<HR SIZE="1">
<I>Interested in graduate studies in atmospheric science?
Check out our program at the
<a href="http://www.uwyo.edu/atsc/howtoapply/"
target=_top>University of Wyoming
</a></I>
<HR SIZE="1"><FONT SIZE="-1">
Questions about the weather data provided by this site can be
addressed to <A HREF="mailto:ldoolman@uwyo.edu">
Larry Oolman (ldoolman@uwyo.edu)</A></FONT>
<HR SIZE="1">
<SCRIPT TYPE="text/javascript">
<!--
window.focus();
// -->
</SCRIPT>
</BODY>
</HTML>
