2013-05-15 00
<HTML>
<TITLE>University of Wyoming - Radiosonde Data</TITLE>
<BODY BGCOLOR="white">
<H2>96749 WIII Jakarta Observations at 00Z 15 May 2013</H2>
<PRE>
-----------------------------------------------------------------------------
   PRES   HGHT   TEMP   DWPT   RELH   MIXR   DRCT   SKNT   THTA   THTE   THTV
    hPa     m      C      C      %    g/kg    deg   knot     K      K      K 
-----------------------------------------------------------------------------
 1007.0      8   26.4   23.3     83  18.26    150      2  298.9  352.4  302.2
 1000.0     71   27.2   22.2     74  17.17    165      4  300.4  350.9  303.4
  975.0    296   26.3   22.0     77  17.37    210     12  301.6  353.0  304.7
  968.0    360   26.0   21.9     78  17.42    213     12  301.9  353.6  305.1
  925.0    760   23.0   20.2     84  16.40    230     12  302.8  351.6  305.8
  910.0    902   22.3   19.1     82  15.52    235     14  303.5  349.8  306.3
  850.0   1495   19.4   14.4     73  12.28    260     21  306.4  343.6  308.7
  813.0   1877   17.0   12.0     72  10.95    266     15  307.8  341.3  309.9
  792.0   2098   15.3   11.6     78  10.93    270     12  308.3  341.7  310.3
  764.0   2402   12.9   11.0     88  10.90    290     12  309.0  342.4  311.0
  746.0   2604   11.4   10.6     95  10.87    280     13  309.4  342.8  311.4
  711.0   3005    9.7    9.5     99  10.62    260     14  311.9  344.8  313.8
  700.0   3135    9.2    9.2    100  10.54    265     14  312.6  345.5  314.6
  662.0   3594    6.5    5.2     92   8.48    265     14  314.6  341.3  316.2
  638.0   3898    4.7    2.6     87   7.30    260      4  315.9  339.1  317.2
  615.0   4200    2.8    0.0     82   6.27    295      4  317.1  337.4  318.3
  607.0   4307    2.2   -0.9     80   5.94    294      4  317.6  336.8  318.7
  568.0   4844    0.0   -0.6     96   6.49    291      5  321.1  342.3  322.3
  550.0   5101   -1.3   -2.1     94   5.99    290      6  322.5  342.3  323.7
  510.0   5702   -4.3   -5.7     90   4.94    305      6  325.9  342.5  326.9
  500.0   5860   -5.1   -6.6     89   4.69    275      6  326.8  342.7  327.7
  491.0   6000   -5.8   -7.5     88   4.47    240      6  327.6  342.8  328.4
  454.0   6604   -9.0  -11.3     84   3.58    170      6  331.0  343.5  331.7
  437.0   6898  -10.5  -13.1     81   3.20    215      4  332.7  344.0  333.3
  420.0   7204  -12.1  -15.0     79   2.85     55      2  334.4  344.6  335.0
  400.0   7580  -14.1  -17.4     76   2.45    100      8  336.6  345.5  337.1
  388.0   7810  -15.7  -19.3     74   2.16    115      4  337.5  345.4  337.9
  373.0   8107  -17.7  -21.7     71   1.82    181      4  338.6  345.3  339.0
  358.0   8411  -18.8  -22.7     71   1.73    250      4  341.2  347.7  341.5
  330.0   9014  -20.9  -24.7     71   1.57    240      2  346.3  352.4  346.7
  300.0   9720  -23.3  -27.1     71   1.39    195      6  352.4  357.9  352.7
  292.0   9915  -24.8  -28.5     71   1.25    180      2  353.1  358.1  353.3
  281.0  10192  -26.9  -30.5     71   1.08    325      2  354.0  358.3  354.2
  269.0  10507  -29.2  -32.8     71   0.90     50      8  355.0  358.6  355.1
  258.0  10808  -31.5  -35.0     71   0.76     56     13  355.9  359.0  356.0
  250.0  11030  -33.5  -39.5     55   0.50     60     16  356.1  358.2  356.2
  229.0  11637  -38.3  -44.3     53   0.33     66     17  357.8  359.3  357.9
  222.0  11849  -39.9  -44.0     65   0.35     68     18  358.6  360.1  358.6
  200.0  12550  -46.3                          75     19  359.3         359.3
  198.0  12614  -46.9                          80     19  359.4         359.4
  173.0  13478  -55.0                          65     35  360.2         360.2
  150.0  14390  -63.5                          55     27  360.5         360.5
  135.0  15027  -68.8                          60     23  362.1         362.1
  131.0  15209  -70.3                          50     20  362.6         362.6
  129.0  15298  -70.9                          45     19  363.0         363.0
  110.0  16220  -77.4                          95     19  367.7         367.7
  105.0  16489  -79.3                          70     17  369.1         369.1
  101.0  16714  -80.9                          50     22  370.1         370.1
  100.0  16770  -80.9                          45     23  371.2         371.2
   99.0  16826  -81.3                          40     23  371.4         371.4
   89.4  17395  -85.7                          25     35  373.7         373.7
   89.0  17420  -85.6                          25     33  374.3         374.3
   80.0  18010  -84.3                          90     19  388.6         388.6
   76.0  18295  -83.7                          95     29  395.7         395.7
   75.1  18361  -83.5                          86     29  397.4         397.4
   73.5  18482  -79.3                          70     29  408.7         408.7
   72.0  18599  -79.1                          55     29  411.4         411.4
   70.0  18760  -78.9                          55     29  415.3         415.3
   68.0  18925  -78.5                          50     29  419.6         419.6
   67.2  18993  -78.3                          54     26  421.4         421.4
   65.8  19115  -72.3                          61     20  437.0         437.0
   65.0  19188  -67.3                          65     17  449.5         449.5
   62.0  19474  -66.5                          45     10  457.4         457.4
   59.3  19743  -65.7                         135     14  465.0         465.0
   59.0  19774  -65.9                         145     14  465.3         465.3
   56.0  20089  -67.5                         150     16  468.6         468.6
   53.9  20320  -68.7                         100     12  471.0         471.0
   53.0  20421  -68.6                          90     14  473.4         473.4
   51.0  20651  -68.4                          85     21  479.2         479.2
   50.0  20770  -68.3                          80     23  482.1         482.1
   48.0  21016  -67.7                          55     27  489.3         489.3
   44.0  21541  -66.3                          65     21  504.8         504.8
   41.1  21952  -65.3                          59     11  517.4         517.4
   39.0  22277  -63.5                          55      4  529.8         529.8
   38.0  22438  -62.6                         285     12  536.0         536.0
   36.0  22773  -60.7                         255     10  549.2         549.2
   34.0  23126  -58.7                         270     19  563.4         563.4
   32.8  23349  -57.5                         256     16  572.5         572.5
   31.0  23704  -58.1                         235     12  580.1         580.1
   30.0  23910  -58.5                         235     10  584.6         584.6
   29.3  24058  -58.9                         286      8  587.4         587.4
   28.0  24345  -57.1                          25      4  600.1         600.1
   27.0  24576  -55.6                         325     14  610.5         610.5
   25.6  24913  -53.5                         318     27  625.9         625.9
   24.0  25326  -53.6                         310     43  637.4         637.4
   21.5  26031  -53.7                         304     36  657.3         657.3
   20.0  26500  -48.7                         300     31  686.3         686.3
   18.5  27017  -44.9                         291     37  713.7         713.7
   16.2  27898  -48.5                         275     47  729.6         729.6
   16.0  27980  -48.5                         275     47  732.0         732.0
   14.0  28857  -49.1                         245     45  758.6         758.6
   13.3  29194  -49.3                         238     36  769.1         769.1
   12.0  29877  -44.1                         225     17  810.5         810.5
   11.0  30461  -44.2                         255     21  830.5         830.5
   10.0  31100  -44.3                         270     35  853.1         853.1
    8.0  32603  -42.5                         265     45  916.3         916.3
    7.4  33128  -41.9                                     939.5         939.5
</PRE><H3>Station information and sounding indices</H3><PRE>
                         Station identifier: WIII
                             Station number: 96749
                           Observation time: 130515/0000
                           Station latitude: -6.11
                          Station longitude: 106.65
                          Station elevation: 8.0
                            Showalter index: 0.34
                               Lifted index: -2.89
    LIFT computed using virtual temperature: -3.20
                                SWEAT index: 220.80
                                    K index: 38.90
                         Cross totals index: 19.50
                      Vertical totals index: 24.50
                        Totals totals index: 44.00
      Convective Available Potential Energy: 561.36
             CAPE using virtual temperature: 642.81
                      Convective Inhibition: -59.01
             CINS using virtual temperature: -40.11
                           Equilibrum Level: 344.00
 Equilibrum Level using virtual temperature: 342.94
                   Level of Free Convection: 801.77
             LFCT using virtual temperature: 824.34
                     Bulk Richardson Number: 59.39
          Bulk Richardson Number using CAPV: 68.00
  Temp [K] of the Lifted Condensation Level: 294.13
Pres [hPa] of the Lifted Condensation Level: 919.96
   Equivalent potential temp [K] of the LCL: 352.38
     Mean mixed layer potential temperature: 301.24
              Mean mixed layer mixing ratio: 17.33
              1000 hPa to 500 hPa thickness: 5789.00
Precipitable water [mm] for entire sounding: 62.17
</PRE>
<P>Description of the 
<A HREF="/upperair/columns.html">data columns</A>
or <A HREF="/upperair/indices.html">sounding indices</A>.

<P>
<FORM>
<INPUT CLASS="button" TYPE="button" VALUE=" Close this window " 
 onClick="window.close();">
<INPUT CLASS="button" TYPE="button" VALUE=" Select another map " 
 onClick="window.blur();">
</FORM>
<HR SIZE="1">
<I>Interested in graduate studies in atmospheric science?
Check out our program at the
<a href="http://www.uwyo.edu/atsc/howtoapply/"
target=_top>University of Wyoming
</a></I>
<HR SIZE="1"><FONT SIZE="-1">
Questions about the weather data provided by this site can be
addressed to <A HREF="mailto:ldoolman@uwyo.edu">
Larry Oolman (ldoolman@uwyo.edu)</A></FONT>
<HR SIZE="1">
<SCRIPT TYPE="text/javascript">
<!--
window.focus();
// -->
</SCRIPT>
</BODY>
</HTML>
