2015-11-15 00
<HTML>
<TITLE>University of Wyoming - Radiosonde Data</TITLE>
<BODY BGCOLOR="white">
<H2>96749 WIII Jakarta Observations at 00Z 15 Nov 2015</H2>
<PRE>
-----------------------------------------------------------------------------
   PRES   HGHT   TEMP   DWPT   RELH   MIXR   DRCT   SKNT   THTA   THTE   THTV
    hPa     m      C      C      %    g/kg    deg   knot     K      K      K 
-----------------------------------------------------------------------------
 1010.0      8   26.0   24.4     91  19.49    160      3  298.3  355.2  301.8
 1000.0    100   26.6   23.1     81  18.17    145      4  299.8  353.1  303.0
  978.0    296   25.6   21.7     79  17.00    115      8  300.6  350.7  303.7
  945.0    599   24.0   19.5     76  15.32     95     10  302.0  347.4  304.8
  925.0    787   23.0   18.1     74  14.34     95     12  302.8  345.5  305.4
  917.0    863   22.6   17.6     73  14.01     95     12  303.2  344.9  305.7
  913.0    901   22.4   17.5     74  13.94     95     12  303.3  344.9  305.8
  850.0   1520   18.2   15.1     82  12.86     85     14  305.2  343.9  307.6
  818.0   1849   16.6   13.5     82  12.03     79     16  306.9  343.4  309.1
  794.0   2102   15.5    7.0     57   7.95     75     17  308.3  332.9  309.8
  792.0   2124   15.4    6.4     55   7.67     75     17  308.4  332.1  309.9
  771.0   2352   13.8   10.6     81  10.52     77     15  309.1  341.4  311.0
  746.0   2630   13.0    5.0     58   7.38     80     13  311.1  334.3  312.5
  742.0   2675   13.4   -0.6     38   4.96     80     12  312.1  327.9  313.0
  700.0   3163   10.6    1.6     54   6.18     85      8  314.2  333.9  315.4
  664.0   3600    7.4    2.7     72   7.05     80     10  315.4  337.9  316.7
  617.0   4197    4.0   -4.0     56   4.62     90     10  318.2  333.4  319.1
  595.0   4492    2.4   -7.4     48   3.71     75      8  319.6  332.0  320.3
  573.0   4798    0.7  -10.8     42   2.94    100      8  321.1  331.0  321.6
  567.0   4883    0.2  -11.8     40   2.75    100      8  321.5  330.8  322.0
  564.0   4926    0.6  -17.4     25   1.74    100      8  322.4  328.5  322.8
  559.0   4997    0.0  -12.0     40   2.74    100      8  322.5  331.9  323.1
  512.0   5692   -4.5  -17.3     36   1.94    100      6  325.3  332.1  325.7
  500.0   5880   -5.7  -18.7     35   1.76     60      4  326.0  332.3  326.4
  493.0   5990   -6.4  -17.9     40   1.91     35      4  326.5  333.3  326.9
  474.0   6296   -8.3  -15.6     56   2.41    300      4  327.8  336.3  328.3
  451.0   6683  -10.7  -12.7     85   3.21    306      5  329.5  340.7  330.1
  439.0   6890  -12.2  -14.2     85   2.92    310      6  330.1  340.4  330.7
  426.0   7120  -13.9  -15.9     85   2.61    257      4  330.8  340.1  331.4
  423.0   7174  -13.3  -19.3     61   1.97    244      4  332.3  339.4  332.7
  422.0   7192  -13.4  -20.9     53   1.73    240      4  332.4  338.7  332.7
  415.0   7320  -13.9  -31.9     20   0.64    238      5  333.3  335.8  333.4
  413.0   7357  -13.9  -26.9     32   1.03    238      6  333.8  337.6  334.0
  409.0   7431  -13.5  -38.5     10   0.34    237      6  335.2  336.6  335.3
  404.0   7524  -14.3  -18.9     68   2.14    236      7  335.4  343.1  335.8
  402.0   7562  -14.3  -22.3     51   1.60    235      8  335.8  341.8  336.2
  400.0   7600  -14.5  -18.9     69   2.16    235      8  336.1  343.9  336.5
  397.0   7657  -15.1  -19.3     70   2.10    235      7  336.0  343.7  336.4
  390.0   7791  -15.9  -21.1     64   1.83    235      6  336.6  343.4  337.0
  377.0   8046  -17.5  -24.5     54   1.40    275      9  337.8  343.1  338.1
  374.0   8105  -18.0  -25.6     51   1.28    285     10  337.9  342.8  338.2
  362.0   8348  -20.1  -30.1     41   0.87    282     10  338.3  341.7  338.5
  361.0   8368  -20.1  -41.1     14   0.29    282     10  338.6  339.8  338.6
  350.0   8596  -21.9  -39.9     18   0.34    280     10  339.1  340.5  339.2
  348.0   8638  -22.1  -31.1     44   0.82    279     10  339.4  342.6  339.6
  334.0   8939  -24.5  -28.9     67   1.06    276     10  340.1  344.2  340.4
  333.0   8960  -24.7  -34.7     39   0.61    275     10  340.2  342.6  340.3
  332.0   8982  -24.9  -27.5     79   1.21    275     10  340.2  344.8  340.4
  331.0   9004  -25.1  -27.7     79   1.19    275     10  340.2  344.7  340.4
  319.0   9271  -27.7  -30.4     78   0.96    252     11  340.2  343.9  340.4
  317.0   9316  -27.9  -32.9     62   0.76    249     11  340.5  343.5  340.7
  314.0   9384  -27.7  -41.7     25   0.31    243     11  341.7  343.1  341.8
  305.0   9592  -29.1  -39.3     37   0.42    225     12  342.6  344.3  342.7
  300.0   9710  -29.9  -37.9     46   0.49    230     12  343.1  345.1  343.2
  294.0   9854  -31.1  -38.1     50   0.49    233     12  343.4  345.4  343.5
  275.0  10327  -34.3  -48.3     23   0.17    244     12  345.4  346.1  345.4
  257.0  10798  -38.0  -50.6     26   0.14    255     12  346.7  347.3  346.7
  250.0  10990  -39.5  -51.5     27   0.13    250     14  347.2  347.8  347.2
  247.0  11072  -40.1  -50.1     33   0.16    251     14  347.5  348.2  347.5
  200.0  12470  -51.7                         260     23  350.7         350.7
  162.0  13788  -63.7                         255     27  352.3         352.3
  150.0  14270  -68.1                         245     23  352.6         352.6
  147.0  14388  -69.1                         250     23  352.9         352.9
  133.0  14975  -73.9                         265     21  354.6         354.6
  125.0  15339  -76.9                         250     18  355.5         355.5
  108.0  16169  -81.1                         215     12  362.7         362.7
  100.0  16600  -81.7                         170      4  369.6         369.6
   97.0  16773  -81.3                         145      6  373.7         373.7
   92.0  17074  -80.5                          45     10  380.9         380.9
   87.0  17392  -79.7                           0     10  388.7         388.7
   78.0  18012  -78.1                           5     10  404.3         404.3
   76.9  18093  -77.9                         350     11  406.4         406.4
   74.0  18317  -75.7                         310     14  415.5         415.5
   71.0  18557  -73.3                         280     19  425.5         425.5
   70.0  18640  -72.5                         280     21  428.9         428.9
   66.2  18968  -71.5                         277     33  438.0         438.0
   64.0  19167  -71.7                         275     41  441.8         441.8
   53.3  20242  -72.9                         200      7  462.8         462.8
   52.0  20388  -71.1                         190      2  470.2         470.2
   50.0  20620  -68.3                         320      6  482.1         482.1
   49.0  20743  -66.3                           0      8  489.7         489.7
   47.0  20996  -62.1                          85      4  505.5         505.5
   46.7  21035  -61.5                          78      4  507.9         507.9
   45.0  21266  -61.2                          35      4  514.0         514.0
   43.0  21549  -60.9                         285     14  521.4         521.4
   35.0  22830  -59.5                         275     37  556.7         556.7
   34.0  23011  -59.4                         255     31  561.8         561.8
   31.0  23586  -58.7                         270     23  578.5         578.5
   30.0  23790  -58.5                         260     23  584.6         584.6
   28.3  24158  -57.1                         226     23  598.3         598.3
   28.0  24225  -57.3                         220     23  599.6         599.6
   25.2  24888  -59.1                         187     17  612.7         612.7
   25.0  24939  -58.8                         185     17  615.1         615.1
   24.0  25201  -56.9                         110      6  627.6         627.6
   23.0  25473  -55.0                         345      4  640.8         640.8
   22.0  25758  -53.1                         285      8  654.9         654.9
   21.0  26057  -51.0                         295     14  669.8         669.8
   20.2  26305  -49.3                                     682.6         682.6
</PRE><H3>Station information and sounding indices</H3><PRE>
                         Station identifier: WIII
                             Station number: 96749
                           Observation time: 151115/0000
                           Station latitude: -6.11
                          Station longitude: 106.65
                          Station elevation: 8.0
                            Showalter index: -0.36
                               Lifted index: -3.07
    LIFT computed using virtual temperature: -3.82
                                SWEAT index: 213.21
                                    K index: 30.00
                         Cross totals index: 20.80
                      Vertical totals index: 23.90
                        Totals totals index: 44.70
      Convective Available Potential Energy: 713.03
             CAPE using virtual temperature: 885.92
                      Convective Inhibition: -49.18
             CINS using virtual temperature: -31.58
                           Equilibrum Level: 205.87
 Equilibrum Level using virtual temperature: 205.83
                   Level of Free Convection: 790.52
             LFCT using virtual temperature: 856.13
                     Bulk Richardson Number: 170.03
          Bulk Richardson Number using CAPV: 211.26
  Temp [K] of the Lifted Condensation Level: 294.28
Pres [hPa] of the Lifted Condensation Level: 931.06
   Equivalent potential temp [K] of the LCL: 351.18
     Mean mixed layer potential temperature: 300.36
              Mean mixed layer mixing ratio: 17.31
              1000 hPa to 500 hPa thickness: 5780.00
Precipitable water [mm] for entire sounding: 50.28
</PRE>
<P>Description of the 
<A HREF="/upperair/columns.html">data columns</A>
or <A HREF="/upperair/indices.html">sounding indices</A>.

<P>
<FORM>
<INPUT CLASS="button" TYPE="button" VALUE=" Close this window " 
 onClick="window.close();">
<INPUT CLASS="button" TYPE="button" VALUE=" Select another map " 
 onClick="window.blur();">
</FORM>
<HR SIZE="1">
<I>Interested in graduate studies in atmospheric science?
Check out our program at the
<a href="http://www.uwyo.edu/atsc/howtoapply/"
target=_top>University of Wyoming
</a></I>
<HR SIZE="1"><FONT SIZE="-1">
Questions about the weather data provided by this site can be
addressed to <A HREF="mailto:ldoolman@uwyo.edu">
Larry Oolman (ldoolman@uwyo.edu)</A></FONT>
<HR SIZE="1">
<SCRIPT TYPE="text/javascript">
<!--
window.focus();
// -->
</SCRIPT>
</BODY>
</HTML>
