2013-02-11 12
<HTML>
<TITLE>University of Wyoming - Radiosonde Data</TITLE>
<BODY BGCOLOR="white">
<H2>96749 WIII Jakarta Observations at 00Z 11 Feb 2013</H2>
<PRE>
-----------------------------------------------------------------------------
   PRES   HGHT   TEMP   DWPT   RELH   MIXR   DRCT   SKNT   THTA   THTE   THTV
    hPa     m      C      C      %    g/kg    deg   knot     K      K      K 
-----------------------------------------------------------------------------
 1008.0      8   24.8   24.1     96  19.17    220      2  297.3  353.0  300.7
 1000.0     78   25.0   21.9     83  16.85    220      2  298.1  347.3  301.1
  990.0    167   25.8   21.5     77  16.61    276      1  299.8  348.6  302.8
  975.0    301   25.0   20.6     76  15.89      0      0  300.3  347.1  303.2
  942.0    603   23.2   18.4     75  14.37    350      6  301.4  343.9  304.0
  925.0    763   22.2   17.3     74  13.62      0      4  302.0  342.4  304.5
  910.0    904   21.3   16.6     74  13.20     10      4  302.5  341.8  304.9
  879.0   1203   19.4   15.0     76  12.35     45      2  303.6  340.5  305.8
  850.0   1493   17.6   13.5     77  11.57     20      2  304.6  339.4  306.7
  849.0   1503   17.6   13.5     77  11.55     20      2  304.6  339.4  306.7
  820.0   1798   16.1   12.2     78  11.02     65      4  306.1  339.5  308.1
  791.0   2105   14.6   10.9     79  10.49    160      2  307.6  339.6  309.6
  766.0   2378   13.2    9.8     80  10.03    239      2  309.0  339.8  310.9
  764.0   2399   13.0    9.7     80  10.01    245      2  309.1  339.8  310.9
  711.0   3001    8.7    8.0     96   9.58     90      2  310.7  340.3  312.5
  710.0   3012    8.6    8.0     96   9.57     88      2  310.7  340.4  312.5
  700.0   3130    8.2    7.1     93   9.12     65      2  311.5  339.9  313.2
  685.0   3309    7.9    4.9     81   7.98     35      2  313.1  338.2  314.6
  670.0   3492    7.6    2.6     71   6.94     72      4  314.8  336.9  316.1
  661.0   3603    7.0   -0.8     58   5.51     95      6  315.4  333.1  316.4
  654.0   3691    6.6   -3.4     49   4.57    105      5  315.8  330.7  316.7
  637.0   3907    5.7    0.3     68   6.20    130      4  317.2  337.2  318.4
  635.0   3933    5.6    0.8     71   6.43    137      4  317.4  338.1  318.6
  614.0   4205    4.1   -1.6     67   5.59    215      2  318.7  336.9  319.8
  592.0   4501    2.5   -4.1     62   4.79    125      2  320.2  336.0  321.1
  570.0   4808    0.8   -6.8     57   4.06    150     10  321.7  335.3  322.5
  560.0   4951    0.0   -8.0     55   3.76    143     11  322.4  335.0  323.1
  549.0   5109   -1.2   -7.1     64   4.11    135     12  322.8  336.6  323.6
  529.0   5404   -3.3   -5.4     85   4.85     75      8  323.6  339.9  324.6
  524.0   5480   -3.9   -5.0     92   5.06     79      8  323.9  340.8  324.8
  507.0   5740   -3.9  -12.9     50   2.81     94     10  326.9  336.7  327.5
  500.0   5850   -4.7  -10.7     63   3.40    100     10  327.2  339.0  327.9
  490.0   6008   -5.6  -12.1     60   3.10    105     12  328.0  338.8  328.7
  463.0   6451   -8.1  -16.1     53   2.36    100     14  330.3  338.7  330.8
  437.0   6896  -11.3  -21.1     44   1.63     95     16  331.7  337.7  332.0
  434.0   6950  -11.7  -21.7     43   1.56     99     16  331.9  337.6  332.2
  424.0   7128  -12.3  -31.3     19   0.66    112     16  333.3  335.9  333.4
  408.0   7420  -14.3  -20.3     60   1.88    134     17  334.4  341.3  334.8
  404.0   7495  -14.9  -20.9     60   1.80    140     17  334.6  341.2  334.9
  400.0   7570  -15.5  -21.5     60   1.73    140     17  334.8  341.1  335.1
  380.0   7956  -18.5  -23.3     66   1.55    140     13  335.7  341.5  336.1
  373.0   8093  -19.5  -24.8     63   1.38    140     12  336.2  341.3  336.4
  358.0   8397  -21.8  -28.0     57   1.07    120      6  337.1  341.1  337.3
  346.0   8649  -23.7  -30.7     53   0.86    128      9  337.8  341.1  338.0
  343.0   8713  -24.1  -30.2     57   0.91    130     10  338.1  341.6  338.3
  335.0   8885  -25.1  -29.0     70   1.04    105     11  339.0  343.0  339.2
  329.0   9016  -25.9  -31.6     59   0.83     85     12  339.6  342.9  339.8
  321.0   9195  -27.1  -35.1     47   0.61     87     12  340.4  342.8  340.6
  304.0   9586  -29.9  -35.9     56   0.59     90     12  341.8  344.2  341.9
  303.0   9609  -30.1  -36.4     54   0.57     90     12  341.9  344.1  342.0
  300.0   9680  -30.7  -37.7     50   0.50     85     12  342.0  344.0  342.1
  291.0   9894  -32.4  -41.3     41   0.35     60     16  342.5  344.0  342.6
  272.0  10369  -36.3  -49.3     25   0.16     68     14  343.6  344.3  343.6
  267.0  10497  -37.3  -49.8     26   0.15     70     14  344.0  344.6  344.0
  253.0  10869  -40.1  -51.1     30   0.14     54     14  345.1  345.7  345.2
  250.0  10950  -40.7                          50     14  345.4         345.4
  244.0  11110  -42.0                          40     14  345.8         345.8
  200.0  12420  -53.1                          55     16  348.5         348.5
  177.0  13180  -59.7                          60     16  350.0         350.0
  161.0  13770  -64.9                          40     16  351.0         351.0
  150.0  14210  -68.7                          50     14  351.6         351.6
  125.0  15274  -76.5                         100     14  356.3         356.3
  118.0  15610  -78.9                          70     12  357.7         357.7
  112.0  15907  -79.0                         210     10  362.9         362.9
  106.0  16220  -79.1                         265     14  368.5         368.5
  105.0  16273  -79.1                         263     15  369.5         369.5
  100.0  16550  -79.9                         255     21  373.1         373.1
   86.0  17394  -82.4                         235     23  384.6         384.6
   82.0  17660  -83.2                         255     23  388.2         388.2
   78.3  17919  -83.9                         260     17  391.8         391.8
   77.0  18011  -83.8                         255     17  393.9         393.9
   70.0  18540  -83.3                         170     10  405.9         405.9
   65.9  18876  -82.9                         120     13  413.8         413.8
   62.0  19219  -79.8                          70     16  428.0         428.0
   60.5  19357  -78.5                          58     18  433.8         433.8
   59.0  19500  -78.6                          45     21  436.7         436.7
   53.0  20109  -79.2                          75     31  448.9         448.9
   50.0  20440  -79.5                         100     35  455.8         455.8
   48.9  20567  -77.7                          99     40  462.9         462.9
   48.1  20663  -73.7                          99     43  474.6         474.6
   43.0  21334  -68.3                          95     68  503.3         503.3
   39.7  21813  -64.5                          87     71  524.5         524.5
   39.1  21908  -62.4                          85     72  532.2         532.2
   39.0  21923  -62.0                          85     72  533.5         533.5
   38.1  22069  -58.7                          83     65  545.5         545.5
   34.0  22793  -56.5                          75     31  569.3         569.3
   32.0  23179  -55.3                          45     12  582.3         582.3
   31.0  23381  -54.7                         215      4  589.3         589.3
   30.0  23590  -54.1                         175     10  596.6         596.6
   27.1  24244  -52.3                         122     12  619.2         619.2
   27.0  24268  -52.4                         120     12  619.6         619.6
   25.4  24662  -53.5                         124     15  627.3         627.3
   25.0  24765  -53.0                         125     16  631.7         631.7
   23.0  25307  -50.2                         180     12  655.0         655.0
   22.0  25596  -48.8                         175     12  667.7         667.7
   21.7  25685  -48.3                         162     12  671.7         671.7
   21.0  25900  -48.9                         130     12  676.1         676.1
   20.0  26220  -49.9                          45     17  682.7         682.7
   19.0  26554  -50.0                          20     25  692.6         692.6
   17.0  27280  -50.1                         320     14  714.6         714.6
   16.4  27514  -50.1                         326      9  721.9         721.9
   16.0  27676  -48.5                         330      6  732.1         732.1
   15.7  27800  -47.3                          21      9  740.1         740.1
   15.0  28100  -47.4                         145     16  749.3         749.3
   12.0  29569  -48.1                          65     10  796.2         796.2
   11.0  30142  -48.4                          85     19  815.2         815.2
   10.7  30324  -48.5                          84     20  821.4         821.4
   10.0  30770  -46.1                          80     21  846.4         846.4
    9.3  31254  -44.3                          77     22  870.9         870.9
    9.0                                        75     23                     
</PRE><H3>Station information and sounding indices</H3><PRE>
                         Station identifier: WIII
                             Station number: 96749
                           Observation time: 130211/0000
                           Station latitude: -6.11
                          Station longitude: 106.65
                          Station elevation: 8.0
                            Showalter index: 2.46
                               Lifted index: -0.67
    LIFT computed using virtual temperature: -1.04
                                SWEAT index: 176.01
                                    K index: 34.70
                         Cross totals index: 18.20
                      Vertical totals index: 22.30
                        Totals totals index: 40.50
      Convective Available Potential Energy: 291.95
             CAPE using virtual temperature: 393.20
                      Convective Inhibition: -59.26
             CINS using virtual temperature: -34.97
                           Equilibrum Level: 248.31
 Equilibrum Level using virtual temperature: 248.41
                   Level of Free Convection: 763.68
             LFCT using virtual temperature: 829.40
                     Bulk Richardson Number: 247.86
          Bulk Richardson Number using CAPV: 333.82
  Temp [K] of the Lifted Condensation Level: 293.15
Pres [hPa] of the Lifted Condensation Level: 924.79
   Equivalent potential temp [K] of the LCL: 347.28
     Mean mixed layer potential temperature: 299.78
              Mean mixed layer mixing ratio: 16.23
              1000 hPa to 500 hPa thickness: 5772.00
Precipitable water [mm] for entire sounding: 52.74
</PRE>
<P>Description of the 
<A HREF="/upperair/columns.html">data columns</A>
or <A HREF="/upperair/indices.html">sounding indices</A>.

<P>
<FORM>
<INPUT CLASS="button" TYPE="button" VALUE=" Close this window " 
 onClick="window.close();">
<INPUT CLASS="button" TYPE="button" VALUE=" Select another map " 
 onClick="window.blur();">
</FORM>
<HR SIZE="1">
<I>Interested in graduate studies in atmospheric science?
Check out our program at the
<a href="http://www.uwyo.edu/atsc/howtoapply/"
target=_top>University of Wyoming
</a></I>
<HR SIZE="1"><FONT SIZE="-1">
Questions about the weather data provided by this site can be
addressed to <A HREF="mailto:ldoolman@uwyo.edu">
Larry Oolman (ldoolman@uwyo.edu)</A></FONT>
<HR SIZE="1">
<SCRIPT TYPE="text/javascript">
<!--
window.focus();
// -->
</SCRIPT>
</BODY>
</HTML>
