2013-03-25 12
<HTML>
<TITLE>University of Wyoming - Radiosonde Data</TITLE>
<BODY BGCOLOR="white">
<H2>96749 WIII Jakarta Observations at 00Z 25 Mar 2013</H2>
<PRE>
-----------------------------------------------------------------------------
   PRES   HGHT   TEMP   DWPT   RELH   MIXR   DRCT   SKNT   THTA   THTE   THTV
    hPa     m      C      C      %    g/kg    deg   knot     K      K      K 
-----------------------------------------------------------------------------
 1007.0      8   25.2   24.0     93  19.08      0      0  297.8  353.3  301.1
 1000.0     75   26.0   22.1     79  17.07    110      2  299.1  349.1  302.2
  975.0    298   24.9   21.3     80  16.63    110      8  300.2  349.1  303.2
  952.0    509   23.8   20.5     82  16.23     89      8  301.1  349.1  304.1
  942.0    601   23.4   19.7     80  15.55     80      8  301.6  347.6  304.4
  925.0    761   22.6   18.2     76  14.43     75      8  302.4  345.3  305.0
  910.0    903   21.7   17.3     76  13.84     75      8  302.9  344.1  305.4
  880.0   1193   19.9   15.4     75  12.68     85     10  303.9  341.9  306.2
  850.0   1493   18.0   13.5     75  11.57     60      6  305.0  339.9  307.1
  792.0   2094   14.7   11.2     79  10.63     25      4  307.7  340.1  309.7
  760.0   2445   12.8    9.8     82  10.11    341      3  309.3  340.4  311.1
  711.0   3002    9.6    7.2     85   9.04    270      2  311.6  339.8  313.3
  700.0   3132    8.8    6.6     86   8.81    275      2  312.2  339.7  313.9
  686.0   3299    8.1    6.2     88   8.72    285      2  313.2  340.6  314.9
  684.0   3324    8.0    6.1     88   8.71    299      2  313.4  340.7  315.0
  675.0   3433    7.8    1.8     66   6.50      4      2  314.3  335.1  315.6
  662.0   3593    6.9    1.7     69   6.59    100      2  315.1  336.1  316.4
  638.0   3896    5.2    1.5     77   6.75    130      4  316.5  338.2  317.8
  632.0   3974    4.8    1.5     79   6.80    107      3  316.9  338.7  318.2
  615.0   4195    3.6   -0.3     75   6.10     40      2  318.0  337.8  319.2
  593.0   4489    2.0   -2.8     70   5.27    350      8  319.5  336.8  320.5
  566.0   4867    0.0   -6.0     64   4.34    359      9  321.4  335.9  322.2
  550.0   5096   -1.5   -8.1     61   3.81      5     10  322.3  335.1  323.0
  539.0   5257   -2.5   -9.5     59   3.47     21      9  322.9  334.7  323.6
  537.0   5286   -2.7  -14.7     39   2.29     24      9  323.0  331.0  323.5
  524.0   5480   -3.1  -15.1     39   2.27     43      9  324.8  332.8  325.3
  510.0   5694   -4.5  -16.5     39   2.08     65      8  325.7  333.0  326.1
  500.0   5850   -5.5  -17.5     38   1.95     50      8  326.3  333.2  326.6
  498.0   5881   -5.3  -28.3     15   0.75     47      8  326.9  329.7  327.0
  491.0   5992   -6.0  -26.2     19   0.92     35      8  327.3  330.7  327.5
  481.0   6153   -7.1  -23.1     27   1.25     38      8  327.9  332.5  328.2
  477.0   6218   -7.5  -17.5     45   2.04     39      8  328.2  335.5  328.6
  472.0   6300   -7.8  -20.0     37   1.66     40      8  328.8  334.8  329.1
  468.0   6366   -8.1  -22.1     31   1.40     48      8  329.3  334.4  329.5
  464.0   6433   -8.7  -16.7     52   2.24     55      8  329.3  337.3  329.8
  457.0   6551   -9.1  -23.1     31   1.31     69      8  330.3  335.1  330.5
  455.0   6585   -9.3  -21.3     37   1.54     73      8  330.4  336.0  330.7
  454.0   6602   -9.2  -23.2     31   1.30     75      8  330.7  335.5  330.9
  451.0   6653   -9.1  -29.1     18   0.77     74      8  331.5  334.4  331.7
  441.0   6826  -10.3  -18.3     52   2.06     69      8  332.1  339.6  332.5
  434.0   6949  -11.1  -36.1     11   0.41     66      9  332.6  334.2  332.7
  410.0   7383  -14.3  -23.3     46   1.44     55     10  333.9  339.3  334.2
  400.0   7570  -15.3  -24.3     46   1.35     50     10  335.0  340.0  335.3
  390.0   7761  -16.5  -24.5     50   1.36     50      8  335.9  340.9  336.1
  388.0   7799  -16.8  -25.3     48   1.27     50      8  336.0  340.8  336.3
  373.0   8094  -18.8  -31.4     32   0.75     25      8  337.1  340.0  337.3
  368.0   8195  -19.5  -33.5     28   0.62     32      8  337.5  339.9  337.6
  358.0   8399  -21.1  -34.2     30   0.59     45      8  338.0  340.4  338.1
  346.0   8650  -23.1  -35.1     32   0.56     39      9  338.6  340.9  338.7
  306.0   9539  -29.5  -38.5     41   0.45     16     12  341.8  343.6  341.8
  304.0   9586  -30.0  -38.6     43   0.45     15     12  341.7  343.6  341.8
  300.0   9680  -30.9  -38.9     45   0.44     30     10  341.7  343.5  341.8
  291.0   9893  -32.6  -40.0     47   0.40     60      4  342.3  344.0  342.4
  279.0  10186  -34.9  -41.6     50   0.36    180      6  343.1  344.6  343.2
  254.0  10842  -40.1  -45.1     59   0.27    107      9  344.7  345.9  344.8
  250.0  10950  -40.9                          95     10  345.1         345.1
  245.0  11084  -42.0                          85      8  345.5         345.5
  204.0  12299  -51.8                          85     12  348.6         348.6
  200.0  12430  -52.9                          75     12  348.8         348.8
  195.0  12588  -54.2                          60     14  349.4         349.4
  153.0  14097  -66.3                          65     16  353.7         353.7
  150.0  14220  -67.3                          65     16  354.0         354.0
  146.0  14379  -68.3                          60     14  354.9         354.9
  132.0  14971  -72.3                          85      8  358.3         358.3
  119.0  15580  -76.3                         345      6  361.6         361.6
  116.0  15730  -77.3                         347      7  362.4         362.4
  113.0  15879  -78.1                         350      8  363.6         363.6
  107.0  16189  -79.8                          20     14  366.1         366.1
  106.0  16243  -80.1                          21     13  366.6         366.6
  100.0  16570  -81.9                          25     10  369.2         369.2
   96.0  16796  -83.3                          30     12  370.9         370.9
   87.2  17328  -86.5                          95     12  374.8         374.8
   86.0  17404  -86.5                          90     14  376.3         376.3
   82.0  17665  -86.3                          75     19  381.7         381.7
   80.4  17773  -86.3                          76     18  383.9         383.9
   77.4  17983  -82.1                          77     18  396.9         396.9
   73.0  18313  -80.3                          80     16  407.2         407.2
   70.0  18550  -79.1                          60     10  414.8         414.8
   69.0  18632  -78.4                          60      8  418.1         418.1
   68.9  18640  -78.3                          61      8  418.4         418.4
   66.0  18884  -78.3                          90     16  423.6         423.6
   61.1  19322  -78.3                          97     24  433.1         433.1
   59.0  19522  -77.1                         100     27  440.1         440.1
   54.7  19956  -74.5                          89     37  455.7         455.7
   52.9  20153  -68.3                          84     42  474.4         474.4
   50.0  20490  -67.1                          75     49  484.9         484.9
   48.0  20737  -66.6                          75     52  491.9         491.9
   44.3  21223  -65.5                          89     58  505.9         505.9
   44.0  21265  -64.8                          90     58  508.5         508.5
   41.5  21626  -59.1                          91     53  531.3         531.3
   36.0  22522  -58.2                          95     41  555.6         555.6
   34.0  22882  -57.9                          85     25  565.7         565.7
   33.0  23070  -57.7                         250      4  571.0         571.0
   31.0  23464  -57.3                         220     10  582.4         582.4
   30.0  23670  -57.1                         150     19  588.4         588.4
   28.1  24086  -54.5                         113     18  606.7         606.7
   26.0  24583  -54.7                          70     17  619.9         619.9
   25.0  24834  -54.7                          15      4  626.6         626.6
   23.0  25367  -54.9                         155     10  641.3         641.3
   21.0  25955  -51.5                         100     10  668.4         668.4
   20.0  26270  -49.7                         100      8  683.3         683.3
   19.2  26537  -49.5                         100     14  691.9         691.9
   19.0  26607  -49.2                         100     16  695.0         695.0
   16.0  27749  -43.7                         350     10  747.8         747.8
   15.4  28004  -42.5                          70      6  760.0         760.0
   15.0  28181  -42.6                         125      4  765.5         765.5
   14.0  28646  -42.8                          90      8  780.0         780.0
   13.0  29145  -43.0                         355     25  796.0         796.0
   12.0  29684  -43.2                         320      6  813.6         813.6
   11.0  30270  -43.5                         355     12  833.2         833.2
   10.8  30394  -43.5                                     837.4         837.4
</PRE><H3>Station information and sounding indices</H3><PRE>
                         Station identifier: WIII
                             Station number: 96749
                           Observation time: 130325/0000
                           Station latitude: -6.11
                          Station longitude: 106.65
                          Station elevation: 8.0
                            Showalter index: 1.46
                               Lifted index: -2.19
    LIFT computed using virtual temperature: -2.86
                                SWEAT index: 182.01
                                    K index: 34.80
                         Cross totals index: 19.00
                      Vertical totals index: 23.50
                        Totals totals index: 42.50
      Convective Available Potential Energy: 606.25
             CAPE using virtual temperature: 745.79
                      Convective Inhibition: -51.82
             CINS using virtual temperature: -33.47
                           Equilibrum Level: 203.13
 Equilibrum Level using virtual temperature: 203.15
                   Level of Free Convection: 805.44
             LFCT using virtual temperature: 852.16
                     Bulk Richardson Number: 215.79
          Bulk Richardson Number using CAPV: 265.46
  Temp [K] of the Lifted Condensation Level: 293.85
Pres [hPa] of the Lifted Condensation Level: 931.00
   Equivalent potential temp [K] of the LCL: 349.28
     Mean mixed layer potential temperature: 299.93
              Mean mixed layer mixing ratio: 16.83
              1000 hPa to 500 hPa thickness: 5775.00
Precipitable water [mm] for entire sounding: 52.21
</PRE>
<P>Description of the 
<A HREF="/upperair/columns.html">data columns</A>
or <A HREF="/upperair/indices.html">sounding indices</A>.

<P>
<FORM>
<INPUT CLASS="button" TYPE="button" VALUE=" Close this window " 
 onClick="window.close();">
<INPUT CLASS="button" TYPE="button" VALUE=" Select another map " 
 onClick="window.blur();">
</FORM>
<HR SIZE="1">
<I>Interested in graduate studies in atmospheric science?
Check out our program at the
<a href="http://www.uwyo.edu/atsc/howtoapply/"
target=_top>University of Wyoming
</a></I>
<HR SIZE="1"><FONT SIZE="-1">
Questions about the weather data provided by this site can be
addressed to <A HREF="mailto:ldoolman@uwyo.edu">
Larry Oolman (ldoolman@uwyo.edu)</A></FONT>
<HR SIZE="1">
<SCRIPT TYPE="text/javascript">
<!--
window.focus();
// -->
</SCRIPT>
</BODY>
</HTML>
