2015-09-01 12
<HTML>
<TITLE>University of Wyoming - Radiosonde Data</TITLE>
<BODY BGCOLOR="white">
<H2>96749 WIII Jakarta Observations at 00Z 01 Sep 2015</H2>
<PRE>
-----------------------------------------------------------------------------
   PRES   HGHT   TEMP   DWPT   RELH   MIXR   DRCT   SKNT   THTA   THTE   THTV
    hPa     m      C      C      %    g/kg    deg   knot     K      K      K 
-----------------------------------------------------------------------------
 1016.0      8   24.6   21.1     81  15.77    200      4  296.4  342.0  299.2
 1000.0    146   25.0   20.0     74  14.95    165      6  298.1  341.8  300.8
  983.0    296   24.5   18.4     69  13.71    120      8  299.1  339.2  301.5
  969.0    422   24.0   17.0     65  12.74    118      9  299.8  337.3  302.1
  925.0    827   20.8   15.8     73  12.35    110     14  300.6  337.1  302.8
  917.0    902   20.3   15.0     72  11.82    110     14  300.8  335.8  302.9
  856.0   1493   16.4    8.7     60   8.28     85     17  302.7  327.7  304.2
  850.0   1553   16.0    8.0     59   7.98     85     16  302.9  327.0  304.4
  842.0   1633   15.4    9.4     67   8.86     87     15  303.1  329.8  304.7
  826.0   1795   14.0    9.6     75   9.18     90     12  303.3  330.9  304.9
  808.0   1982   12.4    9.9     85   9.56     68     11  303.5  332.2  305.2
  797.0   2097   13.4    0.2     40   4.90     55     10  305.7  321.0  306.6
  786.0   2214   14.4   -9.6     18   2.36     54      9  308.0  315.8  308.5
  739.0   2733   13.2  -14.8     13   1.65     51      6  312.2  317.8  312.5
  716.0   2996   11.3  -15.5     14   1.61     50      4  313.0  318.5  313.3
  700.0   3185   10.0  -16.0     14   1.58    335      4  313.5  318.9  313.8
  691.0   3292    9.7  -16.6     14   1.52    290      4  314.3  319.6  314.6
  666.0   3597    8.8  -18.4     13   1.35    305      6  316.7  321.4  316.9
  644.0   3875    8.0  -20.0     12   1.22      4     10  318.8  323.1  319.1
  642.0   3900    7.8  -19.9     12   1.23     10     10  318.9  323.2  319.1
  619.0   4198    5.5  -19.1     15   1.37      5     14  319.5  324.4  319.8
  597.0   4493    3.1  -18.3     19   1.52     25     12  320.1  325.5  320.4
  594.0   4535    2.8  -18.2     20   1.54     33     12  320.2  325.6  320.5
  575.0   4796    1.5  -26.2     11   0.79     85     10  321.6  324.5  321.8
  555.0   5081    0.0  -35.0      5   0.35     80     10  323.2  324.6  323.3
  532.0   5418   -2.5  -30.5     10   0.57     75     10  324.1  326.3  324.2
  517.0   5645   -1.7  -38.7      4   0.26     71     10  327.8  328.8  327.8
  514.0   5691   -2.1  -38.9      4   0.26     70     10  327.8  328.9  327.9
  500.0   5910   -3.9  -39.9      4   0.24     80      8  328.2  329.2  328.3
  495.0   5987   -4.5  -40.1      4   0.24     85      8  328.5  329.4  328.5
  476.0   6289   -6.7  -40.9      5   0.23    120     12  329.4  330.4  329.5
  441.0   6878  -11.0  -42.5      6   0.21    105     10  331.2  332.1  331.3
  407.0   7496  -15.5  -44.1      7   0.19    145      8  333.1  333.9  333.1
  400.0   7630  -16.5  -44.5      7   0.18    140      8  333.5  334.2  333.5
  376.0   8085  -19.6  -46.5      7   0.16    120      6  335.3  336.0  335.3
  361.0   8384  -21.6  -47.8      8   0.14     70     14  336.5  337.1  336.5
  321.0   9247  -27.5  -51.5      8   0.10     51      6  339.9  340.3  339.9
  319.0   9291  -27.8  -51.8      8   0.10     50      6  340.1  340.6  340.1
  300.0   9730  -30.3  -54.3      8   0.08    100      6  342.6  342.9  342.6
  293.0   9898  -31.9  -48.9     17   0.15    120      4  342.6  343.3  342.6
  281.0  10190  -34.6  -49.0     22   0.16    185      4  342.9  343.5  342.9
  258.0  10785  -40.1  -49.1     38   0.17    242      8  343.2  343.9  343.2
  257.0  10812  -40.3                         245      8  343.3         343.3
  250.0  11000  -41.9                         235      6  343.6         343.6
  246.0  11106  -42.8                         230      4  343.8         343.8
  235.0  11405  -45.5                          35      2  344.3         344.3
  215.0  11987  -50.7                           5      8  345.1         345.1
  205.0  12298  -53.5                           5      8  345.5         345.5
  200.0  12460  -54.9                          35      6  345.7         345.7
  196.0  12588  -55.8                          60      6  346.3         346.3
  178.0  13197  -60.0                         100     12  349.1         349.1
  175.0  13304  -60.7                         113     13  349.6         349.6
  170.0  13482  -62.0                         135     14  350.4         350.4
  161.0  13816  -64.4                         120     16  351.8         351.8
  150.0  14250  -67.5                         150     12  353.6         353.6
  146.0  14409  -68.5                         155     10  354.6         354.6
  125.0  15322  -74.4                          95     21  360.0         360.0
  119.0  15612  -76.3                          85     23  361.6         361.6
  113.0  15911  -75.4                          55     31  368.7         368.7
  104.0  16392  -73.9                         354     16  380.4         380.4
  102.0  16505  -73.9                         340     12  382.5         382.5
  100.0  16620  -73.9                         305     12  384.7         384.7
   97.0  16796  -74.2                         245     10  387.5         387.5
   92.0  17103  -74.7                         215     12  392.3         392.3
   87.0  17427  -75.3                         115      2  397.6         397.6
   83.0  17700  -75.7                         170      8  402.0         402.0
   79.0  17986  -76.2                         185      8  406.7         406.7
   76.8  18150  -76.5                         136      8  409.4         409.4
   75.0  18288  -75.2                          95      8  414.9         414.9
   71.0  18607  -72.3                          60     16  427.7         427.7
   70.0  18690  -71.5                          60     16  431.1         431.1
   68.0  18863  -69.3                          55     14  439.4         439.4
   63.8  19245  -64.5                         111     12  458.0         458.0
   61.0  19516  -65.3                         150     10  462.2         462.2
   56.9  19937  -66.5                          96      9  468.7         468.7
   55.0  20143  -65.9                          70      8  474.6         474.6
   53.0  20367  -65.3                         190      6  481.1         481.1
   50.0  20720  -64.3                          75      6  491.5         491.5
   49.5  20782  -63.5                          54      8  494.8         494.8
   48.0  20973  -59.8                         350     14  507.9         507.9
   47.3  21065  -58.1                         331     12  514.2         514.2
   46.0  21241  -58.0                         295      8  518.7         518.7
   43.0  21669  -57.6                         320     16  529.6         529.6
   41.0  21970  -57.4                         285     10  537.5         537.5
   36.0  22795  -56.7                         275     27  559.7         559.7
   33.0  23346  -56.2                         280     39  575.0         575.0
   31.0  23742  -55.9                         270     45  586.2         586.2
   30.0  23950  -55.7                         265     37  592.2         592.2
   27.0  24622  -55.1                         250     29  612.0         612.0
   25.0  25113  -54.6                         230     16  626.9         626.9
   24.0  25374  -54.4                         295     16  635.0         635.0
   23.6  25481  -54.3                         293     18  638.3         638.3
   20.0  26550  -50.3                         270     33  681.5         681.5
   18.0  27238  -50.1                         258     26  702.9         702.9
   16.0  28005  -50.7                         245     19  724.9         724.9
   15.5  28212  -50.9                                     731.0         731.0
</PRE><H3>Station information and sounding indices</H3><PRE>
                         Station identifier: WIII
                             Station number: 96749
                           Observation time: 150901/0000
                           Station latitude: -6.11
                          Station longitude: 106.65
                          Station elevation: 8.0
                            Showalter index: 8.91
                               Lifted index: 3.12
    LIFT computed using virtual temperature: 2.42
                                SWEAT index: 136.02
                                    K index: 1.90
                         Cross totals index: 11.90
                      Vertical totals index: 19.90
                        Totals totals index: 31.80
      Convective Available Potential Energy: 1.75
             CAPE using virtual temperature: 7.91
                      Convective Inhibition: -64.95
             CINS using virtual temperature: -43.26
                           Equilibrum Level: 803.26
 Equilibrum Level using virtual temperature: 794.17
                   Level of Free Convection: 823.32
             LFCT using virtual temperature: 837.97
                     Bulk Richardson Number: 0.27
          Bulk Richardson Number using CAPV: 1.20
  Temp [K] of the Lifted Condensation Level: 290.64
Pres [hPa] of the Lifted Condensation Level: 909.27
   Equivalent potential temp [K] of the LCL: 339.64
     Mean mixed layer potential temperature: 298.66
              Mean mixed layer mixing ratio: 14.07
              1000 hPa to 500 hPa thickness: 5764.00
Precipitable water [mm] for entire sounding: 29.42
</PRE>
<P>Description of the 
<A HREF="/upperair/columns.html">data columns</A>
or <A HREF="/upperair/indices.html">sounding indices</A>.

<P>
<FORM>
<INPUT CLASS="button" TYPE="button" VALUE=" Close this window " 
 onClick="window.close();">
<INPUT CLASS="button" TYPE="button" VALUE=" Select another map " 
 onClick="window.blur();">
</FORM>
<HR SIZE="1">
<I>Interested in graduate studies in atmospheric science?
Check out our program at the
<a href="http://www.uwyo.edu/atsc/howtoapply/"
target=_top>University of Wyoming
</a></I>
<HR SIZE="1"><FONT SIZE="-1">
Questions about the weather data provided by this site can be
addressed to <A HREF="mailto:ldoolman@uwyo.edu">
Larry Oolman (ldoolman@uwyo.edu)</A></FONT>
<HR SIZE="1">
<SCRIPT TYPE="text/javascript">
<!--
window.focus();
// -->
</SCRIPT>
</BODY>
</HTML>
