2013-04-21 12
<HTML>
<TITLE>University of Wyoming - Radiosonde Data</TITLE>
<BODY BGCOLOR="white">
<H2>96749 WIII Jakarta Observations at 00Z 21 Apr 2013</H2>
<PRE>
-----------------------------------------------------------------------------
   PRES   HGHT   TEMP   DWPT   RELH   MIXR   DRCT   SKNT   THTA   THTE   THTV
    hPa     m      C      C      %    g/kg    deg   knot     K      K      K 
-----------------------------------------------------------------------------
 1009.0      8   25.2   24.2     94  19.27     90      2  297.6  353.7  301.0
 1000.0     91   26.2   23.9     87  19.09    100      4  299.4  355.4  302.8
  984.0    234   26.2   22.9     82  18.24    117      5  300.7  354.6  304.0
  977.0    296   25.8   22.6     83  18.06    125      6  300.9  354.2  304.2
  944.0    598   23.8   21.3     86  17.20     75     10  301.9  352.8  305.0
  925.0    777   22.6   20.5     88  16.71     80     12  302.4  352.0  305.4
  912.0    900   21.9   19.9     88  16.35     85     14  302.9  351.6  305.9
  851.0   1502   18.7   17.1     91  14.68     80      4  305.6  349.8  308.3
  850.0   1512   18.6   17.1     91  14.65     75      4  305.6  349.7  308.3
  795.0   2085   15.6   13.6     88  12.47    312      2  308.3  346.3  310.6
  794.0   2096   15.5   13.5     88  12.42    310      2  308.4  346.2  310.7
  766.0   2399   14.0   11.5     85  11.23    255      4  309.8  344.4  311.9
  713.0   3003   10.8    7.4     79   9.11    190      6  312.8  341.3  314.5
  700.0   3158   10.0    6.3     78   8.63    205      8  313.5  340.6  315.2
  664.0   3596    7.4    3.8     78   7.63    240     10  315.4  339.7  316.9
  661.0   3633    7.2    3.6     78   7.55    238     10  315.6  339.6  317.0
  640.0   3896    5.7    2.6     80   7.24    220      8  316.8  340.0  318.2
  617.0   4193    4.0    1.4     83   6.90    250      8  318.2  340.4  319.5
  594.0   4503    2.2    0.2     86   6.56    235     10  319.6  340.9  320.9
  566.0   4895    0.0   -1.4     90   6.14    245     11  321.4  341.5  322.6
  511.0   5708   -4.4   -7.0     82   4.44    265     14  325.6  340.6  326.4
  503.0   5833   -5.1   -7.9     81   4.22    261     14  326.2  340.5  327.0
  500.0   5880   -5.1   -8.7     76   3.99    260     14  326.8  340.4  327.6
  456.0   6595   -9.4  -13.3     73   3.02    225     10  330.0  340.6  330.6
  433.0   6997  -11.9  -15.9     72   2.57    178     11  331.8  341.0  332.4
  400.0   7600  -15.5  -17.3     86   2.48    105     12  334.8  343.7  335.3
  389.0   7810  -16.8  -19.1     82   2.18     85      8  335.8  343.7  336.2
  383.0   7927  -17.5  -20.1     80   2.04     97     10  336.3  343.8  336.7
  374.0   8104  -18.6  -23.3     66   1.57    115     12  337.2  343.1  337.5
  361.0   8368  -20.1  -28.1     49   1.05    106     12  338.6  342.6  338.8
  359.0   8408  -20.4  -28.4     49   1.03    105     12  338.7  342.6  338.9
  345.0   8696  -22.8  -30.3     50   0.90    130     14  339.4  342.9  339.6
  300.0   9710  -30.9  -36.9     56   0.54    135     19  341.7  343.9  341.8
  280.0  10188  -34.8  -40.2     58   0.41    125     17  342.9  344.6  343.0
  255.0  10836  -40.1  -44.6     62   0.28    104     17  344.4  345.6  344.4
  250.0  10970  -41.1                         100     17  344.8         344.8
  214.0  12001  -49.5                          70     23  347.5         347.5
  200.0  12450  -53.1                          80     25  348.5         348.5
  161.0  13800  -64.3                          75     37  352.0         352.0
  150.0  14240  -67.9                          65     27  352.9         352.9
  146.0  14401  -68.9                          65     25  353.9         353.9
  138.0  14736  -71.1                          71     25  355.8         355.8
  132.0  14992  -72.5                          75     25  357.8         357.8
  119.0  15589  -75.9                          60     12  362.4         362.4
  113.0  15887  -77.5                         165      2  364.7         364.7
  107.0  16201  -79.3                         230     12  367.1         367.1
  100.0  16590  -81.5                         195     17  370.0         370.0
   91.6  17080  -83.7                         150     16  375.1         375.1
   91.0  17116  -83.8                         150     14  375.6         375.6
   81.9  17699  -84.9                         144     15  384.8         384.8
   80.3  17809  -80.7                         143     15  395.6         395.6
   70.0  18590  -77.5                         135     16  418.3         418.3
   66.0  18930  -76.1                         140     21  428.5         428.5
   61.9  19302  -74.5                          86     32  439.9         439.9
   60.5  19437  -67.9                          67     36  457.5         457.5
   60.0  19487  -67.8                          60     37  458.7         458.7
   57.0  19798  -67.4                          45     39  466.4         466.4
   54.0  20125  -67.0                          60     33  474.8         474.8
   52.0  20353  -66.6                          95     37  480.6         480.6
   50.0  20590  -66.3                         100     39  486.8         486.8
   49.0  20713  -65.9                         100     41  490.6         490.6
   45.0  21232  -64.2                         110     25  506.8         506.8
   42.0  21652  -62.8                         145     16  520.2         520.2
   41.7  21696  -62.7                         139     16  521.7         521.7
   38.0  22278  -60.3                          60     10  541.9         541.9
   37.0  22445  -59.6                         200      4  547.8         547.8
   33.0  23163  -56.6                         135     12  573.9         573.9
   30.0  23760  -54.1                         285     10  596.6         596.6
   29.0  23979  -53.4                         280     16  604.2         604.2
   28.0  24206  -52.7                         295     16  612.2         612.2
   25.0  24940  -50.5                         290     23  638.9         638.9
   24.0  25204  -49.6                         270     23  648.7         648.7
   22.2  25708  -48.1                         292     19  668.0         668.0
   22.0  25768  -48.3                         295     19  669.2         669.2
   20.2  26325  -49.9                         282     19  680.7         680.7
   20.0  26390  -49.5                         280     19  683.9         683.9
   19.0  26729  -47.9                         310     17  699.0         699.0
   17.6  27234  -45.5                         303     16  722.0         722.0
   17.0  27465  -45.6                         300     16  728.9         728.9
   15.0  28297  -45.9                         275     41  754.4         754.4
   12.8  29352  -46.3                         247     28  788.0         788.0
   12.0  29786  -44.9                         235     23  807.5         807.5
   11.0  30370  -43.1                         315     10  834.5         834.5
   10.0  31010  -41.1                         310     33  865.0         865.0
    9.0  31731  -38.5                         275     21  901.5         901.5
    8.8  31884  -37.9                                     909.5         909.5
</PRE><H3>Station information and sounding indices</H3><PRE>
                         Station identifier: WIII
                             Station number: 96749
                           Observation time: 130421/0000
                           Station latitude: -6.11
                          Station longitude: 106.65
                          Station elevation: 8.0
                            Showalter index: -1.93
                               Lifted index: -3.50
    LIFT computed using virtual temperature: -3.98
                                SWEAT index: 227.21
                                    K index: 37.10
                         Cross totals index: 22.20
                      Vertical totals index: 23.70
                        Totals totals index: 45.90
      Convective Available Potential Energy: 1566.28
             CAPE using virtual temperature: 1696.57
                      Convective Inhibition: -23.81
             CINS using virtual temperature: -17.34
                           Equilibrum Level: 144.98
 Equilibrum Level using virtual temperature: 144.95
                   Level of Free Convection: 850.75
             LFCT using virtual temperature: 868.31
                     Bulk Richardson Number: 267.69
          Bulk Richardson Number using CAPV: 289.95
  Temp [K] of the Lifted Condensation Level: 295.39
Pres [hPa] of the Lifted Condensation Level: 943.09
   Equivalent potential temp [K] of the LCL: 354.22
     Mean mixed layer potential temperature: 300.40
              Mean mixed layer mixing ratio: 18.30
              1000 hPa to 500 hPa thickness: 5789.00
Precipitable water [mm] for entire sounding: 62.88
</PRE>
<P>Description of the 
<A HREF="/upperair/columns.html">data columns</A>
or <A HREF="/upperair/indices.html">sounding indices</A>.

<P>
<FORM>
<INPUT CLASS="button" TYPE="button" VALUE=" Close this window " 
 onClick="window.close();">
<INPUT CLASS="button" TYPE="button" VALUE=" Select another map " 
 onClick="window.blur();">
</FORM>
<HR SIZE="1">
<I>Interested in graduate studies in atmospheric science?
Check out our program at the
<a href="http://www.uwyo.edu/atsc/howtoapply/"
target=_top>University of Wyoming
</a></I>
<HR SIZE="1"><FONT SIZE="-1">
Questions about the weather data provided by this site can be
addressed to <A HREF="mailto:ldoolman@uwyo.edu">
Larry Oolman (ldoolman@uwyo.edu)</A></FONT>
<HR SIZE="1">
<SCRIPT TYPE="text/javascript">
<!--
window.focus();
// -->
</SCRIPT>
</BODY>
</HTML>
