2013-05-24 00
<HTML>
<TITLE>University of Wyoming - Radiosonde Data</TITLE>
<BODY BGCOLOR="white">
<H2>96749 WIII Jakarta Observations at 00Z 24 May 2013</H2>
<PRE>
-----------------------------------------------------------------------------
   PRES   HGHT   TEMP   DWPT   RELH   MIXR   DRCT   SKNT   THTA   THTE   THTV
    hPa     m      C      C      %    g/kg    deg   knot     K      K      K 
-----------------------------------------------------------------------------
 1009.0      8   24.0   23.3     96  18.23      0      0  296.4  349.1  299.6
 1000.0     88   25.6   22.3     82  17.28      0      0  298.8  349.3  301.8
  994.0    141   26.4   21.8     76  16.85    355      1  300.1  349.6  303.1
  976.0    302   25.6   20.7     74  16.00    340      2  300.9  348.1  303.8
  944.0    596   24.2   18.6     71  14.54     80      2  302.3  345.5  305.0
  925.0    775   23.4   17.4     69  13.70    345      4  303.2  344.1  305.7
  912.0    898   22.7   16.9     70  13.47    275      4  303.7  344.0  306.2
  851.0   1500   19.1   14.5     75  12.38    300     12  306.0  343.4  308.3
  850.0   1510   19.0   14.5     75  12.36    300     12  306.0  343.4  308.3
  793.0   2098   15.7   11.3     75  10.73    290      6  308.6  341.5  310.6
  713.0   2999   10.7    6.4     75   8.55    225      8  312.6  339.4  314.2
  700.0   3155    9.8    5.6     75   8.21    240      8  313.3  339.1  314.9
  688.0   3296    9.0    4.9     76   7.96    250      8  314.0  339.1  315.5
  617.0   4188    4.0    0.6     78   6.52    240      4  318.2  339.3  319.4
  565.0   4908    0.0   -2.9     81   5.50    248      6  321.6  339.7  322.6
  552.0   5093   -0.9   -4.7     76   4.93    250      6  322.6  339.0  323.6
  511.0   5707   -4.0  -10.5     61   3.39     70      4  326.1  337.8  326.8
  504.0   5817   -4.5  -11.5     58   3.17     57      7  326.7  337.7  327.4
  500.0   5880   -5.1  -12.1     58   3.04     50      8  326.8  337.3  327.4
  492.0   6004   -5.9  -12.8     58   2.92     40     10  327.3  337.4  327.9
  455.0   6607   -9.8  -16.2     60   2.39     40      8  329.8  338.3  330.3
  438.0   6901  -11.7  -17.8     61   2.17     60      6  331.0  338.8  331.4
  431.0   7025  -12.5  -18.5     61   2.07     76      8  331.5  339.0  331.9
  423.0   7168  -13.1  -17.4     70   2.32     95     10  332.5  340.8  333.0
  421.0   7204  -13.2  -18.3     66   2.16    100     10  332.8  340.6  333.3
  416.0   7294  -13.5  -20.5     56   1.81    101     10  333.6  340.2  334.0
  400.0   7590  -15.7  -20.7     65   1.85    105      8  334.5  341.3  334.9
  389.0   7799  -17.1  -22.9     61   1.57    110      6  335.4  341.2  335.7
  374.0   8094  -19.0  -25.9     54   1.25     75      4  336.6  341.4  336.9
  373.0   8114  -19.1  -26.1     54   1.23     76      4  336.7  341.4  337.0
  359.0   8393  -21.1  -28.0     54   1.07     85      6  337.7  341.8  337.9
  331.0   8984  -25.5  -31.9     55   0.80     55     10  339.7  342.8  339.9
  300.0   9700  -30.7  -36.7     56   0.55     50     12  342.0  344.2  342.1
  279.0  10207  -35.0  -41.0     54   0.38     55     12  343.0  344.5  343.0
  256.0  10808  -40.1  -46.1     53   0.24     51     12  344.0  345.0  344.0
  250.0  10970  -41.3                          50     12  344.5         344.5
  214.0  11994  -49.9                          50     19  346.8         346.8
  200.0  12440  -53.7                          40     19  347.6         347.6
  195.0  12598  -55.0                          40     21  348.0         348.0
  150.0  14230  -68.5                          50     21  351.9         351.9
  145.0  14428  -69.8                          50     23  353.0         353.0
  118.0  15629  -78.0                          20     19  359.4         359.4
  117.0  15678  -78.3                          28     17  359.7         359.7
  112.0  15924  -79.6                          70      6  361.7         361.7
  107.0  16180  -81.0                         140      8  363.8         363.8
  101.0  16504  -82.8                         130      4  366.5         366.5
  100.0  16560  -83.1                         115      6  366.9         366.9
   96.0  16791  -82.4                          45     14  372.6         372.6
   91.0  17093  -81.5                          30      8  380.2         380.2
   86.0  17412  -80.5                         120      8  388.4         388.4
   77.0  18036  -78.5                         165     19  404.9         404.9
   73.5  18299  -77.7                         119     21  412.1         412.1
   70.0  18580  -74.7                          70     23  424.2         424.2
   66.0  18927  -73.3                          40     21  434.6         434.6
   63.0  19201  -72.1                          85     19  442.9         442.9
   56.5  19842  -69.5                          93     25  462.9         462.9
   51.0  20460  -65.7                         100     31  485.6         485.6
   50.0  20580  -64.9                          95     25  490.1         490.1
   49.0  20705  -63.7                          85     19  495.8         495.8
   47.0  20961  -61.2                         100      8  507.7         507.7
   46.6  21014  -60.7                         114      7  510.2         510.2
   44.0  21374  -59.8                         205      2  520.8         520.8
   42.0  21666  -59.1                         260     19  529.5         529.5
   40.0  21972  -58.4                         240     21  538.8         538.8
   38.3  22244  -57.7                         265     31  547.2         547.2
   37.0  22461  -58.0                         285     39  551.9         551.9
   31.3  23513  -59.3                         285     26  575.4         575.4
   30.0  23780  -57.9                         285     23  586.2         586.2
   29.0  23997  -56.8                         300     23  595.1         595.1
   24.7  25023  -51.3                         245     21  638.7         638.7
   24.0  25209  -51.8                         235     21  642.5         642.5
   22.3  25684  -53.1                         263     18  652.3         652.3
   21.0  26073  -51.1                         285     16  669.6         669.6
   20.0  26390  -49.5                         270     16  683.9         683.9
   19.0  26730  -47.6                         245     19  700.0         700.0
   17.0  27467  -43.4                         275     19  736.0         736.0
   16.6  27625  -42.5                         275     23  743.9         743.9
   15.0  28300  -43.5                         275     41  762.5         762.5
   12.0  29787  -45.6                         265     56  805.1         805.1
   10.3  30804  -47.1                         269     52  835.5         835.5
   10.0  31000  -45.7                         270     51  847.8         847.8
    9.0  31718  -41.3                         285     52  890.7         890.7
    8.0  32520  -36.4                         265     56  940.8         940.8
    7.8  32692  -35.3                                     951.8         951.8
</PRE><H3>Station information and sounding indices</H3><PRE>
                         Station identifier: WIII
                             Station number: 96749
                           Observation time: 130524/0000
                           Station latitude: -6.11
                          Station longitude: 106.65
                          Station elevation: 8.0
                            Showalter index: 0.43
                               Lifted index: -1.39
    LIFT computed using virtual temperature: -1.85
                                SWEAT index: 206.01
                                    K index: 34.40
                         Cross totals index: 19.60
                      Vertical totals index: 24.10
                        Totals totals index: 43.70
      Convective Available Potential Energy: 442.85
             CAPE using virtual temperature: 529.76
                      Convective Inhibition: -125.74
             CINS using virtual temperature: -92.53
                           Equilibrum Level: 199.68
 Equilibrum Level using virtual temperature: 199.56
                   Level of Free Convection: 712.77
             LFCT using virtual temperature: 747.87
                     Bulk Richardson Number: 187.81
          Bulk Richardson Number using CAPV: 224.66
  Temp [K] of the Lifted Condensation Level: 293.17
Pres [hPa] of the Lifted Condensation Level: 919.96
   Equivalent potential temp [K] of the LCL: 348.16
     Mean mixed layer potential temperature: 300.25
              Mean mixed layer mixing ratio: 16.33
              1000 hPa to 500 hPa thickness: 5792.00
Precipitable water [mm] for entire sounding: 54.93
</PRE>
<P>Description of the 
<A HREF="/upperair/columns.html">data columns</A>
or <A HREF="/upperair/indices.html">sounding indices</A>.

<P>
<FORM>
<INPUT CLASS="button" TYPE="button" VALUE=" Close this window " 
 onClick="window.close();">
<INPUT CLASS="button" TYPE="button" VALUE=" Select another map " 
 onClick="window.blur();">
</FORM>
<HR SIZE="1">
<I>Interested in graduate studies in atmospheric science?
Check out our program at the
<a href="http://www.uwyo.edu/atsc/howtoapply/"
target=_top>University of Wyoming
</a></I>
<HR SIZE="1"><FONT SIZE="-1">
Questions about the weather data provided by this site can be
addressed to <A HREF="mailto:ldoolman@uwyo.edu">
Larry Oolman (ldoolman@uwyo.edu)</A></FONT>
<HR SIZE="1">
<SCRIPT TYPE="text/javascript">
<!--
window.focus();
// -->
</SCRIPT>
</BODY>
</HTML>
