2015-10-24 12
<HTML>
<TITLE>University of Wyoming - Radiosonde Data</TITLE>
<BODY BGCOLOR="white">
<H2>96749 WIII Jakarta Observations at 00Z 24 Oct 2015</H2>
<PRE>
-----------------------------------------------------------------------------
   PRES   HGHT   TEMP   DWPT   RELH   MIXR   DRCT   SKNT   THTA   THTE   THTV
    hPa     m      C      C      %    g/kg    deg   knot     K      K      K 
-----------------------------------------------------------------------------
 1011.0      8   24.8   19.9     74  14.69    190      5  297.0  339.7  299.6
 1000.0    103   25.2   21.1     78  16.03    160      6  298.4  345.1  301.2
  988.0    209   24.6   20.7     79  15.80    125      6  298.8  345.0  301.6
  945.0    598   22.3   19.1     82  15.00     80     10  300.3  344.4  303.0
  925.0    785   21.2   18.4     84  14.62     85     14  301.0  344.1  303.6
  918.0    851   20.8   17.6     82  13.99     88     15  301.2  342.6  303.8
  913.0    898   20.7   17.1     80  13.61     90     16  301.6  341.9  304.1
  882.0   1198   20.0   13.9     68  11.42    100     12  303.9  338.1  306.0
  872.0   1297   19.8   12.8     64  10.76     94     13  304.6  337.1  306.6
  850.0   1517   17.8   13.5     76  11.57     80     14  304.8  339.6  306.9
  848.0   1537   17.6   13.5     77  11.60     78     14  304.8  339.7  306.9
  837.0   1649   18.6    9.6     56   9.04     70     14  307.0  334.6  308.6
  794.0   2097   15.4    5.9     53   7.37     35     12  308.2  331.0  309.6
  756.0   2514   12.4    2.4     50   6.05     18     13  309.3  328.3  310.4
  739.0   2704   11.3    0.8     49   5.54     10     14  310.1  327.6  311.1
  717.0   2956    9.8   -1.2     46   4.91     27     12  311.2  326.8  312.1
  713.0   3002    9.7   -2.7     42   4.41     30     12  311.5  325.6  312.3
  700.0   3155    9.2   -7.8     29   3.05     25     10  312.6  322.7  313.2
  688.0   3298    9.4  -13.6     18   1.96     15      8  314.4  321.0  314.8
  674.0   3468    9.6  -20.4     10   1.13     40      9  316.5  320.5  316.7
  663.0   3602    8.9  -21.5     10   1.04     60     10  317.2  320.9  317.4
  616.0   4199    5.8  -26.2      8   0.73     90     10  320.3  323.0  320.5
  594.0   4495    4.2  -28.6      7   0.61     80     16  321.9  324.2  322.0
  538.0   5300    0.0  -35.0      5   0.37    102     14  326.1  327.5  326.1
  531.0   5403   -0.7  -35.2      5   0.36    105     14  326.4  327.8  326.5
  500.0   5880   -4.1  -36.1      6   0.35     85     16  328.0  329.4  328.1
  439.0   6891   -9.8  -41.8      5   0.22     55     14  333.2  334.2  333.3
  414.0   7347  -12.3  -44.3      5   0.18     68     13  335.6  336.4  335.6
  400.0   7610  -12.9  -41.9      7   0.24     75     12  338.1  339.1  338.2
  397.0   7667  -12.9  -40.9      8   0.27     75     12  338.9  340.0  338.9
  375.0   8089  -16.2  -42.8      8   0.24     75     10  340.1  341.1  340.1
  360.0   8391  -18.6  -44.1      9   0.21     30      4  340.9  341.8  340.9
  346.0   8685  -20.9  -45.4      9   0.19    240      4  341.7  342.5  341.7
  306.0   9594  -27.9  -49.5     11   0.14    115      6  343.9  344.5  343.9
  300.0   9740  -29.1  -50.1     11   0.13    120      8  344.2  344.8  344.3
  281.0  10196  -33.1  -50.5     16   0.13    120      8  344.9  345.5  345.0
  258.0  10791  -38.4  -51.0     26   0.14     90      6  345.7  346.3  345.7
  251.0  10983  -40.1  -51.1     30   0.14     59      8  345.9  346.5  345.9
  250.0  11010  -40.3                          55      8  346.0         346.0
  247.0  11090  -40.9                          40     10  346.3         346.3
  226.0  11679  -45.6                           5     12  348.0         348.0
  206.0  12294  -50.5                         345     12  349.6         349.6
  200.0  12490  -52.1                         320     12  350.1         350.1
  188.0  12877  -55.4                         280     10  351.0         351.0
  155.0  14085  -65.7                         210     16  353.3         353.3
  150.0  14290  -67.5                         210     16  353.6         353.6
  140.0  14688  -70.5                         210     10  355.4         355.4
  133.0  14984  -72.8                         185     10  356.6         356.6
  127.0  15250  -74.8                         210     12  357.7         357.7
  120.0  15577  -77.2                         185      8  359.0         359.0
  114.0  15873  -79.5                         120      6  360.2         360.2
  108.0  16185  -81.8                          85      8  361.3         361.3
  104.0  16403  -83.5                          75     17  362.1         362.1
  100.0  16620  -83.5                          80     25  366.2         366.2
   92.0  17086  -82.8                          85     29  376.5         376.5
   87.0  17398  -82.2                          90     23  383.5         383.5
   85.6  17489  -82.1                          83     18  385.6         385.6
   83.0  17666  -78.6                          70      8  396.2         396.2
   78.6  17980  -72.3                         202     10  415.4         415.4
   78.0  18025  -72.4                         220     10  416.1         416.1
   75.0  18255  -73.0                         200     10  419.5         419.5
   71.0  18577  -73.9                         240     12  424.3         424.3
   70.0  18660  -74.1                         240     10  425.5         425.5
   68.0  18830  -74.3                         237      7  428.6         428.6
   67.0  18918  -73.8                         235      6  431.5         431.5
   64.0  19192  -72.4                         320     14  440.3         440.3
   58.0  19782  -69.3                         290     17  459.8         459.8
   52.0  20435  -65.9                         210     19  482.3         482.3
   50.0  20670  -64.7                         215     10  490.6         490.6
   48.5  20856  -63.9                         217      6  496.8         496.8
   47.0  21048  -64.3                         220      2  500.4         500.4
   45.0  21313  -64.8                         290      4  505.4         505.4
   44.5  21382  -64.9                         294      5  506.7         506.7
   43.0  21593  -62.9                         305      8  516.6         516.6
   41.1  21871  -60.3                         296     10  529.8         529.8
   37.0  22532  -58.9                         275     16  549.5         549.5
   35.0  22881  -58.2                         315     16  560.3         560.3
   30.0  23850  -56.1                         250     17  591.1         591.1
   29.0  24069  -55.5                         240     16  598.4         598.4
   27.0  24531  -54.4                         260     10  614.0         614.0
   24.0  25292  -52.5                         245     10  640.6         640.6
   23.0  25567  -51.8                         275     17  650.4         650.4
   21.0  26155  -50.3                         265     33  672.0         672.0
   20.0  26470  -49.5                         270     29  683.9         683.9
   19.8  26536  -49.5                                     685.9         685.9
</PRE><H3>Station information and sounding indices</H3><PRE>
                         Station identifier: WIII
                             Station number: 96749
                           Observation time: 151024/0000
                           Station latitude: -6.11
                          Station longitude: 106.65
                          Station elevation: 8.0
                            Showalter index: 2.96
                               Lifted index: 1.08
    LIFT computed using virtual temperature: 0.29
                                SWEAT index: 206.02
                                    K index: 18.40
                         Cross totals index: 17.60
                      Vertical totals index: 21.90
                        Totals totals index: 39.50
      Convective Available Potential Energy: 0.00
             CAPE using virtual temperature: 19.70
                      Convective Inhibition: 0.00
             CINS using virtual temperature: -90.05
 Equilibrum Level using virtual temperature: 685.50
             LFCT using virtual temperature: 767.75
                     Bulk Richardson Number: 0.00
          Bulk Richardson Number using CAPV: 2.44
  Temp [K] of the Lifted Condensation Level: 292.57
Pres [hPa] of the Lifted Condensation Level: 928.58
   Equivalent potential temp [K] of the LCL: 344.26
     Mean mixed layer potential temperature: 298.85
              Mean mixed layer mixing ratio: 15.56
              1000 hPa to 500 hPa thickness: 5777.00
Precipitable water [mm] for entire sounding: 35.39
</PRE>
<P>Description of the 
<A HREF="/upperair/columns.html">data columns</A>
or <A HREF="/upperair/indices.html">sounding indices</A>.

<P>
<FORM>
<INPUT CLASS="button" TYPE="button" VALUE=" Close this window " 
 onClick="window.close();">
<INPUT CLASS="button" TYPE="button" VALUE=" Select another map " 
 onClick="window.blur();">
</FORM>
<HR SIZE="1">
<I>Interested in graduate studies in atmospheric science?
Check out our program at the
<a href="http://www.uwyo.edu/atsc/howtoapply/"
target=_top>University of Wyoming
</a></I>
<HR SIZE="1"><FONT SIZE="-1">
Questions about the weather data provided by this site can be
addressed to <A HREF="mailto:ldoolman@uwyo.edu">
Larry Oolman (ldoolman@uwyo.edu)</A></FONT>
<HR SIZE="1">
<SCRIPT TYPE="text/javascript">
<!--
window.focus();
// -->
</SCRIPT>
</BODY>
</HTML>
