2014-01-09 12
<HTML>
<TITLE>University of Wyoming - Radiosonde Data</TITLE>
<BODY BGCOLOR="white">
<H2>96749 WIII Jakarta Observations at 00Z 09 Jan 2014</H2>
<PRE>
-----------------------------------------------------------------------------
   PRES   HGHT   TEMP   DWPT   RELH   MIXR   DRCT   SKNT   THTA   THTE   THTV
    hPa     m      C      C      %    g/kg    deg   knot     K      K      K 
-----------------------------------------------------------------------------
 1010.0      8   23.6   23.1     97  17.98    230      3  295.9  347.8  299.1
 1009.0     17   25.6   22.7     84  17.56    231      3  298.0  349.1  301.1
 1006.0     44   26.4   22.0     77  16.86    232      4  299.0  348.4  302.1
 1000.0     98   26.2   21.4     75  16.33    235      6  299.4  347.2  302.3
  977.0    302   24.9   20.3     76  15.63    240     14  300.0  346.0  302.8
  925.0    782   21.8   17.8     78  14.06    230     16  301.6  343.2  304.1
  913.0    895   21.1   17.1     78  13.60    225     16  302.1  342.4  304.5
  850.0   1512   17.6   13.1     75  11.27    240     16  304.6  338.5  306.6
  822.0   1794   15.9   12.0     77  10.80    260     14  305.8  338.4  307.7
  793.0   2097   14.2   10.7     80  10.32    250     12  307.0  338.4  308.9
  739.0   2690   10.7    8.3     85   9.41    160      8  309.4  338.5  311.2
  700.0   3147    8.0    6.5     90   8.75    150     14  311.3  338.5  312.9
  692.0   3242    7.4    5.5     88   8.25    147     13  311.7  337.4  313.2
  663.0   3590    5.5    4.0     90   7.75    135      8  313.4  337.8  314.9
  615.0   4201    2.3    1.4     94   6.93    145      4  316.4  338.6  317.8
  593.0   4498    0.7    0.1     96   6.56     75      6  317.9  339.1  319.2
  584.0   4622    0.0   -0.4     97   6.41     83      6  318.5  339.3  319.8
  537.0   5289   -4.3   -4.8     96   5.02    128      8  321.1  337.7  322.1
  530.0   5393   -4.6   -7.8     78   4.02    135      8  322.0  335.4  322.8
  523.0   5497   -4.9  -10.9     63   3.20    138      9  322.8  333.7  323.4
  500.0   5850   -6.1  -10.7     70   3.40    150     12  325.5  337.2  326.2
  457.0   6551  -10.3  -16.3     61   2.36    168     11  328.8  337.1  329.2
  442.0   6809  -11.5  -27.5     25   0.91    175     11  330.4  333.8  330.6
  436.0   6914  -12.3  -19.3     56   1.92    177     10  330.7  337.6  331.1
  422.0   7164  -13.7  -16.6     79   2.49    184     10  332.0  340.9  332.5
  420.0   7200  -14.0  -16.8     79   2.45    185     10  332.1  340.8  332.6
  400.0   7570  -16.7  -19.2     81   2.11    210      6  333.2  340.8  333.6
  388.0   7792  -18.2  -20.9     80   1.87    210      4  334.1  340.9  334.5
  373.0   8080  -20.2  -23.1     78   1.60    180      4  335.2  341.1  335.5
  343.0   8692  -24.5  -27.9     74   1.13    240      4  337.6  341.9  337.8
  330.0   8974  -26.5  -30.0     72   0.96    195      4  338.6  342.3  338.8
  316.0   9291  -28.7  -32.5     70   0.80    100      6  339.8  342.9  339.9
  300.0   9670  -31.3  -35.4     67   0.63     90      6  341.1  343.6  341.3
  297.0   9741  -32.1  -36.3     66   0.58     89      7  341.0  343.3  341.1
  290.0   9906  -33.4  -37.8     65   0.51     85      8  341.4  343.5  341.6
  267.0  10478  -38.0  -42.8     61   0.33    120      8  342.9  344.3  343.0
  257.0  10743  -40.1  -45.1     59   0.27    103      8  343.6  344.7  343.6
  255.0  10796  -40.5                         100      8  343.7         343.7
  250.0  10930  -41.7                         110      6  343.9         343.9
  244.0  11090  -43.1                         125      4  344.2         344.2
  223.0  11683  -48.3                          70     12  345.3         345.3
  200.0  12400  -54.5                          75     17  346.3         346.3
  168.0  13479  -63.6                          90     23  348.9         348.9
  160.0  13781  -66.1                          75     25  349.5         349.5
  150.0  14180  -69.5                          85     33  350.2         350.2
  134.0  14844  -73.9                          94     41  353.8         353.8
  124.0  15289  -76.5                         100     47  357.1         357.1
  118.0  15573  -78.1                          90     52  359.2         359.2
  112.0  15872  -79.8                          80     52  361.4         361.4
  111.0  15924  -80.1                          80     52  361.8         361.8
  106.0  16186  -77.1                          70     29  372.2         372.2
  105.0  16240  -76.5                          63     26  374.4         374.4
  101.0  16463  -77.1                          35     12  377.4         377.4
  100.0  16520  -77.3                          20     12  378.1         378.1
   95.0  16812  -77.7                         270     10  382.9         382.9
   91.0  17058  -78.1                         235     14  387.0         387.0
   86.0  17380  -78.5                         265     16  392.3         392.3
   77.9  17944  -79.3                         256     16  401.9         401.9
   77.0  18011  -78.6                         255     16  404.8         404.8
   73.0  18316  -75.2                         305      6  418.2         418.2
   72.9  18324  -75.1                         303      6  418.5         418.5
   70.0  18560  -74.3                         255     10  425.1         425.1
   66.0  18904  -73.4                         200     14  434.3         434.3
   63.0  19177  -72.7                         170      4  441.7         441.7
   60.0  19462  -71.9                         220      6  449.6         449.6
   58.4  19620  -71.5                         202      4  454.0         454.0
   57.0  19765  -69.8                         185      2  460.9         460.9
   55.1  19966  -67.5                          78      3  470.8         470.8
   54.0  20088  -67.5                          15      4  473.5         473.5
   51.0  20431  -67.5                         155      2  481.3         481.3
   50.0  20550  -67.5                         110      4  484.0         484.0
   49.0  20673  -67.3                          70      4  487.4         487.4
   47.0  20927  -66.8                         280      6  494.4         494.4
   44.0  21329  -66.0                         230     14  505.7         505.7
   42.0  21613  -65.5                         240     19  513.8         513.8
   36.0  22552  -63.6                         220     16  541.6         541.6
   35.0  22724  -63.3                         185     12  546.9         546.9
   33.8  22936  -62.9                         211     10  553.4         553.4
   31.0  23475  -59.1                         275      6  577.4         577.4
   30.4  23597  -58.3                         263      6  582.9         582.9
   30.0  23680  -58.3                         255      6  585.1         585.1
   27.0  24343  -58.3                         330     12  603.0         603.0
   26.0  24580  -58.3                         335     16  609.5         609.5
   25.0  24827  -58.3                         305     21  616.4         616.4
   23.0  25351  -58.3                         290     16  631.3         631.3
   21.0  25923  -58.3                         245     29  647.9         647.9
   20.0  26230  -58.3                         185     19  657.0         657.0
   18.1  26857  -59.7                         142     21  671.6         671.6
   15.0  28059  -54.2                          60     25  726.7         726.7
   13.0  28974  -50.1                          79     44  771.4         771.4
   12.0  29495  -51.0                          90     54  785.9         785.9
   10.6  30302  -52.5                          83     61  808.9         808.9
   10.0  30680  -50.7                          80     64  829.2         829.2
    9.2  31227  -49.6                          80     82  853.5         853.5
    9.0  31371  -49.3                          80     82  860.0         860.0
    8.0  32143  -47.7                          95     74  895.8         895.8
    7.9  32226  -47.5                                     899.7         899.7
</PRE><H3>Station information and sounding indices</H3><PRE>
                         Station identifier: WIII
                             Station number: 96749
                           Observation time: 140109/0000
                           Station latitude: -6.11
                          Station longitude: 106.65
                          Station elevation: 8.0
                            Showalter index: 1.43
                               Lifted index: -1.69
    LIFT computed using virtual temperature: -2.04
                                SWEAT index: 201.22
                                    K index: 35.30
                         Cross totals index: 19.20
                      Vertical totals index: 23.70
                        Totals totals index: 42.90
      Convective Available Potential Energy: 511.85
             CAPE using virtual temperature: 589.38
                      Convective Inhibition: -56.33
             CINS using virtual temperature: -36.64
                           Equilibrum Level: 220.55
 Equilibrum Level using virtual temperature: 220.47
                   Level of Free Convection: 792.07
             LFCT using virtual temperature: 824.45
                     Bulk Richardson Number: 95.98
          Bulk Richardson Number using CAPV: 110.52
  Temp [K] of the Lifted Condensation Level: 292.72
Pres [hPa] of the Lifted Condensation Level: 919.93
   Equivalent potential temp [K] of the LCL: 346.27
     Mean mixed layer potential temperature: 299.80
              Mean mixed layer mixing ratio: 15.86
              1000 hPa to 500 hPa thickness: 5752.00
Precipitable water [mm] for entire sounding: 55.12
</PRE>
<P>Description of the 
<A HREF="/upperair/columns.html">data columns</A>
or <A HREF="/upperair/indices.html">sounding indices</A>.

<P>
<FORM>
<INPUT CLASS="button" TYPE="button" VALUE=" Close this window " 
 onClick="window.close();">
<INPUT CLASS="button" TYPE="button" VALUE=" Select another map " 
 onClick="window.blur();">
</FORM>
<HR SIZE="1">
<I>Interested in graduate studies in atmospheric science?
Check out our program at the
<a href="http://www.uwyo.edu/atsc/howtoapply/"
target=_top>University of Wyoming
</a></I>
<HR SIZE="1"><FONT SIZE="-1">
Questions about the weather data provided by this site can be
addressed to <A HREF="mailto:ldoolman@uwyo.edu">
Larry Oolman (ldoolman@uwyo.edu)</A></FONT>
<HR SIZE="1">
<SCRIPT TYPE="text/javascript">
<!--
window.focus();
// -->
</SCRIPT>
</BODY>
</HTML>
