2014-04-21 12
<HTML>
<TITLE>University of Wyoming - Radiosonde Data</TITLE>
<BODY BGCOLOR="white">
<H2>96749 WIII Jakarta Observations at 00Z 21 Apr 2014</H2>
<PRE>
-----------------------------------------------------------------------------
   PRES   HGHT   TEMP   DWPT   RELH   MIXR   DRCT   SKNT   THTA   THTE   THTV
    hPa     m      C      C      %    g/kg    deg   knot     K      K      K 
-----------------------------------------------------------------------------
 1008.0      8   24.8   23.2     91  18.13    240      8  297.3  349.9  300.5
 1000.0     82   25.6   20.8     75  15.73    235     12  298.8  344.7  301.6
  976.0    296   24.8   20.1     75  15.37    230     21  300.0  345.2  302.8
  965.0    395   24.4   19.7     75  15.21    229     21  300.6  345.4  303.3
  925.0    766   22.8   17.8     73  14.06    225     19  302.6  344.4  305.2
  911.0    898   22.1   17.3     74  13.84    225     17  303.2  344.5  305.7
  850.0   1500   18.8   15.1     79  12.86    215     16  305.8  344.6  308.2
  835.0   1653   18.6   14.1     75  12.26    221     14  307.2  344.4  309.4
  792.0   2102   15.8   12.3     80  11.44    240      8  308.9  343.9  311.0
  740.0   2680   12.2    9.9     86  10.45    227      9  311.0  343.3  312.9
  712.0   3002   10.4    7.5     82   9.24    220     10  312.4  341.3  314.2
  700.0   3144    9.6    6.5     81   8.75    225     10  313.1  340.5  314.7
  687.0   3297    8.7    5.7     81   8.41    225      8  313.8  340.3  315.4
  663.0   3587    7.0    4.1     82   7.81    195      4  315.1  339.8  316.6
  616.0   4187    3.5    0.9     83   6.66    280      2  317.8  339.2  319.0
  572.0   4792    0.0   -2.4     84   5.64    350     10  320.4  338.9  321.5
  530.0   5398   -2.8   -7.2     71   4.22     15      8  324.1  338.4  325.0
  500.0   5860   -4.9  -10.9     63   3.35     60     10  327.0  338.6  327.7
  496.0   5923   -5.1  -10.1     68   3.60     64     10  327.5  339.9  328.2
  491.0   6003   -5.6  -12.1     60   3.11     70     10  327.9  338.7  328.5
  473.0   6297   -7.3  -19.3     38   1.77     72     10  329.3  335.6  329.6
  463.0   6464   -7.9  -15.9     53   2.40     73      9  330.5  339.1  331.0
  456.0   6582   -8.5  -21.5     34   1.51     74      9  331.2  336.8  331.5
  414.0   7328  -13.1  -28.1     27   0.92     79      8  334.6  338.1  334.8
  408.0   7439  -14.1  -20.1     60   1.91     80      8  334.7  341.7  335.1
  405.0   7495  -14.4  -21.9     53   1.65     80      8  335.0  341.1  335.3
  400.0   7590  -14.9  -24.9     42   1.28     85     10  335.5  340.3  335.8
  397.0   7647  -15.1  -30.1     27   0.79     88     11  336.0  339.1  336.2
  389.0   7797  -16.2  -30.6     28   0.77     95     12  336.5  339.5  336.7
  344.0   8703  -22.8  -34.0     35   0.63     75     12  339.6  342.1  339.8
  316.0   9329  -27.3  -36.3     42   0.55     99     15  341.7  343.9  341.8
  304.0   9605  -29.5  -38.5     41   0.45    110     17  342.3  344.2  342.4
  300.0   9700  -30.3  -39.3     41   0.42    110     17  342.6  344.3  342.6
  289.0   9964  -32.1  -38.1     55   0.50    108     18  343.7  345.7  343.8
  280.0  10187  -33.5  -51.5     15   0.12    107     18  344.8  345.3  344.8
  268.0  10489  -36.0  -50.5     21   0.14    105     19  345.5  346.1  345.5
  250.0  10970  -39.9  -48.9     38   0.18    115     17  346.6  347.4  346.6
  249.0  10997  -40.1  -49.1     38   0.18    115     17  346.7  347.5  346.7
  200.0  12450  -53.1                         115     17  348.5         348.5
  195.0  12608  -54.5                         120     19  348.9         348.9
  178.0  13175  -59.3                         130     19  350.1         350.1
  150.0  14240  -68.5                         115     14  351.9         351.9
  146.0  14397  -69.7                         110     14  352.6         352.6
  139.0  14682  -71.8                          75      8  353.9         353.9
  132.0  14983  -74.0                           0      8  355.2         355.2
  125.0  15299  -76.3                         345      8  356.5         356.5
  119.0  15585  -78.5                          20      6  357.6         357.6
  113.0  15886  -80.7                          15      6  358.8         358.8
  101.0  16515  -82.7                          60     14  366.7         366.7
  100.0  16570  -82.9                          55     14  367.3         367.3
   96.4  16774  -83.9                          50     16  369.2         369.2
   96.0  16797  -83.8                          50     14  369.9         369.9
   91.0  17095  -82.0                         130      6  379.1         379.1
   89.1  17213  -81.3                         162     12  382.8         382.8
   87.9  17289  -77.1                         182     16  392.7         392.7
   86.0  17415  -75.6                         215     23  398.2         398.2
   85.4  17456  -75.1                         215     23  400.0         400.0
   78.0  17973  -77.9                         215     27  404.6         404.6
   74.0  18273  -79.6                         235     25  407.3         407.3
   70.0  18590  -81.3                         220     23  410.1         410.1
   68.7  18695  -81.7                         210     23  411.5         411.5
   63.0  19190  -78.0                         200     33  429.9         429.9
   60.0  19469  -75.9                         185     19  440.6         440.6
   57.0  19763  -73.7                         245     10  452.1         452.1
   56.7  19793  -73.5                         245     11  453.3         453.3
   53.3  20161  -66.1                         250     20  478.5         478.5
   50.0  20550  -63.7                         255     29  492.9         492.9
   49.0  20674  -62.8                         260     35  498.0         498.0
   48.7  20712  -62.5                         261     34  499.5         499.5
   44.0  21336  -63.0                         270     25  513.1         513.1
   42.0  21622  -63.2                         245     19  519.4         519.4
   40.8  21801  -63.3                         242     19  523.4         523.4
   40.0  21923  -62.4                         240     19  528.6         528.6
   38.1  22224  -60.3                         261     20  541.4         541.4
   36.0  22577  -60.5                         285     21  549.8         549.8
   35.0  22752  -60.6                         255     25  554.0         554.0
   32.0  23309  -60.9                         270     16  567.5         567.5
   30.0  23710  -61.1                         200      8  577.5         577.5
   27.0  24365  -59.5                          90      8  599.7         599.7
   26.0  24599  -58.9                          60      6  607.8         607.8
   25.0  24847  -57.8                         110     16  617.8         617.8
   23.0  25373  -55.5                         105     33  639.4         639.4
   22.0  25653  -54.3                          90     38  651.2         651.2
   21.0  25949  -54.8                          75     43  658.5         658.5
   20.0  26260  -55.3                          75     39  666.2         666.2
   19.9  26292  -55.3                          76     39  667.1         667.1
   18.0  26944  -49.1                         105     41  706.0         706.0
   17.7  27053  -48.1                         103     41  712.6         712.6
   16.0  27718  -49.0                          90     41  730.6         730.6
   15.0  28142  -49.5                         105     37  742.4         742.4
   14.7  28275  -49.7                         104     39  746.1         746.1
   13.2  28989  -44.5                          96     52  787.3         787.3
   13.0  29091  -44.5                          95     54  790.8         790.8
   11.3  30032  -44.5                          95     56  823.1         823.1
   11.0  30214  -43.4                          95     56  833.2         833.2
   10.0  30860  -39.7                          95     56  870.2         870.2
    9.9  30929  -39.3                                     874.2         874.2
</PRE><H3>Station information and sounding indices</H3><PRE>
                         Station identifier: WIII
                             Station number: 96749
                           Observation time: 140421/0000
                           Station latitude: -6.11
                          Station longitude: 106.65
                          Station elevation: 8.0
                            Showalter index: 0.15
                               Lifted index: -0.14
    LIFT computed using virtual temperature: -0.47
                                SWEAT index: 223.22
                                    K index: 35.70
                         Cross totals index: 20.00
                      Vertical totals index: 23.70
                        Totals totals index: 43.70
      Convective Available Potential Energy: 47.41
             CAPE using virtual temperature: 80.50
                      Convective Inhibition: -176.66
             CINS using virtual temperature: -153.85
                           Equilibrum Level: 472.91
 Equilibrum Level using virtual temperature: 464.05
                   Level of Free Convection: 664.71
             LFCT using virtual temperature: 689.99
                     Bulk Richardson Number: 3.88
          Bulk Richardson Number using CAPV: 6.58
  Temp [K] of the Lifted Condensation Level: 292.39
Pres [hPa] of the Lifted Condensation Level: 917.37
   Equivalent potential temp [K] of the LCL: 345.34
     Mean mixed layer potential temperature: 299.70
              Mean mixed layer mixing ratio: 15.58
              1000 hPa to 500 hPa thickness: 5778.00
Precipitable water [mm] for entire sounding: 55.26
</PRE>
<P>Description of the 
<A HREF="/upperair/columns.html">data columns</A>
or <A HREF="/upperair/indices.html">sounding indices</A>.

<P>
<FORM>
<INPUT CLASS="button" TYPE="button" VALUE=" Close this window " 
 onClick="window.close();">
<INPUT CLASS="button" TYPE="button" VALUE=" Select another map " 
 onClick="window.blur();">
</FORM>
<HR SIZE="1">
<I>Interested in graduate studies in atmospheric science?
Check out our program at the
<a href="http://www.uwyo.edu/atsc/howtoapply/"
target=_top>University of Wyoming
</a></I>
<HR SIZE="1"><FONT SIZE="-1">
Questions about the weather data provided by this site can be
addressed to <A HREF="mailto:ldoolman@uwyo.edu">
Larry Oolman (ldoolman@uwyo.edu)</A></FONT>
<HR SIZE="1">
<SCRIPT TYPE="text/javascript">
<!--
window.focus();
// -->
</SCRIPT>
</BODY>
</HTML>
