2013-07-21 00
<HTML>
<TITLE>University of Wyoming - Radiosonde Data</TITLE>
<BODY BGCOLOR="white">
<H2>96749 WIII Jakarta Observations at 00Z 21 Jul 2013</H2>
<PRE>
-----------------------------------------------------------------------------
   PRES   HGHT   TEMP   DWPT   RELH   MIXR   DRCT   SKNT   THTA   THTE   THTV
    hPa     m      C      C      %    g/kg    deg   knot     K      K      K 
-----------------------------------------------------------------------------
 1008.0      8   25.0   23.2     90  18.13    230      4  297.5  350.2  300.7
 1007.0     17   24.0   22.8     93  17.70    227      4  296.6  347.8  299.7
 1000.0     79   24.4   22.7     90  17.72    205      4  297.6  349.1  300.7
  975.0    302   24.6   20.9     80  16.24    120      6  299.9  347.6  302.8
  925.0    763   21.6   18.8     84  15.00     90     10  301.4  345.7  304.1
  911.0    895   20.8   18.0     84  14.46     85     10  301.9  344.7  304.5
  850.0   1493   17.2   14.3     83  12.20     75      8  304.1  340.7  306.4
  820.0   1798   15.5   13.1     86  11.72     60      6  305.5  340.9  307.7
  792.0   2093   13.9   12.0     88  11.27     70      6  306.8  341.1  308.9
  764.0   2398   12.2   10.9     91  10.81     80      6  308.2  341.2  310.2
  760.0   2443   12.0   10.7     92  10.74     88      6  308.4  341.3  310.4
  737.0   2701   10.8    7.9     82   9.15    135      8  309.8  338.1  311.5
  711.0   3000    9.5    7.1     85   9.00    155      8  311.6  339.7  313.3
  700.0   3130    9.0    6.8     86   8.93    135      8  312.4  340.3  314.1
  686.0   3295    7.9    6.0     87   8.59    115      6  313.0  340.0  314.6
  661.0   3599    6.0    4.4     90   7.99    120      6  314.1  339.4  315.7
  638.0   3888    4.1    2.9     92   7.45     90      6  315.2  338.9  316.6
  614.0   4201    2.0    1.3     95   6.90     25      4  316.3  338.4  317.6
  591.0   4513    0.0   -0.3     98   6.38      4      6  317.4  338.0  318.7
  570.0   4802   -1.6   -3.3     88   5.28    345      8  318.9  336.1  319.9
  539.0   5247   -4.1   -8.0     74   3.90    356      8  321.0  334.1  321.8
  529.0   5395   -4.1   -7.0     80   4.30      0      8  322.7  337.1  323.6
  522.0   5501   -4.3   -6.0     88   4.71    354      8  323.7  339.5  324.6
  519.0   5546   -4.1  -12.1     54   2.93    352      9  324.5  334.6  325.1
  500.0   5840   -5.7   -8.4     81   4.08    335     10  326.0  339.9  326.8
  477.0   6206   -8.7   -9.8     92   3.83    327     12  326.7  339.8  327.5
  471.0   6304   -9.4  -10.5     92   3.68    325     12  327.0  339.7  327.8
  454.0   6587  -11.5  -12.4     93   3.27    330     10  327.9  339.2  328.5
  453.0   6604  -11.7  -13.0     90   3.12    330     10  327.9  338.7  328.5
  446.0   6722  -12.9  -17.2     70   2.24    342      8  327.8  335.7  328.2
  436.0   6895  -12.1  -20.4     50   1.74      0      6  331.0  337.3  331.3
  432.0   6966  -11.7  -21.7     43   1.57    348      5  332.3  338.1  332.6
  419.0   7198  -12.8  -31.8     19   0.64    310      2  333.8  336.2  333.9
  405.0   7456  -14.1  -43.1      7   0.21    162     11  335.4  336.2  335.4
  403.0   7494  -14.3  -42.9      7   0.22    140     12  335.6  336.6  335.7
  400.0   7550  -14.5  -42.5      7   0.23    145     12  336.1  337.0  336.1
  372.0   8082  -18.7  -44.4      8   0.20    130     16  337.5  338.4  337.6
  358.0   8364  -20.9  -45.4      9   0.18    105     12  338.3  339.1  338.3
  303.0   9587  -30.5  -49.8     13   0.13    110     14  341.3  341.8  341.3
  300.0   9660  -31.1  -50.1     14   0.13    100     14  341.4  342.0  341.4
  290.0   9897  -33.1  -51.0     15   0.12     80     14  341.9  342.5  342.0
  257.0  10741  -40.1  -54.1     21   0.10     71     21  343.6  344.0  343.6
  255.0  10795  -40.4                          70     21  343.9         343.9
  250.0  10930  -41.3                          75     23  344.5         344.5
  223.0  11683  -47.5                         105     27  346.5         346.5
  200.0  12400  -53.3                         105     27  348.2         348.2
  150.0  14190  -68.9                         105     37  351.2         351.2
  124.0  15291  -76.7                         115     37  356.7         356.7
  108.0  16089  -82.3                          90     35  360.5         360.5
  106.0  16194  -82.1                          90     37  362.8         362.8
  100.0  16520  -81.5                          90     45  370.0         370.0
   95.0  16809  -80.8                          65     45  376.9         376.9
   93.3  16911  -80.5                          60     36  379.4         379.4
   90.2  17105  -74.1                          51     18  395.8         395.8
   90.0  17118  -74.0                          50     17  396.2         396.2
   86.0  17388  -72.9                         325     12  403.7         403.7
   82.0  17671  -71.7                         275     21  411.7         411.7
   77.0  18044  -70.1                         255     21  422.5         422.5
   74.0  18280  -69.1                         275     31  429.4         429.4
   70.7  18550  -67.9                         275     33  437.5         437.5
   70.0  18610  -68.3                         275     33  437.9         437.9
   63.0  19238  -69.9                         280     21  447.7         447.7
   61.5  19381  -70.3                         268     19  450.0         450.0
   60.0  19531  -69.0                         255     17  456.0         456.0
   57.0  19842  -66.4                         265     17  468.7         468.7
   55.0  20059  -64.6                         250     17  477.7         477.7
   51.2  20493  -60.9                         273     22  496.2         496.2
   50.0  20640  -61.9                         280     23  497.2         497.2
   48.5  20828  -62.9                         272     23  499.2         499.2
   43.0  21585  -60.6                         240     25  522.3         522.3
   41.0  21885  -59.7                         250     21  531.7         531.7
   37.0  22531  -57.7                         205     21  552.6         552.6
   32.0  23444  -54.9                         265     12  583.4         583.4
   31.0  23644  -54.3                         270     16  590.4         590.4
   30.0  23850  -53.7                         255     16  597.6         597.6
   29.8  23893  -53.7                         251     16  598.8         598.8
   29.0  24068  -54.1                         235     17  602.4         602.4
   28.0  24293  -54.6                         230     16  607.0         607.0
   27.1  24502  -55.1                         257     19  611.3         611.3
   27.0  24526  -54.9                         260     19  612.6         612.6
   26.0  24770  -52.8                         250     19  625.2         625.2
   24.7  25102  -49.9                         254     17  642.7         642.7
   23.0  25568  -50.3                         260     14  654.8         654.8
   20.0  26480  -51.1                         250     29  679.0         679.0
   18.0  27162  -52.2                         245     37  696.4         696.4
   15.8  28005  -53.5                         238     30  718.5         718.5
   15.0  28345  -52.6                         235     27  732.1         732.1
   14.0  28797  -51.5                         225     29  750.5         750.5
   12.0  29806  -48.9                         235     17  793.4         793.4
   11.0  30376  -47.5                         235     31  818.6         818.6
   10.0  31000  -45.9                         250     29  847.1         847.1
    9.0  31706  -44.2                         255     31  879.5         879.5
    8.0  32496  -42.3                                     917.2         917.2
</PRE><H3>Station information and sounding indices</H3><PRE>
                         Station identifier: WIII
                             Station number: 96749
                           Observation time: 130721/0000
                           Station latitude: -6.11
                          Station longitude: 106.65
                          Station elevation: 8.0
                            Showalter index: 0.89
                               Lifted index: -1.85
    LIFT computed using virtual temperature: -2.14
                                SWEAT index: 197.61
                                    K index: 35.00
                         Cross totals index: 20.00
                      Vertical totals index: 22.90
                        Totals totals index: 42.90
      Convective Available Potential Energy: 592.33
             CAPE using virtual temperature: 700.94
                      Convective Inhibition: -33.22
             CINS using virtual temperature: -24.01
                           Equilibrum Level: 218.00
 Equilibrum Level using virtual temperature: 217.90
                   Level of Free Convection: 840.84
             LFCT using virtual temperature: 864.86
                     Bulk Richardson Number: 246.13
          Bulk Richardson Number using CAPV: 291.26
  Temp [K] of the Lifted Condensation Level: 293.85
Pres [hPa] of the Lifted Condensation Level: 940.06
   Equivalent potential temp [K] of the LCL: 347.81
     Mean mixed layer potential temperature: 299.11
              Mean mixed layer mixing ratio: 16.67
              1000 hPa to 500 hPa thickness: 5761.00
Precipitable water [mm] for entire sounding: 55.84
</PRE>
<P>Description of the 
<A HREF="/upperair/columns.html">data columns</A>
or <A HREF="/upperair/indices.html">sounding indices</A>.

<P>
<FORM>
<INPUT CLASS="button" TYPE="button" VALUE=" Close this window " 
 onClick="window.close();">
<INPUT CLASS="button" TYPE="button" VALUE=" Select another map " 
 onClick="window.blur();">
</FORM>
<HR SIZE="1">
<I>Interested in graduate studies in atmospheric science?
Check out our program at the
<a href="http://www.uwyo.edu/atsc/howtoapply/"
target=_top>University of Wyoming
</a></I>
<HR SIZE="1"><FONT SIZE="-1">
Questions about the weather data provided by this site can be
addressed to <A HREF="mailto:ldoolman@uwyo.edu">
Larry Oolman (ldoolman@uwyo.edu)</A></FONT>
<HR SIZE="1">
<SCRIPT TYPE="text/javascript">
<!--
window.focus();
// -->
</SCRIPT>
</BODY>
</HTML>
