2014-02-28 00
<HTML>
<TITLE>University of Wyoming - Radiosonde Data</TITLE>
<BODY BGCOLOR="white">
<H2>96749 WIII Jakarta Observations at 00Z 28 Feb 2014</H2>
<PRE>
-----------------------------------------------------------------------------
   PRES   HGHT   TEMP   DWPT   RELH   MIXR   DRCT   SKNT   THTA   THTE   THTV
    hPa     m      C      C      %    g/kg    deg   knot     K      K      K 
-----------------------------------------------------------------------------
 1010.0      8   24.6   22.7     89  17.54    140      4  296.9  347.8  300.0
 1000.0    101   25.0   20.9     78  15.83    110      4  298.1  344.3  301.0
  981.0    270   24.8   20.5     77  15.74     58      6  299.6  345.8  302.4
  978.0    297   24.6   20.4     77  15.70     50      6  299.7  345.8  302.5
  925.0    785   21.6   18.8     84  15.00    355      4  301.4  345.7  304.1
  913.0    898   21.0   18.2     84  14.59    340      4  301.9  345.2  304.6
  881.0   1206   19.4   16.4     83  13.53    330      6  303.3  343.7  305.8
  850.0   1515   17.8   14.7     82  12.52    295      2  304.8  342.4  307.1
  822.0   1798   16.3   13.2     82  11.69    280      4  306.1  341.5  308.2
  794.0   2090   14.7   11.5     81  10.88    290      4  307.5  340.6  309.5
  766.0   2393   13.1    9.9     81  10.08    210      6  308.9  339.8  310.8
  739.0   2696   11.5    8.2     80   9.32    220      4  310.3  339.2  312.0
  713.0   2998    9.8    6.5     80   8.62    150      2  311.7  338.6  313.3
  700.0   3153    9.0    5.7     80   8.27     95      2  312.4  338.3  314.0
  688.0   3296    8.1    4.8     79   7.88     40      2  313.0  337.8  314.5
  663.0   3601    6.3    2.7     78   7.08      0      2  314.2  336.7  315.6
  641.0   3879    4.6    0.9     77   6.41    255      4  315.4  335.9  316.6
  639.0   3904    4.5    0.7     76   6.34    245      4  315.5  335.8  316.7
  616.0   4201    3.1   -1.7     71   5.53    240     10  317.3  335.2  318.3
  567.0   4873    0.0   -7.0     59   4.01    229     10  321.2  334.6  322.0
  551.0   5100   -1.5   -7.9     62   3.84    225     10  322.1  335.0  322.8
  513.0   5669   -5.3  -10.3     68   3.42    258      8  324.1  335.8  324.8
  511.0   5699   -5.5  -10.8     66   3.30    260      8  324.2  335.5  324.9
  500.0   5870   -6.7  -13.7     57   2.67    300      4  324.8  334.1  325.3
  478.0   6220   -8.3  -16.3     53   2.25    217      4  327.0  335.0  327.5
  455.0   6597  -10.6  -21.1     42   1.57    125      4  328.8  334.4  329.1
  421.0   7189  -14.3  -28.7     28   0.85    180     10  331.4  334.7  331.6
  400.0   7580  -16.7  -33.7     22   0.56    195     14  333.2  335.4  333.3
  389.0   7788  -18.2  -32.8     27   0.63    195     16  333.9  336.3  334.0
  365.0   8262  -21.7  -30.7     44   0.82    187     10  335.4  338.5  335.5
  358.0   8405  -22.4  -34.0     34   0.60    185      8  336.3  338.6  336.4
  357.0   8425  -22.5  -34.5     33   0.58    183      8  336.4  338.7  336.5
  347.0   8634  -23.7  -32.7     43   0.71    158      6  337.5  340.3  337.7
  341.0   8761  -24.7  -40.7     21   0.32    143      6  337.9  339.2  337.9
  330.0   8997  -26.6  -39.9     27   0.36    115      4  338.4  339.9  338.5
  317.0   9286  -29.0  -39.0     38   0.42    165      6  339.0  340.7  339.1
  306.0   9540  -31.1  -38.1     50   0.47    148      6  339.5  341.4  339.6
  304.0   9586  -31.4  -38.4     50   0.46    145      6  339.7  341.5  339.8
  300.0   9680  -32.1  -39.1     50   0.43    125      6  340.0  341.8  340.1
  291.0   9891  -33.7  -41.5     45   0.35     55      4  340.8  342.2  340.8
  278.0  10208  -36.0  -45.0     39   0.25     65      6  341.8  342.9  341.9
  257.0  10752  -40.1  -51.1     30   0.14    129     11  343.6  344.2  343.6
  255.0  10806  -40.5                         135     12  343.7         343.7
  250.0  10940  -41.7                         125     12  343.9         343.9
  200.0  12410  -54.3                          75     16  346.6         346.6
  185.0  12892  -58.0                          55     16  348.5         348.5
  168.0  13489  -62.5                          50     29  350.6         350.6
  160.0  13791  -64.8                          55     29  351.6         351.6
  150.0  14190  -67.9                          40     23  352.9         352.9
  145.0  14391  -69.2                          35     23  354.1         354.1
  138.0  14683  -71.2                          45     16  355.7         355.7
  131.0  14992  -73.2                          90      8  357.4         357.4
  128.0  15129  -74.1                          86      9  358.1         358.1
  118.0  15595  -76.7                          70     12  361.7         361.7
  106.0  16210  -80.2                         110     14  366.4         366.4
  105.0  16264  -80.5                         110     16  366.8         366.8
  101.0  16484  -79.9                         100     23  372.1         372.1
  100.0  16540  -79.7                          90     23  373.5         373.5
   95.0  16832  -77.7                          41     18  382.9         382.9
   91.0  17077  -78.2                           0     14  386.7         386.7
   86.0  17398  -78.8                          25      2  391.7         391.7
   83.8  17546  -79.1                         295      4  394.1         394.1
   82.0  17671  -78.5                         220      6  397.8         397.8
   77.0  18032  -76.6                         265      8  408.9         408.9
   73.0  18338  -75.1                         215      2  418.4         418.4
   72.1  18409  -74.7                         196      6  420.7         420.7
   70.0  18580  -75.5                         150     16  422.5         422.5
   66.0  18923  -74.7                         150     21  431.4         431.4
   62.0  19287  -73.9                         120     16  441.0         441.0
   57.0  19789  -68.8                          80     10  463.4         463.4
   54.0  20112  -65.4                         345     16  478.2         478.2
   53.7  20145  -65.1                         342     18  479.8         479.8
   50.0  20580  -66.1                         305     37  487.3         487.3
   49.0  20702  -66.3                         295     39  489.7         489.7
   43.6  21408  -67.3                         289     26  503.8         503.8
   40.0  21931  -66.2                         285     16  519.1         519.1
   36.0  22571  -64.9                         225     14  538.3         538.3
   33.7  22972  -64.1                         161     12  550.7         550.7
   33.0  23101  -63.4                         140     12  555.9         555.9
   31.0  23487  -61.2                         140     14  571.8         571.8
   30.0  23690  -60.1                         110     14  580.2         580.2
   27.0  24350  -58.0                         105      2  603.7         603.7
   26.8  24397  -57.9                         121      3  605.4         605.4
   26.0  24588  -57.9                         185      8  610.7         610.7
   25.0  24835  -57.9                         240      8  617.5         617.5
   24.0  25092  -57.9                         150     14  624.8         624.8
   22.9  25388  -57.9                         136     19  633.2         633.2
   20.2  26186  -53.5                          98     34  669.8         669.8
   20.0  26250  -53.7                          95     35  671.0         671.0
   19.0  26578  -54.3                          90     43  679.1         679.1
   18.7  26680  -54.5                          87     40  681.6         681.6
   17.0  27296  -51.1                          70     23  711.4         711.4
   16.1  27647  -49.1                          21     10  728.9         728.9
   16.0  27688  -49.1                          15      8  730.2         730.2
   14.0  28560  -49.4                          95     58  757.6         757.6
   12.1  29513  -49.7                          90     75  788.8         788.8
   12.0  29567  -49.5                          90     76  791.4         791.4
   11.0  30141  -47.2                          90     76  819.6         819.6
   10.0  30770  -44.7                                     851.6         851.6
</PRE><H3>Station information and sounding indices</H3><PRE>
                         Station identifier: WIII
                             Station number: 96749
                           Observation time: 140228/0000
                           Station latitude: -6.11
                          Station longitude: 106.65
                          Station elevation: 8.0
                            Showalter index: -0.78
                               Lifted index: -1.99
    LIFT computed using virtual temperature: -2.44
                                SWEAT index: 184.40
                                    K index: 35.90
                         Cross totals index: 21.40
                      Vertical totals index: 24.50
                        Totals totals index: 45.90
      Convective Available Potential Energy: 339.01
             CAPE using virtual temperature: 434.86
                      Convective Inhibition: -85.33
             CINS using virtual temperature: -66.41
                           Equilibrum Level: 255.38
 Equilibrum Level using virtual temperature: 253.16
                   Level of Free Convection: 721.28
             LFCT using virtual temperature: 757.78
                     Bulk Richardson Number: 56.32
          Bulk Richardson Number using CAPV: 72.25
  Temp [K] of the Lifted Condensation Level: 292.85
Pres [hPa] of the Lifted Condensation Level: 928.17
   Equivalent potential temp [K] of the LCL: 345.47
     Mean mixed layer potential temperature: 299.17
              Mean mixed layer mixing ratio: 15.84
              1000 hPa to 500 hPa thickness: 5769.00
Precipitable water [mm] for entire sounding: 52.91
</PRE>
<P>Description of the 
<A HREF="/upperair/columns.html">data columns</A>
or <A HREF="/upperair/indices.html">sounding indices</A>.

<P>
<FORM>
<INPUT CLASS="button" TYPE="button" VALUE=" Close this window " 
 onClick="window.close();">
<INPUT CLASS="button" TYPE="button" VALUE=" Select another map " 
 onClick="window.blur();">
</FORM>
<HR SIZE="1">
<I>Interested in graduate studies in atmospheric science?
Check out our program at the
<a href="http://www.uwyo.edu/atsc/howtoapply/"
target=_top>University of Wyoming
</a></I>
<HR SIZE="1"><FONT SIZE="-1">
Questions about the weather data provided by this site can be
addressed to <A HREF="mailto:ldoolman@uwyo.edu">
Larry Oolman (ldoolman@uwyo.edu)</A></FONT>
<HR SIZE="1">
<SCRIPT TYPE="text/javascript">
<!--
window.focus();
// -->
</SCRIPT>
</BODY>
</HTML>
