2014-03-16 00
<HTML>
<TITLE>University of Wyoming - Radiosonde Data</TITLE>
<BODY BGCOLOR="white">
<H2>96749 WIII Jakarta Observations at 00Z 16 Mar 2014</H2>
<PRE>
-----------------------------------------------------------------------------
   PRES   HGHT   TEMP   DWPT   RELH   MIXR   DRCT   SKNT   THTA   THTE   THTV
    hPa     m      C      C      %    g/kg    deg   knot     K      K      K 
-----------------------------------------------------------------------------
 1011.0      8   25.4   23.8     91  18.76    200      3  297.6  352.2  300.9
 1000.0    109   26.0   22.7     82  17.72    145      4  299.1  351.1  302.3
  980.0    288   25.4   23.5     89  19.02     50      6  300.3  356.3  303.7
  979.0    297   25.4   23.4     89  18.91     45      6  300.3  356.0  303.7
  934.0    711   23.4   18.5     74  14.57    359      6  302.4  345.7  305.0
  925.0    796   22.6   18.6     78  14.80    350      6  302.4  346.4  305.1
  914.0    899   21.9   18.3     80  14.72    340      6  302.7  346.5  305.4
  883.0   1198   19.7   17.5     87  14.46    285      6  303.5  346.6  306.1
  850.0   1527   17.4   16.6     95  14.18    260     10  304.4  346.8  306.9
  828.0   1751   16.0   15.0     94  13.12    252      7  305.2  344.6  307.6
  823.0   1802   15.8   14.7     93  12.93    250      6  305.4  344.4  307.8
  795.0   2093   14.3   12.9     91  11.86      0      0  306.9  342.9  309.1
  767.0   2395   12.8   11.0     89  10.84     60      2  308.5  341.6  310.5
  740.0   2696   11.3    9.1     86   9.88     10      4  310.0  340.5  311.9
  710.0   3044    9.6    6.9     83   8.87     21      5  311.8  339.5  313.5
  700.0   3162    9.2    5.7     79   8.27     25      6  312.6  338.6  314.2
  688.0   3305    8.8    4.1     72   7.54     20      6  313.8  337.6  315.2
  666.0   3575    8.2    1.2     61   6.31     52     10  316.0  336.2  317.2
  664.0   3600    8.0    1.1     62   6.30     55     10  316.1  336.3  317.3
  618.0   4189    3.8   -0.4     74   6.05     55     17  317.8  337.4  318.9
  617.0   4202    3.7   -0.6     74   5.99     55     17  317.8  337.2  319.0
  595.0   4497    2.1   -4.2     63   4.73     55     12  319.3  334.9  320.2
  588.0   4593    1.6   -5.4     60   4.37     74     10  319.8  334.2  320.6
  573.0   4801    0.3   -5.9     63   4.33    115      6  320.7  335.1  321.5
  569.0   4857    0.0   -6.0     64   4.32    112      7  320.9  335.3  321.7
  560.0   4985   -0.7   -5.7     69   4.49    106      8  321.5  336.5  322.4
  556.0   5042   -0.7   -9.7     51   3.31    103      9  322.2  333.4  322.8
  511.0   5709   -6.8   -8.2     90   4.06     70     17  322.7  336.3  323.5
  506.0   5787   -7.5   -8.0     96   4.16     75     17  322.7  336.7  323.5
  500.0   5880   -7.1   -7.8     95   4.28     80     17  324.3  338.7  325.2
  489.0   6053   -6.5  -12.5     62   3.01     82     16  327.1  337.6  327.7
  473.0   6310   -8.4  -13.9     65   2.78     85     14  327.9  337.6  328.4
  455.0   6610  -10.7  -15.5     67   2.53     75     14  328.7  337.6  329.2
  453.0   6644  -10.9  -15.7     68   2.50     77     13  328.8  337.6  329.3
  448.0   6729  -11.5  -12.5     92   3.29     81     11  329.1  340.6  329.8
  446.0   6763  -11.1  -15.2     72   2.65     83     10  330.1  339.4  330.6
  438.0   6901  -11.7  -17.1     64   2.29     90      6  331.0  339.1  331.4
  421.0   7201  -13.1  -21.4     50   1.65    165      4  332.9  339.0  333.3
  400.0   7590  -14.9  -26.9     35   1.06    160      6  335.5  339.6  335.8
  398.0   7628  -15.1  -30.1     27   0.79    159      6  335.8  338.8  335.9
  389.0   7801  -16.5  -23.4     55   1.49    155      8  336.1  341.6  336.4
  388.0   7821  -16.7  -22.7     60   1.60    158      8  336.1  342.0  336.4
  374.0   8094  -18.6  -26.7     49   1.16    195      4  337.1  341.5  337.3
  359.0   8399  -20.8  -31.2     39   0.79    250      4  338.2  341.3  338.4
  345.0   8695  -22.9  -35.5     30   0.54    255      2  339.2  341.4  339.3
  337.0   8870  -24.1  -38.1     26   0.43    272      2  339.8  341.6  339.9
  331.0   9000  -25.2  -38.0     29   0.44    285      2  340.0  341.8  340.1
  317.0   9312  -27.9  -37.7     39   0.47    160      4  340.6  342.5  340.6
  304.0   9614  -30.5  -37.4     51   0.51    120      8  341.0  343.1  341.1
  300.0   9710  -31.3  -37.3     55   0.52    120      8  341.1  343.2  341.2
  295.0   9829  -32.3  -38.3     55   0.48    124      9  341.4  343.3  341.5
  268.0  10493  -37.9  -45.3     46   0.25    145     12  342.7  343.8  342.8
  258.0  10756  -40.1  -48.1     42   0.19    137     11  343.2  344.0  343.2
  250.0  10970  -41.7                         130     10  343.9         343.9
  224.0  11693  -47.3                         110     10  346.3         346.3
  204.0  12310  -52.1                         100     12  348.1         348.1
  200.0  12440  -53.1                          90     16  348.5         348.5
  195.0  12598  -54.5                          70     19  348.9         348.9
  177.0  13200  -59.7                          45     17  350.0         350.0
  169.0  13488  -62.2                           5     14  350.5         350.5
  153.0  14107  -67.6                         345     14  351.4         351.4
  150.0  14230  -68.7                         345     12  351.6         351.6
  146.0  14386  -69.9                         350     10  352.2         352.2
  132.0  14969  -74.4                          55      6  354.5         354.5
  125.0  15285  -76.8                          65      8  355.6         355.6
  118.0  15618  -79.4                          45     12  356.8         356.8
  112.0  15920  -81.7                          45     10  357.9         357.9
  107.0  16174  -82.7                          45      8  360.7         360.7
  102.0  16440  -83.7                          33     10  363.7         363.7
  101.0  16495  -83.9                          30     10  364.4         364.4
  100.0  16550  -84.1                          35     10  365.0         365.0
   96.0  16775  -84.8                          60      8  368.0         368.0
   94.0  16891  -85.1                          90      8  369.5         369.5
   91.0  17069  -85.0                         130      8  373.1         373.1
   86.0  17380  -85.0                         160     12  379.4         379.4
   83.1  17569  -84.9                         134     14  383.2         383.2
   81.9  17650  -80.9                         122     15  393.0         393.0
   78.4  17896  -79.1                          89     18  401.6         401.6
   77.2  17986  -71.7                          77     19  418.8         418.8
   77.0  18001  -71.4                          75     19  419.7         419.7
   74.3  18213  -67.7                         351     13  431.8         431.8
   73.0  18319  -68.1                         310     10  433.1         433.1
   70.0  18570  -69.1                         285     16  436.2         436.2
   66.0  18921  -70.5                         275     14  440.6         440.6
   63.8  19123  -71.3                         315     10  443.1         443.1
   63.0  19198  -71.4                         325     12  444.5         444.5
   59.6  19526  -71.7                         305     16  450.9         450.9
   54.0  20116  -67.6                         270     23  473.2         473.2
   53.6  20161  -67.3                         270     23  474.9         474.9
   50.0  20580  -68.5                         270     27  481.6         481.6
   49.0  20701  -68.2                         265     27  485.1         485.1
   42.6  21543  -66.3                         211     10  509.6         509.6
   42.0  21629  -66.3                         205      8  511.8         511.8
   40.0  21924  -66.2                         285     17  519.2         519.2
   36.0  22562  -66.0                         265     19  535.5         535.5
   34.2  22872  -65.9                         218     14  543.7         543.7
   33.0  23092  -63.8                         185     10  554.8         554.8
   31.0  23478  -60.2                         295      6  574.5         574.5
   30.0  23680  -58.3                         290      6  585.1         585.1
   29.8  23722  -57.7                         290      6  587.9         587.9
   27.0  24344  -57.6                         295      4  604.9         604.9
   26.0  24582  -57.6                         135      8  611.6         611.6
   25.0  24829  -57.5                          75      6  618.5         618.5
   24.0  25087  -57.5                          55     16  625.9         625.9
   23.5  25219  -57.5                          54     15  629.7         629.7
   21.0  25936  -53.1                          50     10  663.6         663.6
   20.9  25967  -52.9                          65     10  665.1         665.1
   20.0  26250  -53.5                         205      6  671.7         671.7
   17.7  27031  -55.3                         141     25  689.8         689.8
   17.0  27294  -54.5                         120     31  700.4         700.4
   15.0  28110  -52.0                          95     43  734.2         734.2
   12.0  29565  -47.5                          80     72  798.2         798.2
   10.4  30498  -44.7                          76     79  842.1         842.1
   10.2  30628  -44.8                          75     80  846.4         846.4
   10.0  30760  -44.9                          75     78  850.8         850.8
    8.8  31618  -42.9                                     890.2         890.2
    8.0  32264  -39.9                                     926.7         926.7
</PRE><H3>Station information and sounding indices</H3><PRE>
                         Station identifier: WIII
                             Station number: 96749
                           Observation time: 140316/0000
                           Station latitude: -6.11
                          Station longitude: 106.65
                          Station elevation: 8.0
                            Showalter index: -2.88
                               Lifted index: -5.09
    LIFT computed using virtual temperature: -5.48
                                SWEAT index: 236.20
                                    K index: 37.60
                         Cross totals index: 23.70
                      Vertical totals index: 24.50
                        Totals totals index: 48.20
      Convective Available Potential Energy: 1534.01
             CAPE using virtual temperature: 1693.44
                      Convective Inhibition: -25.00
             CINS using virtual temperature: -15.62
                           Equilibrum Level: 141.65
 Equilibrum Level using virtual temperature: 141.47
                   Level of Free Convection: 880.67
             LFCT using virtual temperature: 894.49
                     Bulk Richardson Number: 5188.59
          Bulk Richardson Number using CAPV: 5727.83
  Temp [K] of the Lifted Condensation Level: 295.26
Pres [hPa] of the Lifted Condensation Level: 946.62
   Equivalent potential temp [K] of the LCL: 352.99
     Mean mixed layer potential temperature: 299.94
              Mean mixed layer mixing ratio: 18.09
              1000 hPa to 500 hPa thickness: 5771.00
Precipitable water [mm] for entire sounding: 57.31
</PRE>
<P>Description of the 
<A HREF="/upperair/columns.html">data columns</A>
or <A HREF="/upperair/indices.html">sounding indices</A>.

<P>
<FORM>
<INPUT CLASS="button" TYPE="button" VALUE=" Close this window " 
 onClick="window.close();">
<INPUT CLASS="button" TYPE="button" VALUE=" Select another map " 
 onClick="window.blur();">
</FORM>
<HR SIZE="1">
<I>Interested in graduate studies in atmospheric science?
Check out our program at the
<a href="http://www.uwyo.edu/atsc/howtoapply/"
target=_top>University of Wyoming
</a></I>
<HR SIZE="1"><FONT SIZE="-1">
Questions about the weather data provided by this site can be
addressed to <A HREF="mailto:ldoolman@uwyo.edu">
Larry Oolman (ldoolman@uwyo.edu)</A></FONT>
<HR SIZE="1">
<SCRIPT TYPE="text/javascript">
<!--
window.focus();
// -->
</SCRIPT>
</BODY>
</HTML>
