2015-02-21 00
<HTML>
<TITLE>University of Wyoming - Radiosonde Data</TITLE>
<BODY BGCOLOR="white">
<H2>96749 WIII Jakarta Observations at 00Z 21 Feb 2015</H2>
<PRE>
-----------------------------------------------------------------------------
   PRES   HGHT   TEMP   DWPT   RELH   MIXR   DRCT   SKNT   THTA   THTE   THTV
    hPa     m      C      C      %    g/kg    deg   knot     K      K      K 
-----------------------------------------------------------------------------
 1010.0      8   24.0   23.5     97  18.44    270      2  296.3  349.6  299.6
 1008.0     26   25.4   24.0     92  19.06    271      2  297.9  353.4  301.3
 1000.0     97   25.4   22.9     86  17.94    275      2  298.6  351.0  301.8
  989.0    195   25.4   21.5     79  16.62    280      3  299.5  348.2  302.5
  977.0    302   25.0   20.5     76  15.80    285      4  300.1  346.6  302.9
  944.0    603   23.7   17.7     69  13.66    270     10  301.8  342.3  304.3
  925.0    782   23.0   16.0     65  12.51    245     12  302.8  340.1  305.1
  917.0    858   22.8   14.8     61  11.67    235     13  303.4  338.3  305.5
  913.0    896   22.6   14.2     59  11.27    230     14  303.6  337.3  305.6
  850.0   1514   19.4    4.4     37   6.20    220     17  306.4  325.7  307.6
  815.0   1875   17.2    3.2     39   5.94    214     14  307.8  326.4  308.9
  794.0   2095   15.8    3.6     44   6.29    210     12  308.6  328.3  309.8
  714.0   2990   10.1    5.4     73   7.92    160     10  311.8  336.6  313.3
  700.0   3157    9.0    5.7     80   8.27    165     10  312.4  338.3  314.0
  688.0   3300    8.2    5.1     80   8.05    165     10  313.1  338.4  314.6
  664.0   3593    6.7    3.8     82   7.60    150      8  314.6  338.6  316.0
  654.0   3718    6.0    3.2     82   7.42    121      8  315.2  338.8  316.6
  640.0   3894    5.0    2.1     81   6.99     80      8  315.9  338.3  317.3
  617.0   4191    3.2    0.1     80   6.30     85     10  317.3  337.6  318.5
  576.0   4749    0.0   -3.5     77   5.16     94     12  319.8  336.7  320.8
  573.0   4791   -0.3   -3.7     78   5.12     95     12  319.9  336.8  320.9
  531.0   5396   -4.1   -6.2     86   4.56     70      6  322.4  337.6  323.2
  523.0   5517   -4.9   -6.7     87   4.45     84      5  322.8  337.7  323.7
  511.0   5699   -5.7   -8.3     82   4.01    105      4  324.0  337.5  324.8
  500.0   5870   -6.5   -9.9     77   3.63     55      4  325.1  337.4  325.8
  492.0   5994   -7.3  -10.6     77   3.48     15      4  325.5  337.5  326.2
  455.0   6593  -11.3  -14.0     80   2.85     35      4  327.9  337.8  328.5
  403.0   7523  -17.5  -19.4     85   2.06    340     10  331.4  338.8  331.8
  400.0   7580  -17.9  -19.7     86   2.02    340     10  331.6  338.9  332.0
  343.0   8704  -25.9  -27.5     86   1.17    295      2  335.6  340.1  335.9
  334.0   8899  -27.3  -28.9     86   1.06      8      2  336.3  340.3  336.5
  329.0   9006  -28.1  -30.1     83   0.96     50      2  336.7  340.4  336.9
  315.0   9314  -30.4  -33.5     74   0.72     65      4  337.7  340.6  337.9
  300.0   9660  -32.9  -37.3     65   0.52     30      2  338.9  341.0  339.0
  290.0   9896  -34.8  -39.8     60   0.42     15      4  339.6  341.2  339.6
  278.0  10189  -37.1  -43.0     54   0.31      5      6  340.3  341.6  340.4
  266.0  10496  -39.5  -46.3     48   0.23     30      4  341.1  342.1  341.2
  263.0  10575  -40.1  -47.1     47   0.21     42      5  341.3  342.2  341.4
  254.0  10812  -42.0                          80      8  341.9         341.9
  250.0  10920  -42.9                          80     10  342.1         342.1
  232.0  11412  -46.7                          90     12  343.7         343.7
  212.0  12006  -51.3                         110     21  345.5         345.5
  200.0  12390  -54.3                          90     21  346.6         346.6
  193.0  12609  -56.2                          85     25  347.1         347.1
  150.0  14160  -69.5                          95     41  350.2         350.2
  130.0  14997  -74.9                         105     56  355.1         355.1
  126.0  15180  -76.1                         102     62  356.1         356.1
  117.0  15600  -78.0                          95     76  360.2         360.2
  111.0  15899  -79.4                          95     76  363.0         363.0
  105.0  16214  -80.9                          90     64  366.1         366.1
  101.0  16434  -81.9                          85     58  368.2         368.2
  100.0  16490  -80.9                          85     56  371.2         371.2
   95.0  16780  -80.7                          75     37  377.0         377.0
   94.5  16810  -80.7                          71     35  377.6         377.6
   91.4  17001  -75.7                          43     23  391.1         391.1
   90.0  17091  -75.7                          30     17  392.9         392.9
   85.0  17423  -75.6                         290     17  399.5         399.5
   81.0  17703  -75.6                         245     27  405.1         405.1
   77.0  17997  -75.5                         235     23  411.1         411.1
   72.8  18323  -75.5                         238     21  417.8         417.8
   70.0  18550  -76.9                         240     19  419.6         419.6
   69.0  18632  -77.4                         235     19  420.2         420.2
   66.0  18886  -78.8                         220     19  422.4         422.4
   65.1  18965  -79.3                         207     17  423.1         423.1
   62.0  19247  -78.0                         160     10  431.9         431.9
   56.0  19835  -75.3                          95     19  450.8         450.8
   50.0  20490  -72.3                          95     35  472.7         472.7
   47.8  20755  -70.5                          93     39  483.1         483.1
   46.2  20959  -66.7                          92     41  497.0         497.0
   44.0  21255  -66.2                          90     45  505.1         505.1
   37.2  22273  -64.7                          98     54  533.9         533.9
   36.0  22475  -62.9                         100     56  543.5         543.5
   33.3  22957  -58.7                          96     55  566.9         566.9
   30.0  23610  -59.7                          90     54  581.3         581.3
   24.0  25024  -57.8                          85     47  625.0         625.0
   20.0  26180  -56.3                          90     58  663.1         663.1
   19.8  26244  -56.5                          90     57  664.4         664.4
   18.0  26858  -52.0                          85     52  696.9         696.9
   17.0  27227  -49.3                          75     37  717.0         717.0
   16.0  27626  -48.6                          65     21  731.8         731.8
   15.0  28051  -47.9                         125      8  747.9         747.9
   14.0  28506  -47.1                         110     25  765.5         765.5
   13.8  28601  -46.9                                     769.2         769.2
</PRE><H3>Station information and sounding indices</H3><PRE>
                         Station identifier: WIII
                             Station number: 96749
                           Observation time: 150221/0000
                           Station latitude: -6.11
                          Station longitude: 106.65
                          Station elevation: 8.0
                            Showalter index: 6.97
                               Lifted index: -2.55
    LIFT computed using virtual temperature: -2.90
                                SWEAT index: 90.80
                                    K index: 27.00
                         Cross totals index: 10.90
                      Vertical totals index: 25.90
                        Totals totals index: 36.80
      Convective Available Potential Energy: 907.35
             CAPE using virtual temperature: 994.20
                      Convective Inhibition: -137.66
             CINS using virtual temperature: -66.30
                           Equilibrum Level: 194.46
 Equilibrum Level using virtual temperature: 194.43
                   Level of Free Convection: 735.36
             LFCT using virtual temperature: 789.60
                     Bulk Richardson Number: 158.65
          Bulk Richardson Number using CAPV: 173.83
  Temp [K] of the Lifted Condensation Level: 293.31
Pres [hPa] of the Lifted Condensation Level: 927.74
   Equivalent potential temp [K] of the LCL: 347.50
     Mean mixed layer potential temperature: 299.68
              Mean mixed layer mixing ratio: 16.37
              1000 hPa to 500 hPa thickness: 5773.00
Precipitable water [mm] for entire sounding: 47.29
</PRE>
<P>Description of the 
<A HREF="/upperair/columns.html">data columns</A>
or <A HREF="/upperair/indices.html">sounding indices</A>.

<P>
<FORM>
<INPUT CLASS="button" TYPE="button" VALUE=" Close this window " 
 onClick="window.close();">
<INPUT CLASS="button" TYPE="button" VALUE=" Select another map " 
 onClick="window.blur();">
</FORM>
<HR SIZE="1">
<I>Interested in graduate studies in atmospheric science?
Check out our program at the
<a href="http://www.uwyo.edu/atsc/howtoapply/"
target=_top>University of Wyoming
</a></I>
<HR SIZE="1"><FONT SIZE="-1">
Questions about the weather data provided by this site can be
addressed to <A HREF="mailto:ldoolman@uwyo.edu">
Larry Oolman (ldoolman@uwyo.edu)</A></FONT>
<HR SIZE="1">
<SCRIPT TYPE="text/javascript">
<!--
window.focus();
// -->
</SCRIPT>
</BODY>
</HTML>
