2015-05-15 00
<HTML>
<TITLE>University of Wyoming - Radiosonde Data</TITLE>
<BODY BGCOLOR="white">
<H2>96749 WIII Jakarta Observations at 00Z 15 May 2015</H2>
<PRE>
-----------------------------------------------------------------------------
   PRES   HGHT   TEMP   DWPT   RELH   MIXR   DRCT   SKNT   THTA   THTE   THTV
    hPa     m      C      C      %    g/kg    deg   knot     K      K      K 
-----------------------------------------------------------------------------
 1011.0      8   25.2   24.0     93  19.00      0      0  297.4  352.7  300.8
 1004.0     73   27.0   25.0     89  20.35     67      1  299.8  359.7  303.4
 1000.0    110   26.8   24.8     89  20.19    105      2  299.9  359.4  303.6
  979.0    297   25.7   23.7     89  19.32    105      6  300.6  357.6  304.1
  946.0    599   23.8   22.0     90  17.98     80     10  301.7  354.9  304.9
  925.0    797   22.6   20.9     90  17.14     85      8  302.4  353.3  305.5
  914.0    901   22.1   20.2     89  16.56     85      8  302.9  352.2  305.9
  850.0   1531   18.8   15.7     82  13.37     90      6  305.8  346.2  308.3
  824.0   1795   17.4   13.9     80  12.29    100      6  307.1  344.3  309.3
  795.0   2100   15.7   11.9     78  11.12    120      6  308.4  342.5  310.5
  767.0   2405   14.1    9.8     76  10.05    140      8  309.9  340.8  311.7
  740.0   2710   12.4    7.8     73   9.06    110      8  311.3  339.4  312.9
  736.0   2756   12.2    7.5     73   8.91    110      8  311.5  339.2  313.1
  700.0   3175    9.4    7.2     86   9.18    115      8  312.9  341.6  314.6
  666.0   3587    7.0    5.6     91   8.64    105      8  314.6  341.9  316.3
  665.0   3600    6.9    5.5     91   8.59    105      8  314.7  341.8  316.4
  639.0   3927    5.4    2.7     83   7.33    102      8  316.6  340.0  318.0
  618.0   4200    4.2    0.9     79   6.64    100      8  318.3  339.7  319.5
  607.0   4346    3.6   -0.1     77   6.30    104      9  319.2  339.6  320.4
  597.0   4481    4.2  -16.8     20   1.73    108      9  321.4  327.4  321.7
  545.0   5216    0.0  -17.0     27   1.86    129     13  324.9  331.5  325.2
  532.0   5408   -1.3  -17.9     27   1.76    135     14  325.6  331.9  325.9
  508.0   5775   -3.7  -19.7     28   1.59    124     14  327.0  332.7  327.3
  501.0   5884   -4.5  -24.5     19   1.06    120     14  327.3  331.2  327.5
  500.0   5900   -4.5  -20.5     27   1.51    120     14  327.5  332.9  327.8
  499.0   5916   -4.5  -16.5     39   2.12    120     14  327.7  335.2  328.1
  498.0   5932   -4.5  -24.5     19   1.06    120     14  327.9  331.8  328.1
  493.0   6011   -5.0  -21.7     26   1.37    120     14  328.1  333.1  328.4
  489.0   6075   -5.5  -19.5     32   1.68    121     14  328.4  334.4  328.7
  475.0   6302   -6.1  -13.1     58   2.95    125     14  330.3  340.7  330.9
  461.0   6536   -7.9  -14.9     57   2.62    129     14  330.9  340.2  331.5
  457.0   6603   -8.5  -14.8     60   2.66    130     14  331.0  340.5  331.6
  428.0   7107  -12.9  -14.3     89   2.97    119     10  331.7  342.1  332.3
  406.0   7507  -15.6  -15.9     97   2.75    110      6  333.3  343.1  333.8
  400.0   7620  -16.3  -16.3    100   2.69    100      6  333.7  343.3  334.3
  393.0   7753  -16.9  -17.1     98   2.56     90      7  334.6  343.8  335.1
  390.0   7811  -16.7  -20.9     70   1.86     85      8  335.6  342.5  336.0
  385.0   7908  -17.1  -23.1     60   1.56     88      9  336.3  342.1  336.6
  382.0   7966  -16.9  -27.9     38   1.01     90     10  337.4  341.2  337.6
  377.0   8065  -17.7  -24.7     54   1.38     93     11  337.6  342.7  337.8
  369.0   8226  -18.1  -28.1     41   1.03     99     12  339.1  343.1  339.3
  360.0   8410  -19.1  -33.1     28   0.66    105     14  340.2  342.8  340.3
  346.0   8703  -21.5  -39.0     19   0.38     85     14  340.8  342.3  340.9
  336.0   8920  -23.3  -43.3     14   0.25     92     13  341.2  342.2  341.2
  335.0   8942  -23.3  -35.3     32   0.57     93     12  341.5  343.8  341.6
  328.0   9096  -24.7  -35.7     35   0.56     98     11  341.6  343.9  341.8
  326.0   9140  -25.1  -43.1     17   0.26    100     11  341.7  342.8  341.7
  319.0   9298  -26.0  -35.2     41   0.60    105     10  342.6  345.0  342.7
  318.0   9321  -26.1  -34.1     47   0.67    104     10  342.7  345.4  342.9
  300.0   9740  -29.1  -44.1     22   0.26     80     12  344.2  345.3  344.3
  297.0   9812  -29.7  -48.7     14   0.15     74     13  344.4  345.1  344.4
  293.0   9909  -30.5  -46.5     20   0.20     65     14  344.5  345.4  344.6
  283.0  10156  -32.7  -40.7     45   0.39     69     14  344.9  346.5  344.9
  250.0  11020  -39.5  -47.5     42   0.21     85     12  347.2  348.1  347.2
  248.0  11075  -40.1  -47.1     47   0.22     85     12  347.1  348.1  347.1
  247.0  11102  -40.3                          85     12  347.1         347.1
  206.0  12304  -51.0                          75     10  348.9         348.9
  200.0  12500  -52.7                          85     10  349.1         349.1
  179.0  13190  -58.5                          95      6  350.9         350.9
  163.0  13773  -63.4                          70      4  352.3         352.3
  155.0  14086  -66.0                         130      2  352.9         352.9
  150.0  14290  -67.7                         105      6  353.3         353.3
  147.0  14407  -68.6                          90     10  353.8         353.8
  120.0  15579  -77.2                          20     17  359.1         359.1
  106.0  16296  -82.5                          40     21  362.0         362.0
  102.0  16510  -82.8                          45     25  365.5         365.5
  100.0  16620  -82.9                          50     27  367.3         367.3
   97.0  16790  -82.7                          65     29  371.0         371.0
   92.4  17062  -82.3                          63     24  376.9         376.9
   87.0  17406  -76.5                          60     17  395.1         395.1
   85.6  17498  -74.9                          86     15  400.1         400.1
   83.0  17676  -75.3                         135     12  402.8         402.8
   71.0  18578  -77.5                         180     14  416.6         416.6
   70.0  18660  -77.7                         175     12  417.8         417.8
   67.3  18884  -78.3                         153      7  421.3         421.3
   67.0  18910  -78.2                         150      6  422.0         422.0
   64.0  19173  -77.4                          75     12  429.4         429.4
   60.0  19544  -76.2                          55     17  440.0         440.0
   54.0  20149  -74.2                          75     27  458.0         458.0
   53.6  20192  -74.1                          81     28  459.3         459.3
   52.8  20280  -71.5                          93     29  467.3         467.3
   52.0  20369  -71.6                         105     31  469.2         469.2
   50.0  20600  -71.7                         100     35  474.1         474.1
   42.0  21638  -69.2                          90     45  504.5         504.5
   39.9  21944  -68.5                          91     50  513.7         513.7
   34.1  22899  -62.7                          93     64  552.5         552.5
   31.4  23418  -55.1                          94     72  586.1         586.1
   30.0  23710  -54.1                          95     76  596.6         596.6
   29.0  23931  -52.5                          95     68  606.8         606.8
   26.1  24616  -47.5                          90     14  639.5         639.5
   26.0  24641  -47.5                          90     12  640.1         640.1
   25.0  24900  -47.6                         230      2  647.0         647.0
   24.0  25169  -47.8                         250     10  654.2         654.2
   23.0  25449  -47.9                         225     12  661.9         661.9
   22.0  25742  -48.0                         175     21  670.0         670.0
   20.0  26370  -48.3                         135     25  687.6         687.6
   19.0  26708  -48.6                         110     16  696.7         696.7
   18.8  26778  -48.7                          97     16  698.6         698.6
   17.9  27105  -44.1                          35     18  723.0         723.0
   17.0  27452  -44.0                         330     19  734.1         734.1
   15.0  28296  -43.7                         280     31  761.7         761.7
   11.5  30086  -43.1                         267     38  824.0         824.0
   10.0  31040  -38.3                         260     41  875.4         875.4
    9.5  31393  -37.5                                     891.4         891.4
</PRE><H3>Station information and sounding indices</H3><PRE>
                         Station identifier: WIII
                             Station number: 96749
                           Observation time: 150515/0000
                           Station latitude: -6.11
                          Station longitude: 106.65
                          Station elevation: 8.0
                            Showalter index: -0.03
                               Lifted index: -3.95
    LIFT computed using virtual temperature: -4.92
                                SWEAT index: 214.41
                                    K index: 36.80
                         Cross totals index: 20.20
                      Vertical totals index: 23.30
                        Totals totals index: 43.50
      Convective Available Potential Energy: 1972.15
             CAPE using virtual temperature: 2190.49
                      Convective Inhibition: -8.00
             CINS using virtual temperature: -4.36
                           Equilibrum Level: 128.61
 Equilibrum Level using virtual temperature: 128.03
                   Level of Free Convection: 895.05
             LFCT using virtual temperature: 921.05
                     Bulk Richardson Number: 1235.30
          Bulk Richardson Number using CAPV: 1372.07
  Temp [K] of the Lifted Condensation Level: 296.56
Pres [hPa] of the Lifted Condensation Level: 956.77
   Equivalent potential temp [K] of the LCL: 357.43
     Mean mixed layer potential temperature: 300.35
              Mean mixed layer mixing ratio: 19.40
              1000 hPa to 500 hPa thickness: 5790.00
Precipitable water [mm] for entire sounding: 57.67
</PRE>
<P>Description of the 
<A HREF="/upperair/columns.html">data columns</A>
or <A HREF="/upperair/indices.html">sounding indices</A>.

<P>
<FORM>
<INPUT CLASS="button" TYPE="button" VALUE=" Close this window " 
 onClick="window.close();">
<INPUT CLASS="button" TYPE="button" VALUE=" Select another map " 
 onClick="window.blur();">
</FORM>
<HR SIZE="1">
<I>Interested in graduate studies in atmospheric science?
Check out our program at the
<a href="http://www.uwyo.edu/atsc/howtoapply/"
target=_top>University of Wyoming
</a></I>
<HR SIZE="1"><FONT SIZE="-1">
Questions about the weather data provided by this site can be
addressed to <A HREF="mailto:ldoolman@uwyo.edu">
Larry Oolman (ldoolman@uwyo.edu)</A></FONT>
<HR SIZE="1">
<SCRIPT TYPE="text/javascript">
<!--
window.focus();
// -->
</SCRIPT>
</BODY>
</HTML>
