2014-04-17 00
<HTML>
<TITLE>University of Wyoming - Radiosonde Data</TITLE>
<BODY BGCOLOR="white">
<H2>96749 WIII Jakarta Observations at 00Z 17 Apr 2014</H2>
<PRE>
-----------------------------------------------------------------------------
   PRES   HGHT   TEMP   DWPT   RELH   MIXR   DRCT   SKNT   THTA   THTE   THTV
    hPa     m      C      C      %    g/kg    deg   knot     K      K      K 
-----------------------------------------------------------------------------
 1009.0      8   23.8   22.4     92  17.23    220      3  296.2  346.0  299.2
 1006.0     35   25.6   21.5     78  16.34    220      4  298.2  345.9  301.1
 1000.0     88   25.2   20.5     75  15.43    220      6  298.4  343.4  301.1
  986.0    213   26.2   19.2     65  14.41    223     12  300.6  343.1  303.1
  976.0    302   25.7   18.9     66  14.24    225     16  300.9  343.0  303.5
  925.0    774   23.0   17.0     69  13.35    235     14  302.8  342.6  305.2
  912.0    897   22.2   16.4     70  13.00    240     14  303.2  342.0  305.6
  881.0   1196   20.2   14.8     71  12.16    260     12  304.2  340.7  306.4
  850.0   1506   18.2   13.2     73  11.34    245      8  305.2  339.4  307.3
  822.0   1789   16.6   12.0     74  10.84    230      8  306.4  339.4  308.4
  793.0   2092   14.9   10.7     76  10.31    245      8  307.8  339.3  309.7
  765.0   2395   13.2    9.5     78   9.81    265     10  309.1  339.3  311.0
  700.0   3145    9.0    6.3     83   8.63    250     12  312.4  339.4  314.0
  687.0   3300    8.1    5.4     83   8.26    240     10  313.1  339.1  314.7
  668.0   3532    6.8    4.1     83   7.74    244      8  314.2  338.6  315.6
  663.0   3593    6.5    3.8     83   7.64    245      8  314.5  338.6  315.9
  639.0   3893    4.8    2.3     84   7.13    225      6  315.9  338.7  317.3
  616.0   4191    3.2    0.9     84   6.66    225      6  317.4  338.9  318.7
  572.0   4794    0.0   -2.1     86   5.77    235      8  320.4  339.3  321.5
  571.0   4808   -0.1   -2.2     86   5.75    235      8  320.5  339.3  321.6
  551.0   5090   -1.9   -3.7     88   5.33    200      4  321.6  339.2  322.6
  510.0   5703   -5.9   -6.9     93   4.50    205      4  324.0  339.1  324.9
  500.0   5860   -6.9   -7.7     94   4.31    215      6  324.6  339.1  325.4
  491.0   6001   -8.0   -8.5     96   4.12    225      6  324.9  338.9  325.7
  490.0   6017   -8.1   -8.6     96   4.10    223      6  325.0  338.9  325.8
  485.0   6097   -6.9   -9.5     82   3.86    213      7  327.4  340.6  328.2
  473.0   6291   -8.2  -11.9     75   3.28    190      8  328.1  339.5  328.8
  458.0   6541   -9.9  -14.9     67   2.64    192      7  329.1  338.3  329.6
  437.0   6897  -12.2  -16.2     72   2.49    195      6  330.6  339.4  331.1
  421.0   7181  -14.0  -17.2     77   2.37    180      8  331.8  340.3  332.3
  400.0   7570  -16.5  -18.6     84   2.22    185      8  333.5  341.4  333.9
  388.0   7800  -17.6  -20.2     80   2.00    185      8  334.9  342.2  335.3
  387.0   7820  -17.7  -20.3     80   1.98    179      8  335.0  342.3  335.4
  373.0   8091  -19.5  -22.8     75   1.65     95      2  336.2  342.3  336.5
  358.0   8393  -21.5  -25.6     69   1.33    115      4  337.5  342.5  337.7
  344.0   8687  -23.5  -28.4     64   1.08    195      2  338.7  342.8  338.9
  330.0   8993  -25.5  -31.2     59   0.86    230      6  339.9  343.3  340.1
  317.0   9289  -27.5  -33.9     54   0.69    180      8  341.1  343.8  341.2
  308.0   9501  -28.9  -35.9     51   0.58    163      8  341.9  344.3  342.1
  304.0   9595  -29.6  -36.6     51   0.55    155      8  342.2  344.5  342.4
  300.0   9690  -30.3  -37.3     50   0.52    160      8  342.6  344.7  342.7
  267.0  10497  -37.3  -43.6     52   0.30    140      8  343.9  345.2  344.0
  255.0  10816  -40.1  -46.1     53   0.24    119     11  344.4  345.4  344.4
  250.0  10950  -41.3                         110     12  344.5         344.5
  234.0  11389  -45.0                         100     17  345.4         345.4
  204.0  12299  -52.8                          95     21  347.1         347.1
  200.0  12430  -53.9                          90     23  347.2         347.2
  186.0  12879  -57.2                          85     29  349.1         349.1
  169.0  13472  -61.6                          85     17  351.5         351.5
  161.0  13772  -63.9                         110     12  352.7         352.7
  153.0  14087  -66.2                         190     12  353.9         353.9
  150.0  14210  -67.1                         195     16  354.3         354.3
  138.0  14704  -70.8                         195     23  356.3         356.3
  125.0  15289  -75.2                         155     21  358.5         358.5
  122.0  15433  -76.3                         157     19  359.1         359.1
  119.0  15576  -76.9                         160     16  360.6         360.6
  107.0  16185  -79.3                          90      8  367.2         367.2
  104.0  16348  -79.9                         119      7  368.9         368.9
  100.0  16570  -80.7                         160      6  371.6         371.6
   96.0  16796  -81.7                         205     14  373.9         373.9
   86.0  17407  -84.5                         225     14  380.4         380.4
   83.1  17597  -85.3                         260     12  382.4         382.4
   82.0  17670  -85.0                         275     12  384.4         384.4
   79.7  17826  -84.5                         239     14  388.6         388.6
   77.7  17968  -78.9                         207     16  403.1         403.1
   77.0  18020  -78.3                         195     17  405.3         405.3
   71.6  18438  -73.7                         145     13  423.6         423.6
   70.0  18570  -71.5                         130     12  431.1         431.1
   66.0  18919  -69.4                         285     10  443.1         443.1
   65.9  18928  -69.3                         285     10  443.4         443.4
   60.0  19482  -72.6                         280     25  448.0         448.0
   59.9  19492  -72.7                         281     25  448.0         448.0
   57.0  19786  -70.3                         300     19  459.8         459.8
   53.3  20185  -67.1                         292     29  476.2         476.2
   50.0  20570  -67.1                         285     39  484.9         484.9
   49.0  20692  -67.1                         285     39  487.7         487.7
   44.0  21343  -67.2                         255     23  502.8         502.8
   37.6  22293  -67.3                         263     16  525.6         525.6
   36.0  22562  -65.4                         265     14  537.1         537.1
   33.0  23099  -61.5                         170     17  560.8         560.8
   31.0  23486  -58.8                         205     14  578.4         578.4
   30.4  23606  -57.9                         241     13  584.0         584.0
   30.0  23690  -58.1                         265     12  585.7         585.7
   29.0  23903  -58.6                         265      8  590.0         590.0
   27.0  24351  -59.6                          25      4  599.3         599.3
   25.4  24734  -60.5                          87     10  607.3         607.3
   24.3  25013  -55.9                         132     15  628.4         628.4
   24.0  25093  -55.8                         145     16  631.0         631.0
   22.0  25650  -54.8                          95     31  649.8         649.8
   20.0  26260  -53.7                         100     37  671.0         671.0
   19.2  26522  -53.9                         100     40  678.3         678.3
   18.6  26728  -49.9                         100     43  697.0         697.0
   16.0  27733  -47.7                         100     56  734.7         734.7
   11.0  30234  -42.3                          85     76  837.5         837.5
   10.9  30295  -42.1                          85     76  840.1         840.1
   10.0  30870  -40.9                          75     70  865.7         865.7
    9.0  31590  -39.9                          85     76  896.2         896.2
    8.0  32395  -38.7                          85     76  931.5         931.5
    7.7  32657  -38.3                                     943.3         943.3
</PRE><H3>Station information and sounding indices</H3><PRE>
                         Station identifier: WIII
                             Station number: 96749
                           Observation time: 140417/0000
                           Station latitude: -6.11
                          Station longitude: 106.65
                          Station elevation: 8.0
                            Showalter index: 0.24
                               Lifted index: -1.33
    LIFT computed using virtual temperature: -1.46
                                SWEAT index: 180.41
                                    K index: 35.60
                         Cross totals index: 20.10
                      Vertical totals index: 25.10
                        Totals totals index: 45.20
      Convective Available Potential Energy: 59.98
             CAPE using virtual temperature: 85.47
                      Convective Inhibition: -166.59
             CINS using virtual temperature: -135.87
                           Equilibrum Level: 396.10
 Equilibrum Level using virtual temperature: 394.34
                   Level of Free Convection: 648.67
             LFCT using virtual temperature: 681.16
                     Bulk Richardson Number: 30.91
          Bulk Richardson Number using CAPV: 44.05
  Temp [K] of the Lifted Condensation Level: 291.10
Pres [hPa] of the Lifted Condensation Level: 897.95
   Equivalent potential temp [K] of the LCL: 343.22
     Mean mixed layer potential temperature: 300.20
              Mean mixed layer mixing ratio: 14.66
              1000 hPa to 500 hPa thickness: 5772.00
Precipitable water [mm] for entire sounding: 54.35
</PRE>
<P>Description of the 
<A HREF="/upperair/columns.html">data columns</A>
or <A HREF="/upperair/indices.html">sounding indices</A>.

<P>
<FORM>
<INPUT CLASS="button" TYPE="button" VALUE=" Close this window " 
 onClick="window.close();">
<INPUT CLASS="button" TYPE="button" VALUE=" Select another map " 
 onClick="window.blur();">
</FORM>
<HR SIZE="1">
<I>Interested in graduate studies in atmospheric science?
Check out our program at the
<a href="http://www.uwyo.edu/atsc/howtoapply/"
target=_top>University of Wyoming
</a></I>
<HR SIZE="1"><FONT SIZE="-1">
Questions about the weather data provided by this site can be
addressed to <A HREF="mailto:ldoolman@uwyo.edu">
Larry Oolman (ldoolman@uwyo.edu)</A></FONT>
<HR SIZE="1">
<SCRIPT TYPE="text/javascript">
<!--
window.focus();
// -->
</SCRIPT>
</BODY>
</HTML>
