2014-03-05 00
<HTML>
<TITLE>University of Wyoming - Radiosonde Data</TITLE>
<BODY BGCOLOR="white">
<H2>96749 WIII Jakarta Observations at 00Z 05 Mar 2014</H2>
<PRE>
-----------------------------------------------------------------------------
   PRES   HGHT   TEMP   DWPT   RELH   MIXR   DRCT   SKNT   THTA   THTE   THTV
    hPa     m      C      C      %    g/kg    deg   knot     K      K      K 
-----------------------------------------------------------------------------
 1012.0      8   22.8   21.6     93  16.34    285      6  294.9  341.9  297.8
 1009.0     34   25.4   22.5     84  17.34    280      6  297.8  348.3  300.9
 1000.0    111   25.0   22.3     85  17.28    265      6  298.1  348.5  301.2
  979.0    297   24.1   21.2     84  16.52    220      6  299.1  347.5  302.0
  946.0    598   22.7   19.5     82  15.35    225      4  300.6  345.8  303.4
  925.0    795   21.8   18.4     81  14.62    245      4  301.6  344.9  304.2
  914.0    898   21.1   17.9     82  14.34    255      4  301.9  344.5  304.5
  850.0   1525   17.0   15.0     88  12.77    260      8  303.9  342.2  306.3
  823.0   1797   15.7   13.4     86  11.85    270      6  305.4  341.1  307.5
  795.0   2089   14.2   11.6     84  10.92    320      8  306.9  340.1  308.9
  740.0   2694   11.3    8.0     80   9.18    350     10  310.0  338.4  311.7
  700.0   3163    9.0    5.2     77   7.98    320     10  312.4  337.5  313.9
  664.0   3599    6.4    3.3     80   7.37    305      6  314.3  337.6  315.7
  658.0   3674    6.0    3.0     81   7.27    305      6  314.6  337.7  316.0
  640.0   3899    4.6    1.5     81   6.73    305      4  315.5  337.0  316.8
  617.0   4196    2.7   -0.4     80   6.06    240      2  316.7  336.2  317.8
  594.0   4504    0.8   -2.4     79   5.43     25      2  317.9  335.6  318.9
  585.0   4628    0.0   -3.2     79   5.19     35      3  318.4  335.3  319.4
  572.0   4805   -1.0   -3.9     81   5.05     50      4  319.2  335.8  320.2
  551.0   5101   -2.7   -5.0     84   4.82     35      4  320.6  336.6  321.6
  531.0   5394   -4.4   -6.1     88   4.59     65      6  322.1  337.4  322.9
  511.0   5698   -6.1   -7.2     92   4.37     60      4  323.5  338.2  324.4
  500.0   5870   -7.1   -7.9     94   4.24     40      6  324.3  338.6  325.1
  491.0   6012   -7.4   -8.5     92   4.13     20      6  325.6  339.6  326.4
  479.0   6206   -7.9   -9.3     90   3.97     37      3  327.3  340.9  328.1
  473.0   6303   -8.5  -10.3     87   3.70     45      2  327.8  340.5  328.5
  455.0   6604  -10.3  -13.5     78   2.98    130      2  329.1  339.5  329.7
  437.0   6916  -12.3  -16.8     69   2.36    155      2  330.5  338.9  330.9
  435.0   6952  -12.5  -17.2     68   2.29    148      3  330.6  338.8  331.1
  421.0   7201  -14.2  -19.0     67   2.04    100      8  331.6  339.0  332.0
  405.0   7496  -16.1  -21.1     65   1.76    100     11  332.8  339.2  333.1
  400.0   7590  -16.7  -19.8     77   2.00    100     12  333.2  340.4  333.6
  388.0   7817  -18.6  -20.3     86   1.98    100     14  333.7  340.9  334.1
  382.0   7933  -19.5  -20.5     92   1.97     94     13  333.9  341.1  334.3
  367.0   8230  -19.9  -24.5     67   1.44     79     11  337.2  342.6  337.5
  358.0   8412  -21.1  -26.7     61   1.21     70     10  338.0  342.6  338.3
  344.0   8705  -23.0  -30.3     51   0.90     95      8  339.3  342.7  339.4
  338.0   8834  -23.9  -31.9     48   0.79     99      8  339.8  342.9  340.0
  317.0   9294  -27.6  -36.1     44   0.56    115      8  341.0  343.2  341.1
  303.0   9619  -30.1  -39.0     42   0.43     90      6  341.8  343.6  341.9
  300.0   9690  -30.7  -39.7     41   0.41     95      8  342.0  343.6  342.1
  291.0   9903  -32.5  -41.5     40   0.35    115     10  342.4  343.8  342.5
  256.0  10798  -40.1  -49.1     38   0.17    119     12  344.0  344.7  344.0
  250.0  10960  -41.5                         120     12  344.2         344.2
  244.0  11120  -42.9                         115     14  344.6         344.6
  204.0  12300  -52.8                          75     23  347.0         347.0
  200.0  12430  -53.9                          80     25  347.2         347.2
  150.0  14220  -68.3                          90     23  352.2         352.2
  118.0  15603  -78.3                          95     39  358.9         358.9
  103.0  16386  -83.9                          85     51  362.3         362.3
  101.0  16495  -83.2                          80     49  365.6         365.6
  100.0  16550  -82.9                          80     47  367.3         367.3
   96.0  16778  -82.0                          90     37  373.3         373.3
   90.1  17133  -80.7                         119     23  382.8         382.8
   87.2  17320  -76.3                         134     15  395.2         395.2
   86.0  17399  -76.7                         140     12  396.0         396.0
   82.0  17671  -78.0                         240      8  398.8         398.8
   79.3  17863  -78.9                         251     10  400.7         400.7
   77.0  18032  -76.4                         260     12  409.3         409.3
   76.2  18091  -75.5                         255     12  412.4         412.4
   70.0  18580  -77.1                         215     12  419.1         419.1
   66.0  18919  -75.9                         185     17  428.9         428.9
   64.8  19024  -75.5                         191     15  432.0         432.0
   63.0  19189  -71.4                         200     12  444.6         444.6
   62.8  19207  -70.9                         198     12  446.0         446.0
   51.0  20442  -69.4                          65     16  476.7         476.7
   50.0  20560  -69.3                          80     12  479.8         479.8
   47.8  20829  -68.7                         102      8  487.4         487.4
   46.2  21035  -64.9                         118      4  501.3         501.3
   46.0  21062  -64.9                         120      4  502.0         502.0
   44.0  21335  -64.6                         270      8  509.2         509.2
   42.0  21621  -64.2                         250     16  516.8         516.8
   38.0  22237  -63.5                         245     21  533.6         533.6
   36.0  22569  -63.2                         235     17  542.8         542.8
   30.0  23690  -61.9                         255     21  575.3         575.3
   27.9  24142  -59.5                         265     13  594.0         594.0
   27.0  24349  -59.0                         270     10  601.0         601.0
   26.0  24588  -58.4                         195     12  609.1         609.1
   24.0  25095  -57.2                         135     19  626.7         626.7
   20.0  26250  -54.5                          90     39  668.6         668.6
   19.2  26512  -53.9                          47     28  678.3         678.3
   18.7  26682  -50.9                          20     21  692.8         692.8
   18.0  26929  -51.4                         340     10  698.9         698.9
   17.0  27299  -52.1                          90      4  708.0         708.0
   16.0  27692  -52.9                         110     23  717.9         717.9
   15.5  27897  -53.3                         103     35  723.1         723.1
   15.0  28112  -52.3                          95     47  733.2         733.2
   12.0  29574  -45.5                          92     70  805.5         805.5
   10.3  30593  -45.2                          90     86  842.7         842.7
   10.0  30790  -45.1                          90     84  850.1         850.1
    9.0  31498  -43.3                          90     68  883.0         883.0
    8.3  32043  -41.9                                     909.1         909.1
</PRE><H3>Station information and sounding indices</H3><PRE>
                         Station identifier: WIII
                             Station number: 96749
                           Observation time: 140305/0000
                           Station latitude: -6.11
                          Station longitude: 106.65
                          Station elevation: 8.0
                            Showalter index: -1.09
                               Lifted index: -3.09
    LIFT computed using virtual temperature: -3.34
                                SWEAT index: 202.01
                                    K index: 35.30
                         Cross totals index: 22.10
                      Vertical totals index: 24.10
                        Totals totals index: 46.20
      Convective Available Potential Energy: 556.21
             CAPE using virtual temperature: 651.57
                      Convective Inhibition: -38.34
             CINS using virtual temperature: -29.59
                           Equilibrum Level: 210.78
 Equilibrum Level using virtual temperature: 210.66
                   Level of Free Convection: 846.67
             LFCT using virtual temperature: 861.77
                     Bulk Richardson Number: 170.99
          Bulk Richardson Number using CAPV: 200.30
  Temp [K] of the Lifted Condensation Level: 293.89
Pres [hPa] of the Lifted Condensation Level: 943.71
   Equivalent potential temp [K] of the LCL: 347.36
     Mean mixed layer potential temperature: 298.81
              Mean mixed layer mixing ratio: 16.64
              1000 hPa to 500 hPa thickness: 5759.00
Precipitable water [mm] for entire sounding: 56.81
</PRE>
<P>Description of the 
<A HREF="/upperair/columns.html">data columns</A>
or <A HREF="/upperair/indices.html">sounding indices</A>.

<P>
<FORM>
<INPUT CLASS="button" TYPE="button" VALUE=" Close this window " 
 onClick="window.close();">
<INPUT CLASS="button" TYPE="button" VALUE=" Select another map " 
 onClick="window.blur();">
</FORM>
<HR SIZE="1">
<I>Interested in graduate studies in atmospheric science?
Check out our program at the
<a href="http://www.uwyo.edu/atsc/howtoapply/"
target=_top>University of Wyoming
</a></I>
<HR SIZE="1"><FONT SIZE="-1">
Questions about the weather data provided by this site can be
addressed to <A HREF="mailto:ldoolman@uwyo.edu">
Larry Oolman (ldoolman@uwyo.edu)</A></FONT>
<HR SIZE="1">
<SCRIPT TYPE="text/javascript">
<!--
window.focus();
// -->
</SCRIPT>
</BODY>
</HTML>
