2014-05-04 00
<HTML>
<TITLE>University of Wyoming - Radiosonde Data</TITLE>
<BODY BGCOLOR="white">
<H2>96749 WIII Jakarta Observations at 00Z 04 May 2014</H2>
<PRE>
-----------------------------------------------------------------------------
   PRES   HGHT   TEMP   DWPT   RELH   MIXR   DRCT   SKNT   THTA   THTE   THTV
    hPa     m      C      C      %    g/kg    deg   knot     K      K      K 
-----------------------------------------------------------------------------
 1008.0      8   25.8   24.2     91  19.29    160      2  298.3  354.6  301.7
 1000.0     82   25.8   22.3     81  17.28    145      4  298.9  349.5  302.0
  976.0    297   25.4   21.8     80  17.12     95     10  300.6  351.1  303.7
  965.0    397   25.2   21.5     80  17.05     87     11  301.4  351.8  304.5
  943.0    600   23.7   20.7     84  16.63     70     12  301.8  351.1  304.9
  925.0    769   22.4   20.1     87  16.29     70     14  302.2  350.5  305.1
  911.0    901   21.7   19.4     87  15.82     70     14  302.8  349.8  305.6
  850.0   1501   18.4   16.2     87  13.82     55     10  305.4  347.0  307.9
  793.0   2095   15.8   10.8     72  10.36     45      8  308.8  340.5  310.7
  765.0   2398   14.2    9.4     73   9.74     90      6  310.2  340.3  312.0
  700.0   3146   10.2    5.8     74   8.33     70      8  313.8  340.0  315.3
  644.0   3836    6.6    0.6     66   6.25     52      3  317.2  337.4  318.4
  639.0   3899    6.2    0.2     65   6.13     50      2  317.5  337.4  318.7
  616.0   4197    4.5   -1.5     65   5.60      0      0  318.9  337.2  320.0
  594.0   4493    2.8   -3.2     65   5.12    170      2  320.2  337.1  321.2
  572.0   4800    1.1   -5.0     64   4.65     85      6  321.6  337.1  322.6
  569.0   4842    0.8   -5.2     64   4.59     87      6  321.8  337.1  322.7
  556.0   5028    0.0   -7.0     59   4.09     95      6  323.0  336.8  323.8
  531.0   5393   -2.3   -9.3     59   3.58    110      6  324.6  336.7  325.2
  502.0   5839   -5.1  -12.1     58   3.03     59      6  326.4  336.9  327.0
  500.0   5870   -5.1  -14.1     49   2.58     55      6  326.8  335.8  327.3
  492.0   5996   -5.7  -15.2     47   2.41     35      6  327.5  336.0  328.0
  473.0   6303   -7.3  -17.7     43   2.02     40      6  329.3  336.5  329.7
  463.0   6470   -8.1  -19.1     41   1.83     34      6  330.3  336.9  330.6
  456.0   6587   -8.8  -19.1     43   1.86     30      6  330.9  337.6  331.2
  431.0   7022  -11.3  -19.3     52   1.94     79      5  333.0  340.1  333.4
  421.0   7201  -12.5  -21.8     46   1.60    100      4  333.7  339.6  334.1
  405.0   7496  -14.5  -25.8     38   1.16    115      4  334.9  339.3  335.1
  400.0   7590  -15.1  -27.1     35   1.04    115      4  335.3  339.2  335.5
  390.0   7782  -16.7  -26.7     42   1.11    106      6  335.6  339.8  335.8
  374.0   8093  -18.7  -28.4     42   0.99     90      8  337.0  340.7  337.2
  345.0   8694  -22.6  -31.8     43   0.78     95      6  339.5  342.6  339.7
  339.0   8824  -23.5  -32.5     43   0.74     89      6  340.1  343.0  340.2
  331.0   8997  -24.8  -34.1     41   0.65     80      6  340.7  343.2  340.8
  305.0   9590  -29.0  -39.8     35   0.40    180      4  342.7  344.4  342.8
  300.0   9710  -29.9  -40.9     34   0.36    185      4  343.1  344.6  343.2
  292.0   9899  -31.6  -42.7     32   0.30    195      4  343.4  344.7  343.5
  280.0  10192  -34.1  -45.5     31   0.23    170      2  343.9  344.9  343.9
  268.0  10497  -36.8  -48.5     29   0.18    115      2  344.3  345.1  344.3
  254.0  10872  -40.1  -52.1     27   0.12    359      2  344.7  345.3  344.8
  250.0  10980  -41.1                         325      2  344.8         344.8
  246.0  11086  -42.0                          10      2  345.1         345.1
  235.0  11388  -44.5                         295      4  345.8         345.8
  225.0  11674  -47.0                           5      4  346.4         346.4
  215.0  11974  -49.5                         265      2  347.0         347.0
  200.0  12450  -53.5                         320      6  347.9         347.9
  196.0  12576  -54.5                         345      6  348.4         348.4
  169.0  13498  -61.5                         325     12  351.8         351.8
  161.0  13800  -63.8                         285      2  352.9         352.9
  154.0  14076  -65.9                         110      2  353.8         353.8
  150.0  14240  -67.1                          60      8  354.3         354.3
  146.0  14399  -68.3                           5     14  355.1         355.1
  139.0  14687  -70.4                         350      8  356.4         356.4
  126.0  15264  -74.6                         280      4  358.9         358.9
  116.0  15750  -78.1                         288      4  360.9         360.9
  113.0  15899  -78.7                         290      4  362.5         362.5
  107.0  16209  -80.0                         240      6  365.7         365.7
  104.0  16370  -80.7                         261      8  367.4         367.4
  100.0  16590  -82.5                         290     10  368.1         368.1
   96.0  16816  -84.4                         315     14  368.7         368.7
   94.6  16897  -85.1                         310     14  368.9         368.9
   87.4  17338  -81.1                         277     16  385.3         385.3
   86.0  17428  -81.4                         270     17  386.5         386.5
   78.3  17952  -83.3                         304     19  393.1         393.1
   78.0  17973  -82.9                         305     19  394.3         394.3
   72.5  18388  -75.5                         291     31  418.3         418.3
   70.0  18590  -76.7                         285     37  420.0         420.0
   66.1  18921  -76.5                         295     27  427.4         427.4
   66.0  18930  -76.4                         295     27  427.7         427.7
   59.3  19557  -71.5                         266     28  452.0         452.0
   57.0  19792  -71.4                         255     29  457.4         457.4
   54.0  20113  -71.2                         275     29  464.8         464.8
   51.0  20452  -71.1                         271     29  472.9         472.9
   50.0  20570  -69.5                         270     29  479.3         479.3
   43.1  21468  -62.9                         280     28  516.3         516.3
   40.0  21926  -63.0                         285     27  527.1         527.1
   35.0  22746  -63.2                         255     10  547.1         547.1
   33.0  23107  -63.3                          10      4  556.2         556.2
   32.9  23125  -63.3                          11      4  556.6         556.6
   31.0  23496  -59.0                          40     12  577.6         577.6
   30.0  23700  -56.7                          40     17  589.5         589.5
   29.5  23807  -55.9                          45     18  594.5         594.5
   29.0  23915  -56.0                          50     19  597.2         597.2
   27.0  24368  -56.3                          35     21  608.6         608.6
   24.0  25115  -56.8                          90     35  627.9         627.9
   23.0  25384  -57.0                          90     37  635.0         635.0
   21.7  25753  -57.3                          90     34  644.8         644.8
   21.0  25964  -54.0                          90     33  661.0         661.0
   20.3  26181  -50.5                                     678.0         678.0
</PRE><H3>Station information and sounding indices</H3><PRE>
                         Station identifier: WIII
                             Station number: 96749
                           Observation time: 140504/0000
                           Station latitude: -6.11
                          Station longitude: 106.65
                          Station elevation: 8.0
                            Showalter index: -0.94
                               Lifted index: -2.40
    LIFT computed using virtual temperature: -3.01
                                SWEAT index: 220.41
                                    K index: 35.30
                         Cross totals index: 21.30
                      Vertical totals index: 23.50
                        Totals totals index: 44.80
      Convective Available Potential Energy: 765.29
             CAPE using virtual temperature: 903.37
                      Convective Inhibition: -52.50
             CINS using virtual temperature: -34.72
                           Equilibrum Level: 178.00
 Equilibrum Level using virtual temperature: 177.68
                   Level of Free Convection: 751.59
             LFCT using virtual temperature: 816.84
                     Bulk Richardson Number: 585.80
          Bulk Richardson Number using CAPV: 691.49
  Temp [K] of the Lifted Condensation Level: 294.29
Pres [hPa] of the Lifted Condensation Level: 932.51
   Equivalent potential temp [K] of the LCL: 350.99
     Mean mixed layer potential temperature: 300.24
              Mean mixed layer mixing ratio: 17.28
              1000 hPa to 500 hPa thickness: 5788.00
Precipitable water [mm] for entire sounding: 55.51
</PRE>
<P>Description of the 
<A HREF="/upperair/columns.html">data columns</A>
or <A HREF="/upperair/indices.html">sounding indices</A>.

<P>
<FORM>
<INPUT CLASS="button" TYPE="button" VALUE=" Close this window " 
 onClick="window.close();">
<INPUT CLASS="button" TYPE="button" VALUE=" Select another map " 
 onClick="window.blur();">
</FORM>
<HR SIZE="1">
<I>Interested in graduate studies in atmospheric science?
Check out our program at the
<a href="http://www.uwyo.edu/atsc/howtoapply/"
target=_top>University of Wyoming
</a></I>
<HR SIZE="1"><FONT SIZE="-1">
Questions about the weather data provided by this site can be
addressed to <A HREF="mailto:ldoolman@uwyo.edu">
Larry Oolman (ldoolman@uwyo.edu)</A></FONT>
<HR SIZE="1">
<SCRIPT TYPE="text/javascript">
<!--
window.focus();
// -->
</SCRIPT>
</BODY>
</HTML>
