2013-08-08 12
<HTML>
<TITLE>University of Wyoming - Radiosonde Data</TITLE>
<BODY BGCOLOR="white">
<H2>96749 WIII Jakarta Observations at 00Z 08 Aug 2013</H2>
<PRE>
-----------------------------------------------------------------------------
   PRES   HGHT   TEMP   DWPT   RELH   MIXR   DRCT   SKNT   THTA   THTE   THTV
    hPa     m      C      C      %    g/kg    deg   knot     K      K      K 
-----------------------------------------------------------------------------
 1010.0      8   23.2   22.5     96  17.32    250      3  295.5  345.4  298.6
 1000.0     99   24.0   21.7     87  16.64    250      6  297.1  345.5  300.1
  977.0    303   23.6   20.8     84  16.13    250     14  298.8  345.9  301.7
  961.0    448   23.4   20.2     82  15.77    221     11  299.9  346.3  302.8
  944.0    604   22.4   19.8     85  15.64    190      8  300.4  346.5  303.2
  925.0    781   21.2   19.3     89  15.48    180      6  301.0  346.7  303.8
  912.0    903   20.6   18.5     88  14.95    170      6  301.6  345.9  304.3
  881.0   1202   19.2   16.6     85  13.72    205     12  303.2  344.1  305.7
  850.0   1512   17.8   14.7     82  12.52    210     14  304.8  342.4  307.1
  793.0   2102   14.4   10.6     78  10.20    215     10  307.2  338.3  309.1
  771.0   2341   13.0    8.9     76   9.37    214     10  308.2  337.0  310.0
  712.0   3008   11.0   -3.1     37   4.28    210     10  313.1  326.9  313.9
  707.0   3067   10.8   -4.2     35   3.98    202      9  313.5  326.5  314.3
  700.0   3150   10.2   -1.8     43   4.81    190      8  313.8  329.3  314.7
  681.0   3378    8.6   -3.4     43   4.39    157     10  314.4  328.7  315.3
  666.0   3562    8.4  -23.6      8   0.86    130     12  316.2  319.3  316.4
  663.0   3598    8.2  -23.6      9   0.87    125     12  316.4  319.4  316.5
  616.0   4195    4.0  -22.8     12   1.00    115     17  318.4  321.9  318.5
  573.0   4782    0.0  -22.0     17   1.15    120     14  320.3  324.4  320.5
  572.0   4796   -0.1  -22.4     17   1.11    120     14  320.3  324.3  320.5
  553.0   5065   -2.1  -30.1     10   0.57     88     14  321.0  323.2  321.1
  551.0   5094   -2.3  -26.1     14   0.83     85     14  321.2  324.2  321.3
  543.0   5210   -2.9   -9.9     59   3.34     86     14  321.8  333.1  322.4
  534.0   5342   -3.9   -7.3     77   4.16     87     15  322.1  336.0  322.9
  524.0   5491   -3.7  -15.7     39   2.16     88     15  324.1  331.6  324.5
  518.0   5582   -4.3  -15.3     42   2.26     88     15  324.4  332.3  324.9
  514.0   5643   -3.9  -23.9     19   1.09     89     15  325.6  329.6  325.9
  500.0   5860   -5.5  -15.5     45   2.30     90     16  326.3  334.4  326.7
  491.0   6003   -6.2  -15.3     48   2.38     90     12  327.2  335.5  327.6
  478.0   6214   -7.1  -15.1     53   2.49     54     11  328.5  337.3  329.0
  473.0   6295   -7.8  -15.4     55   2.46     40     10  328.6  337.3  329.1
  437.0   6904  -13.1  -17.5     70   2.23     35     21  329.4  337.4  329.9
  419.0   7228  -15.9  -18.6     80   2.12     48     22  329.8  337.4  330.3
  404.0   7505  -15.7  -19.9     70   1.96     60     23  333.5  340.6  333.9
  400.0   7580  -15.7  -20.3     68   1.92     55     23  334.5  341.5  334.9
  398.0   7618  -15.5  -20.5     66   1.89     54     22  335.2  342.2  335.6
  393.0   7713  -16.1  -27.1     38   1.06     52     21  335.7  339.7  335.9
  388.0   7809  -16.7  -26.8     41   1.10     50     19  336.1  340.2  336.3
  382.0   7926  -17.5  -26.5     45   1.15     55     19  336.6  340.9  336.8
  380.0   7966  -17.1  -37.1     16   0.42     56     20  337.6  339.3  337.7
  358.0   8401  -20.5  -40.0     16   0.33     75     21  338.8  340.1  338.9
  300.0   9690  -30.7  -48.7     15   0.15     60     31  342.0  342.6  342.0
  291.0   9902  -32.4  -51.3     13   0.12     60     29  342.6  343.1  342.6
  253.0  10879  -40.1  -63.1      7   0.03     78     29  345.1  345.3  345.1
  250.0  10960  -40.7                          80     29  345.4         345.4
  245.0  11093  -41.9                          80     29  345.6         345.6
  200.0  12430  -54.3                          75     31  346.6         346.6
  150.0  14210  -69.1                          70     27  350.9         350.9
  145.0  14407  -70.7                          75     29  351.6         351.6
  124.0  15315  -77.8                          75     35  354.6         354.6
  116.0  15702  -80.9                          70     43  355.8         355.8
  112.0  15900  -80.7                          75     45  359.7         359.7
  106.0  16211  -80.5                          60     35  365.9         365.9
  102.0  16428  -80.3                          70     31  370.2         370.2
  100.0  16540  -78.9                          75     29  375.0         375.0
   95.0  16835  -77.4                          85     33  383.4         383.4
   90.0  17146  -75.9                          75     21  392.5         392.5
   86.0  17408  -74.6                         305      4  400.2         400.2
   83.9  17550  -73.9                         289     10  404.5         404.5
   82.0  17683  -74.3                         275     16  406.4         406.4
   75.8  18140  -75.5                         290     11  413.0         413.0
   74.0  18281  -72.8                         295     10  421.6         421.6
   71.9  18450  -69.5                         290     11  432.1         432.1
   70.0  18610  -68.5                         285     12  437.5         437.5
   63.0  19245  -67.3                         255     23  453.4         453.4
   60.0  19539  -66.8                         265     23  461.0         461.0
   52.0  20402  -65.2                         240     19  483.9         483.9
   51.4  20472  -65.1                         243     18  485.8         485.8
   50.0  20640  -63.5                         250     17  493.4         493.4
   47.0  21025  -60.6                         280     19  509.3         509.3
   45.0  21295  -58.5                         275     30  520.6         520.6
   43.0  21583  -58.2                         270     41  528.1         528.1
   37.0  22533  -57.3                         270     35  553.5         553.5
   30.0  23860  -56.1                         270     33  591.1         591.1
   27.0  24533  -55.7                         275     45  610.2         610.2
   20.0  26450  -54.7                         275     45  668.0         668.0
   17.7  27231  -53.7                         278     45  694.9         694.9
   16.0  27883  -51.4                         280     45  722.7         722.7
   15.1  28257  -50.1                         271     53  739.1         739.1
   15.0  28300  -50.1                         270     54  740.4         740.4
   12.0  29749  -51.1                         255     41  785.6         785.6
   11.5  30025  -51.3                         267     39  794.6         794.6
   11.0  30316  -49.8                         280     37  810.1         810.1
   10.0  30940  -46.7                         260     35  844.1         844.1
    9.1  31570  -43.5                         238     31  879.4         879.4
    9.0  31644  -43.6                         235     31  881.8         881.8
    8.0  32433  -44.7                                     907.6         907.6
</PRE><H3>Station information and sounding indices</H3><PRE>
                         Station identifier: WIII
                             Station number: 96749
                           Observation time: 130808/0000
                           Station latitude: -6.11
                          Station longitude: 106.65
                          Station elevation: 8.0
                            Showalter index: 0.42
                               Lifted index: -0.90
    LIFT computed using virtual temperature: -1.41
                                SWEAT index: 220.42
                                    K index: 26.00
                         Cross totals index: 20.20
                      Vertical totals index: 23.30
                        Totals totals index: 43.50
      Convective Available Potential Energy: 173.03
             CAPE using virtual temperature: 288.59
                      Convective Inhibition: -104.00
             CINS using virtual temperature: -53.55
                           Equilibrum Level: 382.42
 Equilibrum Level using virtual temperature: 293.12
                   Level of Free Convection: 623.74
             LFCT using virtual temperature: 798.28
                     Bulk Richardson Number: 12.19
          Bulk Richardson Number using CAPV: 20.34
  Temp [K] of the Lifted Condensation Level: 293.60
Pres [hPa] of the Lifted Condensation Level: 945.89
   Equivalent potential temp [K] of the LCL: 345.78
     Mean mixed layer potential temperature: 298.32
              Mean mixed layer mixing ratio: 16.29
              1000 hPa to 500 hPa thickness: 5761.00
Precipitable water [mm] for entire sounding: 44.59
</PRE>
<P>Description of the 
<A HREF="/upperair/columns.html">data columns</A>
or <A HREF="/upperair/indices.html">sounding indices</A>.

<P>
<FORM>
<INPUT CLASS="button" TYPE="button" VALUE=" Close this window " 
 onClick="window.close();">
<INPUT CLASS="button" TYPE="button" VALUE=" Select another map " 
 onClick="window.blur();">
</FORM>
<HR SIZE="1">
<I>Interested in graduate studies in atmospheric science?
Check out our program at the
<a href="http://www.uwyo.edu/atsc/howtoapply/"
target=_top>University of Wyoming
</a></I>
<HR SIZE="1"><FONT SIZE="-1">
Questions about the weather data provided by this site can be
addressed to <A HREF="mailto:ldoolman@uwyo.edu">
Larry Oolman (ldoolman@uwyo.edu)</A></FONT>
<HR SIZE="1">
<SCRIPT TYPE="text/javascript">
<!--
window.focus();
// -->
</SCRIPT>
</BODY>
</HTML>
