2014-10-30 00
<HTML>
<TITLE>University of Wyoming - Radiosonde Data</TITLE>
<BODY BGCOLOR="white">
<H2>96749 WIII Jakarta Observations at 00Z 30 Oct 2014</H2>
<PRE>
-----------------------------------------------------------------------------
   PRES   HGHT   TEMP   DWPT   RELH   MIXR   DRCT   SKNT   THTA   THTE   THTV
    hPa     m      C      C      %    g/kg    deg   knot     K      K      K 
-----------------------------------------------------------------------------
 1009.0      8   26.0   23.1     84  18.00    205      3  298.4  350.9  301.6
 1000.0     93   25.4   24.7     96  20.06    185      4  298.6  357.2  302.1
  977.0    298   24.3   23.7     96  19.30    130      8  299.5  356.1  302.9
  944.0    600   22.7   22.2     97  18.20    135      4  300.8  354.5  304.1
  925.0    779   21.8   21.3     97  17.58    100      6  301.6  353.6  304.8
  912.0    901   21.1   20.5     96  16.92     75      6  302.1  352.2  305.1
  882.0   1191   19.4   18.5     94  15.43     55      6  303.3  349.2  306.1
  851.0   1500   17.7   16.4     92  13.95     60      4  304.5  346.4  307.1
  850.0   1510   17.6   16.3     92  13.91     55      4  304.6  346.3  307.1
  836.0   1652   16.8   14.6     87  12.65     33      3  305.2  343.3  307.5
  822.0   1796   16.2   13.2     82  11.72     10      2  306.0  341.5  308.2
  799.0   2038   15.2   10.8     75  10.28     30      7  307.4  338.8  309.3
  794.0   2091   14.9   11.2     78  10.61     35      8  307.7  340.1  309.7
  767.0   2384   13.4   13.2     99  12.59     69      8  309.1  347.6  311.4
  766.0   2395   13.3   13.1     99  12.55     70      8  309.2  347.6  311.5
  739.0   2696   11.8   11.2     96  11.44     70      6  310.6  345.9  312.8
  713.0   2997   10.2    9.3     94  10.41     35      4  312.1  344.5  314.1
  700.0   3151    9.4    8.3     93   9.91    340      2  312.9  343.8  314.7
  695.0   3211    9.2    7.6     90   9.51    316      2  313.3  343.1  315.1
  684.0   3344   10.4   -2.6     40   4.64    263      3  316.1  331.2  316.9
  679.0   3405   10.0   -6.0     32   3.62    239      3  316.3  328.2  317.0
  663.0   3603    8.3    3.4     71   7.43    160      4  316.5  340.3  317.9
  662.0   3615    8.2    4.0     75   7.76    159      4  316.5  341.3  318.0
  640.0   3893    6.3    2.3     75   7.09    125      6  317.5  340.3  318.8
  616.0   4206    4.2    0.3     76   6.39    115      6  318.5  339.2  319.7
  603.0   4381    3.0   -0.8     76   6.02    109      8  319.1  338.7  320.2
  594.0   4503    2.4   -2.6     70   5.36    105     10  319.8  337.4  320.8
  558.0   5008    0.0  -10.0     47   3.22    147      5  322.7  333.6  323.3
  551.0   5109   -0.2  -12.7     38   2.62    155      4  323.6  332.6  324.1
  544.0   5211   -0.5  -15.5     31   2.11    143      4  324.4  331.9  324.9
  543.0   5226   -0.5  -10.5     47   3.18    141      4  324.6  335.5  325.2
  527.0   5465   -2.3  -15.3     36   2.22    114      3  325.2  333.0  325.7
  511.0   5708   -4.6  -14.5     46   2.44     85      2  325.4  333.9  325.9
  506.0   5786   -5.3  -14.3     49   2.51     38      2  325.4  334.1  325.9
  500.0   5880   -5.3  -19.3     32   1.67    340      2  326.5  332.5  326.8
  492.0   6006   -6.2  -22.0     28   1.35    265      2  326.9  331.8  327.2
  491.0   6022   -6.3  -22.3     27   1.31    267      2  327.0  331.7  327.2
  486.0   6102   -6.9  -14.9     53   2.49    274      3  327.2  335.9  327.7
  480.0   6199   -7.1  -21.1     32   1.49    284      5  328.1  333.5  328.4
  473.0   6313   -7.7  -20.8     34   1.55    295      6  328.7  334.3  329.1
  449.0   6717   -9.9  -19.9     44   1.77    271      5  330.9  337.3  331.3
  438.0   6907  -11.0  -22.9     37   1.39    260      4  331.9  337.1  332.2
  421.0   7209  -12.7  -27.7     27   0.94    285      4  333.5  337.1  333.7
  405.0   7505  -14.4  -32.4     20   0.63    355      2  335.0  337.5  335.2
  400.0   7600  -14.9  -33.9     18   0.55      5      2  335.5  337.7  335.6
  398.0   7638  -15.1  -34.1     18   0.54      7      2  335.8  337.9  335.9
  376.0   8065  -18.7  -32.7     28   0.65     28      2  336.5  339.1  336.6
  374.0   8104  -18.9  -33.6     26   0.60     30      2  336.7  339.1  336.8
  359.0   8407  -20.7  -40.9     15   0.30    355      2  338.3  339.5  338.4
  349.0   8616  -21.9  -45.9      9   0.18    312      2  339.4  340.2  339.4
  345.0   8700  -22.6  -45.9     10   0.18    295      2  339.6  340.4  339.7
  331.0   8999  -25.0  -45.8     13   0.19    280      4  340.4  341.2  340.4
  318.0   9289  -27.3  -45.8     16   0.20    295      2  341.1  341.9  341.1
  305.0   9591  -29.7  -45.7     20   0.21    265      8  341.7  342.6  341.8
  300.0   9710  -30.7  -45.7     22   0.21    265      8  342.0  342.9  342.0
  280.0  10191  -34.6  -50.4     18   0.13    265      4  343.2  343.8  343.2
  268.0  10497  -37.1  -53.4     17   0.10    175      2  343.9  344.4  343.9
  257.0  10790  -39.4  -56.3     15   0.07    125      2  344.6  344.9  344.6
  254.0  10872  -40.1  -57.1     15   0.07    119      3  344.7  345.1  344.8
  250.0  10980  -40.9                         110      4  345.1         345.1
  246.0  11086  -41.9                         100      4  345.3         345.3
  235.0  11388  -44.6                          35      2  345.7         345.7
  205.0  12287  -52.6                           5     12  346.8         346.8
  200.0  12450  -54.1                          10     12  346.9         346.9
  186.0  12899  -57.8                          20     12  348.2         348.2
  169.0  13492  -62.6                         355      8  349.8         349.8
  153.0  14107  -67.7                           0      8  351.3         351.3
  150.0  14230  -68.7                          10      8  351.6         351.6
  146.0  14389  -69.7                          25      6  352.5         352.5
  132.0  14982  -73.6                          20     12  355.9         355.9
  129.0  15117  -74.5                           7     10  356.6         356.6
  125.0  15296  -75.6                         350      8  357.8         357.8
  112.0  15919  -79.5                         110      6  361.9         361.9
  107.0  16178  -81.2                         115      6  363.5         363.5
  102.0  16450  -82.9                          60     10  365.2         365.2
  101.0  16505  -82.4                          50     12  367.2         367.2
  100.0  16560  -81.9                          30     12  369.2         369.2
   96.0  16790  -80.1                         315     10  377.2         377.2
   94.8  16861  -79.5                         301     10  379.6         379.6
   86.0  17410  -82.2                         195     14  385.0         385.0
   83.1  17603  -83.1                         155     14  386.9         386.9
   82.0  17679  -82.5                         130     12  389.6         389.6
   77.0  18036  -79.5                         100      6  403.0         403.0
   73.0  18339  -76.9                         230      8  414.6         414.6
   71.5  18457  -75.9                         235      7  419.1         419.1
   70.0  18580  -74.5                         240      6  424.7         424.7
   66.0  18926  -70.8                         290     12  439.9         439.9
   65.9  18935  -70.7                         290     12  440.3         440.3
   63.0  19200  -71.2                         305     14  444.9         444.9
   57.0  19789  -72.3                         105      6  455.3         455.3
   54.0  20107  -72.9                          20     12  460.9         460.9
   51.0  20444  -73.6                         350     10  467.0         467.0
   50.5  20502  -73.7                           7     11  468.1         468.1
   50.0  20560  -73.1                          25     12  470.8         470.8
   49.0  20680  -71.8                          65     16  476.7         476.7
   46.0  21056  -67.7                          95     19  495.3         495.3
   44.1  21307  -64.9                          95     26  508.0         508.0
   38.0  22224  -62.4                          95     49  536.4         536.4
   33.0  23093  -60.1                          85     54  564.7         564.7
   30.0  23680  -58.5                          90     54  584.6         584.6
   26.0  24591  -56.3                          90     60  615.2         615.2
   20.0  26260  -52.3                          85     58  675.3         675.3
   16.2  27642  -48.9                          90     64  728.2         728.2
   16.0  27723  -48.7                          90     64  731.4         731.4
   15.0  28147  -47.7                          95     64  748.5         748.5
   14.0  28599  -46.6                         100     60  767.1         767.1
   13.4  28886  -45.9                                     779.1         779.1
</PRE><H3>Station information and sounding indices</H3><PRE>
                         Station identifier: WIII
                             Station number: 96749
                           Observation time: 141030/0000
                           Station latitude: -6.11
                          Station longitude: 106.65
                          Station elevation: 8.0
                            Showalter index: -0.87
                               Lifted index: -4.18
    LIFT computed using virtual temperature: -5.08
                                SWEAT index: 205.60
                                    K index: 38.10
                         Cross totals index: 21.60
                      Vertical totals index: 22.90
                        Totals totals index: 44.50
      Convective Available Potential Energy: 1996.27
             CAPE using virtual temperature: 2202.67
                      Convective Inhibition: -0.91
             CINS using virtual temperature: -0.47
                           Equilibrum Level: 132.94
 Equilibrum Level using virtual temperature: 132.91
                   Level of Free Convection: 932.14
             LFCT using virtual temperature: 939.74
                     Bulk Richardson Number: 886.93
          Bulk Richardson Number using CAPV: 978.63
  Temp [K] of the Lifted Condensation Level: 296.66
Pres [hPa] of the Lifted Condensation Level: 969.61
   Equivalent potential temp [K] of the LCL: 355.70
     Mean mixed layer potential temperature: 299.30
              Mean mixed layer mixing ratio: 19.25
              1000 hPa to 500 hPa thickness: 5787.00
Precipitable water [mm] for entire sounding: 57.78
</PRE>
<P>Description of the 
<A HREF="/upperair/columns.html">data columns</A>
or <A HREF="/upperair/indices.html">sounding indices</A>.

<P>
<FORM>
<INPUT CLASS="button" TYPE="button" VALUE=" Close this window " 
 onClick="window.close();">
<INPUT CLASS="button" TYPE="button" VALUE=" Select another map " 
 onClick="window.blur();">
</FORM>
<HR SIZE="1">
<I>Interested in graduate studies in atmospheric science?
Check out our program at the
<a href="http://www.uwyo.edu/atsc/howtoapply/"
target=_top>University of Wyoming
</a></I>
<HR SIZE="1"><FONT SIZE="-1">
Questions about the weather data provided by this site can be
addressed to <A HREF="mailto:ldoolman@uwyo.edu">
Larry Oolman (ldoolman@uwyo.edu)</A></FONT>
<HR SIZE="1">
<SCRIPT TYPE="text/javascript">
<!--
window.focus();
// -->
</SCRIPT>
</BODY>
</HTML>
