2014-06-06 00
<HTML>
<TITLE>University of Wyoming - Radiosonde Data</TITLE>
<BODY BGCOLOR="white">
<H2>96749 WIII Jakarta Observations at 00Z 06 Jun 2014</H2>
<PRE>
-----------------------------------------------------------------------------
   PRES   HGHT   TEMP   DWPT   RELH   MIXR   DRCT   SKNT   THTA   THTE   THTV
    hPa     m      C      C      %    g/kg    deg   knot     K      K      K 
-----------------------------------------------------------------------------
 1007.0      8   24.6   24.1     97  19.19    150      2  297.2  352.9  300.6
 1000.0     72   25.8   23.7     88  18.86    145      2  298.9  354.2  302.3
  998.0     90   26.6   23.7     84  18.90    143      2  299.9  355.5  303.3
  987.0    188   26.6   22.9     80  18.18    135      5  300.9  354.6  304.1
  975.0    296   26.0   22.4     81  17.84    125      8  301.3  354.0  304.5
  942.0    599   24.1   21.0     82  16.88     95     10  302.4  352.6  305.5
  925.0    760   23.2   20.2     83  16.40     95     12  303.0  351.8  306.0
  910.0    902   22.3   19.5     84  15.91     90     14  303.5  350.9  306.4
  850.0   1494   18.4   16.4     88  14.00     80     12  305.4  347.5  308.0
  849.0   1504   18.4   16.3     88  13.96     80     12  305.5  347.5  308.0
  792.0   2099   15.4   12.6     83  11.68    100     10  308.5  344.2  310.6
  791.0   2109   15.4   12.5     83  11.64    100     10  308.5  344.1  310.7
  777.0   2261   14.8    7.8     63   8.61     93     12  309.5  336.1  311.1
  750.0   2560   13.2    7.2     67   8.56     81     15  310.9  337.5  312.5
  738.0   2695   12.5    6.8     68   8.48     75     17  311.6  338.0  313.1
  700.0   3138   10.2    5.6     73   8.21     75     16  313.8  339.6  315.3
  624.0   4085    4.8   -1.2     65   5.65     84      9  318.0  336.4  319.1
  615.0   4203    4.2   -1.1     68   5.79     85      8  318.7  337.6  319.9
  611.0   4256    4.0   -1.0     70   5.86     89      7  319.0  338.1  320.2
  608.0   4296    3.6    1.6     87   7.12     91      7  319.0  342.0  320.4
  593.0   4498    2.7   -0.4     80   6.32    105      4  320.2  340.9  321.5
  572.0   4788    1.3   -3.2     72   5.31    150      8  322.0  339.6  323.0
  552.0   5076    0.0   -6.0     64   4.45    145      9  323.7  338.6  324.6
  541.0   5236   -0.9  -10.9     47   3.09    143      9  324.5  335.1  325.1
  540.0   5251   -0.7  -17.7     26   1.77    142     10  324.9  331.2  325.2
  531.0   5385   -1.9  -12.9     43   2.68    140     10  325.0  334.3  325.6
  530.0   5400   -1.9  -13.9     39   2.47    140     10  325.1  333.7  325.6
  527.0   5445   -2.1  -17.1     31   1.91    138     10  325.5  332.2  325.9
  522.0   5520   -2.9  -10.9     54   3.21    133     11  325.4  336.4  326.0
  517.0   5597   -3.3  -14.3     42   2.46    129     11  325.8  334.4  326.3
  514.0   5642   -3.7   -8.7     68   3.88    127     11  325.9  339.1  326.6
  506.0   5766   -4.1  -17.1     36   1.99    120     12  326.9  333.9  327.2
  505.0   5782   -4.3  -12.3     54   2.96    119     12  326.8  337.1  327.4
  500.0   5860   -4.5  -20.5     27   1.51    115     12  327.5  332.9  327.8
  492.0   5987   -5.3  -15.5     45   2.33    115     12  328.0  336.2  328.4
  485.0   6101   -6.1  -11.1     68   3.40    120     12  328.4  340.1  329.1
  483.0   6133   -6.1  -13.1     58   2.90    121     12  328.8  338.9  329.4
  482.0   6149   -6.1  -20.1     32   1.62    122     13  329.0  334.8  329.3
  455.0   6599   -9.2  -19.5     43   1.80    140     14  330.5  337.0  330.9
  446.0   6755  -10.3  -19.3     48   1.87    127     11  331.1  337.8  331.4
  443.0   6808  -10.7  -15.5     68   2.60    123     11  331.2  340.4  331.7
  421.0   7200  -13.3  -17.2     72   2.36     90      4  332.7  341.1  333.1
  418.0   7255  -13.7  -17.5     73   2.33     80      5  332.9  341.2  333.4
  414.0   7328  -13.9  -20.9     55   1.76     66      6  333.5  340.0  333.9
  405.0   7495  -15.1  -21.4     58   1.72     35      8  334.1  340.4  334.5
  400.0   7590  -15.7  -21.7     60   1.70     30      8  334.5  340.7  334.8
  382.0   7935  -18.1  -21.9     72   1.74     30      8  335.8  342.2  336.1
  366.0   8253  -19.9  -23.5     73   1.58     30      8  337.5  343.4  337.8
  362.0   8335  -20.1  -29.1     45   0.96     30      8  338.3  342.0  338.5
  359.0   8396  -20.4  -29.4     44   0.94     30      8  338.7  342.3  338.9
  358.0   8417  -20.5  -29.5     44   0.93     33      8  338.8  342.4  339.0
  352.0   8542  -20.7  -42.7     12   0.25     52      7  340.2  341.2  340.2
  349.0   8605  -21.1  -32.1     37   0.75     62      7  340.5  343.4  340.6
  345.0   8690  -21.6  -45.4     10   0.19     75      6  341.0  341.8  341.0
  344.0   8711  -21.7  -48.7      7   0.13     76      6  341.1  341.7  341.1
  317.0   9306  -26.7  -49.7      9   0.13     90     10  342.2  342.8  342.2
  300.0   9700  -30.3  -34.9     64   0.66    100     12  342.6  345.2  342.7
  280.0  10181  -33.9  -38.0     66   0.52     95     16  344.3  346.4  344.4
  250.0  10970  -39.7  -43.1     70   0.34     60     17  346.9  348.3  347.0
  248.0  11025  -39.9  -43.3     70   0.34     58     17  347.4  348.8  347.5
  214.0  12002  -48.5                          25     16  348.9         348.9
  200.0  12450  -52.5                          45     17  349.5         349.5
  186.0  12902  -56.6                          50     17  350.2         350.2
  150.0  14240  -68.7                          45     16  351.6         351.6
  132.0  14987  -74.2                          50     27  354.8         354.8
  119.0  15593  -78.7                          50     43  357.2         357.2
  113.0  15887  -79.5                          45     39  361.1         361.1
  102.0  16475  -74.7                          40     12  381.0         381.0
  100.0  16590  -75.3                          50     10  382.0         382.0
   96.0  16824  -75.6                          80      4  385.8         385.8
   91.0  17129  -76.1                         210     10  390.9         390.9
   82.0  17725  -76.9                         265     19  400.9         400.9
   74.0  18312  -77.8                         250     25  411.1         411.1
   71.2  18533  -78.1                         257     21  415.0         415.0
   70.0  18630  -75.9                         260     19  421.7         421.7
   63.7  19185  -70.5                         267     19  445.1         445.1
   61.0  19445  -69.9                         270     19  451.9         451.9
   50.0  20640  -67.3                         265     33  484.5         484.5
   45.9  21155  -67.5                         281     19  496.0         496.0
   45.0  21275  -65.8                         285     16  502.9         502.9
   44.2  21384  -64.3                         275     16  509.2         509.2
   43.0  21553  -64.1                         260     16  513.8         513.8
   41.0  21846  -63.6                         330      4  521.9         521.9
   39.0  22154  -63.2                         125      6  530.5         530.5
   33.0  23183  -61.7                         100     33  560.3         560.3
   30.0  23770  -60.9                          65     43  578.0         578.0
   28.8  24024  -60.3                          67     44  586.5         586.5
   25.0  24916  -54.7                          75     47  626.9         626.9
   24.9  24941  -54.5                          76     47  628.0         628.0
   21.0  26029  -55.0                         105     51  657.9         657.9
   20.0  26340  -55.1                         105     52  666.8         666.8
   18.7  26770  -54.3                          97     52  682.2         682.2
   15.2  28128  -43.9                          72     51  758.2         758.2
   15.0  28218  -43.7                          70     51  761.7         761.7
   12.0  29731  -40.8                          85     33  822.3         822.3
   10.6  30571  -39.1                         116     30  858.0         858.0
   10.0  30970  -39.7                         130     29  870.2         870.2
    9.0  31688  -40.1                         120     21  895.3         895.3
    8.0  32491  -40.5                         115     25  924.1         924.1
    7.3  33115  -40.9                          81     15  947.2         947.2
    7.0  33400  -41.0                          65     10  958.1         958.1
    6.0  34446  -41.5                         265     16  999.2         999.2
    5.6  34914  -41.7                                    1018.2        1018.2
    5.0  35689  -37.3                                    1071.7        1071.7
</PRE><H3>Station information and sounding indices</H3><PRE>
                         Station identifier: WIII
                             Station number: 96749
                           Observation time: 140606/0000
                           Station latitude: -6.11
                          Station longitude: 106.65
                          Station elevation: 8.0
                            Showalter index: -0.54
                               Lifted index: -2.81
    LIFT computed using virtual temperature: -3.68
                                SWEAT index: 232.81
                                    K index: 34.70
                         Cross totals index: 20.90
                      Vertical totals index: 22.90
                        Totals totals index: 43.80
      Convective Available Potential Energy: 1288.65
             CAPE using virtual temperature: 1460.41
                      Convective Inhibition: -32.57
             CINS using virtual temperature: -24.90
                           Equilibrum Level: 137.01
 Equilibrum Level using virtual temperature: 136.77
                   Level of Free Convection: 855.81
             LFCT using virtual temperature: 869.12
                     Bulk Richardson Number: 300.58
          Bulk Richardson Number using CAPV: 340.65
  Temp [K] of the Lifted Condensation Level: 295.05
Pres [hPa] of the Lifted Condensation Level: 935.34
   Equivalent potential temp [K] of the LCL: 353.94
     Mean mixed layer potential temperature: 300.75
              Mean mixed layer mixing ratio: 18.06
              1000 hPa to 500 hPa thickness: 5788.00
Precipitable water [mm] for entire sounding: 56.50
</PRE>
<P>Description of the 
<A HREF="/upperair/columns.html">data columns</A>
or <A HREF="/upperair/indices.html">sounding indices</A>.

<P>
<FORM>
<INPUT CLASS="button" TYPE="button" VALUE=" Close this window " 
 onClick="window.close();">
<INPUT CLASS="button" TYPE="button" VALUE=" Select another map " 
 onClick="window.blur();">
</FORM>
<HR SIZE="1">
<I>Interested in graduate studies in atmospheric science?
Check out our program at the
<a href="http://www.uwyo.edu/atsc/howtoapply/"
target=_top>University of Wyoming
</a></I>
<HR SIZE="1"><FONT SIZE="-1">
Questions about the weather data provided by this site can be
addressed to <A HREF="mailto:ldoolman@uwyo.edu">
Larry Oolman (ldoolman@uwyo.edu)</A></FONT>
<HR SIZE="1">
<SCRIPT TYPE="text/javascript">
<!--
window.focus();
// -->
</SCRIPT>
</BODY>
</HTML>
