2014-10-26 12
<HTML>
<TITLE>University of Wyoming - Radiosonde Data</TITLE>
<BODY BGCOLOR="white">
<H2>96749 WIII Jakarta Observations at 00Z 26 Oct 2014</H2>
<PRE>
-----------------------------------------------------------------------------
   PRES   HGHT   TEMP   DWPT   RELH   MIXR   DRCT   SKNT   THTA   THTE   THTV
    hPa     m      C      C      %    g/kg    deg   knot     K      K      K 
-----------------------------------------------------------------------------
 1011.0      8   26.0   22.9     83  17.74    195      3  298.2  350.0  301.4
 1000.0    109   25.0   22.9     88  17.94    170      4  298.1  350.5  301.3
  979.0    296   24.4   21.7     85  17.04    125      8  299.3  349.2  302.4
  946.0    597   23.3   19.8     81  15.66     80     12  301.2  347.4  304.0
  925.0    795   22.6   18.6     78  14.80     95     12  302.4  346.4  305.1
  914.0    899   22.0   17.9     77  14.33    100     12  302.9  345.5  305.5
  850.0   1527   18.6   13.7     73  11.72     90     14  305.6  341.0  307.8
  846.0   1568   18.4   14.3     77  12.26     89     14  305.8  342.8  308.1
  795.0   2093   15.3   11.8     79  11.03     80      8  308.0  341.7  310.1
  767.0   2396   13.5   10.3     81  10.37     55     10  309.3  341.1  311.2
  714.0   3002   10.0    7.4     84   9.13     65     10  311.7  340.2  313.4
  700.0   3169    9.0    6.6     85   8.81     60      8  312.4  340.0  314.1
  664.0   3604    6.2    3.6     83   7.51     55     12  314.0  337.8  315.4
  637.0   3945    4.0    1.2     82   6.60     72     15  315.3  336.3  316.5
  618.0   4192    4.2  -14.8     24   1.97     84     17  318.2  325.0  318.6
  617.0   4205    4.1  -11.4     31   2.60     85     17  318.3  327.1  318.8
  616.0   4218    4.0   -8.0     41   3.41     85     17  318.3  329.7  319.0
  594.0   4513    3.0  -13.2     29   2.33     80     21  320.4  328.5  320.9
  590.0   4568    2.8  -14.2     27   2.17     83     21  320.9  328.3  321.3
  588.0   4596    2.6  -10.4     38   2.96     85     21  320.9  331.0  321.5
  581.0   4692    2.4  -20.6     16   1.28     91     21  321.8  326.4  322.1
  578.0   4734    2.2   -6.8     51   4.00     93     21  322.0  335.4  322.8
  572.0   4819    2.2  -11.8     35   2.72     98     21  323.0  332.4  323.5
  554.0   5076    0.0  -11.0     43   3.00    113     21  323.4  333.6  323.9
  552.0   5105   -0.2  -11.6     42   2.88    115     21  323.5  333.4  324.1
  518.0   5611   -3.3  -21.3     23   1.36    123     23  325.6  330.5  325.9
  512.0   5703   -3.9  -20.6     26   1.46    125     23  326.0  331.3  326.3
  500.0   5890   -5.1  -19.1     32   1.70    115     21  326.8  332.8  327.1
  474.0   6302   -7.7  -23.5     27   1.22    100     17  328.6  333.1  328.8
  456.0   6601   -9.6  -26.6     24   0.96    135     19  329.9  333.4  330.0
  438.0   6911  -11.6  -29.9     20   0.73    135     19  331.2  334.0  331.3
  421.0   7217  -13.5  -33.1     17   0.56    110     19  332.5  334.6  332.6
  404.0   7535  -15.5  -36.5     15   0.42    114     19  333.8  335.5  333.9
  400.0   7610  -16.1  -36.1     16   0.44    115     19  334.0  335.7  334.1
  374.0   8110  -20.2  -38.0     19   0.39    130     21  335.0  336.6  335.1
  365.0   8291  -21.7  -38.7     20   0.37    140     22  335.4  336.9  335.4
  344.0   8724  -23.9  -42.6     16   0.26    165     25  338.1  339.2  338.2
  329.0   9049  -25.5  -45.5     14   0.20    160     20  340.2  341.1  340.3
  317.0   9315  -27.7  -48.5     12   0.15    155     16  340.9  341.5  340.9
  300.0   9710  -30.9  -52.9     10   0.09    125     14  341.7  342.1  341.7
  291.0   9923  -32.7  -53.3     11   0.09    115     16  342.1  342.5  342.1
  267.0  10525  -37.8  -54.6     16   0.09    125     16  343.2  343.6  343.2
  257.0  10791  -40.1  -55.1     19   0.08    116     17  343.6  344.0  343.6
  250.0  10980  -41.5                         110     17  344.2         344.2
  234.0  11416  -45.1                         105     16  345.3         345.3
  204.0  12320  -52.6                          85     16  347.3         347.3
  200.0  12450  -53.7                          80     16  347.6         347.6
  177.0  13206  -60.3                          50      8  349.1         349.1
  161.0  13792  -65.5                          65      6  350.0         350.0
  153.0  14107  -68.2                          50      8  350.4         350.4
  150.0  14230  -69.3                          55      8  350.5         350.5
  131.0  15017  -75.0                          90     14  354.2         354.2
  118.0  15625  -79.4                          75     27  356.8         356.8
  116.0  15724  -80.1                          66     25  357.2         357.2
  106.0  16233  -80.9                          20     12  365.1         365.1
  101.0  16504  -81.7                          20     14  368.5         368.5
  100.0  16560  -81.9                          25     14  369.2         369.2
   95.0  16846  -82.8                          50     16  373.0         373.0
   93.3  16947  -83.1                          50     19  374.3         374.3
   91.0  17088  -79.8                          45     10  383.6         383.6
   88.8  17227  -76.5                           8      7  392.8         392.8
   86.0  17413  -74.7                         320      4  400.1         400.1
   84.0  17549  -73.3                         298     12  405.6         405.6
   82.0  17688  -74.1                         275     21  406.7         406.7
   71.5  18479  -78.7                         275     21  413.2         413.2
   70.0  18600  -78.1                         275     21  417.0         417.0
   66.0  18943  -76.6                         275     21  427.3         427.3
   63.0  19213  -75.5                         245     12  435.6         435.6
   60.0  19497  -74.2                         260      4  444.4         444.4
   57.0  19796  -72.9                         305      8  453.9         453.9
   54.0  20111  -71.6                          40      4  464.1         464.1
   53.0  20220  -71.1                          43      5  467.7         467.7
   51.0  20451  -67.0                          50      8  482.4         482.4
   50.0  20570  -64.9                          80     10  490.1         490.1
   49.5  20631  -63.7                          95     11  494.4         494.4
   49.0  20693  -63.8                         110     12  495.6         495.6
   42.0  21631  -64.8                          90     27  515.4         515.4
   38.0  22240  -65.5                          95     43  528.7         528.7
   35.5  22653  -65.9                          85     44  537.9         537.9
   34.8  22776  -60.7                          83     44  554.6         554.6
   33.0  23106  -60.1                          75     45  564.8         564.8
   30.0  23700  -58.9                          85     47  583.5         583.5
   26.0  24607  -57.0                          90     58  613.1         613.1
   20.1  26238  -53.7                          90     60  670.1         670.1
   20.0  26270  -53.7                          90     60  671.0         671.0
   17.0  27311  -55.0                         105     70  698.9         698.9
   16.7  27425  -55.1                         105     70  702.0         702.0
   16.0  27708  -53.6                         105     70  715.6         715.6
   15.0  28135  -51.3                         100     70  736.5         736.5
   14.0  28591  -48.8                          95     70  759.5         759.5
   11.0  30186  -40.3                          75     68  844.7         844.7
   10.7  30369  -39.3                                     855.0         855.0
</PRE><H3>Station information and sounding indices</H3><PRE>
                         Station identifier: WIII
                             Station number: 96749
                           Observation time: 141026/0000
                           Station latitude: -6.11
                          Station longitude: 106.65
                          Station elevation: 8.0
                            Showalter index: 1.38
                               Lifted index: -1.80
    LIFT computed using virtual temperature: -2.51
                                SWEAT index: 213.41
                                    K index: 35.00
                         Cross totals index: 18.80
                      Vertical totals index: 23.70
                        Totals totals index: 42.50
      Convective Available Potential Energy: 729.57
             CAPE using virtual temperature: 890.37
                      Convective Inhibition: -73.18
             CINS using virtual temperature: -50.31
                           Equilibrum Level: 177.61
 Equilibrum Level using virtual temperature: 177.54
                   Level of Free Convection: 777.57
             LFCT using virtual temperature: 805.62
                     Bulk Richardson Number: 87.04
          Bulk Richardson Number using CAPV: 106.22
  Temp [K] of the Lifted Condensation Level: 294.42
Pres [hPa] of the Lifted Condensation Level: 946.00
   Equivalent potential temp [K] of the LCL: 349.31
     Mean mixed layer potential temperature: 299.14
              Mean mixed layer mixing ratio: 17.16
              1000 hPa to 500 hPa thickness: 5781.00
Precipitable water [mm] for entire sounding: 50.73
</PRE>
<P>Description of the 
<A HREF="/upperair/columns.html">data columns</A>
or <A HREF="/upperair/indices.html">sounding indices</A>.

<P>
<FORM>
<INPUT CLASS="button" TYPE="button" VALUE=" Close this window " 
 onClick="window.close();">
<INPUT CLASS="button" TYPE="button" VALUE=" Select another map " 
 onClick="window.blur();">
</FORM>
<HR SIZE="1">
<I>Interested in graduate studies in atmospheric science?
Check out our program at the
<a href="http://www.uwyo.edu/atsc/howtoapply/"
target=_top>University of Wyoming
</a></I>
<HR SIZE="1"><FONT SIZE="-1">
Questions about the weather data provided by this site can be
addressed to <A HREF="mailto:ldoolman@uwyo.edu">
Larry Oolman (ldoolman@uwyo.edu)</A></FONT>
<HR SIZE="1">
<SCRIPT TYPE="text/javascript">
<!--
window.focus();
// -->
</SCRIPT>
</BODY>
</HTML>
