2013-10-15 12
<HTML>
<TITLE>University of Wyoming - Radiosonde Data</TITLE>
<BODY BGCOLOR="white">
<H2>96749 WIII Jakarta Observations at 00Z 15 Oct 2013</H2>
<PRE>
-----------------------------------------------------------------------------
   PRES   HGHT   TEMP   DWPT   RELH   MIXR   DRCT   SKNT   THTA   THTE   THTV
    hPa     m      C      C      %    g/kg    deg   knot     K      K      K 
-----------------------------------------------------------------------------
 1011.0      8   24.4   22.8     91  17.63    180      4  296.6  347.7  299.8
 1007.0     42   25.8   22.5     82  17.37    173      5  298.4  349.1  301.4
 1000.0    103   25.4   21.9     81  16.85    160      6  298.6  347.8  301.6
  978.0    299   25.9   20.5     72  15.75    120     10  300.9  347.4  303.8
  971.0    362   26.0   20.0     70  15.41    116     10  301.7  347.3  304.5
  945.0    600   23.9   19.9     79  15.78    100      8  301.9  348.6  304.7
  925.0    788   22.2   19.9     87  16.09    105      8  302.0  349.7  304.9
  913.0    901   21.5   19.1     86  15.45    105      8  302.4  348.3  305.2
  882.0   1201   19.6   16.8     84  13.85     90      6  303.5  344.8  306.0
  859.0   1430   18.2   15.1     82  12.72    101      5  304.3  342.4  306.6
  850.0   1520   17.8   13.7     77  11.72    105      4  304.8  340.1  306.9
  845.0   1571   17.4   14.1     81  12.11    107      4  304.9  341.3  307.1
  829.0   1734   18.2    7.2     49   7.74    112      5  307.4  331.2  308.8
  794.0   2099   15.5    7.3     58   8.12    125      8  308.3  333.4  309.8
  767.0   2391   13.3    7.3     67   8.44    130      6  309.1  335.1  310.6
  740.0   2694   11.1    7.4     78   8.79    170      4  309.8  337.0  311.4
  727.0   2844   10.0    7.4     84   8.96    212      7  310.1  337.9  311.8
  714.0   2994    9.1    6.6     84   8.63    255     10  310.8  337.6  312.4
  700.0   3158    8.2    5.7     84   8.27    260     12  311.5  337.4  313.1
  688.0   3300    7.5    3.7     77   7.29    260     14  312.3  335.3  313.7
  669.0   3531    6.4    0.4     65   5.92    275     13  313.6  332.5  314.7
  640.0   3893    4.1    0.2     76   6.10    300     12  314.9  334.5  316.1
  627.0   4060    3.0    0.1     81   6.19    303     10  315.6  335.4  316.7
  619.0   4164    4.2   -9.8     35   2.95    304      9  318.1  328.0  318.7
  616.0   4204    3.9  -12.1     30   2.48    305      8  318.2  326.6  318.7
  610.0   4283    3.4  -16.6     22   1.72    305      6  318.5  324.5  318.8
  596.0   4471    2.0   -5.0     60   4.45    305      3  319.0  333.7  319.9
  594.0   4498    1.9   -5.8     57   4.19    305      2  319.2  333.1  320.0
  572.0   4801    0.8  -15.1     29   2.09    120      2  321.4  328.6  321.8
  556.0   5029    0.0  -22.0     17   1.19    114      4  323.0  327.3  323.3
  511.0   5698   -4.0  -42.8      3   0.17     95     10  326.0  326.7  326.0
  500.0   5870   -5.1  -48.1      2   0.10    100     12  326.8  327.2  326.8
  492.0   5995   -5.8  -46.9      2   0.11    105     12  327.4  327.8  327.4
  438.0   6895  -11.2  -37.9      9   0.34     60      6  331.7  333.0  331.8
  421.0   7201  -13.0  -34.9     14   0.47    345      4  333.1  335.0  333.2
  418.0   7256  -13.3  -34.3     15   0.50    348      4  333.4  335.4  333.5
  400.0   7590  -16.3  -36.3     16   0.43      5      6  333.7  335.4  333.8
  389.0   7798  -17.5  -37.2     16   0.40     10      8  334.8  336.4  334.9
  374.0   8092  -19.2  -38.6     16   0.37     50     10  336.3  337.8  336.4
  360.0   8377  -20.9  -39.9     16   0.33     50     10  337.8  339.1  337.8
  317.0   9300  -27.5  -45.8     16   0.20     50     12  341.1  342.0  341.2
  304.0   9604  -29.6  -47.7     16   0.17     25     10  342.2  342.9  342.3
  300.0   9700  -30.3  -48.3     16   0.16     30     10  342.6  343.2  342.6
  292.0   9892  -32.1  -50.1     15   0.13     47     10  342.6  343.2  342.7
  279.0  10208  -34.6  -52.6     14   0.10     75     10  343.5  343.9  343.5
  267.0  10514  -37.1  -55.1     14   0.08     85     12  344.2  344.6  344.3
  253.0  10889  -40.1  -58.1     13   0.06     60     14  345.1  345.4  345.1
  250.0  10970  -40.7                          55     14  345.4         345.4
  245.0  11103  -41.9                          50     16  345.7         345.7
  224.0  11693  -47.0                          70     17  346.8         346.8
  200.0  12440  -53.5                          55     23  347.9         347.9
  195.0  12598  -54.9                          50     23  348.2         348.2
  150.0  14230  -68.9                          70     41  351.2         351.2
  138.0  14719  -72.1                          65     47  354.1         354.1
  125.0  15298  -75.9                          60     70  357.4         357.4
  121.0  15489  -77.1                          65     61  358.4         358.4
  110.0  16037  -76.3                          81     33  369.9         369.9
  107.0  16195  -77.6                          85     25  370.2         370.2
  100.0  16580  -80.9                         105     25  371.2         371.2
   98.6  16659  -81.5                         108     24  371.5         371.5
   96.0  16808  -81.8                         115     23  373.7         373.7
   91.0  17107  -82.5                          55     16  378.1         378.1
   86.0  17422  -83.2                          20     23  382.8         382.8
   83.0  17620  -83.7                          20     17  385.8         385.8
   82.0  17688  -80.9                          25     10  392.8         392.8
   81.2  17744  -78.7                          50     10  398.4         398.4
   78.0  17976  -77.3                         155     10  406.0         406.0
   70.0  18600  -73.5                         245      8  426.8         426.8
   63.0  19218  -72.3                         245     16  442.5         442.5
   57.5  19753  -71.3                         260     16  456.5         456.5
   55.3  19986  -65.3                         266     16  475.3         475.3
   54.0  20131  -64.9                         270     16  479.4         479.4
   50.0  20600  -63.7                         255     29  492.9         492.9
   49.0  20724  -64.0                         255     29  495.0         495.0
   47.0  20979  -64.8                         240     23  499.2         499.2
   46.6  21031  -64.9                         244     22  500.1         500.1
   45.0  21247  -64.0                         260     19  507.4         507.4
   39.3  22083  -60.3                         260     29  536.6         536.6
   35.0  22807  -60.2                         260     37  554.9         554.9
   32.0  23367  -60.1                         240     35  569.5         569.5
   30.0  23770  -60.1                         245     33  580.2         580.2
   26.0  24666  -58.6                         270     29  608.6         608.6
   24.0  25167  -57.8                         250     37  625.1         625.1
   22.4  25599  -57.1                         234     23  639.6         639.6
   22.0  25714  -56.5                         230     19  644.6         644.6
   20.0  26320  -53.5                         260     16  671.7         671.7
   18.0  27005  -51.2                         300     21  699.4         699.4
   16.0  27771  -48.6                         290     25  731.7         731.7
   15.9  27812  -48.5                         289     25  733.5         733.5
   14.0  28644  -50.5                         265     16  754.0         754.0
   13.6  28834  -50.9                         271     19  758.8         758.8
   13.0  29129  -50.2                         280     23  771.0         771.0
   12.0  29652  -49.0                         295     14  793.0         793.0
   11.9  29706  -48.9                         299     14  795.4         795.4
   11.0  30230  -45.0                         335     12  827.4         827.4
   10.4  30604  -42.3                         344     17  850.9         850.9
   10.0                                       350     21                     
</PRE><H3>Station information and sounding indices</H3><PRE>
                         Station identifier: WIII
                             Station number: 96749
                           Observation time: 131015/0000
                           Station latitude: -6.11
                          Station longitude: 106.65
                          Station elevation: 8.0
                            Showalter index: 1.77
                               Lifted index: -1.20
    LIFT computed using virtual temperature: -2.12
                                SWEAT index: 184.41
                                    K index: 34.10
                         Cross totals index: 18.80
                      Vertical totals index: 22.90
                        Totals totals index: 41.70
      Convective Available Potential Energy: 372.49
             CAPE using virtual temperature: 539.93
                      Convective Inhibition: -80.56
             CINS using virtual temperature: -52.10
                           Equilibrum Level: 231.40
 Equilibrum Level using virtual temperature: 231.66
                   Level of Free Convection: 764.83
             LFCT using virtual temperature: 792.11
                     Bulk Richardson Number: 102.92
          Bulk Richardson Number using CAPV: 149.18
  Temp [K] of the Lifted Condensation Level: 293.01
Pres [hPa] of the Lifted Condensation Level: 919.08
   Equivalent potential temp [K] of the LCL: 347.64
     Mean mixed layer potential temperature: 300.18
              Mean mixed layer mixing ratio: 16.18
              1000 hPa to 500 hPa thickness: 5767.00
Precipitable water [mm] for entire sounding: 46.04
</PRE>
<P>Description of the 
<A HREF="/upperair/columns.html">data columns</A>
or <A HREF="/upperair/indices.html">sounding indices</A>.

<P>
<FORM>
<INPUT CLASS="button" TYPE="button" VALUE=" Close this window " 
 onClick="window.close();">
<INPUT CLASS="button" TYPE="button" VALUE=" Select another map " 
 onClick="window.blur();">
</FORM>
<HR SIZE="1">
<I>Interested in graduate studies in atmospheric science?
Check out our program at the
<a href="http://www.uwyo.edu/atsc/howtoapply/"
target=_top>University of Wyoming
</a></I>
<HR SIZE="1"><FONT SIZE="-1">
Questions about the weather data provided by this site can be
addressed to <A HREF="mailto:ldoolman@uwyo.edu">
Larry Oolman (ldoolman@uwyo.edu)</A></FONT>
<HR SIZE="1">
<SCRIPT TYPE="text/javascript">
<!--
window.focus();
// -->
</SCRIPT>
</BODY>
</HTML>
