2015-08-16 00
<HTML>
<TITLE>University of Wyoming - Radiosonde Data</TITLE>
<BODY BGCOLOR="white">
<H2>96749 WIII Jakarta Observations at 00Z 16 Aug 2015</H2>
<PRE>
-----------------------------------------------------------------------------
   PRES   HGHT   TEMP   DWPT   RELH   MIXR   DRCT   SKNT   THTA   THTE   THTV
    hPa     m      C      C      %    g/kg    deg   knot     K      K      K 
-----------------------------------------------------------------------------
 1012.0      8   25.2   23.4     90  18.28    100      4  297.3  350.5  300.6
 1000.0    112   25.6   22.9     85  17.94    100      8  298.8  351.2  301.9
  979.0    299   24.9   21.4     81  16.64     95     14  299.9  348.7  302.8
  965.0    426   24.4   20.3     78  15.80     96     15  300.6  347.2  303.4
  925.0    796   21.6   18.8     84  15.00    100     16  301.4  345.7  304.1
  914.0    900   21.2   17.8     81  14.25    100     16  302.0  344.2  304.6
  862.0   1406   19.0   13.0     68  11.03     88     13  304.8  338.1  306.8
  850.0   1527   18.8   11.8     64  10.33     85     12  305.8  337.1  307.7
  795.0   2090   15.2    4.4     48   6.65     80     17  307.9  328.5  309.1
  714.0   2994    9.5   -7.4     30   3.08     65     33  311.2  321.2  311.7
  700.0   3161    8.4   -9.6     27   2.65     65     35  311.8  320.5  312.3
  680.0   3399    7.2  -12.8     23   2.11     65     34  313.0  320.1  313.4
  664.0   3595    7.3  -13.7     21   2.00     65     33  315.2  322.0  315.6
  633.0   3987    7.4  -15.6     18   1.80     85     32  319.7  326.0  320.1
  617.0   4195    6.0  -16.0     19   1.78     95     31  320.5  326.7  320.8
  573.0   4794    2.1  -17.3     22   1.72    100     17  322.7  328.8  323.0
  551.0   5112    0.0  -18.0     24   1.69    100     15  323.9  329.9  324.2
  512.0   5693   -4.3  -19.8     29   1.57    100     12  325.5  331.1  325.8
  505.0   5802   -5.1  -20.1     30   1.54    103     11  325.8  331.4  326.1
  500.0   5880   -4.7  -24.7     19   1.04    105     10  327.2  331.1  327.4
  476.0   6266   -6.3  -30.3     13   0.65    107     11  329.9  332.4  330.0
  439.0   6887  -11.2  -32.4     16   0.57    110     12  331.4  333.6  331.5
  422.0   7189  -13.6  -33.5     17   0.54    145     10  332.1  334.2  332.2
  405.0   7505  -16.1  -34.6     19   0.51    150     10  332.7  334.7  332.8
  400.0   7600  -16.9  -34.9     19   0.50    135     10  332.9  334.9  333.0
  389.0   7809  -17.1  -42.9      9   0.22    105     10  335.4  336.3  335.4
  386.0   7868  -17.1  -45.1      7   0.18    103     10  336.1  336.8  336.1
  345.0   8699  -23.8  -38.4     25   0.40     70     12  338.0  339.6  338.1
  343.0   8742  -24.1  -38.1     26   0.42     70     11  338.1  339.8  338.2
  322.0   9202  -25.9  -48.9     10   0.14     74      4  341.8  342.4  341.8
  317.0   9314  -27.0  -48.4     11   0.15     75      2  341.8  342.5  341.9
  300.0   9710  -30.7  -46.7     19   0.19      0      0  342.0  342.8  342.0
  292.0   9897  -32.3  -47.3     21   0.18     25      2  342.3  343.1  342.4
  279.0  10213  -35.1  -48.3     25   0.17     60     10  342.8  343.6  342.8
  257.0  10783  -40.1  -50.1     33   0.15     49     10  343.6  344.2  343.6
  250.0  10970  -41.7                          45     10  343.9         343.9
  234.0  11406  -45.4                          40      8  344.9         344.9
  224.0  11693  -47.8                          15      8  345.5         345.5
  214.0  11994  -50.3                          20      8  346.1         346.1
  204.0  12310  -53.0                          65     12  346.7         346.7
  200.0  12440  -54.1                          70     16  346.9         346.9
  177.0  13196  -60.4                          85     17  348.9         348.9
  150.0  14220  -68.9                          70     25  351.2         351.2
  146.0  14379  -70.0                          60     23  352.0         352.0
  131.0  15015  -74.5                          35     33  355.0         355.0
  125.0  15290  -76.5                          40     41  356.2         356.2
  109.0  16077  -76.9                          58     27  369.7         369.7
  107.0  16185  -75.0                          60     25  375.2         375.2
  105.0  16294  -73.1                          83     21  380.9         380.9
  101.0  16522  -73.1                         130     12  385.1         385.1
  100.0  16580  -73.1                         140     14  386.2         386.2
   96.0  16816  -74.2                         160     19  388.7         388.7
   87.0  17385  -76.8                         165     25  394.6         394.6
   83.9  17595  -77.7                         145     21  396.8         396.8
   80.2  17855  -74.7                         130     22  408.1         408.1
   78.0  18015  -75.1                         120     23  410.5         410.5
   70.0  18640  -76.7                          95     35  420.0         420.0
   67.7  18833  -75.3                          86     39  427.0         427.0
   66.0  18982  -68.5                          79     43  444.9         444.9
   64.0  19167  -68.0                          70     47  450.0         450.0
   59.9  19565  -66.9                          70     36  461.0         461.0
   58.0  19764  -62.8                          70     31  474.5         474.5
   55.8  20002  -57.9                          30     20  491.0         491.0
   55.0  20093  -58.1                          15     16  492.4         492.4
   52.0  20444  -59.1                         300     21  498.3         498.3
   50.0  20690  -59.7                         265     23  502.4         502.4
   45.7  21249  -61.9                         222     15  510.1         510.1
   45.0  21346  -61.3                         215     14  513.9         513.9
   43.0  21630  -59.4                         275     10  525.3         525.3
   41.5  21851  -57.9                         275     13  534.3         534.3
   35.5  22834  -58.7                         275     26  556.6         556.6
   34.7  22978  -56.5                         275     27  566.0         566.0
   34.0  23107  -56.6                         275     29  569.1         569.1
   31.0  23692  -57.0                         265     23  583.3         583.3
   30.0  23900  -57.1                         270     21  588.4         588.4
   28.0  24338  -56.5                         260     19  601.8         601.8
   26.0  24808  -55.8                         265     17  616.5         616.5
   25.6  24906  -55.7                         264     18  619.6         619.6
   23.0  25595  -53.0                         260     21  646.7         646.7
   21.1  26150  -50.9                         265     25  669.3         669.3
   21.0                                       265     25                     
</PRE><H3>Station information and sounding indices</H3><PRE>
                         Station identifier: WIII
                             Station number: 96749
                           Observation time: 150816/0000
                           Station latitude: -6.11
                          Station longitude: 106.65
                          Station elevation: 8.0
                            Showalter index: 3.39
                               Lifted index: -1.31
    LIFT computed using virtual temperature: -2.12
                                SWEAT index: 175.61
                                    K index: 17.30
                         Cross totals index: 16.50
                      Vertical totals index: 23.50
                        Totals totals index: 40.00
      Convective Available Potential Energy: 594.60
             CAPE using virtual temperature: 815.43
                      Convective Inhibition: -58.02
             CINS using virtual temperature: -27.92
                           Equilibrum Level: 179.51
 Equilibrum Level using virtual temperature: 179.37
                   Level of Free Convection: 783.05
             LFCT using virtual temperature: 828.53
                     Bulk Richardson Number: 58.88
          Bulk Richardson Number using CAPV: 80.75
  Temp [K] of the Lifted Condensation Level: 294.07
Pres [hPa] of the Lifted Condensation Level: 938.34
   Equivalent potential temp [K] of the LCL: 349.05
     Mean mixed layer potential temperature: 299.48
              Mean mixed layer mixing ratio: 16.95
              1000 hPa to 500 hPa thickness: 5768.00
Precipitable water [mm] for entire sounding: 38.07
</PRE>
<P>Description of the 
<A HREF="/upperair/columns.html">data columns</A>
or <A HREF="/upperair/indices.html">sounding indices</A>.

<P>
<FORM>
<INPUT CLASS="button" TYPE="button" VALUE=" Close this window " 
 onClick="window.close();">
<INPUT CLASS="button" TYPE="button" VALUE=" Select another map " 
 onClick="window.blur();">
</FORM>
<HR SIZE="1">
<I>Interested in graduate studies in atmospheric science?
Check out our program at the
<a href="http://www.uwyo.edu/atsc/howtoapply/"
target=_top>University of Wyoming
</a></I>
<HR SIZE="1"><FONT SIZE="-1">
Questions about the weather data provided by this site can be
addressed to <A HREF="mailto:ldoolman@uwyo.edu">
Larry Oolman (ldoolman@uwyo.edu)</A></FONT>
<HR SIZE="1">
<SCRIPT TYPE="text/javascript">
<!--
window.focus();
// -->
</SCRIPT>
</BODY>
</HTML>
