2013-06-02 00
<HTML>
<TITLE>University of Wyoming - Radiosonde Data</TITLE>
<BODY BGCOLOR="white">
<H2>96749 WIII Jakarta Observations at 00Z 02 Jun 2013</H2>
<PRE>
-----------------------------------------------------------------------------
   PRES   HGHT   TEMP   DWPT   RELH   MIXR   DRCT   SKNT   THTA   THTE   THTV
    hPa     m      C      C      %    g/kg    deg   knot     K      K      K 
-----------------------------------------------------------------------------
 1006.0      8   24.0   23.1     95  18.06    180      2  296.6  348.9  299.8
 1000.0     59   24.6   21.5     83  16.44    190      4  297.8  345.6  300.7
  984.0    202   26.0   21.9     78  17.13    219      9  300.5  351.0  303.6
  973.0    301   25.4   21.2     77  16.58    240     12  300.9  349.9  303.9
  925.0    746   23.0   18.0     73  14.24    275     10  302.8  345.2  305.4
  909.0    897   22.0   17.5     76  14.03    290     10  303.3  345.2  305.9
  850.0   1478   18.2   15.5     84  13.20    295     12  305.2  344.9  307.6
  791.0   2092   14.8   12.6     87  11.73    295     12  307.9  343.6  310.1
  781.0   2201   14.2   12.1     87  11.48    295     13  308.4  343.5  310.5
  730.0   2770   11.4    7.9     79   9.24    295     16  311.3  340.0  313.1
  711.0   2990   11.6    6.1     69   8.36    295     17  313.9  340.2  315.4
  706.0   3050   11.6    5.6     67   8.14    290     17  314.5  340.3  316.1
  700.0   3121   11.0    5.0     66   7.87    285     16  314.6  339.6  316.1
  638.0   3879    6.7    1.4     69   6.66    255     10  318.2  339.8  319.5
  615.0   4180    5.0   -0.1     69   6.22    275     14  319.6  339.9  320.9
  551.0   5078    0.0   -4.4     72   5.04    260     10  323.9  340.7  324.9
  550.0   5093   -0.1   -4.5     72   5.01    260     10  323.9  340.7  324.9
  510.0   5693   -3.4   -9.1     65   3.79    310      4  326.9  339.9  327.7
  500.0   5850   -4.3  -10.3     63   3.51    300      4  327.7  339.9  328.4
  473.0   6278   -6.7  -13.2     60   2.93    290      8  329.9  340.2  330.5
  437.0   6888  -10.2  -17.4     56   2.24    335      8  333.1  341.2  333.6
  421.0   7176  -11.8  -19.4     54   1.97     10      2  334.6  341.7  335.0
  400.0   7570  -14.1  -22.1     51   1.64    115      8  336.6  342.6  336.9
  394.0   7685  -14.9  -22.9     51   1.55    148      8  337.0  342.8  337.3
  389.0   7780  -15.6  -24.4     47   1.38    175      8  337.3  342.5  337.6
  359.0   8381  -19.9  -33.5     29   0.63    155     14  339.4  341.9  339.5
  351.0   8550  -21.1  -36.1     25   0.50    146     15  339.9  341.9  340.0
  330.0   8998  -24.7  -36.2     34   0.53    120     16  341.0  343.1  341.1
  300.0   9690  -30.3  -36.3     56   0.57    125     14  342.6  344.9  342.7
  292.0   9881  -32.0  -38.4     53   0.48    125     14  342.8  344.8  342.9
  283.0  10103  -33.9  -40.9     49   0.38    120     14  343.1  344.7  343.2
  268.0  10480  -37.0  -44.0     48   0.29    110     14  344.0  345.2  344.0
  254.0  10852  -40.1  -47.1     47   0.22    110     16  344.7  345.7  344.8
  250.0  10960  -40.9                         110     16  345.1         345.1
  214.0  11984  -49.7                         125     14  347.2         347.2
  200.0  12430  -53.5                         105     21  347.9         347.9
  195.0  12588  -54.8                         110     25  348.3         348.3
  169.0  13478  -62.3                         105     23  350.4         350.4
  153.0  14097  -67.5                         145     19  351.7         351.7
  150.0  14220  -68.5                         145     19  351.9         351.9
  116.0  15715  -80.9                         136     31  355.8         355.8
  112.0  15912  -81.0                         135     33  359.2         359.2
  107.0  16169  -81.1                         125     25  363.6         363.6
  101.0  16494  -81.3                          95     23  369.4         369.4
  100.0  16550  -81.5                          90     23  370.0         370.0
   91.0  17073  -83.8                          45     16  375.6         375.6
   86.9  17329  -84.9                          60     12  378.3         378.3
   81.0  17722  -82.6                          85     21  390.8         390.8
   73.0  18305  -79.1                         105     27  409.9         409.9
   70.0  18540  -77.7                          85     33  417.8         417.8
   69.6  18573  -77.1                          83     34  419.8         419.8
   69.0  18624  -76.2                          80     35  422.7         422.7
   66.3  18856  -72.3                          82     35  436.1         436.1
   65.5  18929  -67.9                          83     35  447.2         447.2
   54.0  20099  -66.4                          95     37  476.0         476.0
   52.0  20328  -66.1                          90     27  481.9         481.9
   50.0  20570  -60.9                          85     16  499.5         499.5
   49.4  20645  -59.3                          82     12  505.1         505.1
   49.0  20696  -59.4                          80     10  506.0         506.0
   47.0  20957  -59.8                         305      2  511.0         511.0
   45.0  21228  -60.3                         245      6  516.3         516.3
   44.9  21242  -60.3                         245      6  516.6         516.6
   40.7  21862  -55.3                         263     15  543.8         543.8
   39.0  22133  -55.7                         270     19  549.4         549.4
   37.0  22468  -56.3                         270     19  556.3         556.3
   35.4  22749  -56.7                         294     17  562.2         562.2
   35.0  22822  -55.8                         300     17  566.5         566.5
   34.2  22970  -53.9                         280     20  575.2         575.2
   34.0  23007  -53.9                         275     21  576.0         576.0
   30.0  23810  -54.5                         270     49  595.5         595.5
   28.0  24249  -55.9                         265     54  603.5         603.5
   26.1  24696  -57.3                         265     54  611.7         611.7
   20.0  26400  -52.1                         265     52  675.9         675.9
   16.0  27857  -48.9                         265     51  731.0         731.0
   15.4  28107  -48.3                         268     53  740.9         740.9
   13.0  29222  -48.5                         280     62  777.0         777.0
   12.8  29324  -48.5                         280     63  780.4         780.4
   11.4  30096  -42.7                         280     68  827.5         827.5
   11.0  30337  -42.7                         280     70  836.0         836.0
   10.6  30587  -42.7                         280     70  844.8         844.8
   10.0  30980  -42.7                         275     64  859.0         859.0
    7.0  33402  -40.0                         270     56  962.2         962.2
    6.7  33699  -39.7                                     975.7         975.7
</PRE><H3>Station information and sounding indices</H3><PRE>
                         Station identifier: WIII
                             Station number: 96749
                           Observation time: 130602/0000
                           Station latitude: -6.11
                          Station longitude: 106.65
                          Station elevation: 8.0
                            Showalter index: 0.65
                               Lifted index: -0.78
    LIFT computed using virtual temperature: -1.18
                                SWEAT index: 214.01
                                    K index: 32.00
                         Cross totals index: 19.80
                      Vertical totals index: 22.50
                        Totals totals index: 42.30
      Convective Available Potential Energy: 239.53
             CAPE using virtual temperature: 324.48
                      Convective Inhibition: -70.49
             CINS using virtual temperature: -54.28
                           Equilibrum Level: 196.81
 Equilibrum Level using virtual temperature: 196.95
                   Level of Free Convection: 782.31
             LFCT using virtual temperature: 804.48
                     Bulk Richardson Number: 30.76
          Bulk Richardson Number using CAPV: 41.67
  Temp [K] of the Lifted Condensation Level: 293.45
Pres [hPa] of the Lifted Condensation Level: 924.07
   Equivalent potential temp [K] of the LCL: 348.69
     Mean mixed layer potential temperature: 300.16
              Mean mixed layer mixing ratio: 16.54
              1000 hPa to 500 hPa thickness: 5791.00
Precipitable water [mm] for entire sounding: 55.95
</PRE>
<P>Description of the 
<A HREF="/upperair/columns.html">data columns</A>
or <A HREF="/upperair/indices.html">sounding indices</A>.

<P>
<FORM>
<INPUT CLASS="button" TYPE="button" VALUE=" Close this window " 
 onClick="window.close();">
<INPUT CLASS="button" TYPE="button" VALUE=" Select another map " 
 onClick="window.blur();">
</FORM>
<HR SIZE="1">
<I>Interested in graduate studies in atmospheric science?
Check out our program at the
<a href="http://www.uwyo.edu/atsc/howtoapply/"
target=_top>University of Wyoming
</a></I>
<HR SIZE="1"><FONT SIZE="-1">
Questions about the weather data provided by this site can be
addressed to <A HREF="mailto:ldoolman@uwyo.edu">
Larry Oolman (ldoolman@uwyo.edu)</A></FONT>
<HR SIZE="1">
<SCRIPT TYPE="text/javascript">
<!--
window.focus();
// -->
</SCRIPT>
</BODY>
</HTML>
