2015-05-08 12
<HTML>
<TITLE>University of Wyoming - Radiosonde Data</TITLE>
<BODY BGCOLOR="white">
<H2>96749 WIII Jakarta Observations at 00Z 08 May 2015</H2>
<PRE>
-----------------------------------------------------------------------------
   PRES   HGHT   TEMP   DWPT   RELH   MIXR   DRCT   SKNT   THTA   THTE   THTV
    hPa     m      C      C      %    g/kg    deg   knot     K      K      K 
-----------------------------------------------------------------------------
 1009.0      8   27.4   23.2     78  18.11    110      4  299.8  353.0  303.0
 1000.0     85   27.2   22.2     74  17.17    105      6  300.4  350.9  303.4
  976.0    300   25.8   21.4     77  16.79     85     14  301.0  350.6  304.1
  959.0    456   24.8   20.9     79  16.52     88     14  301.5  350.4  304.5
  943.0    604   24.0   19.6     77  15.47     90     14  302.1  348.0  304.9
  925.0    773   23.0   18.1     74  14.34    110     12  302.8  345.5  305.4
  920.0    820   22.6   18.6     78  14.89    116     12  302.9  347.2  305.6
  912.0    896   22.1   18.3     79  14.77    125     12  303.1  347.1  305.8
  850.0   1506   18.0   16.2     89  13.82    110     12  305.0  346.5  307.5
  849.0   1516   18.0   16.2     89  13.83    110     12  305.1  346.7  307.6
  823.0   1783   16.8   13.3     80  11.80     98      9  306.6  342.3  308.7
  793.0   2097   14.6   12.3     86  11.46     85      6  307.5  342.4  309.6
  765.0   2401   12.4   11.3     93  11.15     75      2  308.3  342.4  310.4
  744.0   2636   10.8   10.6     99  10.90    110      4  309.0  342.4  311.0
  738.0   2704   10.4    7.5     82   8.89    120      4  309.3  336.7  310.9
  730.0   2795   12.8    2.8     51   6.45    134      5  312.9  333.3  314.1
  723.0   2876   13.0   -3.0     33   4.26    146      5  313.9  327.8  314.7
  712.0   3005   12.1   -2.0     37   4.64    165      6  314.3  329.3  315.1
  700.0   3147   11.0   -1.0     43   5.11    170      6  314.6  331.1  315.6
  663.0   3599    8.4    3.0     69   7.23    175      4  316.6  339.8  318.0
  658.0   3662    8.0    3.6     74   7.59    172      4  316.9  341.1  318.3
  617.0   4187    5.0   -0.5     68   6.03    150      6  319.2  338.9  320.4
  594.0   4496    3.2   -2.9     65   5.25    145      4  320.6  337.9  321.7
  558.0   5006    0.2   -6.8     59   4.14    151      3  322.9  336.8  323.7
  554.0   5064    0.0   -6.0     64   4.43    151      3  323.4  338.2  324.2
  531.0   5402   -2.0   -9.8     55   3.44    155      2  324.9  336.7  325.6
  511.0   5708   -3.8  -13.2     48   2.71    125      4  326.4  335.8  326.9
  505.0   5802   -4.3  -14.3     46   2.52    128      5  326.8  335.6  327.3
  500.0   5880   -5.1  -13.1     53   2.80    130      6  326.8  336.5  327.3
  482.0   6167   -6.5  -12.5     62   3.05    143      6  328.5  339.1  329.1
  473.0   6312   -7.2  -14.0     58   2.75    150      6  329.3  339.0  329.9
  455.0   6611   -8.8  -17.2     51   2.19    145      8  331.1  338.9  331.5
  437.0   6921  -10.4  -20.5     43   1.72    115      8  332.9  339.2  333.2
  421.0   7208  -11.9  -23.5     37   1.37    110      6  334.6  339.7  334.8
  408.0   7450  -13.1  -26.1     33   1.12    134      6  336.0  340.2  336.2
  405.0   7506  -13.6  -26.2     34   1.11    140      6  336.0  340.2  336.2
  400.0   7600  -14.5  -26.5     35   1.10    135      8  336.1  340.2  336.3
  374.0   8098  -17.8  -32.4     27   0.68    130     14  338.2  340.8  338.3
  344.0   8717  -21.9  -39.6     19   0.36    115      8  340.8  342.2  340.8
  330.0   9025  -24.0  -43.2     15   0.25     70     10  342.0  343.1  342.1
  317.0   9322  -26.0  -46.8     12   0.18     60     10  343.2  344.0  343.2
  315.0   9369  -26.3  -47.3     12   0.17     62     10  343.4  344.1  343.4
  304.0   9625  -28.2  -47.0     15   0.18     70      8  344.2  345.0  344.3
  300.0   9720  -28.9  -46.9     16   0.19     85      8  344.5  345.3  344.6
  292.0   9908  -30.6  -47.2     18   0.19    110      8  344.7  345.5  344.8
  256.0  10826  -39.1  -48.9     35   0.18    120     10  345.5  346.2  345.5
  252.0  10936  -40.1  -49.1     38   0.17    113     10  345.5  346.3  345.6
  250.0  10990  -40.5                         110     10  345.7         345.7
  235.0  11403  -43.7                          85     12  347.1         347.1
  224.0  11723  -46.1                          10     14  348.1         348.1
  205.0  12315  -50.6                         335     19  349.9         349.9
  200.0  12480  -51.9                         330     16  350.4         350.4
  187.0  12898  -55.3                         320     12  351.8         351.8
  150.0  14270  -66.3                         215     12  355.7         355.7
  147.0  14387  -67.2                         210     12  356.1         356.1
  139.0  14710  -69.8                         230      8  357.3         357.3
  126.0  15277  -74.3                         200      8  359.4         359.4
  119.0  15608  -77.0                         235      8  360.4         360.4
  107.0  16222  -81.8                         245     12  362.3         362.3
  102.0  16498  -84.0                         265      8  363.0         363.0
  101.0  16555  -84.5                         275      8  363.2         363.2
  100.0  16610  -84.9                         285      8  363.4         363.4
   96.0  16832  -86.0                         335      8  365.5         365.5
   91.0  17124  -87.5                           5     14  368.2         368.2
   87.1  17362  -88.7                          45      6  370.4         370.4
   86.0  17433  -88.0                          80      6  373.3         373.3
   82.0  17697  -85.2                         100     21  384.1         384.1
   73.1  18333  -78.5                          78     40  411.0         411.0
   70.0  18580  -78.3                          70     47  416.6         416.6
   68.6  18696  -76.1                          75     37  423.7         423.7
   66.2  18905  -70.7                          84     20  439.8         439.8
   66.0  18923  -70.7                          85     19  440.2         440.2
   63.0  19200  -70.4                         125     27  446.7         446.7
   57.9  19703  -69.9                          95     25  458.7         458.7
   57.0  19797  -69.2                          90     25  462.4         462.4
   52.3  20316  -65.3                         102     33  482.9         482.9
   51.0  20469  -65.9                         105     35  485.1         485.1
   50.0  20590  -66.3                          95     33  486.8         486.8
   47.0  20965  -65.8                          80     29  496.6         496.6
   42.0  21647  -65.0                          80     35  515.0         515.0
   41.6  21705  -64.9                          79     35  516.6         516.6
   40.1  21930  -61.5                          77     36  530.5         530.5
   36.0  22599  -61.0                          70     39  548.5         548.5
   30.0  23730  -60.1                          85     41  580.2         580.2
   29.0  23942  -58.9                          83     40  589.2         589.2
   27.0  24400  -54.6                          80     39  613.4         613.4
   25.4  24791  -50.9                         128     26  634.8         634.8
   25.0  24895  -50.8                         140     23  637.9         637.9
   22.2  25670  -50.1                         133     27  662.0         662.0
   21.0  26038  -47.6                         130     29  680.0         680.0
   20.0  26360  -45.5                         115     25  696.1         696.1
   19.0  26707  -43.3                          90      8  713.1         713.1
   18.0  27072  -41.1                         325      4  731.4         731.4
   17.1  27419  -38.9                         294     15  749.1         749.1
   17.0  27459  -39.1                         290     16  749.8         749.8
   16.0  27869  -40.8                         295     35  757.4         757.4
   15.0  28305  -42.6                         270     25  765.5         765.5
   13.6  28968  -45.3                         297     25  777.9         777.9
   13.0  29270  -44.1                         310     25  792.1         792.1
   12.7  29426  -43.5                                     799.5         799.5
</PRE><H3>Station information and sounding indices</H3><PRE>
                         Station identifier: WIII
                             Station number: 96749
                           Observation time: 150508/0000
                           Station latitude: -6.11
                          Station longitude: 106.65
                          Station elevation: 8.0
                            Showalter index: -0.75
                               Lifted index: -2.31
    LIFT computed using virtual temperature: -2.88
                                SWEAT index: 224.41
                                    K index: 27.30
                         Cross totals index: 21.30
                      Vertical totals index: 23.10
                        Totals totals index: 44.40
      Convective Available Potential Energy: 488.42
             CAPE using virtual temperature: 630.73
                      Convective Inhibition: -42.20
             CINS using virtual temperature: -30.23
                           Equilibrum Level: 205.15
 Equilibrum Level using virtual temperature: 205.15
                   Level of Free Convection: 817.15
             LFCT using virtual temperature: 852.34
                     Bulk Richardson Number: 108.43
          Bulk Richardson Number using CAPV: 140.03
  Temp [K] of the Lifted Condensation Level: 293.74
Pres [hPa] of the Lifted Condensation Level: 919.62
   Equivalent potential temp [K] of the LCL: 350.72
     Mean mixed layer potential temperature: 300.87
              Mean mixed layer mixing ratio: 16.92
              1000 hPa to 500 hPa thickness: 5795.00
Precipitable water [mm] for entire sounding: 53.73
</PRE>
<P>Description of the 
<A HREF="/upperair/columns.html">data columns</A>
or <A HREF="/upperair/indices.html">sounding indices</A>.

<P>
<FORM>
<INPUT CLASS="button" TYPE="button" VALUE=" Close this window " 
 onClick="window.close();">
<INPUT CLASS="button" TYPE="button" VALUE=" Select another map " 
 onClick="window.blur();">
</FORM>
<HR SIZE="1">
<I>Interested in graduate studies in atmospheric science?
Check out our program at the
<a href="http://www.uwyo.edu/atsc/howtoapply/"
target=_top>University of Wyoming
</a></I>
<HR SIZE="1"><FONT SIZE="-1">
Questions about the weather data provided by this site can be
addressed to <A HREF="mailto:ldoolman@uwyo.edu">
Larry Oolman (ldoolman@uwyo.edu)</A></FONT>
<HR SIZE="1">
<SCRIPT TYPE="text/javascript">
<!--
window.focus();
// -->
</SCRIPT>
</BODY>
</HTML>
