2015-10-15 00
<HTML>
<TITLE>University of Wyoming - Radiosonde Data</TITLE>
<BODY BGCOLOR="white">
<H2>96749 WIII Jakarta Observations at 00Z 15 Oct 2015</H2>
<PRE>
-----------------------------------------------------------------------------
   PRES   HGHT   TEMP   DWPT   RELH   MIXR   DRCT   SKNT   THTA   THTE   THTV
    hPa     m      C      C      %    g/kg    deg   knot     K      K      K 
-----------------------------------------------------------------------------
 1011.0      8   25.4   20.7     75  15.45    170      5  297.6  342.6  300.4
 1000.0    110   25.4   21.7     80  16.64    145      6  298.6  347.2  301.5
  979.0    296   24.4   20.4     79  15.69    100      6  299.3  345.3  302.1
  946.0    598   22.7   18.4     76  14.24     75     12  300.6  342.6  303.1
  925.0    795   21.6   17.0     75  13.35     80     12  301.4  340.9  303.8
  923.0    814   21.6   16.8     74  13.21     80     12  301.6  340.7  304.0
  914.0    898   21.0   15.7     72  12.46     80     12  301.8  338.8  304.0
  883.0   1196   18.8   12.0     65  10.08    105     12  302.5  332.6  304.3
  878.0   1245   18.4   11.4     64   9.73    104     12  302.6  331.8  304.4
  862.0   1403   19.0    7.0     46   7.34    102     11  304.8  327.2  306.2
  850.0   1523   18.0    6.0     45   6.94    100     10  305.0  326.3  306.3
  795.0   2090   13.9   -0.5     37   4.67    110     12  306.5  321.1  307.4
  781.0   2240   12.8   -2.2     35   4.19    115     10  306.9  320.1  307.6
  767.0   2392   12.6   -6.8     25   3.00    120      8  308.3  318.0  308.8
  735.0   2749   12.2  -17.8     11   1.29    150      9  311.6  316.0  311.8
  714.0   2991   12.6  -21.4      8   0.97    171     10  314.6  318.1  314.8
  700.0   3157   12.4  -20.6      8   1.07    185     10  316.2  319.9  316.4
  665.0   3581    9.7  -17.8     13   1.43    225     14  317.8  322.8  318.1
  641.0   3886    7.7  -15.8     17   1.75    235      8  318.9  325.0  319.3
  618.0   4188    5.8  -13.8     23   2.14    275      2  320.1  327.4  320.5
  609.0   4309    5.0  -13.0     26   2.32    261      3  320.5  328.5  320.9
  602.0   4404    5.0  -21.0     13   1.20    251      3  321.6  325.8  321.8
  595.0   4499    4.1  -16.4     21   1.79    240      4  321.6  327.9  321.9
  588.0   4595    3.2  -11.8     32   2.65    196      3  321.6  330.7  322.1
  574.0   4790    1.7  -13.3     32   2.41    105      2  322.1  330.4  322.6
  558.0   5018    0.0  -15.0     31   2.15     90      4  322.7  330.2  323.1
  553.0   5090   -0.4  -16.4     29   1.93     85      4  323.0  329.8  323.4
  532.0   5398   -2.2  -22.3     20   1.21     40      2  324.5  328.9  324.8
  508.0   5765   -4.3  -29.3     12   0.67    140      3  326.2  328.8  326.4
  500.0   5890   -4.7  -35.7      7   0.37    175      4  327.2  328.7  327.3
  493.0   5998   -5.5  -35.5      7   0.38    205      4  327.6  329.1  327.6
  474.0   6299   -7.8  -34.9      9   0.42    225      6  328.5  330.1  328.6
  422.0   7190  -14.4  -33.3     19   0.55    225      4  331.0  333.2  331.1
  406.0   7486  -16.6  -32.7     24   0.61    255      2  331.9  334.2  332.0
  400.0   7600  -17.5  -32.5     26   0.63    295      2  332.2  334.6  332.3
  393.0   7732  -18.5  -32.5     28   0.64    351      2  332.5  335.0  332.7
  390.0   7789  -18.3  -35.3     21   0.49     15      2  333.5  335.4  333.6
  384.0   7905  -17.9  -40.9     11   0.28    334      2  335.5  336.7  335.6
  374.0   8099  -18.9  -43.0     10   0.23    265      2  336.8  337.7  336.8
  331.0   9001  -23.5  -52.5      5   0.09    216     10  342.4  342.8  342.4
  318.0   9290  -26.0  -53.4      6   0.08    200     12  342.8  343.2  342.9
  300.0   9710  -29.7  -54.7      7   0.08    195     14  343.4  343.7  343.4
  292.0   9898  -31.1  -55.4      7   0.07    195     12  344.0  344.3  344.0
  280.0  10191  -33.4  -56.5      8   0.07    215      8  344.9  345.2  344.9
  257.0  10788  -38.0  -58.8     10   0.05    190      8  346.7  346.9  346.7
  250.0  10980  -39.5  -59.5     10   0.05    200     10  347.2  347.4  347.2
  248.0  11035  -40.1  -60.1     10   0.05    202     10  347.1  347.3  347.1
  246.0  11089  -40.6                         205     10  347.2         347.2
  236.0  11366  -43.0                         200      8  347.7         347.7
  225.0  11684  -45.8                         155      2  348.2         348.2
  215.0  11988  -48.5                          65      8  348.6         348.6
  200.0  12470  -52.7                          60     17  349.1         349.1
  179.0  13160  -58.6                          50     33  350.8         350.8
  150.0  14260  -67.9                          50     27  352.9         352.9
  126.0  15282  -75.2                          45     33  357.7         357.7
  120.0  15568  -77.3                          43     25  358.9         358.9
  113.0  15909  -78.8                          40     16  362.3         362.3
  108.0  16165  -80.0                          75      2  364.8         364.8
  102.0  16488  -81.5                         195      8  368.0         368.0
  101.0  16544  -81.7                         190      8  368.6         368.6
  100.0  16600  -81.5                         165     10  370.0         370.0
   97.0  16772  -80.7                         105     12  374.7         374.7
   92.0  17071  -79.4                          65     23  383.1         383.1
   88.0  17322  -78.3                          56     18  390.2         390.2
   84.5  17557  -72.5                          48     14  406.5         406.5
   83.0  17662  -72.1                          45     12  409.3         409.3
   79.0  17954  -71.1                         320      6  417.3         417.3
   75.0  18261  -70.0                         280     19  425.8         425.8
   73.1  18413  -69.5                         278     19  430.0         430.0
   70.0  18670  -70.5                         275     19  433.2         433.2
   61.0  19485  -71.2                         260     16  449.1         449.1
   59.4  19642  -71.3                         247     11  452.2         452.2
   58.0  19785  -70.0                         235      6  458.3         458.3
   55.0  20103  -67.1                         275     16  471.9         471.9
   53.2  20303  -65.3                         268     18  480.6         480.6
   50.0  20680  -65.5                         255     21  488.7         488.7
   48.0  20933  -64.9                         245     17  495.9         495.9
   45.0  21332  -63.9                         200     14  507.6         507.6
   43.0  21613  -63.2                         185      8  515.9         515.9
   41.0  21908  -62.5                         250      8  524.8         524.8
   37.0  22543  -60.9                         290      6  544.4         544.4
   36.0  22712  -60.5                          85      2  549.8         549.8
   34.0  23066  -59.6                         270      8  561.1         561.1
   31.0  23637  -58.2                         285     23  579.9         579.9
   30.0  23840  -57.7                         275     23  586.8         586.8
   27.3  24439  -55.5                         253     18  608.9         608.9
   27.0  24510  -55.3                         250     17  611.4         611.4
   24.0  25272  -53.3                         180     19  638.2         638.2
   22.0  25834  -51.8                         140     19  658.8         658.8
   21.0  26135  -51.0                          95      8  670.1         670.1
   20.0  26450  -50.1                          10     12  682.1         682.1
   17.0  27521  -47.7                         340     17  722.3         722.3
   15.1  28302  -45.9                         335     21  753.0         753.0
   15.0                                       335     21                     
</PRE><H3>Station information and sounding indices</H3><PRE>
                         Station identifier: WIII
                             Station number: 96749
                           Observation time: 151015/0000
                           Station latitude: -6.11
                          Station longitude: 106.65
                          Station elevation: 8.0
                            Showalter index: 8.47
                               Lifted index: 0.17
    LIFT computed using virtual temperature: -0.64
                                SWEAT index: 96.01
                                    K index: -4.30
                         Cross totals index: 10.70
                      Vertical totals index: 22.70
                        Totals totals index: 33.40
      Convective Available Potential Energy: 88.62
             CAPE using virtual temperature: 198.50
                      Convective Inhibition: -69.12
             CINS using virtual temperature: -27.16
                           Equilibrum Level: 375.35
 Equilibrum Level using virtual temperature: 368.28
                   Level of Free Convection: 796.15
             LFCT using virtual temperature: 879.16
                     Bulk Richardson Number: 231.71
          Bulk Richardson Number using CAPV: 519.02
  Temp [K] of the Lifted Condensation Level: 292.71
Pres [hPa] of the Lifted Condensation Level: 927.18
   Equivalent potential temp [K] of the LCL: 345.06
     Mean mixed layer potential temperature: 299.12
              Mean mixed layer mixing ratio: 15.73
              1000 hPa to 500 hPa thickness: 5780.00
Precipitable water [mm] for entire sounding: 30.59
</PRE>
<P>Description of the 
<A HREF="/upperair/columns.html">data columns</A>
or <A HREF="/upperair/indices.html">sounding indices</A>.

<P>
<FORM>
<INPUT CLASS="button" TYPE="button" VALUE=" Close this window " 
 onClick="window.close();">
<INPUT CLASS="button" TYPE="button" VALUE=" Select another map " 
 onClick="window.blur();">
</FORM>
<HR SIZE="1">
<I>Interested in graduate studies in atmospheric science?
Check out our program at the
<a href="http://www.uwyo.edu/atsc/howtoapply/"
target=_top>University of Wyoming
</a></I>
<HR SIZE="1"><FONT SIZE="-1">
Questions about the weather data provided by this site can be
addressed to <A HREF="mailto:ldoolman@uwyo.edu">
Larry Oolman (ldoolman@uwyo.edu)</A></FONT>
<HR SIZE="1">
<SCRIPT TYPE="text/javascript">
<!--
window.focus();
// -->
</SCRIPT>
</BODY>
</HTML>
