2015-02-24 00
<HTML>
<TITLE>University of Wyoming - Radiosonde Data</TITLE>
<BODY BGCOLOR="white">
<H2>96749 WIII Jakarta Observations at 00Z 24 Feb 2015</H2>
<PRE>
-----------------------------------------------------------------------------
   PRES   HGHT   TEMP   DWPT   RELH   MIXR   DRCT   SKNT   THTA   THTE   THTV
    hPa     m      C      C      %    g/kg    deg   knot     K      K      K 
-----------------------------------------------------------------------------
 1010.0      8   24.4   22.8     91  17.65      0      0  296.7  347.9  299.8
 1007.0     34   26.0   23.5     86  18.49    345      1  298.6  352.6  301.9
 1000.0     96   26.0   22.7     82  17.72    310      2  299.1  351.1  302.3
  977.0    301   25.0   20.9     78  16.25    310      8  300.2  348.0  303.1
  925.0    782   22.8   16.8     69  13.18    285     10  302.6  341.9  305.0
  912.0    905   22.0   16.3     70  12.96    285     10  303.1  341.7  305.4
  851.0   1504   18.3   13.9     76  11.90    325     10  305.2  341.0  307.3
  850.0   1514   18.2   13.9     76  11.88    325     10  305.2  341.0  307.4
  793.0   2106   15.4   10.7     73  10.26    325     10  308.3  339.8  310.2
  762.0   2445   13.8    8.8     72   9.41    323      9  310.1  339.2  311.9
  713.0   3002    9.9    5.7     75   8.10    320      8  311.8  337.1  313.3
  700.0   3156    8.8    4.8     76   7.76    330      8  312.2  336.6  313.7
  687.0   3309    8.0    3.9     76   7.42    335      8  312.9  336.3  314.3
  663.0   3598    6.3    2.2     75   6.80    240      6  314.3  335.9  315.6
  639.0   3898    4.7    0.4     74   6.21      0      6  315.8  335.7  316.9
  616.0   4196    3.0   -1.4     73   5.65    335     14  317.2  335.5  318.3
  576.0   4742    0.0   -4.6     71   4.75    344     17  319.8  335.4  320.7
  572.0   4798   -0.3   -4.8     72   4.71    345     17  320.0  335.6  320.9
  510.0   5704   -5.9   -8.0     85   4.14    315      8  323.9  337.9  324.7
  504.0   5798   -6.5   -8.3     87   4.08    318      7  324.3  338.1  325.1
  500.0   5860   -6.7   -9.6     80   3.71    320      6  324.8  337.4  325.5
  491.0   6002   -7.6  -12.1     70   3.09    330      4  325.4  336.0  326.0
  477.0   6228   -9.1  -16.1     57   2.29    306      5  326.2  334.3  326.7
  470.0   6343   -9.7  -25.7     26   1.01    294      5  326.9  330.6  327.1
  467.0   6393   -9.9  -14.2     71   2.74    289      5  327.2  336.8  327.8
  465.0   6426   -9.7  -27.7     22   0.85    286      5  327.9  331.1  328.1
  462.0   6477   -9.7  -26.7     24   0.94    280      5  328.5  332.0  328.7
  446.0   6749  -11.5  -20.5     47   1.69    252      6  329.5  335.6  329.9
  437.0   6906  -12.5  -20.4     52   1.74    235      6  330.2  336.5  330.5
  430.0   7030  -13.3  -20.3     56   1.78    240      6  330.7  337.1  331.1
  426.0   7102  -13.7  -26.7     33   1.02    243      7  331.1  334.9  331.3
  415.0   7301  -14.9  -32.9     20   0.58    251      7  332.0  334.3  332.1
  414.0   7319  -15.1  -24.1     46   1.32    252      7  332.0  336.9  332.3
  403.0   7523  -16.7  -31.9     25   0.66    260      8  332.5  335.1  332.7
  400.0   7580  -17.1  -34.1     21   0.54    250      8  332.7  334.8  332.8
  381.0   7941  -20.1  -31.1     37   0.75    193      7  333.4  336.3  333.5
  376.0   8039  -20.7  -24.1     74   1.46    178      6  333.9  339.2  334.1
  372.0   8117  -21.3  -24.6     74   1.40    165      6  334.1  339.3  334.4
  363.0   8297  -22.7  -25.9     75   1.28    162      8  334.6  339.3  334.8
  361.0   8338  -21.5  -29.5     48   0.92    161      9  336.7  340.2  336.9
  357.0   8419  -22.0  -33.6     34   0.63    160     10  337.1  339.6  337.3
  349.0   8585  -22.9  -41.9     16   0.28    165     10  338.1  339.2  338.1
  341.0   8754  -24.5  -31.5     52   0.81    170     11  338.1  341.3  338.3
  302.0   9622  -31.3  -36.4     61   0.56    195     12  340.5  342.7  340.6
  300.0   9670  -31.7  -36.7     61   0.55    190     12  340.6  342.8  340.7
  266.0  10510  -38.1  -45.4     46   0.25    160      8  343.2  344.2  343.2
  256.0  10778  -40.1  -48.1     42   0.19    169     12  344.0  344.8  344.0
  255.0  10805  -40.3                         170     12  344.1         344.1
  250.0  10940  -41.3                         160     12  344.5         344.5
  223.0  11693  -47.8                         110     23  346.1         346.1
  200.0  12410  -53.9                         105     31  347.2         347.2
  152.0  14108  -68.8                          95     39  350.1         350.1
  150.0  14190  -69.5                          95     43  350.2         350.2
  149.0  14230  -69.9                          95     44  350.2         350.2
  137.0  14722  -72.7                          90     62  353.6         353.6
  130.0  15030  -74.5                          85     62  355.8         355.8
  127.0  15167  -75.3                          84     56  356.8         356.8
  122.0  15401  -72.1                          83     46  366.7         366.7
  108.0  16110  -75.9                          80     15  372.6         372.6
  106.0  16217  -76.8                          80     10  372.8         372.8
  101.0  16493  -79.2                         145      4  373.4         373.4
  100.0  16550  -79.7                         145      6  373.5         373.5
   96.0  16779  -81.1                         150     14  375.2         375.2
   91.4  17055  -82.7                         125     21  377.3         377.3
   86.0  17396  -82.0                          85     21  385.4         385.4
   81.0  17732  -81.2                         105     14  393.6         393.6
   77.0  18016  -80.6                          60     10  400.6         400.6
   76.5  18053  -80.5                          50     10  401.5         401.5
   73.0  18315  -81.8                         335     14  404.1         404.1
   70.8  18487  -82.7                         335     11  405.8         405.8
   70.0  18550  -81.7                         335     10  409.3         409.3
   69.0  18632  -80.6                         335     10  413.3         413.3
   66.5  18841  -77.9                          50     12  423.6         423.6
   66.0  18883  -78.2                          65     12  423.8         423.8
   62.0  19238  -80.7                          85     21  426.1         426.1
   61.6  19275  -80.9                          85     21  426.3         426.3
   50.0  20480  -71.1                         100     27  475.5         475.5
   49.8  20504  -70.9                         100     28  476.6         476.6
   48.0  20732  -69.7                         100     35  484.5         484.5
   44.0  21270  -66.8                          95     54  503.8         503.8
   30.1  23619  -54.1                          90     45  596.0         596.0
   30.0  23640  -54.3                          90     45  596.0         596.0
   25.4  24703  -57.3                          95     50  616.5         616.5
   25.0  24804  -57.1                          95     51  619.9         619.9
   20.0  26230  -53.9                          90     60  670.4         670.4
   18.0  26911  -51.4                          95     64  698.7         698.7
   17.7  27020  -51.0                          95     64  703.3         703.3
   17.3  27168  -50.5                                     709.6         709.6
</PRE><H3>Station information and sounding indices</H3><PRE>
                         Station identifier: WIII
                             Station number: 96749
                           Observation time: 150224/0000
                           Station latitude: -6.11
                          Station longitude: 106.65
                          Station elevation: 8.0
                            Showalter index: -0.22
                               Lifted index: -3.10
    LIFT computed using virtual temperature: -3.46
                                SWEAT index: 192.81
                                    K index: 34.80
                         Cross totals index: 20.60
                      Vertical totals index: 24.90
                        Totals totals index: 45.50
      Convective Available Potential Energy: 814.67
             CAPE using virtual temperature: 927.86
                      Convective Inhibition: -85.42
             CINS using virtual temperature: -49.69
                           Equilibrum Level: 187.24
 Equilibrum Level using virtual temperature: 184.82
                   Level of Free Convection: 742.82
             LFCT using virtual temperature: 766.07
                     Bulk Richardson Number: 450.84
          Bulk Richardson Number using CAPV: 513.48
  Temp [K] of the Lifted Condensation Level: 293.56
Pres [hPa] of the Lifted Condensation Level: 928.34
   Equivalent potential temp [K] of the LCL: 348.47
     Mean mixed layer potential temperature: 299.88
              Mean mixed layer mixing ratio: 16.60
              1000 hPa to 500 hPa thickness: 5764.00
Precipitable water [mm] for entire sounding: 52.10
</PRE>
<P>Description of the 
<A HREF="/upperair/columns.html">data columns</A>
or <A HREF="/upperair/indices.html">sounding indices</A>.

<P>
<FORM>
<INPUT CLASS="button" TYPE="button" VALUE=" Close this window " 
 onClick="window.close();">
<INPUT CLASS="button" TYPE="button" VALUE=" Select another map " 
 onClick="window.blur();">
</FORM>
<HR SIZE="1">
<I>Interested in graduate studies in atmospheric science?
Check out our program at the
<a href="http://www.uwyo.edu/atsc/howtoapply/"
target=_top>University of Wyoming
</a></I>
<HR SIZE="1"><FONT SIZE="-1">
Questions about the weather data provided by this site can be
addressed to <A HREF="mailto:ldoolman@uwyo.edu">
Larry Oolman (ldoolman@uwyo.edu)</A></FONT>
<HR SIZE="1">
<SCRIPT TYPE="text/javascript">
<!--
window.focus();
// -->
</SCRIPT>
</BODY>
</HTML>
