2015-03-02 12
<HTML>
<TITLE>University of Wyoming - Radiosonde Data</TITLE>
<BODY BGCOLOR="white">
<H2>96749 WIII Jakarta Observations at 00Z 02 Mar 2015</H2>
<PRE>
-----------------------------------------------------------------------------
   PRES   HGHT   TEMP   DWPT   RELH   MIXR   DRCT   SKNT   THTA   THTE   THTV
    hPa     m      C      C      %    g/kg    deg   knot     K      K      K 
-----------------------------------------------------------------------------
 1010.0      8   24.0   22.4     91  17.21    250     10  296.3  346.1  299.4
 1000.0     94   24.4   21.3     83  16.23    250     12  297.6  344.8  300.4
  977.0    298   23.9   19.9     78  15.18    255     19  299.0  343.5  301.8
  954.0    507   23.4   18.4     74  14.16    255     18  300.6  342.3  303.1
  925.0    777   21.6   17.8     79  14.06    255     16  301.4  343.0  303.9
  912.0    899   20.8   17.4     81  13.89    255     16  301.8  342.9  304.3
  850.0   1506   16.8   15.3     91  13.03    260     12  303.7  342.7  306.1
  821.0   1798   15.3   13.8     91  12.19    250     12  305.1  341.8  307.4
  792.0   2101   13.7   12.2     91  11.37    270     12  306.6  341.1  308.7
  712.0   2998    8.9    7.5     90   9.19    300     10  310.9  339.4  312.6
  700.0   3141    8.2    6.7     90   8.87    290     10  311.5  339.2  313.2
  615.0   4198    1.9    0.5     90   6.50    250     16  316.1  336.9  317.3
  591.0   4523    0.0   -1.4     90   5.88    247     13  317.4  336.5  318.6
  571.0   4796   -1.3   -2.9     89   5.43    245     10  319.0  336.8  320.1
  529.0   5403   -4.3   -6.3     86   4.54    195      8  322.5  337.6  323.4
  500.0   5850   -6.5   -8.8     84   3.95    190     10  325.1  338.5  325.8
  472.0   6298   -8.1  -11.3     78   3.45    170      8  328.4  340.4  329.1
  466.0   6397   -8.5  -11.8     77   3.34    177      7  329.2  340.8  329.8
  454.0   6597   -9.9  -15.0     66   2.64    190      6  329.9  339.2  330.4
  436.0   6907  -12.0  -20.0     51   1.80    135      4  331.1  337.6  331.4
  430.0   7014  -12.7  -21.7     47   1.58    139      4  331.5  337.2  331.8
  426.0   7085  -13.1  -17.1     72   2.36    141      4  331.9  340.3  332.3
  424.0   7120  -13.3  -21.3     51   1.66    142      4  332.0  338.1  332.4
  420.0   7192  -13.8  -21.1     54   1.71    145      4  332.4  338.6  332.7
  400.0   7560  -16.1  -19.8     73   2.00      0      0  334.0  341.2  334.4
  398.0   7598  -16.3  -19.7     75   2.03     12      0  334.2  341.6  334.6
  388.0   7784  -17.6  -21.0     75   1.86     75      2  334.9  341.7  335.3
  372.0   8093  -19.8  -23.1     75   1.61     30      4  336.1  342.0  336.4
  343.0   8688  -24.0  -27.2     75   1.20     75      6  338.3  342.8  338.5
  316.0   9289  -28.2  -31.4     74   0.88    155      4  340.4  343.9  340.6
  303.0   9597  -30.4  -33.5     74   0.75    160      4  341.5  344.4  341.6
  300.0   9670  -30.9  -34.0     74   0.72    140      4  341.7  344.6  341.9
  290.0   9905  -32.9  -36.2     72   0.60     75      8  342.2  344.6  342.3
  257.0  10743  -40.1  -44.2     65   0.29     70     12  343.6  344.8  343.6
  255.0  10796  -40.5                          70     12  343.7         343.7
  250.0  10930  -41.7                          75     12  343.9         343.9
  223.0  11683  -48.4                         110     12  345.1         345.1
  203.0  12302  -53.8                          70     12  345.9         345.9
  200.0  12400  -54.7                          75     12  346.0         346.0
  160.0  13781  -66.0                          80     19  349.6         349.6
  150.0  14180  -69.3                          50     14  350.5         350.5
  145.0  14381  -70.7                          30     12  351.5         351.5
  140.0  14590  -72.1                          42     13  352.6         352.6
  124.0  15282  -76.7                          85     17  356.6         356.6
  111.0  15914  -80.9                          80     25  360.2         360.2
  100.0  16510  -84.9                          50     19  363.4         363.4
   87.1  17265  -88.1                          60     33  371.7         371.7
   82.0  17596  -83.5                          74     39  387.5         387.5
   80.0  17738  -78.9                          80     41  399.7         399.7
   76.7  17980  -71.1                         109     21  420.8         420.8
   76.0  18034  -71.2                         115     17  421.8         421.8
   73.0  18272  -71.4                         165     16  426.1         426.1
   70.0  18520  -71.7                         140     10  430.7         430.7
   69.0  18604  -71.8                         130      8  432.2         432.2
   66.0  18865  -72.1                          25      8  437.1         437.1
   62.0  19231  -72.5                         335     10  444.0         444.0
   59.0  19521  -72.9                         350     12  449.6         449.6
   56.0  19827  -73.2                         315      8  455.6         455.6
   53.0  20150  -73.6                          10      4  461.9         461.9
   52.2  20239  -73.7                         307      3  463.7         463.7
   51.0  20374  -73.4                         210      2  467.5         467.5
   50.0  20490  -73.1                         195      4  470.8         470.8
   48.0  20735  -72.3                         145      8  478.3         478.3
   43.0  21395  -70.1                         105     31  499.0         499.0
   39.0  21981  -68.1                         105     58  518.1         518.1
   32.6  23056  -64.5                          95     68  554.9         554.9
   30.0  23570  -60.5                          90     72  579.1         579.1
   29.0  23781  -59.7                          95     76  587.0         587.0
   28.8  23824  -59.5                          95     76  588.7         588.7
   28.0  24003  -58.7                          95     78  595.6         595.6
   27.9  24026  -58.6                          95     78  596.5         596.5
   25.0  24724  -55.6                          95     78  624.2         624.2
   24.0  24983  -54.5                          90     78  634.8         634.8
   23.0  25254  -53.3                          90     78  646.0         646.0
   21.1  25802  -50.9                          90     72  669.3         669.3
   20.0  26150  -50.5                          90     68  680.8         680.8
   17.0  27221  -47.5                          85     64  722.9         722.9
   15.0  28046  -45.1                          85     49  756.9         756.9
   14.8  28134  -44.9                          87     48  760.7         760.7
   13.0  29002  -43.6                         105     39  793.7         793.7
   12.8  29105  -43.5                          82     34  797.7         797.7
   12.3  29375  -39.5                          22     22  820.9         820.9
   12.0  29544  -39.5                         345     14  826.9         826.9
   11.0  30139  -39.3                         310     10  848.3         848.3
   10.0  30790  -39.1                         120     10  872.4         872.4
    9.0  31512  -39.2                         165      8  898.7         898.7
    8.1  32233  -39.3                         201     13  925.8         925.8
    8.0                                       205     14                     
</PRE><H3>Station information and sounding indices</H3><PRE>
                         Station identifier: WIII
                             Station number: 96749
                           Observation time: 150302/0000
                           Station latitude: -6.11
                          Station longitude: 106.65
                          Station elevation: 8.0
                            Showalter index: -0.69
                               Lifted index: -1.12
    LIFT computed using virtual temperature: -1.31
                                SWEAT index: 217.61
                                    K index: 37.10
                         Cross totals index: 21.80
                      Vertical totals index: 23.30
                        Totals totals index: 45.10
      Convective Available Potential Energy: 152.29
             CAPE using virtual temperature: 194.03
                      Convective Inhibition: -70.05
             CINS using virtual temperature: -59.94
                           Equilibrum Level: 402.01
 Equilibrum Level using virtual temperature: 378.29
                   Level of Free Convection: 762.69
             LFCT using virtual temperature: 783.23
                     Bulk Richardson Number: 61.40
          Bulk Richardson Number using CAPV: 78.23
  Temp [K] of the Lifted Condensation Level: 292.47
Pres [hPa] of the Lifted Condensation Level: 929.41
   Equivalent potential temp [K] of the LCL: 343.73
     Mean mixed layer potential temperature: 298.67
              Mean mixed layer mixing ratio: 15.46
              1000 hPa to 500 hPa thickness: 5756.00
Precipitable water [mm] for entire sounding: 57.07
</PRE>
<P>Description of the 
<A HREF="/upperair/columns.html">data columns</A>
or <A HREF="/upperair/indices.html">sounding indices</A>.

<P>
<FORM>
<INPUT CLASS="button" TYPE="button" VALUE=" Close this window " 
 onClick="window.close();">
<INPUT CLASS="button" TYPE="button" VALUE=" Select another map " 
 onClick="window.blur();">
</FORM>
<HR SIZE="1">
<I>Interested in graduate studies in atmospheric science?
Check out our program at the
<a href="http://www.uwyo.edu/atsc/howtoapply/"
target=_top>University of Wyoming
</a></I>
<HR SIZE="1"><FONT SIZE="-1">
Questions about the weather data provided by this site can be
addressed to <A HREF="mailto:ldoolman@uwyo.edu">
Larry Oolman (ldoolman@uwyo.edu)</A></FONT>
<HR SIZE="1">
<SCRIPT TYPE="text/javascript">
<!--
window.focus();
// -->
</SCRIPT>
</BODY>
</HTML>
