2013-04-09 12
<HTML>
<TITLE>University of Wyoming - Radiosonde Data</TITLE>
<BODY BGCOLOR="white">
<H2>96749 WIII Jakarta Observations at 00Z 09 Apr 2013</H2>
<PRE>
-----------------------------------------------------------------------------
   PRES   HGHT   TEMP   DWPT   RELH   MIXR   DRCT   SKNT   THTA   THTE   THTV
    hPa     m      C      C      %    g/kg    deg   knot     K      K      K 
-----------------------------------------------------------------------------
 1007.0      8   25.6   24.2     92  19.31    220      6  298.2  354.5  301.6
 1000.0     76   25.4   22.1     82  17.07    225      8  298.6  348.4  301.6
  975.0    298   24.6   20.9     80  16.27    245     12  299.9  347.8  302.9
  942.0    600   23.6   19.3     77  15.24    275      8  301.8  347.0  304.6
  925.0    760   23.0   18.5     76  14.71    305      8  302.8  346.6  305.5
  910.0    903   22.3   17.7     75  14.23    335      8  303.6  346.0  306.1
  885.0   1146   21.2   16.4     74  13.44    327      9  304.8  345.2  307.3
  850.0   1495   18.4   15.5     83  13.20    315     10  305.4  345.1  307.8
  849.0   1505   18.3   15.4     83  13.18    315     10  305.4  345.1  307.9
  792.0   2092   14.8   12.7     87  11.78    320     17  307.8  343.7  310.0
  704.0   3086    8.8    8.0     95   9.65    320     23  311.7  341.7  313.5
  700.0   3133    8.8    7.7     93   9.51    320     23  312.2  341.8  314.0
  640.0   3874    6.0    3.2     82   7.58    315     27  317.1  341.4  318.6
  638.0   3899    5.8    3.0     82   7.52    315     27  317.2  341.3  318.6
  615.0   4199    3.8    1.1     82   6.77    305     29  318.2  340.1  319.5
  595.0   4468    2.0   -0.7     82   6.15    302     27  319.1  339.1  320.3
  568.0   4843    0.0   -0.8     94   6.40    297     25  321.1  342.0  322.3
  530.0   5397   -1.9   -5.1     79   4.97    290     21  325.2  341.9  326.2
  518.0   5580   -2.5   -6.5     74   4.57    300     17  326.6  342.1  327.5
  500.0   5860   -4.3   -6.8     83   4.62    315     12  327.7  343.5  328.6
  473.0   6296   -6.8   -9.4     81   3.97    330     12  329.9  343.6  330.7
  455.0   6600   -8.5  -11.3     80   3.56    315     10  331.4  343.9  332.1
  437.0   6912  -10.8  -12.6     87   3.33    300      8  332.3  344.1  333.0
  423.0   7163  -12.7  -13.7     92   3.16    337     10  333.0  344.2  333.7
  404.0   7514  -13.9  -19.2     64   2.08     30     12  335.9  343.5  336.3
  401.0   7571  -14.1  -20.1     60   1.94     37     12  336.3  343.5  336.7
  400.0   7590  -14.1  -20.1     60   1.95     40     12  336.6  343.7  337.0
  389.0   7798  -15.6  -22.5     55   1.63     55     14  337.4  343.4  337.7
  345.0   8691  -21.9  -32.7     37   0.71     45     16  340.6  343.4  340.8
  333.0   8955  -23.7  -35.7     32   0.55     54     17  341.5  343.7  341.6
  331.0   8999  -24.0  -34.8     36   0.60     55     17  341.7  344.2  341.9
  320.0   9245  -25.5  -29.8     67   1.01     86     19  342.9  346.9  343.2
  317.0   9313  -25.9  -30.8     64   0.94     95     19  343.3  347.0  343.5
  300.0   9710  -28.3  -36.3     46   0.57     95     16  345.4  347.7  345.5
  257.0  10796  -37.3  -47.8     32   0.20     85     16  347.7  348.6  347.8
  250.0  10990  -38.9  -49.9     30   0.16     80     16  348.1  348.8  348.1
  245.0  11128  -39.9  -54.9     19   0.09     77     16  348.6  349.0  348.6
  225.0  11691  -45.2                          65     17  349.1         349.1
  200.0  12470  -52.5                          85     19  349.5         349.5
  196.0  12596  -53.6                          85     21  349.7         349.7
  150.0  14260  -68.9                          70     31  351.2         351.2
  129.0  15148  -76.1                          67     41  353.8         353.8
  119.0  15605  -78.6                          65     47  357.4         357.4
  102.0  16480  -83.3                          56     21  364.5         364.5
  101.0  16535  -83.5                          55     19  365.1         365.1
  100.0  16590  -83.7                          80     17  365.8         365.8
   96.0  16817  -82.6                         145     12  372.3         372.3
   95.1  16870  -82.3                         153     13  373.8         373.8
   91.0  17113  -83.5                         190     17  376.2         376.2
   82.0  17689  -86.3                         180     17  381.9         381.9
   80.7  17777  -86.7                         165     16  382.7         382.7
   77.0  18039  -82.0                         120     19  397.7         397.7
   75.1  18178  -79.5                         115     18  405.8         405.8
   73.0  18340  -78.2                         110     16  411.8         411.8
   70.0  18580  -76.3                         120     12  420.8         420.8
   68.4  18714  -74.1                         100     15  428.4         428.4
   63.0  19199  -73.0                          30     27  441.0         441.0
   60.0  19486  -72.3                          30     19  448.6         448.6
   57.0  19788  -71.7                          70     16  456.8         456.8
   50.0  20560  -69.9                          85     47  478.4         478.4
   46.0  21056  -69.5                          90     54  490.8         490.8
   45.7  21095  -69.5                          90     52  491.8         491.8
   40.0  21908  -62.3                          80     16  529.0         529.0
   38.3  22172  -59.9                           4      6  541.6         541.6
   38.0  22221  -59.9                         350      4  542.9         542.9
   36.6  22456  -59.7                         329      4  549.2         549.2
   36.0  22560  -57.2                         320      4  558.3         558.3
   35.6  22630  -55.5                         298     12  564.5         564.5
   35.0  22739  -55.5                         265     23  567.2         567.2
   32.0  23309  -55.5                         255     29  581.9         581.9
   30.0  23720  -55.5                         230     19  592.7         592.7
   29.0  23938  -55.2                         225     16  599.2         599.2
   26.0  24641  -54.4                         255     19  620.7         620.7
   22.0  25716  -53.0                         230      8  655.0         655.0
   20.0  26330  -52.3                          35      4  675.3         675.3
   19.0  26663  -51.6                         300     17  687.3         687.3
   17.0  27386  -50.2                         275     10  714.1         714.1
   16.0  27780  -49.5                         160      8  729.0         729.0
   15.8  27862  -49.3                         173      8  732.2         732.2
   15.0  28206  -44.9                         225     10  757.9         757.9
   14.8  28295  -43.7                         224     11  764.7         764.7
   13.2  29068  -40.1                         216     16  802.5         802.5
   13.0  29172  -40.1                         215     17  806.0         806.0
   12.0  29718  -40.0                           0      8  824.9         824.9
   11.0  30311  -40.0                         315     14  845.9         845.9
   10.0  30960  -39.9                         310     21  869.5         869.5
    9.4  31383  -39.3                         292     20  887.2         887.2
    9.0  31682  -39.0                         280     19  899.3         899.3
    7.4  33025  -37.9                         303     27  955.7         955.7
    7.0                                       310     29                     
</PRE><H3>Station information and sounding indices</H3><PRE>
                         Station identifier: WIII
                             Station number: 96749
                           Observation time: 130409/0000
                           Station latitude: -6.11
                          Station longitude: 106.65
                          Station elevation: 8.0
                            Showalter index: 0.55
                               Lifted index: -0.58
    LIFT computed using virtual temperature: -0.78
                                SWEAT index: 218.01
                                    K index: 37.10
                         Cross totals index: 19.80
                      Vertical totals index: 22.70
                        Totals totals index: 42.50
      Convective Available Potential Energy: 171.83
             CAPE using virtual temperature: 231.06
                      Convective Inhibition: -90.41
             CINS using virtual temperature: -74.96
                           Equilibrum Level: 329.77
 Equilibrum Level using virtual temperature: 325.81
                   Level of Free Convection: 780.19
             LFCT using virtual temperature: 795.50
                     Bulk Richardson Number: 5.68
          Bulk Richardson Number using CAPV: 7.64
  Temp [K] of the Lifted Condensation Level: 293.56
Pres [hPa] of the Lifted Condensation Level: 930.37
   Equivalent potential temp [K] of the LCL: 348.13
     Mean mixed layer potential temperature: 299.69
              Mean mixed layer mixing ratio: 16.55
              1000 hPa to 500 hPa thickness: 5784.00
Precipitable water [mm] for entire sounding: 59.88
</PRE>
<P>Description of the 
<A HREF="/upperair/columns.html">data columns</A>
or <A HREF="/upperair/indices.html">sounding indices</A>.

<P>
<FORM>
<INPUT CLASS="button" TYPE="button" VALUE=" Close this window " 
 onClick="window.close();">
<INPUT CLASS="button" TYPE="button" VALUE=" Select another map " 
 onClick="window.blur();">
</FORM>
<HR SIZE="1">
<I>Interested in graduate studies in atmospheric science?
Check out our program at the
<a href="http://www.uwyo.edu/atsc/howtoapply/"
target=_top>University of Wyoming
</a></I>
<HR SIZE="1"><FONT SIZE="-1">
Questions about the weather data provided by this site can be
addressed to <A HREF="mailto:ldoolman@uwyo.edu">
Larry Oolman (ldoolman@uwyo.edu)</A></FONT>
<HR SIZE="1">
<SCRIPT TYPE="text/javascript">
<!--
window.focus();
// -->
</SCRIPT>
</BODY>
</HTML>
