2015-12-29 00
<HTML>
<TITLE>University of Wyoming - Radiosonde Data</TITLE>
<BODY BGCOLOR="white">
<H2>96749 WIII Jakarta Observations at 00Z 29 Dec 2015</H2>
<PRE>
-----------------------------------------------------------------------------
   PRES   HGHT   TEMP   DWPT   RELH   MIXR   DRCT   SKNT   THTA   THTE   THTV
    hPa     m      C      C      %    g/kg    deg   knot     K      K      K 
-----------------------------------------------------------------------------
 1012.0      8   26.6   24.3     87  19.33    150      4  298.7  355.3  302.2
 1000.0    116   26.4   23.3     83  18.39    185      4  299.6  353.5  302.8
  979.0    303   25.3   22.2     83  17.53    250      6  300.2  351.8  303.4
  947.0    595   23.5   20.4     83  16.25    245      4  301.3  349.3  304.2
  925.0    802   22.2   19.2     83  15.38    270      6  302.0  347.6  304.8
  915.0    896   21.6   18.8     84  15.15    280      8  302.4  347.4  305.1
  850.0   1533   17.8   16.0     89  13.64    280      6  304.8  345.7  307.3
  795.0   2100   14.9   12.1     83  11.26    290      2  307.6  341.9  309.6
  723.0   2905   10.8    6.5     75   8.47    174      6  311.5  337.9  313.1
  715.0   2997   10.5    4.2     65   7.31    160      6  312.2  335.2  313.6
  712.0   3033   10.4    3.4     62   6.91    162      6  312.4  334.2  313.8
  700.0   3174    9.4    2.4     62   6.54    170      6  312.9  333.6  314.1
  689.0   3305    8.5    2.5     66   6.70    180      6  313.2  334.5  314.5
  672.0   3512    7.0    2.7     74   6.97    296      5  313.8  335.9  315.2
  665.0   3598    6.7    2.3     74   6.83    345      4  314.4  336.1  315.7
  641.0   3899    5.4    0.8     72   6.37    345      4  316.3  336.8  317.5
  634.0   3989    6.0   -2.0     56   5.24    306      4  318.0  335.1  319.0
  630.0   4041    6.4  -15.6     19   1.81    283      4  319.0  325.3  319.4
  618.0   4198    5.9  -27.2      7   0.67    215      4  320.2  322.6  320.3
  616.0   4225    5.8  -29.2      6   0.56    213      4  320.4  322.4  320.5
  553.0   5097    0.8  -24.7     13   0.94    155      6  324.4  327.9  324.6
  544.0   5230    0.0  -24.0     14   1.02    191      5  325.1  328.8  325.2
  533.0   5393   -1.3  -18.3     26   1.71    235      4  325.4  331.4  325.7
  530.0   5438   -1.7  -16.7     31   1.96    239      5  325.4  332.4  325.8
  527.0   5483   -1.9   -5.2     78   4.96    244      5  325.7  342.4  326.7
  524.0   5528   -1.7  -11.7     46   3.00    248      6  326.5  336.9  327.1
  517.0   5635   -2.1  -15.1     36   2.30    259      7  327.3  335.4  327.7
  513.0   5697   -2.5  -19.5     26   1.60    265      8  327.5  333.3  327.8
  500.0   5900   -3.7  -17.7     33   1.91    250      8  328.5  335.3  328.8
  494.0   5995   -4.4  -18.4     33   1.83    245      8  328.8  335.4  329.1
  475.0   6303   -6.5  -20.5     32   1.58    275     12  329.8  335.6  330.1
  465.0   6470   -7.7  -21.7     32   1.46    245     11  330.4  335.7  330.7
  464.0   6487   -7.7  -32.7     11   0.53    242     11  330.6  332.6  330.7
  458.0   6588   -8.3  -55.3      1   0.05    223     10  331.1  331.3  331.1
  457.0   6605   -8.5  -48.7      2   0.10    220     10  331.1  331.5  331.1
  453.0   6673   -9.1  -22.1     34   1.44    223     10  331.1  336.4  331.4
  439.0   6916   -9.8  -26.5     24   1.01    235     10  333.1  336.9  333.4
  434.0   7005  -10.1  -28.1     21   0.88    233     10  333.9  337.2  334.1
  426.0   7148  -10.9  -22.9     37   1.43    229     11  334.7  340.0  334.9
  425.0   7166  -11.1  -30.1     19   0.74    229     11  334.6  337.5  334.8
  413.0   7386  -12.3  -39.3      9   0.31    224     12  335.8  337.1  335.9
  405.0   7535  -13.4  -29.4     25   0.83    220     12  336.3  339.5  336.5
  400.0   7630  -14.1  -23.1     46   1.50    225     14  336.6  342.2  336.9
  396.0   7706  -14.7  -21.7     55   1.71    224     14  336.8  343.1  337.1
  376.0   8095  -17.7  -25.7     50   1.26    220     12  337.8  342.6  338.1
  374.0   8135  -18.0  -23.7     61   1.52    220     12  338.0  343.7  338.3
  373.0   8155  -18.1  -22.7     67   1.66    219     12  338.1  344.3  338.4
  359.0   8439  -19.9  -30.9     37   0.81    200     11  339.4  342.5  339.5
  336.0   8925  -24.1  -29.1     63   1.03    167      8  340.1  344.1  340.3
  331.0   9033  -24.8  -29.6     65   1.00    160      8  340.6  344.5  340.8
  318.0   9321  -26.7  -30.8     69   0.93    210      8  341.8  345.5  342.0
  304.0   9646  -28.9  -32.1     74   0.86    222     10  343.2  346.6  343.4
  300.0   9740  -29.5  -33.7     67   0.74    225     10  343.7  346.6  343.8
  293.0   9908  -30.8  -35.5     63   0.64    225      8  344.2  346.7  344.3
  280.0  10230  -33.3  -39.0     57   0.47    175      6  345.1  347.0  345.1
  276.0  10332  -34.1  -40.1     55   0.42    173      6  345.3  347.1  345.4
  250.0  11020  -39.9  -44.9     59   0.28    160      6  346.6  347.8  346.7
  249.0  11047  -40.1  -45.1     59   0.28    160      6  346.7  347.9  346.8
  235.0  11431  -43.3                         160      6  347.6         347.6
  215.0  12021  -48.3                          80      2  348.9         348.9
  200.0  12500  -52.3                         115      8  349.8         349.8
  196.0  12626  -53.4                         125     10  350.1         350.1
  170.0  13511  -61.1                          80     14  351.8         351.8
  150.0  14290  -67.9                          95     14  352.9         352.9
  135.0  14916  -73.5                          95     20  353.8         353.8
  133.0  15003  -73.7                          95     21  354.9         354.9
  115.0  15850  -76.1                          80     39  365.6         365.6
  113.0  15951  -76.0                          80     39  367.6         367.6
  102.0  16545  -75.2                          75     31  379.9         379.9
  100.0  16660  -75.1                          75     29  382.4         382.4
   77.2  18165  -74.3                          57     15  413.4         413.4
   70.0  18740  -70.9                          50     10  432.4         432.4
   68.0  18913  -69.9                          40      8  438.1         438.1
   62.3  19436  -66.9                         356      5  455.9         455.9
   61.0  19563  -67.0                         345      4  458.4         458.4
   56.0  20078  -67.3                         285     10  469.1         469.1
   50.0  20760  -67.7                         290     10  483.5         483.5
   48.0  21005  -67.8                         290      8  488.9         488.9
   46.6  21183  -67.9                         311      5  492.9         492.9
   46.0  21262  -66.8                         320      4  497.4         497.4
   43.3  21631  -61.7                         230      2  518.5         518.5
   43.0  21674  -61.6                         220      2  519.7         519.7
   41.0  21971  -61.2                         165      8  528.0         528.0
   39.0  22283  -60.7                         155      6  536.7         536.7
   36.0  22783  -60.0                          85      6  551.0         551.0
   34.0  23139  -59.5                          40      8  561.5         561.5
   32.0  23517  -58.9                          35     14  572.8         572.8
   31.0  23715  -58.6                          50     10  578.8         578.8
   30.0  23920  -58.3                          25      8  585.1         585.1
   29.0  24133  -58.9                           5      8  589.1         589.1
   28.0  24352  -59.6                         290     12  593.2         593.2
   27.8  24397  -59.7                                     594.1         594.1
</PRE><H3>Station information and sounding indices</H3><PRE>
                         Station identifier: WIII
                             Station number: 96749
                           Observation time: 151229/0000
                           Station latitude: -6.11
                          Station longitude: 106.65
                          Station elevation: 8.0
                            Showalter index: 0.94
                               Lifted index: -1.43
    LIFT computed using virtual temperature: -2.18
                                SWEAT index: 212.01
                                    K index: 30.50
                         Cross totals index: 19.70
                      Vertical totals index: 21.50
                        Totals totals index: 41.20
      Convective Available Potential Energy: 759.68
             CAPE using virtual temperature: 963.04
                      Convective Inhibition: -21.25
             CINS using virtual temperature: -13.17
                           Equilibrum Level: 166.95
 Equilibrum Level using virtual temperature: 166.50
                   Level of Free Convection: 868.26
             LFCT using virtual temperature: 886.81
                     Bulk Richardson Number: 3824.95
          Bulk Richardson Number using CAPV: 4848.89
  Temp [K] of the Lifted Condensation Level: 294.92
Pres [hPa] of the Lifted Condensation Level: 942.06
   Equivalent potential temp [K] of the LCL: 352.23
     Mean mixed layer potential temperature: 300.01
              Mean mixed layer mixing ratio: 17.80
              1000 hPa to 500 hPa thickness: 5784.00
Precipitable water [mm] for entire sounding: 51.03
</PRE>
<P>Description of the 
<A HREF="/upperair/columns.html">data columns</A>
or <A HREF="/upperair/indices.html">sounding indices</A>.

<P>
<FORM>
<INPUT CLASS="button" TYPE="button" VALUE=" Close this window " 
 onClick="window.close();">
<INPUT CLASS="button" TYPE="button" VALUE=" Select another map " 
 onClick="window.blur();">
</FORM>
<HR SIZE="1">
<I>Interested in graduate studies in atmospheric science?
Check out our program at the
<a href="http://www.uwyo.edu/atsc/howtoapply/"
target=_top>University of Wyoming
</a></I>
<HR SIZE="1"><FONT SIZE="-1">
Questions about the weather data provided by this site can be
addressed to <A HREF="mailto:ldoolman@uwyo.edu">
Larry Oolman (ldoolman@uwyo.edu)</A></FONT>
<HR SIZE="1">
<SCRIPT TYPE="text/javascript">
<!--
window.focus();
// -->
</SCRIPT>
</BODY>
</HTML>
