2015-06-07 12
<HTML>
<TITLE>University of Wyoming - Radiosonde Data</TITLE>
<BODY BGCOLOR="white">
<H2>96749 WIII Jakarta Observations at 00Z 07 Jun 2015</H2>
<PRE>
-----------------------------------------------------------------------------
   PRES   HGHT   TEMP   DWPT   RELH   MIXR   DRCT   SKNT   THTA   THTE   THTV
    hPa     m      C      C      %    g/kg    deg   knot     K      K      K 
-----------------------------------------------------------------------------
 1009.0      8   25.4   23.1     87  18.00    320      4  297.8  350.2  301.0
 1000.0     87   26.6   23.9     85  19.09    345      4  299.8  355.9  303.2
  997.0    114   27.0   23.7     82  18.92    354      4  300.4  356.2  303.8
  976.0    301   25.9   22.6     82  18.11     60      2  301.1  354.7  304.4
  944.0    595   24.2   21.0     82  16.90     80      6  302.3  352.5  305.4
  925.0    774   23.2   20.0     82  16.19    115      4  303.0  351.2  306.0
  912.0    897   22.4   19.4     83  15.84    135      4  303.4  350.7  306.3
  881.0   1197   20.4   18.0     86  15.01    100     10  304.4  349.4  307.1
  850.0   1508   18.4   16.6     89  14.18    100     14  305.4  348.1  308.0
  793.0   2098   15.0   13.5     90  12.39    105     21  307.9  345.7  310.2
  739.0   2697   11.6   10.3     92  10.76    102     21  310.4  343.6  312.5
  712.0   3009   11.6    7.3     75   9.09    101     21  313.8  342.3  315.5
  700.0   3151   10.4    6.5     77   8.75    100     21  314.0  341.5  315.6
  632.0   3995    5.2   -1.8     61   5.33     96     21  317.3  334.7  318.4
  616.0   4203    3.8   -2.3     64   5.28     95     21  318.1  335.3  319.1
  573.0   4789    0.0   -3.7     76   5.11     92     22  320.3  337.1  321.2
  564.0   4916   -0.9   -2.0     92   5.89     91     22  320.6  340.0  321.8
  555.0   5045   -1.3   -7.3     64   4.00     90     22  321.6  335.1  322.4
  535.0   5337   -3.3   -5.0     88   4.96     88     22  322.6  339.1  323.6
  521.0   5546   -4.5   -7.8     78   4.10     87     23  323.7  337.5  324.5
  500.0   5870   -5.7  -12.7     58   2.90     85     23  326.0  336.1  326.6
  487.0   6076   -6.9  -13.9     57   2.70     85     22  327.0  336.4  327.6
  483.0   6141   -7.3  -10.6     77   3.55     85     22  327.3  339.5  328.0
  475.0   6271   -7.5  -20.5     35   1.58     85     22  328.6  334.3  328.9
  455.0   6603   -9.8  -17.2     54   2.19     85     21  329.9  337.7  330.3
  430.0   7040  -12.7  -12.9     98   3.31     71     21  331.5  343.1  332.1
  426.0   7111  -12.9  -17.2     70   2.34     68     21  332.1  340.5  332.6
  423.0   7165  -13.1  -16.0     79   2.61     67     21  332.5  341.8  333.1
  420.0   7220  -13.5  -20.5     56   1.79     65     21  332.7  339.2  333.1
  415.0   7311  -14.1  -14.3     98   3.06     62     21  333.1  343.9  333.7
  404.0   7515  -15.3  -16.4     91   2.64     55     21  334.1  343.5  334.6
  403.0   7533  -15.3  -18.9     74   2.14     55     21  334.3  342.1  334.7
  400.0   7590  -15.7  -19.0     76   2.14     55     21  334.5  342.3  334.9
  391.0   7761  -16.9  -18.7     86   2.25     53     21  335.1  343.3  335.6
  386.0   7858  -17.1  -19.3     83   2.16     53     21  336.1  344.0  336.5
  383.0   7916  -17.1  -29.1     35   0.91     52     20  336.8  340.3  337.0
  376.0   8054  -17.9  -40.9     11   0.29     51     20  337.6  338.7  337.6
  364.0   8295  -19.9  -38.9     17   0.36     49     20  338.0  339.5  338.1
  356.0   8460  -20.7  -31.7     37   0.76     47     19  339.1  342.1  339.3
  344.0   8709  -22.7  -33.4     37   0.67     45     19  339.8  342.4  339.9
  330.0   9012  -25.1  -35.5     37   0.57     60     16  340.6  342.8  340.7
  317.0   9304  -27.4  -37.4     38   0.49    100     12  341.3  343.2  341.4
  314.0   9374  -27.9  -37.9     38   0.47    101     10  341.5  343.4  341.6
  304.0   9605  -28.9  -33.4     65   0.76    105      2  343.2  346.2  343.4
  300.0   9700  -29.3  -31.5     81   0.92     80      6  344.0  347.6  344.2
  294.0   9843  -30.5  -32.1     86   0.89     39     10  344.3  347.8  344.4
  292.0   9891  -30.9  -32.5     85   0.85     25     12  344.4  347.8  344.6
  279.0  10207  -33.3  -35.5     81   0.67     30     16  345.4  348.0  345.5
  250.0  10970  -39.3  -42.7     70   0.36      0     23  347.5  349.0  347.6
  247.0  11053  -40.1  -43.0     74   0.35    358     23  347.5  349.0  347.6
  224.0  11704  -45.8                         345     25  348.5         348.5
  200.0  12460  -52.5                         340     21  349.5         349.5
  196.0  12586  -53.5                         340     19  349.8         349.8
  162.0  13771  -63.5                         235     10  352.7         352.7
  150.0  14250  -67.5                         230     12  353.6         353.6
  132.0  15002  -73.7                         235     17  355.7         355.7
  122.0  15465  -77.5                         267     18  356.9         356.9
  108.0  16159  -80.3                         317     19  364.2         364.2
  102.0  16479  -83.1                         340     19  364.8         364.8
  100.0  16590  -84.1                         345     21  365.0         365.0
   91.0  17110  -86.4                          15     25  370.4         370.4
   89.8  17183  -86.7                          25     21  371.2         371.2
   86.0  17422  -84.7                          85     21  379.8         379.8
   83.7  17572  -83.5                          88     22  385.2         385.2
   82.0  17688  -78.3                          90     23  398.1         398.1
   81.8  17702  -77.7                          89     23  399.6         399.6
   78.0  17976  -77.2                          65     23  406.2         406.2
   70.5  18559  -76.1                          84     21  420.4         420.4
   70.0  18600  -75.3                          85     21  423.0         423.0
   66.0  18946  -71.5                          70     31  438.4         438.4
   63.4  19183  -68.9                          87     31  449.2         449.2
   60.0  19514  -68.5                         110     31  457.3         457.3
   57.0  19822  -68.0                         100     33  465.0         465.0
   54.0  20147  -67.6                         115     39  473.2         473.2
   50.6  20538  -67.1                         102     37  483.3         483.3
   50.0  20610  -66.3                         100     37  486.8         486.8
   49.0  20733  -65.0                          95     35  492.7         492.7
   47.0  20988  -62.4                          70     27  504.9         504.9
   46.8  21014  -62.1                          71     27  506.2         506.2
   39.0  22144  -61.1                         110     23  535.8         535.8
   35.0  22814  -60.5                         130     27  554.1         554.1
   30.0  23770  -59.7                          80     27  581.3         581.3
   29.0  23983  -59.1                          65     23  588.6         588.6
   28.7  24048  -58.9                          35     20  590.9         590.9
   28.0  24205  -54.2                         325     12  608.0         608.0
   27.8  24251  -52.9                         320     13  613.0         613.0
   26.0  24686  -52.4                         275     21  626.3         626.3
   25.0  24940  -52.1                         250     12  634.1         634.1
   22.0  25771  -51.2                         285     12  660.6         660.6
   20.1  26357  -50.5                         285     16  679.9         679.9
   20.0  26390  -50.3                         285     16  681.5         681.5
   18.4  26938  -46.7                         289     23  709.1         709.1
   18.0  27084  -46.6                         290     25  713.8         713.8
   15.0  28295  -46.1                         250     45  753.8         753.8
   12.0  29778  -45.4                         270     58  805.7         805.7
   11.1  30296  -45.2                         270     62  824.7         824.7
   11.0  30357  -45.2                         270     62  827.0         827.0
   10.0  30990  -44.9                         270     58  850.8         850.8
    9.5  31333  -44.3                         263     53  865.6         865.6
    9.0  31698  -43.1                         255     47  883.7         883.7
    8.3  32244  -41.3                         244     43  911.5         911.5
    8.1  32410  -38.1                         240     42  930.5         930.5
    7.0  33414  -38.3                         220     35  969.5         969.5
    6.8  33613  -38.3                                     977.4         977.4
    6.5  33926  -34.1                                    1007.8        1007.8
</PRE><H3>Station information and sounding indices</H3><PRE>
                         Station identifier: WIII
                             Station number: 96749
                           Observation time: 150607/0000
                           Station latitude: -6.11
                          Station longitude: 106.65
                          Station elevation: 8.0
                            Showalter index: -1.94
                               Lifted index: -4.15
    LIFT computed using virtual temperature: -4.80
                                SWEAT index: 250.21
                                    K index: 36.80
                         Cross totals index: 22.30
                      Vertical totals index: 24.10
                        Totals totals index: 46.40
      Convective Available Potential Energy: 1423.75
             CAPE using virtual temperature: 1578.92
                      Convective Inhibition: -30.74
             CINS using virtual temperature: -22.63
                           Equilibrum Level: 144.83
 Equilibrum Level using virtual temperature: 144.47
                   Level of Free Convection: 859.47
             LFCT using virtual temperature: 873.03
                     Bulk Richardson Number: 47.33
          Bulk Richardson Number using CAPV: 52.49
  Temp [K] of the Lifted Condensation Level: 295.21
Pres [hPa] of the Lifted Condensation Level: 937.28
   Equivalent potential temp [K] of the LCL: 354.35
     Mean mixed layer potential temperature: 300.74
              Mean mixed layer mixing ratio: 18.21
              1000 hPa to 500 hPa thickness: 5783.00
Precipitable water [mm] for entire sounding: 59.76
</PRE>
<P>Description of the 
<A HREF="/upperair/columns.html">data columns</A>
or <A HREF="/upperair/indices.html">sounding indices</A>.

<P>
<FORM>
<INPUT CLASS="button" TYPE="button" VALUE=" Close this window " 
 onClick="window.close();">
<INPUT CLASS="button" TYPE="button" VALUE=" Select another map " 
 onClick="window.blur();">
</FORM>
<HR SIZE="1">
<I>Interested in graduate studies in atmospheric science?
Check out our program at the
<a href="http://www.uwyo.edu/atsc/howtoapply/"
target=_top>University of Wyoming
</a></I>
<HR SIZE="1"><FONT SIZE="-1">
Questions about the weather data provided by this site can be
addressed to <A HREF="mailto:ldoolman@uwyo.edu">
Larry Oolman (ldoolman@uwyo.edu)</A></FONT>
<HR SIZE="1">
<SCRIPT TYPE="text/javascript">
<!--
window.focus();
// -->
</SCRIPT>
</BODY>
</HTML>
