2015-08-23 12
<HTML>
<TITLE>University of Wyoming - Radiosonde Data</TITLE>
<BODY BGCOLOR="white">
<H2>96749 WIII Jakarta Observations at 00Z 23 Aug 2015</H2>
<PRE>
-----------------------------------------------------------------------------
   PRES   HGHT   TEMP   DWPT   RELH   MIXR   DRCT   SKNT   THTA   THTE   THTV
    hPa     m      C      C      %    g/kg    deg   knot     K      K      K 
-----------------------------------------------------------------------------
 1012.0      8   24.0   19.9     78  14.68    160      5  296.1  338.6  298.7
 1000.0    110   24.6   20.3     77  15.24    140      8  297.8  342.1  300.5
  979.0    296   23.8   18.5     72  13.88    100     14  298.8  339.4  301.2
  944.0    615   22.4   15.4     65  11.79     97     16  300.5  335.3  302.6
  925.0    792   21.2   15.2     69  11.88     95     17  301.0  336.2  303.1
  914.0    895   20.4   14.7     69  11.61     95     16  301.2  335.6  303.3
  850.0   1519   15.8   11.4     75  10.05    105     14  302.7  332.8  304.5
  823.0   1792   13.8    9.4     75   9.10     95     10  303.3  330.7  305.0
  813.0   1896   13.0    8.7     75   8.76     86     10  303.6  330.0  305.2
  803.0   2000   14.6   -1.4     33   4.32     78     10  306.4  320.0  307.2
  794.0   2096   15.7   -5.8     22   3.13     70     10  308.5  318.6  309.1
  790.0   2138   16.2   -7.8     19   2.70     68     11  309.5  318.3  310.0
  768.0   2378   16.2  -13.8     11   1.72     56     14  312.0  317.9  312.3
  767.0   2389   16.1  -13.9     11   1.71     55     14  312.1  317.9  312.4
  722.0   2899   13.6  -20.4      8   1.05     78     19  314.7  318.4  314.9
  700.0   3158   11.2  -13.8     16   1.89     90     21  314.9  321.3  315.2
  689.0   3288   10.2  -13.9     17   1.90     95     21  315.1  321.6  315.5
  617.0   4191    3.1  -14.7     26   2.00     70     21  317.1  323.9  317.5
  588.0   4585    0.0  -15.0     31   2.04     72     18  317.9  324.9  318.3
  587.0   4599   -0.3  -15.3     31   1.99     72     18  317.7  324.5  318.1
  576.0   4751    0.8  -27.2     10   0.72     72     17  320.7  323.4  320.9
  531.0   5400   -1.3  -34.5      6   0.39     75     12  325.7  327.2  325.8
  500.0   5880   -2.9  -39.9      4   0.24    120     17  329.4  330.4  329.5
  497.0   5927   -3.1  -40.1      4   0.24    122     19  329.8  330.7  329.8
  493.0   5990   -3.6  -40.2      4   0.23    125     21  329.9  330.9  330.0
  439.0   6890  -10.3  -42.4      5   0.21    125     23  332.6  333.4  332.6
  427.0   7104  -11.9  -42.9      6   0.20    120     24  333.2  334.0  333.2
  406.0   7487  -13.9  -45.7      5   0.16    110     27  335.4  336.1  335.4
  400.0   7600  -14.5  -46.5      5   0.15    115     29  336.1  336.7  336.1
  387.0   7849  -16.9  -44.9      7   0.18    115     28  336.1  336.9  336.1
  331.0   8992  -25.5  -44.1     16   0.23    115     21  339.7  340.6  339.7
  305.0   9590  -30.0  -43.8     25   0.26     85     25  341.4  342.5  341.4
  301.0   9686  -30.7  -43.7     27   0.27     85     25  341.7  342.8  341.7
  300.0   9710  -30.9  -43.9     27   0.26     85     25  341.7  342.8  341.8
  289.0   9973  -33.5  -42.5     40   0.31     96     26  341.7  343.0  341.7
  280.0  10193  -35.3  -47.0     29   0.20    105     27  342.2  343.1  342.3
  273.0  10369  -36.7  -50.7     22   0.13    101     25  342.6  343.2  342.7
  259.0  10730  -40.1  -46.1     53   0.24     91     20  342.8  343.8  342.9
  250.0  10970  -41.5                          85     17  344.2         344.2
  245.0  11103  -42.7                          85     16  344.5         344.5
  215.0  11964  -50.3                          40     23  345.8         345.8
  200.0  12440  -54.5                          45     29  346.3         346.3
  178.0  13165  -59.5                          55     41  349.8         349.8
  150.0  14230  -66.9                          50     78  354.6         354.6
  146.0  14391  -68.1                          45     82  355.3         355.3
  132.0  14992  -72.7                          56     62  357.5         357.5
  112.0  15945  -77.7                          75     29  365.3         365.3
  108.0  16154  -77.5                          71     27  369.5         369.5
  107.0  16208  -76.7                          70     27  372.1         372.1
  104.0  16372  -74.1                          91     21  380.0         380.0
  102.0  16485  -74.9                         105     17  380.6         380.6
  100.0  16600  -75.7                         100     17  381.2         381.2
   92.0  17076  -78.8                          75     16  384.3         384.3
   91.2  17126  -79.1                          70     14  384.6         384.6
   83.0  17666  -77.2                           5      4  399.0         399.0
   79.0  17948  -76.2                         170     12  406.7         406.7
   75.0  18246  -75.2                         160     17  415.0         415.0
   74.7  18268  -75.1                         157     17  415.6         415.6
   71.0  18567  -70.2                         120     17  432.0         432.0
   70.0  18650  -68.9                         115     17  436.6         436.6
   69.1  18728  -67.7                         112     18  440.8         440.8
   67.0  18915  -66.0                         105     19  448.4         448.4
   65.7  19034  -64.9                         111     18  453.3         453.3
   64.0  19195  -64.8                         120     17  457.0         457.0
   61.0  19488  -64.6                         100     14  463.7         463.7
   55.7  20045  -64.3                           8     10  476.6         476.6
   55.0  20123  -64.0                         355     10  478.9         478.9
   53.0  20351  -63.3                         270     10  485.8         485.8
   50.1  20698  -62.1                         284     10  496.4         496.4
   50.0  20710  -62.1                         285     10  496.7         496.7
   48.0  20962  -63.1                         345      4  500.2         500.2
   46.8  21117  -63.7                         339      8  502.4         502.4
   46.0  21225  -62.2                         335     10  508.3         508.3
   44.2  21472  -58.9                         305     15  522.3         522.3
   43.0  21646  -58.7                         285     19  526.9         526.9
   34.0  23129  -57.1                         270     29  567.6         567.6
   30.0  23920  -56.3                         210     21  590.6         590.6
   27.6  24451  -55.5                         281     15  607.0         607.0
   27.0  24592  -54.6                         300     14  613.4         613.4
   26.0  24835  -53.0                         285     14  624.5         624.5
   25.3  25010  -51.9                         285     16  632.6         632.6
   22.0  25920  -50.8                         285     25  661.6         661.6
   20.0  26540  -50.1                         265     21  682.1         682.1
   17.0  27606  -48.8                         305     25  718.6         718.6
   16.0  28003  -48.4                         300     31  732.7         732.7
   15.5  28212  -48.1                                     740.2         740.2
</PRE><H3>Station information and sounding indices</H3><PRE>
                         Station identifier: WIII
                             Station number: 96749
                           Observation time: 150823/0000
                           Station latitude: -6.11
                          Station longitude: 106.65
                          Station elevation: 8.0
                            Showalter index: 7.13
                               Lifted index: 4.24
    LIFT computed using virtual temperature: 3.55
                                SWEAT index: 181.81
                                    K index: 5.10
                         Cross totals index: 14.30
                      Vertical totals index: 18.70
                        Totals totals index: 33.00
      Convective Available Potential Energy: 0.34
             CAPE using virtual temperature: 11.58
                      Convective Inhibition: -72.60
             CINS using virtual temperature: -54.96
                           Equilibrum Level: 585.06
 Equilibrum Level using virtual temperature: 580.05
                   Level of Free Convection: 819.76
             LFCT using virtual temperature: 835.80
                     Bulk Richardson Number: 0.06
          Bulk Richardson Number using CAPV: 2.05
  Temp [K] of the Lifted Condensation Level: 290.69
Pres [hPa] of the Lifted Condensation Level: 912.54
   Equivalent potential temp [K] of the LCL: 339.35
     Mean mixed layer potential temperature: 298.41
              Mean mixed layer mixing ratio: 14.07
              1000 hPa to 500 hPa thickness: 5770.00
Precipitable water [mm] for entire sounding: 29.65
</PRE>
<P>Description of the 
<A HREF="/upperair/columns.html">data columns</A>
or <A HREF="/upperair/indices.html">sounding indices</A>.

<P>
<FORM>
<INPUT CLASS="button" TYPE="button" VALUE=" Close this window " 
 onClick="window.close();">
<INPUT CLASS="button" TYPE="button" VALUE=" Select another map " 
 onClick="window.blur();">
</FORM>
<HR SIZE="1">
<I>Interested in graduate studies in atmospheric science?
Check out our program at the
<a href="http://www.uwyo.edu/atsc/howtoapply/"
target=_top>University of Wyoming
</a></I>
<HR SIZE="1"><FONT SIZE="-1">
Questions about the weather data provided by this site can be
addressed to <A HREF="mailto:ldoolman@uwyo.edu">
Larry Oolman (ldoolman@uwyo.edu)</A></FONT>
<HR SIZE="1">
<SCRIPT TYPE="text/javascript">
<!--
window.focus();
// -->
</SCRIPT>
</BODY>
</HTML>
