2014-05-22 12
<HTML>
<TITLE>University of Wyoming - Radiosonde Data</TITLE>
<BODY BGCOLOR="white">
<H2>96749 WIII Jakarta Observations at 00Z 22 May 2014</H2>
<PRE>
-----------------------------------------------------------------------------
   PRES   HGHT   TEMP   DWPT   RELH   MIXR   DRCT   SKNT   THTA   THTE   THTV
    hPa     m      C      C      %    g/kg    deg   knot     K      K      K 
-----------------------------------------------------------------------------
 1008.0      8   25.4   24.0     92  19.06    160      5  297.9  353.4  301.3
 1000.0     76   25.8   22.3     81  17.28    140      6  298.9  349.5  302.0
  975.0    300   25.8   22.3     81  17.74     85     10  301.1  353.5  304.3
  925.0    763   22.4   19.6     84  15.78     90     12  302.2  349.0  305.1
  911.0    895   21.7   18.8     84  15.25     95     12  302.8  348.2  305.6
  850.0   1496   18.6   15.3     81  13.03     95     10  305.6  344.9  308.0
  793.0   2084   15.3   12.2     82  11.36     90      2  308.2  342.9  310.3
  738.0   2693   11.9    8.9     82   9.80    110      4  310.9  341.3  312.7
  712.0   2997   10.2    7.3     82   9.09    110      6  312.2  340.6  313.9
  700.0   3139    9.6    5.2     74   7.98    100      6  313.1  338.2  314.6
  662.0   3601    7.6   -0.6     56   5.59     40     10  315.9  333.9  317.0
  654.0   3702    7.2   -1.8     53   5.15     41      9  316.5  333.2  317.5
  615.0   4202    3.3   -1.8     70   5.51     45      6  317.6  335.5  318.7
  593.0   4499    1.0   -1.7     82   5.72     50      6  318.3  336.9  319.4
  584.0   4623    0.0   -1.7     88   5.82     42      7  318.5  337.4  319.6
  571.0   4803   -1.3   -2.6     91   5.57     30      8  319.0  337.2  320.1
  558.0   4987   -2.7   -3.5     94   5.32     67      7  319.5  336.9  320.5
  550.0   5102    0.0   -6.0     64   4.47     90      6  324.0  339.1  324.9
  542.0   5220   -0.3   -8.3     55   3.79     90      8  325.0  337.9  325.8
  530.0   5398   -1.6  -13.0     41   2.66     90     10  325.6  334.8  326.1
  511.0   5688   -3.7  -20.7     25   1.45    118     10  326.4  331.6  326.7
  500.0   5860   -4.9  -16.9     38   2.05    135     10  327.0  334.2  327.4
  491.0   6002   -6.0  -17.6     39   1.96    145      8  327.3  334.3  327.7
  476.0   6245   -7.9  -18.9     41   1.82    116      3  327.9  334.4  328.3
  473.0   6294   -8.2  -19.9     38   1.68    110      2  328.1  334.2  328.5
  455.0   6594  -10.1  -26.1     26   1.01     95      4  329.4  333.2  329.6
  451.0   6663  -10.5  -27.5     23   0.89    114      4  329.8  333.1  329.9
  444.0   6783  -10.5  -16.5     61   2.38    147      4  331.2  339.7  331.7
  442.0   6818  -10.3  -20.3     44   1.73    156      4  331.9  338.2  332.3
  437.0   6905  -11.0  -20.2     47   1.77    180      4  332.1  338.6  332.5
  420.0   7208  -13.3  -19.8     58   1.90    210      8  333.0  339.9  333.4
  407.0   7449  -15.1  -19.5     69   2.02    198      5  333.6  340.9  334.0
  405.0   7486  -14.9  -23.9     46   1.38    196      4  334.4  339.5  334.6
  404.0   7505  -14.7  -19.5     67   2.03    195      4  334.8  342.2  335.2
  400.0   7580  -15.3  -19.9     68   1.98    225      4  335.0  342.2  335.4
  390.0   7770  -16.7  -21.6     66   1.75    296      2  335.6  342.1  336.0
  388.0   7809  -16.8  -24.2     53   1.39    310      2  336.0  341.2  336.3
  386.0   7848  -16.9  -26.9     42   1.10    314      2  336.3  340.5  336.6
  373.0   8101  -18.7  -27.8     45   1.05    340      4  337.3  341.3  337.5
  358.0   8405  -20.8  -28.8     49   1.00    120      4  338.4  342.3  338.6
  345.0   8679  -22.7  -29.7     53   0.95    154      5  339.4  343.1  339.6
  341.0   8764  -22.1  -42.1     15   0.28    165      5  341.4  342.6  341.4
  330.0   9001  -24.0  -45.0     13   0.21    195      6  342.0  342.9  342.1
  317.0   9292  -26.3  -48.6     10   0.15    295      4  342.7  343.4  342.8
  304.0   9594  -28.7  -52.3      8   0.10    335     10  343.5  343.9  343.5
  300.0   9690  -29.5  -53.5      8   0.09    340     10  343.7  344.1  343.7
  279.0  10196  -33.6  -58.0      7   0.05      0     10  344.9  345.2  344.9
  268.0  10476  -35.9  -60.5      6   0.04    320     10  345.6  345.8  345.6
  250.0  10960  -39.9  -64.9      5   0.02    335     14  346.6  346.7  346.6
  249.0  10988  -40.1  -65.1      5   0.02    336     14  346.7  346.8  346.7
  235.0  11374  -43.4                         345     12  347.5         347.5
  205.0  12285  -51.3                         295     16  348.9         348.9
  200.0  12450  -52.7                         295     16  349.1         349.1
  154.0  14076  -66.5                         265     14  352.7         352.7
  150.0  14240  -67.9                         265     14  352.9         352.9
  139.0  14692  -69.9                         275     10  357.1         357.1
  137.0  14778  -70.3                         267     10  357.9         357.9
  132.0  14993  -71.5                         245     10  359.6         359.6
  125.0  15307  -73.3                         245     12  362.0         362.0
  119.0  15591  -74.9                         270      4  364.1         364.1
  113.0  15889  -76.7                         320      6  366.4         366.4
  103.0  16424  -79.7                         347     10  370.4         370.4
  102.0  16479  -79.8                         350     10  371.1         371.1
  100.0  16590  -80.1                         345     12  372.7         372.7
   96.0  16820  -80.7                         335     16  375.9         375.9
   91.0  17121  -81.5                         285     17  380.1         380.1
   87.6  17336  -82.1                         260     19  383.1         383.1
   82.0  17706  -81.8                         240     14  391.0         391.0
   78.0  17987  -81.6                         285     14  397.1         397.1
   74.0  18283  -81.3                         310     17  403.6         403.6
   73.3  18336  -81.3                         305     16  404.8         404.8
   70.0  18600  -74.1                         280     12  425.5         425.5
   69.8  18617  -73.5                         279     12  427.2         427.2
   67.0  18859  -72.0                         260     19  435.4         435.4
   60.0  19513  -68.0                         245     27  458.4         458.4
   55.8  19943  -65.3                         245     27  474.1         474.1
   54.0  20142  -64.7                         245     27  479.9         479.9
   50.0  20610  -63.3                         280     27  493.9         493.9
   49.0  20735  -63.3                         285     27  496.8         496.8
   45.0  21260  -63.1                         255     39  509.4         509.4
   41.0  21834  -63.0                         215     16  523.5         523.5
   37.0  22468  -62.8                         120     16  539.6         539.6
   35.1  22793  -62.7                         102     20  548.0         548.0
   34.4  22918  -59.5                          95     22  559.5         559.5
   32.0  23368  -61.3                          70     27  566.4         566.4
   30.0  23770  -62.9                          75     25  572.6         572.6
   29.6  23852  -63.1                          75     23  574.2         574.2
   29.0  23980  -61.9                          75     21  581.0         581.0
   28.0  24198  -59.7                         100     31  592.8         592.8
   27.0  24425  -57.5                          90     37  605.2         605.2
   25.0  24916  -56.2                          70     49  622.5         622.5
   21.0  26029  -53.1                         105     45  663.4         663.4
   20.0  26340  -52.3                          90     49  675.3         675.3
   19.6  26471  -51.9                                     680.5         680.5
</PRE><H3>Station information and sounding indices</H3><PRE>
                         Station identifier: WIII
                             Station number: 96749
                           Observation time: 140522/0000
                           Station latitude: -6.11
                          Station longitude: 106.65
                          Station elevation: 8.0
                            Showalter index: 0.05
                               Lifted index: -2.49
    LIFT computed using virtual temperature: -3.21
                                SWEAT index: 213.61
                                    K index: 34.40
                         Cross totals index: 20.20
                      Vertical totals index: 23.50
                        Totals totals index: 43.70
      Convective Available Potential Energy: 888.03
             CAPE using virtual temperature: 1045.73
                      Convective Inhibition: -39.17
             CINS using virtual temperature: -25.33
                           Equilibrum Level: 169.42
 Equilibrum Level using virtual temperature: 167.52
                   Level of Free Convection: 810.77
             LFCT using virtual temperature: 842.99
                     Bulk Richardson Number: 1773.01
          Bulk Richardson Number using CAPV: 2087.86
  Temp [K] of the Lifted Condensation Level: 294.53
Pres [hPa] of the Lifted Condensation Level: 934.09
   Equivalent potential temp [K] of the LCL: 351.81
     Mean mixed layer potential temperature: 300.35
              Mean mixed layer mixing ratio: 17.51
              1000 hPa to 500 hPa thickness: 5784.00
Precipitable water [mm] for entire sounding: 54.82
</PRE>
<P>Description of the 
<A HREF="/upperair/columns.html">data columns</A>
or <A HREF="/upperair/indices.html">sounding indices</A>.

<P>
<FORM>
<INPUT CLASS="button" TYPE="button" VALUE=" Close this window " 
 onClick="window.close();">
<INPUT CLASS="button" TYPE="button" VALUE=" Select another map " 
 onClick="window.blur();">
</FORM>
<HR SIZE="1">
<I>Interested in graduate studies in atmospheric science?
Check out our program at the
<a href="http://www.uwyo.edu/atsc/howtoapply/"
target=_top>University of Wyoming
</a></I>
<HR SIZE="1"><FONT SIZE="-1">
Questions about the weather data provided by this site can be
addressed to <A HREF="mailto:ldoolman@uwyo.edu">
Larry Oolman (ldoolman@uwyo.edu)</A></FONT>
<HR SIZE="1">
<SCRIPT TYPE="text/javascript">
<!--
window.focus();
// -->
</SCRIPT>
</BODY>
</HTML>
