2014-03-17 12
<HTML>
<TITLE>University of Wyoming - Radiosonde Data</TITLE>
<BODY BGCOLOR="white">
<H2>96749 WIII Jakarta Observations at 00Z 17 Mar 2014</H2>
<PRE>
-----------------------------------------------------------------------------
   PRES   HGHT   TEMP   DWPT   RELH   MIXR   DRCT   SKNT   THTA   THTE   THTV
    hPa     m      C      C      %    g/kg    deg   knot     K      K      K 
-----------------------------------------------------------------------------
 1010.0      8   24.8   23.9     95  18.90    230      4  297.1  352.0  300.4
 1007.0     35   26.0   24.4     91  19.55    236      4  298.6  355.7  302.0
 1000.0     97   25.8   24.4     92  19.69    250      4  298.9  356.6  302.5
  977.0    302   24.8   23.4     92  19.01    300      2  300.0  355.9  303.4
  945.0    595   23.5   22.1     92  18.06    250      8  301.5  354.9  304.7
  925.0    783   22.6   21.2     92  17.47    240      8  302.4  354.3  305.6
  913.0    896   21.9   20.4     91  16.83    235      8  302.9  352.9  305.9
  850.0   1516   18.4   16.0     86  13.64    250      2  305.4  346.5  307.9
  823.0   1791   16.7   14.4     86  12.65    265      2  306.5  344.8  308.8
  794.0   2097   14.9   12.5     86  11.63    210      2  307.6  343.0  309.8
  778.0   2271   13.8   11.5     86  11.07    186      3  308.3  342.1  310.3
  767.0   2390   13.1   10.9     87  10.79    170      4  308.8  341.9  310.8
  740.0   2691   11.3    9.4     88  10.11    180      6  310.0  341.2  311.9
  714.0   2990    9.6    7.9     89   9.47    130      6  311.3  340.7  313.1
  700.0   3156    8.6    7.1     90   9.12    120      8  312.0  340.4  313.7
  664.0   3589    6.5    4.8     89   8.16     85     12  314.3  340.1  315.9
  640.0   3891    5.0    3.1     88   7.54     85     12  316.0  340.0  317.4
  617.0   4191    3.5    1.5     86   6.95    110     14  317.6  340.0  318.9
  609.0   4298    3.0    0.9     86   6.75    105     14  318.2  340.0  319.5
  594.0   4499    1.9   -0.6     83   6.21     95     14  319.2  339.4  320.4
  567.0   4874    0.0   -3.4     78   5.28    123     14  321.2  338.6  322.2
  551.0   5100   -1.3   -4.9     77   4.84    140     14  322.3  338.4  323.2
  500.0   5870   -5.9  -10.1     72   3.57    130     14  325.8  338.0  326.5
  473.0   6302   -8.3  -11.6     77   3.34    130      8  328.0  339.5  328.6
  465.0   6435   -9.1  -12.1     79   3.27    139     12  328.6  340.0  329.3
  455.0   6604   -9.4  -13.8     71   2.92    150     16  330.3  340.5  330.8
  453.0   6638   -9.5  -14.1     69   2.85    149     16  330.6  340.6  331.2
  450.0   6689   -9.5  -19.5     44   1.82    148     15  331.2  337.8  331.6
  421.0   7201  -12.5  -16.7     71   2.47    135     12  333.7  342.6  334.2
  401.0   7571  -14.3  -25.3     39   1.23    125     10  336.1  340.7  336.3
  400.0   7590  -14.5  -24.5     42   1.32    125     10  336.1  341.0  336.3
  389.0   7800  -16.3  -25.4     46   1.26    115     12  336.4  341.1  336.7
  377.0   8035  -18.3  -26.3     49   1.19    122     13  336.8  341.3  337.0
  346.0   8670  -22.9  -27.7     65   1.14    139     14  338.9  343.2  339.1
  345.0   8691  -23.0  -27.8     65   1.13    140     14  339.0  343.3  339.2
  331.0   8992  -25.1  -29.8     65   0.98    120     12  340.2  344.0  340.4
  315.0   9351  -27.5  -32.2     64   0.82    130     13  341.7  344.9  341.9
  300.0   9700  -30.3  -39.3     41   0.42    140     14  342.6  344.3  342.6
  293.0   9868  -31.3  -40.3     41   0.39    142     13  343.4  345.1  343.5
  280.0  10186  -34.1  -42.6     42   0.32    145     10  343.8  345.2  343.9
  268.0  10493  -36.9  -44.9     43   0.26    110     17  344.2  345.3  344.2
  253.0  10889  -40.1  -55.1     19   0.09     98     17  345.1  345.5  345.1
  250.0  10970  -40.7                          95     17  345.4         345.4
  224.0  11698  -46.9                          85     27  346.9         346.9
  200.0  12450  -53.3                          85     23  348.2         348.2
  195.0  12608  -54.6                          80     21  348.6         348.6
  186.0  12902  -57.0                          50     23  349.5         349.5
  153.0  14117  -67.1                           5     12  352.3         352.3
  150.0  14240  -68.1                         355     12  352.6         352.6
  146.0  14396  -69.4                         340     12  353.1         353.1
  139.0  14679  -71.7                         340     10  354.1         354.1
  132.0  14977  -74.1                          50      4  355.0         355.0
  119.0  15574  -79.0                          60      6  356.8         356.8
  112.0  15924  -81.8                          85      4  357.7         357.7
  108.0  16133  -83.5                          60      8  358.2         358.2
  107.0  16185  -83.5                          45     10  359.2         359.2
  100.0  16560  -83.1                          45     14  366.9         366.9
   91.0  17082  -83.3                          60     17  376.6         376.6
   81.0  17726  -83.5                          75     21  388.9         388.9
   80.5  17761  -83.5                          71     20  389.6         389.6
   77.2  17998  -73.5                          47     11  415.0         415.0
   77.0  18013  -73.5                          45     10  415.4         415.4
   73.0  18325  -72.7                         220     16  423.4         423.4
   70.0  18570  -72.1                         200     14  429.8         429.8
   66.0  18917  -71.6                         265     17  438.1         438.1
   60.0  19479  -70.8                         265     29  452.0         452.0
   54.0  20100  -70.0                         225     19  467.8         467.8
   53.4  20166  -69.9                         226     19  469.4         469.4
   51.0  20441  -66.8                         230     19  482.9         482.9
   50.0  20560  -65.5                         220     16  488.7         488.7
   49.6  20609  -64.5                         216     14  492.2         492.2
   49.0  20683  -64.8                         210     12  493.3         493.3
   47.0  20936  -65.7                         260     12  497.0         497.0
   44.0  21337  -67.1                         280     17  502.9         502.9
   42.9  21490  -67.7                         280     21  505.2         505.2
   40.0  21916  -66.9                         250     16  517.4         517.4
   38.0  22228  -66.3                         205     10  526.6         526.6
   36.0  22557  -65.6                          60      2  536.5         536.5
   35.0  22728  -65.3                         350      4  541.7         541.7
   33.0  23086  -64.6                         195      4  552.7         552.7
   31.1  23447  -63.9                         157     10  564.0         564.0
   31.0  23467  -63.6                         155     10  565.5         565.5
   30.0  23670  -60.1                          95     16  580.2         580.2
   29.0  23883  -56.5                         107     12  595.8         595.8
   28.0  24105  -56.6                         120      8  601.6         601.6
   27.0  24335  -56.6                          60      8  607.7         607.7
   26.0  24574  -56.7                          75      8  614.1         614.1
   25.8  24623  -56.7                          92      8  615.4         615.4
   25.0  24824  -55.2                         160     10  625.2         625.2
   24.1  25057  -53.5                         157      9  636.8         636.8
   21.0  25932  -57.7                         145      6  649.7         649.7
   20.6  26054  -58.3                          95     14  651.5         651.5
   20.0  26240  -57.5                          90     19  659.4         659.4
   18.0  26914  -54.2                          80     54  690.0         690.0
   16.4  27510  -51.3                          78     51  718.0         718.0
   14.0  28552  -49.1                          75     47  758.7         758.7
   12.0  29568  -46.9                          85     64  800.5         800.5
   10.1  30703  -44.5                          85     60  849.9         849.9
   10.0  30770  -43.9                          85     60  854.5         854.5
    9.0  31483  -40.3                          90     70  894.5         894.5
    8.0  32281  -41.7                          95     82  919.4         919.4
    7.8  32453  -42.0                          95     82  924.8         924.8
    7.4  32810  -42.7                                     936.2         936.2
</PRE><H3>Station information and sounding indices</H3><PRE>
                         Station identifier: WIII
                             Station number: 96749
                           Observation time: 140317/0000
                           Station latitude: -6.11
                          Station longitude: 106.65
                          Station elevation: 8.0
                            Showalter index: -1.54
                               Lifted index: -4.81
    LIFT computed using virtual temperature: -5.40
                                SWEAT index: 210.01
                                    K index: 38.80
                         Cross totals index: 21.90
                      Vertical totals index: 24.30
                        Totals totals index: 46.20
      Convective Available Potential Energy: 1999.29
             CAPE using virtual temperature: 2162.49
                      Convective Inhibition: -11.86
             CINS using virtual temperature: -8.41
                           Equilibrum Level: 126.76
 Equilibrum Level using virtual temperature: 126.48
                   Level of Free Convection: 883.01
             LFCT using virtual temperature: 899.10
                     Bulk Richardson Number: 304.36
          Bulk Richardson Number using CAPV: 329.20
  Temp [K] of the Lifted Condensation Level: 296.41
Pres [hPa] of the Lifted Condensation Level: 962.20
   Equivalent potential temp [K] of the LCL: 355.77
     Mean mixed layer potential temperature: 299.71
              Mean mixed layer mixing ratio: 19.10
              1000 hPa to 500 hPa thickness: 5773.00
Precipitable water [mm] for entire sounding: 62.00
</PRE>
<P>Description of the 
<A HREF="/upperair/columns.html">data columns</A>
or <A HREF="/upperair/indices.html">sounding indices</A>.

<P>
<FORM>
<INPUT CLASS="button" TYPE="button" VALUE=" Close this window " 
 onClick="window.close();">
<INPUT CLASS="button" TYPE="button" VALUE=" Select another map " 
 onClick="window.blur();">
</FORM>
<HR SIZE="1">
<I>Interested in graduate studies in atmospheric science?
Check out our program at the
<a href="http://www.uwyo.edu/atsc/howtoapply/"
target=_top>University of Wyoming
</a></I>
<HR SIZE="1"><FONT SIZE="-1">
Questions about the weather data provided by this site can be
addressed to <A HREF="mailto:ldoolman@uwyo.edu">
Larry Oolman (ldoolman@uwyo.edu)</A></FONT>
<HR SIZE="1">
<SCRIPT TYPE="text/javascript">
<!--
window.focus();
// -->
</SCRIPT>
</BODY>
</HTML>
