2014-03-29 00
<HTML>
<TITLE>University of Wyoming - Radiosonde Data</TITLE>
<BODY BGCOLOR="white">
<H2>96749 WIII Jakarta Observations at 00Z 29 Mar 2014</H2>
<PRE>
-----------------------------------------------------------------------------
   PRES   HGHT   TEMP   DWPT   RELH   MIXR   DRCT   SKNT   THTA   THTE   THTV
    hPa     m      C      C      %    g/kg    deg   knot     K      K      K 
-----------------------------------------------------------------------------
 1009.0      8   23.6   23.1     97  18.00    290      4  296.0  348.0  299.2
 1008.0     17   25.0   22.1     84  16.93    295      4  297.5  346.7  300.5
 1000.0     87   25.8   21.9     79  16.85    335      4  298.9  348.3  302.0
  997.0    114   26.6   21.6     74  16.59    351      4  300.0  348.8  303.0
  976.0    301   25.9   20.6     73  15.90    105      6  301.1  348.1  304.0
  944.0    596   24.7   19.0     70  14.85    105      6  302.8  347.0  305.5
  925.0    775   24.0   18.0     69  14.24    130      6  303.8  346.4  306.4
  912.0    899   22.8   17.6     73  14.13    145      6  303.9  346.1  306.4
  903.0    985   22.0   17.4     75  14.04    158      6  303.9  345.9  306.4
  881.0   1199   20.4   16.5     78  13.55    190      6  304.4  345.1  306.9
  851.0   1499   18.3   15.1     82  12.88    195      4  305.2  343.9  307.5
  850.0   1509   18.2   15.1     82  12.86    195      4  305.2  343.9  307.6
  808.0   1942   15.2   13.4     89  12.10    315      3  306.5  343.1  308.7
  793.0   2100   14.5   12.3     87  11.46      0      2  307.4  342.2  309.5
  765.0   2403   13.2   10.2     82  10.31    160      6  309.1  340.8  311.1
  713.0   2995   10.7    6.1     73   8.34    125      6  312.6  338.8  314.2
  700.0   3150   10.0    5.0     71   7.87    130      6  313.5  338.4  315.0
  687.0   3304    9.2    4.2     71   7.61    135      8  314.3  338.4  315.7
  663.0   3596    7.6    2.8     72   7.12    120      6  315.7  338.4  317.1
  616.0   4199    4.3   -0.2     73   6.18    345      6  318.7  338.8  319.9
  594.0   4497    2.7   -1.6     73   5.75    285      2  320.1  339.0  321.3
  587.0   4594    2.2   -2.1     73   5.62    243      2  320.6  339.1  321.7
  585.0   4622    2.8   -6.2     52   4.13    230      2  321.6  335.5  322.4
  572.0   4803    1.4   -6.1     57   4.26    150      2  322.1  336.3  322.9
  559.0   4988    0.0   -6.0     64   4.39    227      3  322.5  337.2  323.4
  551.0   5102   -0.9   -6.5     66   4.29    275      4  322.8  337.2  323.6
  531.0   5394   -3.3   -7.8     71   4.04    250      8  323.4  337.0  324.2
  500.0   5870   -7.1   -9.8     81   3.65    280     10  324.3  336.7  325.0
  478.0   6220   -8.9  -11.3     83   3.39    300     13  326.3  337.9  327.0
  473.0   6301   -9.2  -13.4     71   2.89    305     14  327.0  337.0  327.5
  455.0   6601  -10.1  -21.1     40   1.57    282     14  329.4  335.1  329.7
  438.0   6891  -12.2  -20.6     50   1.71    260     14  330.4  336.6  330.8
  421.0   7192  -14.3  -20.0     62   1.87    265     12  331.5  338.2  331.8
  410.0   7394  -15.7  -19.6     72   1.98    249      8  332.1  339.3  332.5
  404.0   7505  -15.9  -25.9     42   1.16    240      6  333.3  337.7  333.6
  403.0   7524  -15.9  -26.9     38   1.06    241      6  333.5  337.5  333.7
  400.0   7580  -16.1  -26.1     42   1.14    245      6  334.0  338.3  334.2
  380.0   7964  -18.9  -22.7     72   1.63    268     10  335.2  341.2  335.6
  376.0   8043  -18.1  -29.1     38   0.92    273     10  337.3  340.8  337.5
  358.0   8408  -21.1  -29.1     49   0.97    295     14  338.0  341.7  338.2
  300.0   9690  -29.9  -44.9     22   0.23    330     16  343.1  344.1  343.2
  279.0  10196  -34.0  -50.5     17   0.13    340     16  344.5  345.1  344.5
  250.0  10960  -40.1  -59.1     11   0.05    350     17  346.3  346.6  346.3
  214.0  11998  -49.0                         355     19  348.2         348.2
  200.0  12450  -52.9                         345     19  348.8         348.8
  161.0  13800  -63.5                         320     23  353.4         353.4
  150.0  14240  -66.9                         295     27  354.6         354.6
  146.0  14401  -68.3                         290     29  355.0         355.0
  138.0  14736  -71.1                         289     30  355.8         355.8
  113.0  15881  -78.1                         285     35  363.6         363.6
  102.0  16468  -81.8                         270     21  367.4         367.4
  101.0  16525  -82.1                         265     21  367.8         367.8
  100.0  16580  -82.1                         260     21  368.9         368.9
   86.0  17418  -85.8                         170     10  377.7         377.7
   84.2  17535  -86.3                         170      8  378.9         378.9
   82.0  17682  -85.3                         175     12  383.9         383.9
   78.0  17959  -83.3                         155     12  393.5         393.5
   77.0  18032  -81.3                         150     12  399.1         399.1
   75.1  18174  -77.5                         148     17  409.9         409.9
   73.0  18338  -76.8                         145     23  414.6         414.6
   70.0  18580  -75.9                         100     16  421.7         421.7
   63.2  19170  -76.1                         319     17  433.7         433.7
   63.0  19188  -75.9                         315     17  434.6         434.6
   58.4  19631  -70.7                         239     22  455.8         455.8
   57.0  19775  -71.3                         215     23  457.7         457.7
   54.1  20083  -72.5                         220     17  461.7         461.7
   54.0  20094  -72.4                         220     17  462.2         462.2
   51.0  20433  -69.5                         260     12  476.6         476.6
   50.0  20550  -68.5                         265     14  481.6         481.6
   49.0  20673  -67.8                         270     17  486.0         486.0
   42.0  21609  -62.9                         220     23  520.1         520.1
   38.0  22222  -65.3                         145      6  529.2         529.2
   37.3  22335  -65.7                         100      5  530.9         530.9
   36.0  22552  -64.9                          15      4  538.3         538.3
   35.0  22725  -64.3                         340     10  544.2         544.2
   33.1  23066  -63.1                         331     13  556.2         556.2
   31.0  23475  -58.8                         320     17  578.2         578.2
   30.0  23680  -56.7                         270     17  589.5         589.5
   29.0  23895  -55.9                         205     23  597.5         597.5
   28.8  23939  -55.7                         201     23  599.1         599.1
   25.0  24832  -59.3                         125     16  613.6         613.6
   24.2  25037  -60.1                         100     10  617.0         617.0
   24.0  25089  -60.0                          55      4  618.6         618.6
   22.0  25633  -59.5                         300     10  635.8         635.8
   21.0  25925  -59.2                         320      8  645.1         645.1
   20.0  26230  -58.9                           0      8  655.1         655.1
   19.0  26554  -57.3                          95     12  669.9         669.9
   18.2  26826  -55.9                          90     21  682.5         682.5
   15.0  28083  -49.4                          65     62  742.8         742.8
   13.6  28720  -46.1                          76     60  775.2         775.2
   12.1  29494  -47.9                          89     58  795.1         795.1
   12.0  29550  -47.4                          90     58  798.8         798.8
   10.6  30382  -39.9                          79     75  855.1         855.1
   10.2  30645  -40.2                          75     80  863.6         863.6
   10.0  30780  -40.3                          75     74  868.0         868.0
    9.0  31497  -41.0                          90     60  891.7         891.7
    8.9  31573  -41.1                                     894.3         894.3
</PRE><H3>Station information and sounding indices</H3><PRE>
                         Station identifier: WIII
                             Station number: 96749
                           Observation time: 140329/0000
                           Station latitude: -6.11
                          Station longitude: 106.65
                          Station elevation: 8.0
                            Showalter index: -1.76
                               Lifted index: -3.28
    LIFT computed using virtual temperature: -3.64
                                SWEAT index: 199.21
                                    K index: 35.40
                         Cross totals index: 22.20
                      Vertical totals index: 25.30
                        Totals totals index: 47.50
      Convective Available Potential Energy: 354.74
             CAPE using virtual temperature: 459.22
                      Convective Inhibition: -84.29
             CINS using virtual temperature: -71.03
                           Equilibrum Level: 264.32
 Equilibrum Level using virtual temperature: 260.69
                   Level of Free Convection: 810.00
             LFCT using virtual temperature: 820.15
                     Bulk Richardson Number: 271.94
          Bulk Richardson Number using CAPV: 352.03
  Temp [K] of the Lifted Condensation Level: 292.83
Pres [hPa] of the Lifted Condensation Level: 913.10
   Equivalent potential temp [K] of the LCL: 347.86
     Mean mixed layer potential temperature: 300.55
              Mean mixed layer mixing ratio: 16.09
              1000 hPa to 500 hPa thickness: 5783.00
Precipitable water [mm] for entire sounding: 54.75
</PRE>
<P>Description of the 
<A HREF="/upperair/columns.html">data columns</A>
or <A HREF="/upperair/indices.html">sounding indices</A>.

<P>
<FORM>
<INPUT CLASS="button" TYPE="button" VALUE=" Close this window " 
 onClick="window.close();">
<INPUT CLASS="button" TYPE="button" VALUE=" Select another map " 
 onClick="window.blur();">
</FORM>
<HR SIZE="1">
<I>Interested in graduate studies in atmospheric science?
Check out our program at the
<a href="http://www.uwyo.edu/atsc/howtoapply/"
target=_top>University of Wyoming
</a></I>
<HR SIZE="1"><FONT SIZE="-1">
Questions about the weather data provided by this site can be
addressed to <A HREF="mailto:ldoolman@uwyo.edu">
Larry Oolman (ldoolman@uwyo.edu)</A></FONT>
<HR SIZE="1">
<SCRIPT TYPE="text/javascript">
<!--
window.focus();
// -->
</SCRIPT>
</BODY>
</HTML>
