2014-11-24 12
<HTML>
<TITLE>University of Wyoming - Radiosonde Data</TITLE>
<BODY BGCOLOR="white">
<H2>96749 WIII Jakarta Observations at 00Z 24 Nov 2014</H2>
<PRE>
-----------------------------------------------------------------------------
   PRES   HGHT   TEMP   DWPT   RELH   MIXR   DRCT   SKNT   THTA   THTE   THTV
    hPa     m      C      C      %    g/kg    deg   knot     K      K      K 
-----------------------------------------------------------------------------
 1008.0      8   25.2   23.8     92  18.82    180      4  297.7  352.5  301.0
 1000.0     82   25.8   22.5     82  17.50    180      4  298.9  350.2  302.1
  980.0    261   25.6   22.3     82  17.64    180      2  300.5  352.5  303.6
  976.0    297   25.4   22.1     82  17.46    180      2  300.6  352.1  303.8
  943.0    599   23.6   20.1     81  15.98    110      4  301.8  349.1  304.6
  925.0    768   22.6   19.0     80  15.19    105      6  302.4  347.5  305.2
  911.0    900   22.0   17.9     78  14.36    105      6  303.1  345.9  305.7
  859.0   1410   19.6   13.6     68  11.52     92      8  305.7  340.6  307.9
  850.0   1501   19.2   13.2     68  11.34     90      8  306.2  340.6  308.3
  821.0   1799   17.6   12.1     70  10.92     95     10  307.6  340.9  309.6
  793.0   2096   16.0   11.0     72  10.50    100     12  309.0  341.2  310.9
  705.0   3088   10.6    0.6     50   5.70    114     14  313.6  331.8  314.6
  700.0   3147   10.2    0.2     50   5.58    115     14  313.8  331.6  314.8
  662.0   3606    7.5   -0.0     59   5.80    120     12  315.8  334.4  316.9
  616.0   4198    4.0   -0.3     73   6.10     95     12  318.3  338.1  319.5
  608.0   4306    3.4   -0.4     76   6.15     92     12  318.8  338.8  320.0
  563.0   4926    0.0   -3.9     75   5.12     73     10  321.9  338.8  322.9
  524.0   5499   -2.5   -9.5     59   3.57     56      9  325.5  337.7  326.2
  500.0   5870   -4.7   -8.8     73   3.95     45      8  327.2  340.8  328.0
  492.0   5997   -5.3   -9.9     70   3.68     40      6  328.0  340.7  328.8
  474.0   6290   -6.6  -12.6     63   3.09     25      8  329.9  340.7  330.5
  473.0   6306   -6.7  -12.7     62   3.06     23      8  330.0  340.7  330.6
  456.0   6590   -8.2  -14.6     60   2.73    340      8  331.6  341.3  332.1
  438.0   6903   -9.9  -16.6     58   2.40      0      6  333.3  341.9  333.8
  427.0   7100  -10.9  -17.9     56   2.20     24      6  334.4  342.4  334.9
  422.0   7190  -11.5  -18.5     56   2.12     35      6  334.8  342.5  335.2
  400.0   7600  -14.1  -21.1     55   1.79     40      8  336.6  343.2  336.9
  390.0   7790  -15.3  -22.5     54   1.62     45     10  337.5  343.5  337.8
  359.0   8412  -19.1  -27.1     49   1.16     31     13  340.4  344.9  340.7
  340.0   8814  -22.1  -32.1     40   0.77     21     15  341.7  344.7  341.8
  326.0   9122  -24.5  -49.5      8   0.13     14     16  342.5  343.1  342.5
  318.0   9301  -26.1  -45.7     14   0.20     10     17  342.8  343.6  342.8
  300.0   9720  -29.7  -36.7     51   0.55     15     12  343.4  345.6  343.5
  290.0   9962  -31.5  -36.1     64   0.61     15     12  344.2  346.6  344.3
  250.0  11000  -39.5  -51.5     27   0.13     15     12  347.2  347.8  347.2
  248.0  11055  -40.1  -52.1     27   0.13     15     12  347.1  347.7  347.1
  246.0  11108  -40.5                          15     12  347.2         347.2
  215.0  12001  -48.1                         355     12  349.2         349.2
  200.0  12480  -52.1                         355     12  350.1         350.1
  188.0  12867  -55.5                           0     10  350.8         350.8
  155.0  14075  -66.3                          30     12  352.4         352.4
  150.0  14280  -68.1                          25     10  352.6         352.6
  147.0  14396  -69.1                          25     10  352.9         352.9
  140.0  14674  -71.4                         350      6  353.7         353.7
  133.0  14968  -73.9                          40      2  354.6         354.6
  113.0  15899  -81.8                          30      2  356.7         356.7
  107.0  16211  -84.5                          60      2  357.3         357.3
  103.0  16429  -86.3                          48     10  357.7         357.7
  102.0  16482  -86.6                          45     12  358.2         358.2
  100.0  16590  -87.1                          50     14  359.2         359.2
   93.7  16941  -88.9                          55     21  362.4         362.4
   91.0  17103  -87.1                          80     16  368.9         368.9
   86.0  17415  -83.7                         115     17  381.8         381.8
   78.6  17912  -78.3                          38     15  403.0         403.0
   77.0  18030  -76.5                          20     14  409.1         409.1
   75.1  18174  -74.3                         323     18  416.6         416.6
   74.0  18259  -74.6                         290     21  417.8         417.8
   70.0  18580  -75.7                         275     23  422.1         422.1
   66.0  18920  -76.8                         275     17  426.8         426.8
   64.4  19061  -77.3                         281     14  428.8         428.8
   60.0  19474  -75.5                         300      6  441.5         441.5
   57.0  19773  -74.2                         260     14  450.9         450.9
   54.0  20089  -72.9                         100      4  461.1         461.1
   51.1  20411  -71.5                          86     18  471.6         471.6
   51.0  20422  -71.4                          85     19  472.2         472.2
   50.0  20540  -69.9                          95     23  478.4         478.4
   49.0  20661  -69.6                         105     29  481.8         481.8
   44.3  21264  -68.3                          95     36  499.1         499.1
   40.5  21803  -68.1                          86     43  512.5         512.5
   36.0  22521  -62.6                          75     51  544.3         544.3
   35.3  22641  -61.7                          77     52  549.7         549.7
   30.0  23650  -61.5                          90     58  576.4         576.4
   28.3  24011  -61.9                          90     59  585.0         585.0
   24.6  24896  -52.7                          90     63  635.4         635.4
   20.0  26230  -53.3                          90     68  672.3         672.3
   19.5  26393  -53.3                          90     70  677.1         677.1
   19.0  26560  -53.3                          90     70  682.2         682.2
   18.5  26732  -53.3                          90     69  687.4         687.4
   14.0  28567  -44.1                          90     60  775.7         775.7
   13.6  28758  -43.1                          84     55  785.4         785.4
   13.0  29061  -43.5                          75     47  794.4         794.4
   12.0  29599  -44.1                                     810.5         810.5
</PRE><H3>Station information and sounding indices</H3><PRE>
                         Station identifier: WIII
                             Station number: 96749
                           Observation time: 141124/0000
                           Station latitude: -6.11
                          Station longitude: 106.65
                          Station elevation: 8.0
                            Showalter index: 1.94
                               Lifted index: -2.06
    LIFT computed using virtual temperature: -2.45
                                SWEAT index: 182.41
                                    K index: 27.10
                         Cross totals index: 17.90
                      Vertical totals index: 23.90
                        Totals totals index: 41.80
      Convective Available Potential Energy: 507.25
             CAPE using virtual temperature: 642.25
                      Convective Inhibition: -74.99
             CINS using virtual temperature: -40.59
                           Equilibrum Level: 190.99
 Equilibrum Level using virtual temperature: 190.87
                   Level of Free Convection: 743.33
             LFCT using virtual temperature: 794.80
                     Bulk Richardson Number: 58.14
          Bulk Richardson Number using CAPV: 73.61
  Temp [K] of the Lifted Condensation Level: 294.45
Pres [hPa] of the Lifted Condensation Level: 935.53
   Equivalent potential temp [K] of the LCL: 351.17
     Mean mixed layer potential temperature: 300.12
              Mean mixed layer mixing ratio: 17.39
              1000 hPa to 500 hPa thickness: 5788.00
Precipitable water [mm] for entire sounding: 52.83
</PRE>
<P>Description of the 
<A HREF="/upperair/columns.html">data columns</A>
or <A HREF="/upperair/indices.html">sounding indices</A>.

<P>
<FORM>
<INPUT CLASS="button" TYPE="button" VALUE=" Close this window " 
 onClick="window.close();">
<INPUT CLASS="button" TYPE="button" VALUE=" Select another map " 
 onClick="window.blur();">
</FORM>
<HR SIZE="1">
<I>Interested in graduate studies in atmospheric science?
Check out our program at the
<a href="http://www.uwyo.edu/atsc/howtoapply/"
target=_top>University of Wyoming
</a></I>
<HR SIZE="1"><FONT SIZE="-1">
Questions about the weather data provided by this site can be
addressed to <A HREF="mailto:ldoolman@uwyo.edu">
Larry Oolman (ldoolman@uwyo.edu)</A></FONT>
<HR SIZE="1">
<SCRIPT TYPE="text/javascript">
<!--
window.focus();
// -->
</SCRIPT>
</BODY>
</HTML>
