2013-03-19 12
<HTML>
<TITLE>University of Wyoming - Radiosonde Data</TITLE>
<BODY BGCOLOR="white">
<H2>96749 WIII Jakarta Observations at 00Z 19 Mar 2013</H2>
<PRE>
-----------------------------------------------------------------------------
   PRES   HGHT   TEMP   DWPT   RELH   MIXR   DRCT   SKNT   THTA   THTE   THTV
    hPa     m      C      C      %    g/kg    deg   knot     K      K      K 
-----------------------------------------------------------------------------
 1007.0      8   25.4   24.5     95  19.67      0      0  298.0  355.3  301.4
 1005.0     25   26.4   22.3     78  17.19      0      0  299.1  349.5  302.2
 1000.0     69   26.2   22.1     78  17.07      0      0  299.4  349.4  302.4
  974.0    302   25.7   20.8     74  16.16    180      4  301.1  348.8  304.0
  970.0    338   25.6   20.6     74  16.02    186      4  301.4  348.7  304.2
  925.0    755   22.6   19.0     80  15.19    255      6  302.4  347.5  305.2
  910.0    897   21.7   18.1     80  14.55    280      6  302.9  346.2  305.6
  861.0   1377   18.8   14.9     78  12.53    296     11  304.7  342.3  307.0
  850.0   1488   18.4   11.4     64  10.05    300     12  305.4  335.9  307.2
  849.0   1498   18.4   11.4     64  10.06    300     12  305.5  335.9  307.3
  825.0   1744   17.2   11.2     68  10.22    302     12  306.8  337.9  308.6
  791.0   2100   15.3   10.1     71   9.93    305     12  308.4  338.9  310.2
  737.0   2697   12.0    8.4     78   9.44    270      4  311.1  340.4  312.9
  718.0   2918   10.8    7.7     81   9.27    281      7  312.1  341.0  313.9
  711.0   3000   10.7    6.8     77   8.80    285      8  312.8  340.4  314.5
  700.0   3130   10.4    5.4     71   8.10    310      6  314.0  339.5  315.5
  686.0   3297    9.6    3.9     68   7.41    340      2  314.9  338.4  316.3
  642.0   3847    6.8   -1.2     57   5.49    212      2  317.7  335.6  318.8
  638.0   3898    6.5   -1.4     57   5.44    200      2  318.0  335.7  319.0
  615.0   4196    4.8   -2.6     59   5.16    220      2  319.4  336.3  320.4
  593.0   4492    3.1   -3.8     60   4.89    185      2  320.7  336.9  321.7
  555.0   5030    0.0   -6.0     64   4.43     88      2  323.2  338.0  324.1
  550.0   5102   -0.4   -6.7     63   4.25     75      2  323.6  337.9  324.4
  530.0   5397   -2.0   -9.3     57   3.58     30      4  325.1  337.3  325.8
  510.0   5703   -3.6  -12.1     52   2.99     15      4  326.7  337.0  327.3
  500.0   5860   -4.5  -13.5     49   2.71    325      2  327.5  337.0  328.0
  472.0   6309   -7.2  -15.2     53   2.49    170      4  329.6  338.4  330.1
  444.0   6785  -10.1  -17.1     57   2.27    166      6  331.7  339.9  332.2
  437.0   6906  -10.9  -18.0     56   2.13    165      6  332.2  339.9  332.7
  420.0   7208  -12.9  -20.4     53   1.81    205      4  333.5  340.1  333.9
  404.0   7504  -14.8  -22.7     51   1.54    185      8  334.7  340.4  335.0
  400.0   7580  -15.3  -23.3     50   1.47    185      8  335.0  340.5  335.3
  399.0   7599  -15.3  -23.3     50   1.48    185      8  335.2  340.7  335.6
  388.0   7807  -16.7  -27.6     38   1.02    185     10  336.1  340.0  336.3
  373.0   8102  -18.7  -33.7     25   0.60    210      6  337.2  339.6  337.3
  358.0   8408  -20.8  -40.1     16   0.33    315      4  338.4  339.7  338.4
  352.0   8534  -21.7  -42.7     13   0.25    334      7  338.9  339.9  338.9
  347.0   8639  -22.5  -33.5     36   0.66    350      9  339.2  341.7  339.3
  344.0   8702  -23.0  -35.2     32   0.56      0     10  339.3  341.5  339.4
  330.0   9005  -25.6  -43.3     17   0.25    350      6  339.9  340.9  339.9
  327.0   9072  -26.1  -45.1     15   0.21    355      5  340.0  340.9  340.1
  326.0   9094  -26.3  -37.3     35   0.48    356      5  340.0  341.9  340.1
  317.0   9295  -27.5  -41.3     26   0.33     10      2  341.1  342.4  341.1
  310.0   9456  -28.5  -44.5     20   0.24     42      3  341.9  342.9  341.9
  304.0   9595  -29.7  -42.1     29   0.31     70      4  342.1  343.4  342.2
  300.0   9690  -30.5  -40.5     37   0.37     80      6  342.3  343.8  342.4
  279.0  10196  -34.7  -43.8     39   0.28    110      8  343.4  344.6  343.5
  267.0  10503  -37.2  -45.8     40   0.24     45      4  344.1  345.1  344.1
  256.0  10797  -39.6  -47.7     42   0.20     90      4  344.6  345.5  344.7
  254.0  10852  -40.1  -48.1     42   0.19     90      5  344.7  345.6  344.8
  250.0  10960  -40.9                          90      6  345.1         345.1
  205.0  12267  -52.1                          55     17  347.6         347.6
  200.0  12430  -53.5                          60     17  347.9         347.9
  153.0  14097  -67.7                          65     14  351.4         351.4
  150.0  14220  -68.7                          50     14  351.6         351.6
  149.0  14260  -68.9                          46     13  351.9         351.9
  139.0  14670  -70.3                           0      8  356.4         356.4
  132.0  14975  -71.4                         175      6  359.8         359.8
  119.0  15586  -73.6                         150      6  366.6         366.6
  114.0  15840  -74.5                         196      6  369.4         369.4
  113.0  15890  -74.9                         205      6  369.6         369.6
  107.0  16203  -77.5                         195      4  370.5         370.5
  102.0  16477  -79.8                         155      2  371.3         371.3
  100.0  16590  -80.7                         120      2  371.6         371.6
   97.0  16757  -81.7                          55      2  372.9         372.9
   92.0  17048  -83.4                           0      6  375.2         375.2
   87.0  17355  -85.2                           5      6  377.6         377.6
   82.0  17680  -87.2                          80      4  380.1         380.1
   78.0  17955  -88.8                         135      6  382.2         382.2
   77.7  17976  -88.9                         135      6  382.3         382.3
   73.4  18281  -89.5                          99     13  387.3         387.3
   73.0  18311  -88.7                          95     14  389.6         389.6
   70.1  18532  -82.7                          85     27  407.0         407.0
   70.0  18540  -82.7                          85     27  407.1         407.1
   63.0  19136  -77.2                          85     35  431.7         431.7
   62.4  19190  -76.7                          86     33  434.0         434.0
   60.0  19418  -71.7                          92     23  450.1         450.1
   59.0  19517  -71.8                          95     19  452.1         452.1
   50.0  20490  -72.3                          85     41  472.7         472.7
   48.0  20732  -71.3                          85     43  480.7         480.7
   44.8  21141  -69.5                          85     50  494.6         494.6
   42.0  21536  -65.9                          85     56  512.7         512.7
   38.0  22148  -60.3                          85     35  541.8         541.8
   37.6  22212  -59.7                          89     35  545.0         545.0
   36.0  22483  -60.4                         105     33  550.0         550.0
   33.7  22895  -61.5                         105     31  557.6         557.6
   33.0  23027  -60.1                         105     31  564.8         564.8
   31.0  23423  -55.8                         120     39  586.5         586.5
   30.0  23630  -53.5                         110     39  598.2         598.2
   28.4  23982  -52.5                         106     28  610.4         610.4
   28.0  24073  -52.7                         105     25  612.4         612.4
   27.0  24307  -53.1                         120     17  617.6         617.6
   26.0  24551  -49.3                         110     14  635.1         635.1
   25.9  24576  -48.9                         119     13  636.9         636.9
   25.0  24806  -49.1                         200      4  642.7         642.7
   23.0  25350  -49.6                         260     10  656.7         656.7
   22.0  25639  -49.9                         330      4  664.2         664.2
   21.0  25942  -50.2                           0     12  672.2         672.2
   20.1  26228  -50.5                         351     14  679.9         679.9
   20.0  26260  -50.5                         350     14  680.8         680.8
   18.0  26946  -50.9                          40     14  700.4         700.4
   17.0  27317  -51.1                          40     10  711.3         711.3
   16.0  27712  -51.3                         290     14  723.0         723.0
   15.0  28132  -51.5                         210      6  735.7         735.7
   14.4  28397  -51.7                         130      8  743.8         743.8
   14.0  28584  -50.6                          75     10  753.5         753.5
   13.0  29074  -47.7                          20     10  779.6         779.6
   12.0  29603  -44.6                          50     10  808.6         808.6
   11.6  29827  -43.3                          25     15  821.2         821.2
   11.0  30186  -42.7                         345     23  835.9         835.9
   10.0  30830  -41.7                          15      6  862.8         862.8
    9.3  31324  -39.7                                     888.4         888.4
</PRE><H3>Station information and sounding indices</H3><PRE>
                         Station identifier: WIII
                             Station number: 96749
                           Observation time: 130319/0000
                           Station latitude: -6.11
                          Station longitude: 106.65
                          Station elevation: 8.0
                            Showalter index: 4.15
                               Lifted index: -1.06
    LIFT computed using virtual temperature: -1.59
                                SWEAT index: 162.81
                                    K index: 29.30
                         Cross totals index: 15.90
                      Vertical totals index: 22.90
                        Totals totals index: 38.80
      Convective Available Potential Energy: 393.08
             CAPE using virtual temperature: 512.62
                      Convective Inhibition: -69.77
             CINS using virtual temperature: -40.18
                           Equilibrum Level: 193.28
 Equilibrum Level using virtual temperature: 192.04
                   Level of Free Convection: 746.93
             LFCT using virtual temperature: 802.08
                     Bulk Richardson Number: 120.56
          Bulk Richardson Number using CAPV: 157.23
  Temp [K] of the Lifted Condensation Level: 293.22
Pres [hPa] of the Lifted Condensation Level: 916.89
   Equivalent potential temp [K] of the LCL: 348.91
     Mean mixed layer potential temperature: 300.60
              Mean mixed layer mixing ratio: 16.43
              1000 hPa to 500 hPa thickness: 5791.00
Precipitable water [mm] for entire sounding: 51.92
</PRE>
<P>Description of the 
<A HREF="/upperair/columns.html">data columns</A>
or <A HREF="/upperair/indices.html">sounding indices</A>.

<P>
<FORM>
<INPUT CLASS="button" TYPE="button" VALUE=" Close this window " 
 onClick="window.close();">
<INPUT CLASS="button" TYPE="button" VALUE=" Select another map " 
 onClick="window.blur();">
</FORM>
<HR SIZE="1">
<I>Interested in graduate studies in atmospheric science?
Check out our program at the
<a href="http://www.uwyo.edu/atsc/howtoapply/"
target=_top>University of Wyoming
</a></I>
<HR SIZE="1"><FONT SIZE="-1">
Questions about the weather data provided by this site can be
addressed to <A HREF="mailto:ldoolman@uwyo.edu">
Larry Oolman (ldoolman@uwyo.edu)</A></FONT>
<HR SIZE="1">
<SCRIPT TYPE="text/javascript">
<!--
window.focus();
// -->
</SCRIPT>
</BODY>
</HTML>
