2013-05-30 12
<HTML>
<TITLE>University of Wyoming - Radiosonde Data</TITLE>
<BODY BGCOLOR="white">
<H2>96749 WIII Jakarta Observations at 00Z 30 May 2013</H2>
<PRE>
-----------------------------------------------------------------------------
   PRES   HGHT   TEMP   DWPT   RELH   MIXR   DRCT   SKNT   THTA   THTE   THTV
    hPa     m      C      C      %    g/kg    deg   knot     K      K      K 
-----------------------------------------------------------------------------
 1008.0      8   24.0   23.3     96  18.25      0      0  296.5  349.3  299.7
 1000.0     81   25.0   22.3     85  17.28      0      0  298.1  348.5  301.2
  975.0    304   24.3   20.3     78  15.62    220      4  299.6  345.5  302.4
  957.0    468   23.8   18.8     74  14.48    258      6  300.7  343.4  303.3
  942.0    606   23.0   18.1     74  14.12    290      8  301.2  343.0  303.8
  925.0    765   22.0   17.4     75  13.70    300     12  301.8  342.4  304.3
  911.0    897   21.4   17.0     76  13.55    305     14  302.5  342.8  305.0
  880.0   1196   20.1   16.0     77  13.20    275     12  304.2  343.7  306.6
  850.0   1496   18.8   15.1     79  12.86    280     16  305.8  344.6  308.2
  792.0   2096   15.7   11.6     76  10.93    290     21  308.8  342.3  310.8
  700.0   3144   10.4    5.4     71   8.10    300     23  314.0  339.5  315.5
  691.0   3252   10.0    4.0     66   7.43    300     24  314.7  338.3  316.1
  687.0   3299    9.7    3.8     67   7.39    300     25  314.9  338.3  316.2
  616.0   4191    3.6    0.7     82   6.59    285     21  317.8  339.1  319.1
  578.0   4711    0.0   -1.1     92   6.15    276     17  319.5  339.5  320.6
  551.0   5090   -2.1   -3.1     93   5.55    270     14  321.3  339.6  322.4
  530.0   5398   -3.9   -4.8     94   5.10    235      8  322.8  339.8  323.8
  510.0   5703   -5.6   -6.4     94   4.69    175      8  324.3  340.0  325.2
  500.0   5860   -6.5   -7.2     95   4.48     90      4  325.1  340.2  325.9
  491.0   5999   -7.3   -8.0     95   4.28     15      2  325.7  340.2  326.6
  472.0   6302   -9.1   -9.8     95   3.86    285      4  327.2  340.4  327.9
  454.0   6600  -10.9  -11.6     95   3.48    320     10  328.6  340.7  329.3
  437.0   6892  -12.7  -13.4     94   3.14    305     14  330.0  341.0  330.6
  420.0   7196  -14.5  -15.2     94   2.82    325     10  331.4  341.4  332.0
  400.0   7570  -16.7  -17.4     94   2.45    320     10  333.2  342.0  333.7
  373.0   8090  -19.9  -21.1     90   1.91    320     12  335.6  342.6  336.0
  347.0   8629  -23.3  -25.0     86   1.46     20      9  338.1  343.5  338.4
  343.0   8713  -24.0  -26.3     81   1.31     30      8  338.3  343.2  338.5
  330.0   8995  -26.3  -30.8     66   0.89     49      8  338.8  342.3  339.0
  329.0   9017  -26.5  -31.0     65   0.88     50      8  338.9  342.3  339.1
  316.0   9307  -28.6  -33.8     61   0.70     35      4  339.9  342.7  340.1
  303.0   9609  -30.8  -36.6     56   0.55     75     12  340.9  343.1  341.0
  300.0   9680  -31.3  -37.3     55   0.52     70     12  341.1  343.2  341.2
  290.0   9918  -32.8  -39.5     51   0.43     55     10  342.3  344.1  342.4
  278.0  10215  -34.7  -42.3     46   0.33     60      8  343.7  345.1  343.8
  272.0  10369  -35.7  -43.7     44   0.29     74     10  344.4  345.7  344.5
  267.0  10497  -36.8  -45.0     42   0.26     85     12  344.7  345.8  344.8
  252.0  10896  -40.1  -49.1     38   0.17     89     16  345.5  346.3  345.6
  250.0  10950  -40.5                          90     16  345.7         345.7
  223.0  11703  -47.1                         100     17  347.1         347.1
  204.0  12290  -52.2                          70     23  348.0         348.0
  200.0  12420  -53.3                          70     23  348.2         348.2
  168.0  13505  -62.4                          80     29  350.9         350.9
  150.0  14210  -68.3                          55     25  352.2         352.2
  138.0  14697  -71.6                          40     23  354.9         354.9
  118.0  15612  -77.9                          35     10  359.6         359.6
  112.0  15908  -79.1                         355     10  362.8         362.8
  106.0  16220  -80.3                          15     10  366.2         366.2
  101.0  16494  -79.0                          70      6  373.8         373.8
  100.0  16550  -78.7                          85      6  375.4         375.4
   91.0  17088  -78.4                         275      8  386.3         386.3
   89.1  17209  -78.3                         283      8  388.8         388.8
   81.4  17721  -81.3                         318      8  392.8         392.8
   77.0  18037  -79.5                         340      8  402.8         402.8
   73.0  18341  -77.8                          20      8  412.6         412.6
   70.0  18580  -76.5                         330      6  420.4         420.4
   66.0  18923  -75.2                         110     12  430.4         430.4
   63.0  19194  -74.1                         130     21  438.4         438.4
   57.5  19727  -72.1                         119     26  454.7         454.7
   56.7  19810  -67.9                         118     27  466.0         466.0
   51.0  20450  -66.4                         105     33  483.9         483.9
   50.0  20570  -66.1                          90     33  487.3         487.3
   47.0  20947  -63.7                          55     19  501.6         501.6
   46.7  20986  -63.5                          49     18  503.1         503.1
   44.6  21272  -58.3                           3      7  522.4         522.4
   44.0  21357  -58.4                         350      4  524.3         524.3
   42.0  21649  -58.5                         235      4  530.9         530.9
   38.0  22277  -59.0                         325     10  545.3         545.3
   34.8  22829  -59.3                         294     21  558.2         558.2
   33.0  23166  -57.3                         275     27  572.1         572.1
   30.0  23770  -53.7                         245     16  597.6         597.6
   29.0  23989  -52.8                         280     14  606.0         606.0
   28.3  24146  -52.1                         281     17  612.1         612.1
   25.0  24951  -51.5                         285     33  635.8         635.8
   23.0  25493  -51.1                         270     35  652.3         652.3
   20.0  26400  -50.5                         290     45  680.8         680.8
   19.1  26700  -49.7                         286     51  692.3         692.3
   19.0  26734  -49.8                         285     52  693.0         693.0
   17.3  27344  -51.9                         272     52  705.2         705.2
   17.0  27459  -51.2                         270     52  710.8         710.8
   15.0  28281  -46.6                         290     54  752.1         752.1
   14.4  28549  -45.1                         287     53  766.0         766.0
   13.0  29231  -45.2                         280     51  788.5         788.5
   12.0  29765  -45.2                         290     49  806.6         806.6
   11.0  30345  -45.2                         275     66  826.7         826.7
   10.6  30592  -45.3                         275     66  835.4         835.4
   10.0  30980  -45.3                         275     58  849.3         849.3
    8.8  31838  -42.5                                     891.8         891.8
    8.0  32483  -41.3                                     921.1         921.1
</PRE><H3>Station information and sounding indices</H3><PRE>
                         Station identifier: WIII
                             Station number: 96749
                           Observation time: 130530/0000
                           Station latitude: -6.11
                          Station longitude: 106.65
                          Station elevation: 8.0
                            Showalter index: -1.45
                               Lifted index: -1.98
    LIFT computed using virtual temperature: -2.15
                                SWEAT index: 217.21
                                    K index: 35.40
                         Cross totals index: 21.60
                      Vertical totals index: 25.30
                        Totals totals index: 46.90
      Convective Available Potential Energy: 322.93
             CAPE using virtual temperature: 357.65
                      Convective Inhibition: -175.23
             CINS using virtual temperature: -136.43
                           Equilibrum Level: 285.23
 Equilibrum Level using virtual temperature: 284.15
                   Level of Free Convection: 645.13
             LFCT using virtual temperature: 661.88
                     Bulk Richardson Number: 14.66
          Bulk Richardson Number using CAPV: 16.24
  Temp [K] of the Lifted Condensation Level: 293.02
Pres [hPa] of the Lifted Condensation Level: 929.51
   Equivalent potential temp [K] of the LCL: 345.99
     Mean mixed layer potential temperature: 299.22
              Mean mixed layer mixing ratio: 16.03
              1000 hPa to 500 hPa thickness: 5779.00
Precipitable water [mm] for entire sounding: 57.00
</PRE>
<P>Description of the 
<A HREF="/upperair/columns.html">data columns</A>
or <A HREF="/upperair/indices.html">sounding indices</A>.

<P>
<FORM>
<INPUT CLASS="button" TYPE="button" VALUE=" Close this window " 
 onClick="window.close();">
<INPUT CLASS="button" TYPE="button" VALUE=" Select another map " 
 onClick="window.blur();">
</FORM>
<HR SIZE="1">
<I>Interested in graduate studies in atmospheric science?
Check out our program at the
<a href="http://www.uwyo.edu/atsc/howtoapply/"
target=_top>University of Wyoming
</a></I>
<HR SIZE="1"><FONT SIZE="-1">
Questions about the weather data provided by this site can be
addressed to <A HREF="mailto:ldoolman@uwyo.edu">
Larry Oolman (ldoolman@uwyo.edu)</A></FONT>
<HR SIZE="1">
<SCRIPT TYPE="text/javascript">
<!--
window.focus();
// -->
</SCRIPT>
</BODY>
</HTML>
