2015-12-09 12
<HTML>
<TITLE>University of Wyoming - Radiosonde Data</TITLE>
<BODY BGCOLOR="white">
<H2>96749 WIII Jakarta Observations at 00Z 09 Dec 2015</H2>
<PRE>
-----------------------------------------------------------------------------
   PRES   HGHT   TEMP   DWPT   RELH   MIXR   DRCT   SKNT   THTA   THTE   THTV
    hPa     m      C      C      %    g/kg    deg   knot     K      K      K 
-----------------------------------------------------------------------------
 1009.0      8   25.0   24.1     95  19.15      0      0  297.4  353.1  300.8
 1000.0     91   25.2   23.3     89  18.39    145      2  298.4  352.1  301.6
  977.0    296   25.7   20.6     74  15.93    145      6  300.8  347.8  303.7
  970.0    360   25.8   19.8     69  15.23    133      6  301.6  346.6  304.3
  944.0    599   24.8   18.2     67  14.13     90      4  302.9  345.0  305.4
  925.0    778   24.0   17.0     65  13.35     85      4  303.8  343.8  306.3
  912.0    901   23.4   16.4     65  13.00     75      4  304.4  343.4  306.8
  881.0   1202   21.8   14.8     64  12.16     70      6  305.8  342.6  308.1
  851.0   1503   20.2   13.2     64  11.37    115      4  307.2  341.8  309.3
  850.0   1513   20.2   13.2     64  11.34    115      4  307.3  341.8  309.4
  822.0   1798   18.7   11.8     64  10.72     95      6  308.6  341.5  310.6
  794.0   2094   17.1   10.5     65  10.11     95      4  310.0  341.2  311.9
  766.0   2399   15.5    9.0     65   9.50    135      2  311.5  341.0  313.3
  740.0   2694   13.9    7.6     66   8.95    215      4  312.9  340.9  314.5
  714.0   2998   12.3    6.2     66   8.39    175      2  314.3  340.8  315.9
  700.0   3167   11.4    5.4     67   8.10    115      2  315.1  340.8  316.6
  689.0   3298   10.6    4.8     67   7.91     65      2  315.7  340.8  317.2
  664.0   3603    8.9    3.5     69   7.49    340      2  317.0  341.0  318.4
  617.0   4209    5.3    1.0     73   6.70    355      2  319.7  341.5  321.0
  600.0   4439    4.0    0.0     75   6.42    332      4  320.7  341.7  321.9
  595.0   4507    3.6   -0.3     76   6.32    325      4  321.0  341.6  322.2
  573.0   4812    1.6   -1.8     78   5.88    330      4  322.1  341.5  323.3
  556.0   5055    0.0   -3.0     80   5.55    318      6  323.0  341.4  324.1
  552.0   5112   -0.3   -3.3     80   5.47    315      6  323.4  341.6  324.4
  500.0   5900   -3.9   -7.3     77   4.45    310     10  328.2  343.4  329.1
  493.0   6011   -4.5   -8.3     75   4.18    310     10  328.8  343.2  329.7
  474.0   6321   -6.1  -11.0     68   3.50    322     11  330.5  342.8  331.2
  440.0   6898   -9.9  -16.1     60   2.49    345     12  332.9  341.8  333.4
  421.0   7240  -12.1  -19.1     56   2.02    336     13  334.2  341.6  334.7
  411.0   7424  -13.3  -17.3     72   2.41    331     13  335.0  343.7  335.5
  402.0   7592  -14.1  -24.1     43   1.36    326     14  336.1  341.2  336.4
  400.0   7630  -14.5  -23.5     46   1.45    325     14  336.1  341.4  336.4
  380.0   8017  -17.3  -19.4     84   2.18    323     15  337.3  345.3  337.8
  377.0   8076  -17.1  -24.1     55   1.45    322     15  338.4  343.8  338.6
  372.0   8176  -17.9  -25.9     50   1.25    321     15  338.6  343.3  338.8
  370.0   8217  -18.1  -21.3     76   1.90    321     16  338.8  345.9  339.2
  361.0   8400  -19.4  -23.2     71   1.64    320     16  339.6  345.7  339.9
  353.0   8567  -20.5  -25.0     67   1.43    321     14  340.2  345.6  340.5
  338.0   8887  -22.9  -26.6     72   1.29    324     11  341.2  346.1  341.4
  332.0   9016  -23.9  -27.5     72   1.21    325     10  341.6  346.2  341.8
  319.0   9306  -26.1  -29.6     73   1.04    320      8  342.4  346.5  342.6
  306.0   9607  -28.4  -31.7     73   0.89    335      8  343.3  346.8  343.5
  300.0   9750  -29.5  -32.7     74   0.82    335      8  343.7  346.9  343.9
  298.0   9798  -29.9  -32.9     75   0.81    335      7  343.8  347.0  343.9
  293.0   9917  -30.9  -34.2     72   0.72    335      6  344.0  346.9  344.2
  281.0  10210  -33.4  -37.6     66   0.54      5      8  344.6  346.8  344.7
  272.0  10439  -35.3  -40.2     61   0.43    352      6  345.0  346.8  345.1
  258.0  10803  -38.1  -43.6     56   0.31    330      4  346.2  347.5  346.3
  250.0  11020  -39.7  -45.7     53   0.26    345      6  346.9  348.0  347.0
  249.0  11047  -40.1  -46.1     53   0.25    347      6  346.7  347.8  346.8
  247.0  11101  -40.5                         350      6  346.8         346.8
  236.0  11405  -43.1                          35      8  347.6         347.6
  216.0  11996  -48.0                          25     14  348.8         348.8
  200.0  12510  -52.3                          45     12  349.8         349.8
  171.0  13485  -60.6                          75     16  352.1         352.1
  150.0  14300  -67.5                          65     10  353.6         353.6
  140.0  14704  -70.4                          60      8  355.6         355.6
  126.0  15320  -74.7                          60     17  358.6         358.6
  120.0  15606  -76.7                          55     19  360.0         360.0
  115.0  15855  -78.5                          84     12  361.1         361.1
  114.0  15904  -78.8                          90     10  361.4         361.4
  104.0  16422  -82.3                          78     17  364.4         364.4
  102.0  16530  -82.8                          75     19  365.4         365.4
  100.0  16640  -83.3                          70     19  366.5         366.5
   97.0  16808  -84.1                          65     19  368.2         368.2
   94.1  16976  -84.9                          60     17  369.8         369.8
   92.0  17101  -83.9                          35     10  374.2         374.2
   87.0  17412  -81.3                         280     10  385.4         385.4
   86.2  17463  -80.9                         277     10  387.3         387.3
   82.0  17745  -79.9                         260      8  394.8         394.8
   78.0  18028  -79.0                         305      4  402.5         402.5
   77.0  18100  -78.7                         302      5  404.5         404.5
   75.7  18198  -75.5                         298      6  413.2         413.2
   70.5  18609  -75.5                         282     11  421.7         421.7
   70.0  18650  -74.1                         280     12  425.5         425.5
   67.0  18908  -71.7                         275     25  436.1         436.1
   66.5  18952  -71.3                         271     25  437.9         437.9
   60.0  19560  -71.9                         220     27  449.7         449.7
   57.4  19822  -72.1                         216      7  454.9         454.9
   57.0  19864  -71.8                         215      4  456.6         456.6
   55.0  20078  -70.0                           5      6  465.3         465.3
   52.0  20415  -67.2                          20      2  479.2         479.2
   50.0  20650  -65.3                         355      6  489.2         489.2
   49.0  20774  -64.8                         345      6  493.2         493.2
   48.4  20849  -64.5                         349      7  495.6         495.6
   47.0  21030  -64.3                           0     10  500.2         500.2
   45.0  21298  -64.1                         350     16  507.0         507.0
   43.0  21579  -63.9                         310      8  514.1         514.1
   41.0  21873  -63.7                         320      6  521.8         521.8
   39.0  22181  -63.4                         265     10  529.9         529.9
   37.0  22506  -63.1                         235      6  538.6         538.6
   35.0  22849  -62.9                         100      2  548.0         548.0
   34.0  23028  -62.7                         195      4  552.9         552.9
   32.0  23402  -62.4                         230     12  563.4         563.4
   30.0  23800  -62.1                         145     10  574.8         574.8
   29.7  23862  -62.1                         133      9  576.4         576.4
   29.0  24012  -60.2                         105      8  585.6         585.6
   28.0  24232  -57.4                          25      6  599.3         599.3
   27.0  24461  -54.5                           0      6  613.7         613.7
   26.0  24701  -54.9                         335      6  619.2         619.2
   25.0  24951  -55.3                         225      6  625.1         625.1
   23.5  25346  -55.9                         148      9  634.4         634.4
   22.0  25769  -54.2                          65     12  651.6         651.6
   20.0  26380  -51.7                         295     10  677.2         677.2
   19.6  26511  -51.5                         293     10  681.7         681.7
   17.0  27430  -53.2                         275     12  704.5         704.5
   16.0  27821  -53.9                          80      4  714.5         714.5
   15.5  28026  -54.3                          92      4  719.8         719.8
   14.0  28688  -50.0                         130      6  755.7         755.7
   13.4  28973  -48.1                         106     13  771.6         771.6
   13.0  29171  -49.1                          90     17  774.7         774.7
   12.2  29587  -51.3                          90     28  781.3         781.3
   10.6  30503  -50.5                          90     52  816.2         816.2
   10.4  30628  -46.3                          90     55  836.2         836.2
   10.0  30890  -44.5                          90     62  852.3         852.3
    9.0  31601  -42.2                          85     64  887.0         887.0
    8.3  32148  -40.5                          92     67  914.6         914.6
    8.0  32401  -38.2                          95     68  933.3         933.3
    7.7  32664  -35.9                                     952.9         952.9
</PRE><H3>Station information and sounding indices</H3><PRE>
                         Station identifier: WIII
                             Station number: 96749
                           Observation time: 151209/0000
                           Station latitude: -6.11
                          Station longitude: 106.65
                          Station elevation: 8.0
                            Showalter index: 2.26
                               Lifted index: -0.36
    LIFT computed using virtual temperature: -0.60
                                SWEAT index: 176.41
                                    K index: 31.30
                         Cross totals index: 17.10
                      Vertical totals index: 24.10
                        Totals totals index: 41.20
      Convective Available Potential Energy: 113.43
             CAPE using virtual temperature: 161.63
                      Convective Inhibition: -247.67
             CINS using virtual temperature: -182.17
                           Equilibrum Level: 255.22
 Equilibrum Level using virtual temperature: 249.15
                   Level of Free Convection: 605.55
             LFCT using virtual temperature: 637.22
                     Bulk Richardson Number: 54.60
          Bulk Richardson Number using CAPV: 77.80
  Temp [K] of the Lifted Condensation Level: 293.40
Pres [hPa] of the Lifted Condensation Level: 923.07
   Equivalent potential temp [K] of the LCL: 348.64
     Mean mixed layer potential temperature: 300.20
              Mean mixed layer mixing ratio: 16.56
              1000 hPa to 500 hPa thickness: 5809.00
Precipitable water [mm] for entire sounding: 55.28
</PRE>
<P>Description of the 
<A HREF="/upperair/columns.html">data columns</A>
or <A HREF="/upperair/indices.html">sounding indices</A>.

<P>
<FORM>
<INPUT CLASS="button" TYPE="button" VALUE=" Close this window " 
 onClick="window.close();">
<INPUT CLASS="button" TYPE="button" VALUE=" Select another map " 
 onClick="window.blur();">
</FORM>
<HR SIZE="1">
<I>Interested in graduate studies in atmospheric science?
Check out our program at the
<a href="http://www.uwyo.edu/atsc/howtoapply/"
target=_top>University of Wyoming
</a></I>
<HR SIZE="1"><FONT SIZE="-1">
Questions about the weather data provided by this site can be
addressed to <A HREF="mailto:ldoolman@uwyo.edu">
Larry Oolman (ldoolman@uwyo.edu)</A></FONT>
<HR SIZE="1">
<SCRIPT TYPE="text/javascript">
<!--
window.focus();
// -->
</SCRIPT>
</BODY>
</HTML>
