2015-05-04 00
<HTML>
<TITLE>University of Wyoming - Radiosonde Data</TITLE>
<BODY BGCOLOR="white">
<H2>96749 WIII Jakarta Observations at 00Z 04 May 2015</H2>
<PRE>
-----------------------------------------------------------------------------
   PRES   HGHT   TEMP   DWPT   RELH   MIXR   DRCT   SKNT   THTA   THTE   THTV
    hPa     m      C      C      %    g/kg    deg   knot     K      K      K 
-----------------------------------------------------------------------------
 1011.0      8   24.0   22.8     93  17.63    190      3  296.2  347.2  299.3
 1000.0    103   25.6   22.7     84  17.72    165      4  298.8  350.6  301.9
  999.0    112   25.8   22.5     82  17.52    163      4  299.0  350.3  302.2
  978.0    299   25.0   21.2     80  16.53    115      8  300.0  348.6  303.0
  945.0    602   23.6   19.2     76  15.03     90     12  301.6  346.1  304.3
  925.0    790   22.8   17.9     74  14.15     90     10  302.6  344.7  305.2
  914.0    894   22.3   17.2     73  13.73     90      8  303.1  344.1  305.6
  883.0   1193   20.8   15.3     71  12.55    115      4  304.6  342.3  306.9
  853.0   1493   19.4   13.4     68  11.45    260      4  306.1  340.8  308.2
  850.0   1524   19.2   13.2     68  11.34    260      4  306.2  340.6  308.3
  795.0   2097   16.2   11.3     73  10.66    245      8  308.9  341.6  310.9
  788.0   2173   15.8   11.0     73  10.57    244      8  309.3  341.8  311.3
  700.0   3170    9.8    6.7     81   8.87    235     10  313.3  341.1  315.0
  665.0   3591    7.4    4.5     82   8.00    225     10  315.2  340.6  316.7
  617.0   4205    3.8    1.3     83   6.84    195     12  318.0  340.0  319.3
  595.0   4503    2.1   -0.3     84   6.33    170     12  319.3  339.9  320.5
  591.0   4558    1.8   -0.6     84   6.24    170     12  319.5  339.8  320.7
  564.0   4935    0.0   -2.7     82   5.59    168     12  321.7  340.2  322.8
  532.0   5398   -3.0   -4.7     88   5.11    165     12  323.6  340.6  324.6
  512.0   5702   -4.9   -6.0     92   4.80    145      8  324.8  340.9  325.7
  500.0   5890   -6.1   -6.8     95   4.62    155      6  325.5  341.1  326.4
  493.0   5999   -6.7   -7.4     95   4.48    165      6  326.1  341.3  327.0
  439.0   6893  -11.8  -12.2     97   3.43    150      8  330.6  342.6  331.3
  422.0   7197  -13.6  -13.9     97   3.12    165     12  332.2  343.2  332.8
  400.0   7610  -15.9  -16.1     98   2.74    145     10  334.2  344.0  334.8
  390.0   7797  -17.2  -17.4     98   2.51    135     10  334.9  344.0  335.4
  339.0   8834  -24.5  -24.7     98   1.53    135     13  338.7  344.4  339.0
  331.0   9005  -25.9  -26.2     97   1.36    135     14  339.1  344.3  339.4
  318.0   9292  -28.2  -28.8     94   1.12    125     12  339.9  344.1  340.1
  305.0   9592  -30.6  -31.5     91   0.90    145      4  340.6  344.1  340.8
  300.0   9710  -31.5  -32.6     90   0.83    115      6  340.9  344.1  341.0
  292.0   9898  -33.0  -34.1     90   0.74     70      8  341.3  344.2  341.5
  280.0  10189  -35.4  -36.4     91   0.61     60     16  342.0  344.4  342.1
  258.0  10756  -40.1  -40.8     93   0.42     74     23  343.2  344.9  343.3
  250.0  10970  -41.9                          80     25  343.6         343.6
  225.0  11664  -48.1                          95     29  344.6         344.6
  200.0  12440  -55.1                          75     29  345.4         345.4
  186.0  12887  -58.9                          65     29  346.4         346.4
  150.0  14210  -70.3                          60     45  348.8         348.8
  149.0  14250  -70.3                          59     45  349.5         349.5
  145.0  14411  -69.8                          55     47  353.1         353.1
  135.0  14837  -68.3                          40     20  363.0         363.0
  132.0  14967  -69.2                          35     12  363.8         363.8
  119.0  15570  -73.2                          75      8  367.4         367.4
  113.0  15871  -75.2                         150      6  369.1         369.1
  102.0  16467  -79.1                         210     10  372.5         372.5
  101.0  16524  -79.5                         208     10  372.8         372.8
  100.0  16580  -79.9                         205     10  373.1         373.1
   96.0  16807  -81.4                         200     12  374.6         374.6
   91.0  17105  -83.3                         205     16  376.6         376.6
   87.0  17356  -84.9                         175     12  378.2         378.2
   86.0  17420  -85.3                         170     12  378.6         378.6
   82.0  17686  -81.2                          55     12  392.3         392.3
   80.8  17768  -79.9                          48     14  396.5         396.5
   78.0  17967  -79.7                          30     19  401.0         401.0
   74.0  18265  -79.4                          35     19  407.7         407.7
   70.0  18580  -79.1                          90     17  414.8         414.8
   65.0  19002  -77.9                          97     31  426.3         426.3
   63.0  19183  -76.4                         100     37  433.5         433.5
   60.0  19466  -74.0                          95     37  445.0         445.0
   58.7  19592  -72.9                          82     34  450.2         450.2
   57.8  19684  -69.7                          73     31  459.4         459.4
   57.0  19767  -69.6                          65     29  461.5         461.5
   51.0  20432  -68.5                         125     29  479.0         479.0
   50.0  20550  -68.3                         120     31  482.1         482.1
   43.6  21375  -66.7                         100     41  505.3         505.3
   42.0  21602  -63.1                          95     44  519.6         519.6
   38.0  22226  -61.4                          80     51  539.1         539.1
   33.0  23106  -58.9                         105     51  567.7         567.7
   32.0  23298  -58.4                         100     60  574.1         574.1
   31.5  23396  -58.1                         100     60  577.5         577.5
   30.0  23700  -57.3                          90     58  587.8         587.8
   26.0  24611  -54.2                          90     51  621.0         621.0
   24.4  25015  -52.9                         102     51  636.3         636.3
   24.0  25123  -50.8                         105     51  645.4         645.4
   23.2  25344  -46.5                          91     42  664.3         664.3
   22.0  25697  -45.9                          70     29  676.1         676.1
   20.0  26330  -44.9                         350     12  698.0         698.0
   19.0  26673  -44.5                         345     16  709.4         709.4
   18.4  26888  -44.3                         308     14  716.7         716.7
   17.0  27417  -45.8                         215     10  728.1         728.1
   16.6  27576  -46.3                         237      7  731.6         731.6
   16.0  27822  -43.5                         270      2  748.4         748.4
   15.7  27949  -42.1                         260      2  757.1         757.1
   15.0  28256  -42.5                         235      2  765.8         765.8
   14.0  28719  -43.0                         290     10  779.1         779.1
   13.0  29217  -43.7                         305     17  793.7         793.7
   12.0  29755  -44.3                         250     17  809.7         809.7
   10.4  30717  -45.5                         258     16  839.1         839.1
   10.0  30980  -42.7                         260     16  859.0         859.0
    9.3  31475  -37.9                         288     25  895.3         895.3
    9.0  31700  -38.2                         300     29  902.5         902.5
    8.0  32508  -39.3                         270     17  929.1         929.1
    7.0  33431  -36.1                         245     16  978.4         978.4
    6.6  33838  -34.7                                    1000.9        1000.9
</PRE><H3>Station information and sounding indices</H3><PRE>
                         Station identifier: WIII
                             Station number: 96749
                           Observation time: 150504/0000
                           Station latitude: -6.11
                          Station longitude: 106.65
                          Station elevation: 8.0
                            Showalter index: 0.54
                               Lifted index: -2.53
    LIFT computed using virtual temperature: -2.75
                                SWEAT index: 172.41
                                    K index: 35.40
                         Cross totals index: 19.30
                      Vertical totals index: 25.30
                        Totals totals index: 44.60
      Convective Available Potential Energy: 755.71
             CAPE using virtual temperature: 812.03
                      Convective Inhibition: -127.27
             CINS using virtual temperature: -89.96
                           Equilibrum Level: 156.14
 Equilibrum Level using virtual temperature: 154.97
                   Level of Free Convection: 715.47
             LFCT using virtual temperature: 738.91
                     Bulk Richardson Number: 137.42
          Bulk Richardson Number using CAPV: 147.66
  Temp [K] of the Lifted Condensation Level: 293.83
Pres [hPa] of the Lifted Condensation Level: 935.04
   Equivalent potential temp [K] of the LCL: 348.55
     Mean mixed layer potential temperature: 299.54
              Mean mixed layer mixing ratio: 16.75
              1000 hPa to 500 hPa thickness: 5787.00
Precipitable water [mm] for entire sounding: 58.59
</PRE>
<P>Description of the 
<A HREF="/upperair/columns.html">data columns</A>
or <A HREF="/upperair/indices.html">sounding indices</A>.

<P>
<FORM>
<INPUT CLASS="button" TYPE="button" VALUE=" Close this window " 
 onClick="window.close();">
<INPUT CLASS="button" TYPE="button" VALUE=" Select another map " 
 onClick="window.blur();">
</FORM>
<HR SIZE="1">
<I>Interested in graduate studies in atmospheric science?
Check out our program at the
<a href="http://www.uwyo.edu/atsc/howtoapply/"
target=_top>University of Wyoming
</a></I>
<HR SIZE="1"><FONT SIZE="-1">
Questions about the weather data provided by this site can be
addressed to <A HREF="mailto:ldoolman@uwyo.edu">
Larry Oolman (ldoolman@uwyo.edu)</A></FONT>
<HR SIZE="1">
<SCRIPT TYPE="text/javascript">
<!--
window.focus();
// -->
</SCRIPT>
</BODY>
</HTML>
