2013-12-03 00
<HTML>
<TITLE>University of Wyoming - Radiosonde Data</TITLE>
<BODY BGCOLOR="white">
<H2>96749 WIII Jakarta Observations at 00Z 03 Dec 2013</H2>
<PRE>
-----------------------------------------------------------------------------
   PRES   HGHT   TEMP   DWPT   RELH   MIXR   DRCT   SKNT   THTA   THTE   THTV
    hPa     m      C      C      %    g/kg    deg   knot     K      K      K 
-----------------------------------------------------------------------------
 1008.0      8   25.2   24.3     95  19.41    220      3  297.7  354.2  301.1
 1000.0     80   25.6   22.7     84  17.72    210      4  298.8  350.6  301.9
  981.0    249   25.4   21.5     79  16.76    190      6  300.2  349.5  303.2
  976.0    294   25.2   21.4     80  16.72    185      6  300.4  349.6  303.4
  943.0    597   23.5   20.6     83  16.45    105      6  301.7  350.4  304.6
  925.0    766   22.6   20.1     86  16.29    110      4  302.4  350.8  305.4
  911.0    898   21.7   19.5     87  15.97    115      4  302.8  350.4  305.7
  850.0   1499   17.8   17.0     95  14.56    280      2  304.8  348.4  307.4
  838.0   1621   17.4   15.4     88  13.30    269      4  305.6  345.7  308.0
  793.0   2087   14.9   12.7     86  11.75    225     10  307.8  343.6  310.0
  712.0   2997   10.2    7.3     83   9.12    240      6  312.2  340.6  313.9
  700.0   3140    9.4    6.5     82   8.75    225      6  312.9  340.3  314.5
  662.0   3596    7.0    4.5     84   8.04    200      8  315.2  340.7  316.7
  615.0   4197    3.8    1.9     87   7.17    135      8  318.2  341.3  319.6
  593.0   4494    2.2    0.6     89   6.77    120      8  319.7  341.7  321.0
  563.0   4918    0.0   -1.3     91   6.22    141      7  321.9  342.3  323.1
  551.0   5089   -0.9   -2.6     88   5.78    150      6  322.8  341.9  323.9
  530.0   5397   -2.5   -4.9     84   5.06    125      8  324.5  341.4  325.5
  500.0   5860   -4.9   -8.3     77   4.11    115      6  327.0  341.0  327.8
  492.0   5986   -5.6   -9.2     76   3.90    110      6  327.6  341.0  328.4
  473.0   6293   -7.4  -11.3     73   3.43    130      6  329.2  341.1  329.9
  455.0   6595   -9.1  -13.4     71   3.01    100      8  330.7  341.3  331.3
  438.0   6891  -10.8  -15.5     68   2.63    105      6  332.2  341.6  332.7
  425.0   7126  -12.1  -17.1     66   2.37     88      7  333.4  341.9  333.8
  405.0   7495  -13.7  -20.3     58   1.89     60      8  335.9  342.9  336.3
  400.0   7590  -14.1  -21.1     55   1.79     65      8  336.6  343.2  336.9
  386.0   7860  -15.5  -27.5     35   1.04     68      6  338.2  342.2  338.4
  384.0   7899  -15.9  -22.9     55   1.59     68      6  338.2  344.1  338.5
  376.0   8057  -16.5  -31.5     26   0.73     70      4  339.4  342.3  339.6
  374.0   8096  -16.8  -31.6     27   0.73     70      4  339.5  342.4  339.7
  345.0   8692  -21.5  -33.6     33   0.65     55      6  341.1  343.7  341.2
  331.0   8998  -23.9  -34.7     36   0.61     80      6  341.9  344.3  342.0
  323.0   9179  -25.3  -35.3     39   0.59     53      4  342.3  344.7  342.4
  318.0   9291  -26.2  -35.0     44   0.62     35      2  342.6  345.1  342.7
  311.0   9452  -27.5  -34.5     51   0.66     43      3  343.0  345.6  343.1
  300.0   9710  -29.3  -40.3     34   0.38     55      4  344.0  345.5  344.1
  292.0   9902  -30.9  -42.6     31   0.31     55      4  344.4  345.7  344.4
  289.0   9975  -31.5  -43.5     30   0.28     51      4  344.5  345.7  344.6
  266.0  10554  -36.3  -40.7     64   0.41     15      7  345.8  347.5  345.9
  257.0  10790  -38.3  -43.0     61   0.33      0      8  346.2  347.6  346.3
  250.0  10980  -39.9  -44.9     59   0.28     55      6  346.6  347.8  346.7
  246.0  11087  -40.8                          90      6  346.8         346.8
  235.0  11390  -43.5                          35      8  347.3         347.3
  215.0  11980  -48.7                           5      8  348.2         348.2
  205.0  12296  -51.5                         295      6  348.6         348.6
  200.0  12460  -52.9                         345      8  348.8         348.8
  196.0  12586  -54.0                          25      8  349.1         349.1
  187.0  12878  -56.6                          40      8  349.6         349.6
  170.0  13471  -61.8                          20      6  350.6         350.6
  154.0  14086  -67.2                          20      8  351.4         351.4
  150.0  14250  -68.7                          40     12  351.6         351.6
  146.0  14404  -70.0                          60     14  352.0         352.0
  113.0  15859  -82.7                          45     27  355.0         355.0
  101.0  16496  -88.3                          60     45  355.9         355.9
  100.0  16550  -88.3                          60     45  356.9         356.9
   94.1  16882  -86.5                          56     29  366.7         366.7
   92.4  16983  -83.3                          55     25  374.9         374.9
   86.0  17391  -80.9                          50      6  387.6         387.6
   81.0  17733  -78.8                         135      8  398.5         398.5
   77.0  18021  -77.1                          30      6  407.9         407.9
   72.6  18356  -75.1                         325      7  419.0         419.0
   70.0  18570  -72.1                         285      8  429.8         429.8
   63.0  19198  -69.4                         225      6  449.0         449.0
   54.0  20117  -65.4                         205     14  478.4         478.4
   52.0  20343  -64.4                         250     16  485.8         485.8
   51.8  20366  -64.3                         251     16  486.6         486.6
   50.0  20580  -65.1                         265     17  489.7         489.7
   49.0  20703  -65.1                         275     17  492.5         492.5
   47.0  20958  -65.1                         275     17  498.5         498.5
   42.0  21644  -65.0                         235     39  515.0         515.0
   37.5  22336  -64.9                         239     26  532.1         532.1
   37.0  22419  -64.5                         240     25  535.1         535.1
   33.0  23129  -61.2                         265     17  561.6         561.6
   30.0  23720  -58.5                         235     19  584.6         584.6
   29.0  23933  -58.4                         240     16  590.5         590.5
   28.1  24132  -58.3                         253     14  596.2         596.2
   27.0  24385  -58.0                         270     12  604.0         604.0
   24.0  25130  -57.0                         265     14  627.5         627.5
   22.0  25681  -56.2                         200      6  645.5         645.5
   21.7  25767  -56.1                         176      5  648.4         648.4
   21.0  25978  -54.9                         120      4  658.2         658.2
   20.0  26290  -53.1                          95      8  672.9         672.9
   17.3  27235  -47.9                           1      8  717.9         717.9
   17.0  27350  -47.9                         350      8  721.4         721.4
   16.0  27749  -48.0                         280      8  733.6         733.6
   15.0  28174  -48.2                         145      6  746.9         746.9
   14.0  28628  -48.3                         155     17  761.3         761.3
   13.0  29116  -48.5                         110     35  777.1         777.1
   12.0  29643  -48.6                          95     43  794.5         794.5
   11.5  29923  -48.7                                     803.9         803.9
</PRE><H3>Station information and sounding indices</H3><PRE>
                         Station identifier: WIII
                             Station number: 96749
                           Observation time: 131203/0000
                           Station latitude: -6.11
                          Station longitude: 106.65
                          Station elevation: 8.0
                            Showalter index: -1.27
                               Lifted index: -1.91
    LIFT computed using virtual temperature: -2.25
                                SWEAT index: 214.00
                                    K index: 36.80
                         Cross totals index: 21.90
                      Vertical totals index: 22.70
                        Totals totals index: 44.60
      Convective Available Potential Energy: 472.46
             CAPE using virtual temperature: 570.48
                      Convective Inhibition: -42.21
             CINS using virtual temperature: -36.83
                           Equilibrum Level: 185.19
 Equilibrum Level using virtual temperature: 185.03
                   Level of Free Convection: 813.29
             LFCT using virtual temperature: 842.91
                     Bulk Richardson Number: 18060.16
          Bulk Richardson Number using CAPV: 21807.18
  Temp [K] of the Lifted Condensation Level: 294.18
Pres [hPa] of the Lifted Condensation Level: 934.55
   Equivalent potential temp [K] of the LCL: 350.16
     Mean mixed layer potential temperature: 299.94
              Mean mixed layer mixing ratio: 17.13
              1000 hPa to 500 hPa thickness: 5780.00
Precipitable water [mm] for entire sounding: 60.97
</PRE>
<P>Description of the 
<A HREF="/upperair/columns.html">data columns</A>
or <A HREF="/upperair/indices.html">sounding indices</A>.

<P>
<FORM>
<INPUT CLASS="button" TYPE="button" VALUE=" Close this window " 
 onClick="window.close();">
<INPUT CLASS="button" TYPE="button" VALUE=" Select another map " 
 onClick="window.blur();">
</FORM>
<HR SIZE="1">
<I>Interested in graduate studies in atmospheric science?
Check out our program at the
<a href="http://www.uwyo.edu/atsc/howtoapply/"
target=_top>University of Wyoming
</a></I>
<HR SIZE="1"><FONT SIZE="-1">
Questions about the weather data provided by this site can be
addressed to <A HREF="mailto:ldoolman@uwyo.edu">
Larry Oolman (ldoolman@uwyo.edu)</A></FONT>
<HR SIZE="1">
<SCRIPT TYPE="text/javascript">
<!--
window.focus();
// -->
</SCRIPT>
</BODY>
</HTML>
