2013-02-02 12
<HTML>
<TITLE>University of Wyoming - Radiosonde Data</TITLE>
<BODY BGCOLOR="white">
<H2>96749 WIII Jakarta Observations at 00Z 02 Feb 2013</H2>
<PRE>
-----------------------------------------------------------------------------
   PRES   HGHT   TEMP   DWPT   RELH   MIXR   DRCT   SKNT   THTA   THTE   THTV
    hPa     m      C      C      %    g/kg    deg   knot     K      K      K 
-----------------------------------------------------------------------------
 1010.0      8   25.0   24.1     95  19.14    270      4  297.3  352.9  300.7
 1000.0     97   25.2   21.9     82  16.85    285      6  298.4  347.5  301.4
  977.0    302   25.6   21.5     78  16.83    325     10  300.7  350.4  303.8
  925.0    781   21.6   18.6     83  14.80    325      6  301.4  345.2  304.1
  913.0    894   20.9   18.1     84  14.58    330      6  301.8  345.0  304.4
  881.0   1202   18.9   16.9     88  13.97    305      4  302.9  344.4  305.4
  851.0   1501   17.1   15.7     92  13.39    345      4  303.9  344.0  306.4
  850.0   1511   17.0   15.7     92  13.37    345      4  303.9  343.9  306.4
  846.0   1551   17.0   15.5     91  13.26    345      4  304.4  344.1  306.8
  807.0   1953   14.2   13.1     93  11.88    349      4  305.5  341.3  307.7
  804.0   1985   15.6   13.4     87  12.16    349      4  307.3  344.3  309.6
  793.0   2101   15.1   12.7     85  11.77    350      4  308.0  343.9  310.2
  766.0   2393   14.0   10.9     82  10.82    315      6  309.9  343.2  311.9
  739.0   2696   12.8    9.1     78   9.90    345      6  311.8  342.5  313.6
  713.0   2998   11.6    7.2     75   9.04    320      8  313.7  342.1  315.4
  700.0   3153   11.0    6.3     73   8.63    335     10  314.6  341.9  316.3
  688.0   3297   10.0    5.3     73   8.21    345     10  315.1  341.1  316.6
  669.0   3529    8.4    3.8     73   7.57    335     11  315.8  339.9  317.3
  640.0   3890    6.0    2.1     76   7.02    320     12  317.1  339.7  318.5
  616.0   4201    4.0    0.7     79   6.58    325      6  318.3  339.5  319.5
  572.0   4804    0.0   -2.1     86   5.77    298      7  320.4  339.3  321.5
  551.0   5101   -1.6   -4.4     81   5.03    285      8  322.0  338.7  322.9
  511.0   5699   -4.8   -9.1     72   3.79    255     16  325.1  337.9  325.8
  510.0   5715   -4.9   -9.2     72   3.76    255     16  325.2  337.9  325.9
  500.0   5870   -5.7  -13.7     53   2.67    250     16  326.0  335.3  326.6
  467.0   6403   -8.9  -16.9     52   2.19    246     13  328.5  336.2  328.9
  458.0   6554   -8.7  -25.7     24   1.04    245     12  330.6  334.4  330.8
  455.0   6604   -9.0  -26.0     24   1.01    245     12  330.8  334.5  331.0
  421.0   7198  -12.9  -29.9     23   0.76    230     10  333.2  336.1  333.3
  400.0   7590  -15.5  -32.5     22   0.63    200     10  334.8  337.2  334.9
  374.0   8090  -19.1  -35.7     22   0.49    180     14  336.4  338.4  336.6
  341.0   8777  -24.1  -40.1     21   0.34    160     15  338.7  340.1  338.8
  317.0   9303  -28.3  -41.5     27   0.32    145     16  340.0  341.3  340.0
  300.0   9700  -31.5  -42.5     33   0.30    155     17  340.9  342.1  340.9
  279.0  10208  -36.3  -43.3     48   0.30    150     12  341.1  342.3  341.1
  268.0  10484  -38.0  -43.5     56   0.31    135      6  342.6  343.8  342.6
  256.0  10799  -39.9  -43.7     67   0.31      5      4  344.2  345.5  344.3
  255.0  10825  -40.1  -43.7     68   0.31      3      4  344.4  345.7  344.4
  250.0  10960  -41.3                         350      6  344.5         344.5
  245.0  11093  -42.5                         335      8  344.8         344.8
  234.0  11396  -45.1                          40      8  345.3         345.3
  214.0  11984  -50.4                         345     16  346.1         346.1
  204.0  12300  -53.1                         320     23  346.5         346.5
  200.0  12430  -54.3                         325     23  346.6         346.6
  186.0  12882  -57.5                         345     21  348.7         348.7
  177.0  13190  -59.6                         320     16  350.2         350.2
  169.0  13478  -61.7                         260     10  351.4         351.4
  161.0  13780  -63.8                         240     14  352.8         352.8
  150.0  14220  -66.9                         240     16  354.6         354.6
  133.0  14938  -72.7                         230     26  356.7         356.7
  125.0  15294  -75.1                         225     31  358.7         358.7
  119.0  15576  -77.1                         230     31  360.2         360.2
  102.0  16460  -83.1                         188      8  364.9         364.9
  101.0  16515  -83.2                         185      6  365.7         365.7
  100.0  16570  -83.3                         175      6  366.5         366.5
   96.0  16794  -84.2                         135      4  369.2         369.2
   82.5  17626  -87.3                         130     23  379.1         379.1
   81.0  17727  -86.8                         135     23  382.0         382.0
   77.0  18004  -85.6                         145     16  390.3         390.3
   75.0  18148  -84.9                          96     13  394.6         394.6
   73.1  18292  -77.9                          48     10  412.3         412.3
   73.0  18299  -77.8                          45     10  412.6         412.6
   70.0  18540  -76.1                          50      6  421.3         421.3
   69.0  18623  -75.8                          50      6  423.7         423.7
   66.0  18881  -74.8                         135     16  431.1         431.1
   63.2  19132  -73.9                         124     18  438.6         438.6
   56.0  19838  -73.4                          95     25  455.1         455.1
   51.5  20327  -73.1                          77     29  466.9         466.9
   51.0  20384  -72.7                          75     29  469.1         469.1
   50.0  20500  -71.9                          75     31  473.6         473.6
   38.0  22154  -65.7                          90     62  528.0         528.0
   36.0  22480  -64.5                          85     74  539.3         539.3
   35.8  22513  -64.4                          85     74  540.5         540.5
   32.6  23078  -62.3                          82     59  560.8         560.8
   31.4  23311  -57.7                          81     52  579.2         579.2
   30.0  23600  -55.9                          80     45  591.6         591.6
   27.3  24200  -55.7                         107     29  608.4         608.4
   27.0  24271  -55.4                         110     27  611.2         611.2
   23.0  25303  -50.9                         125     47  653.1         653.1
   22.7  25388  -50.5                         122     46  656.6         656.6
   20.0  26210  -52.1                          95     31  675.9         675.9
   19.0  26540  -53.5                          85     29  681.7         681.7
   18.0  26888  -54.9                          85     37  687.8         687.8
   17.0  27257  -52.4                         125     29  707.1         707.1
   16.0  27650  -49.8                         110     31  728.0         728.0
   15.9  27690  -49.5                         111     30  730.2         730.2
   15.1  28028  -50.3                         123     22  738.4         738.4
   15.0  28071  -48.2                         125     21  746.8         746.8
   14.9  28115  -46.1                         125     21  755.2         755.2
   13.0  29026  -44.8                         130     19  789.9         789.9
   12.4  29341  -44.3                         180     17  802.2         802.2
   12.0  29561  -44.5                         215     16  809.2         809.2
   11.0  30143  -44.9                         165     14  828.0         828.0
   10.5  30454  -45.1                         150     18  838.3         838.3
   10.0  30780  -44.7                         135     23  851.6         851.6
    9.0  31487  -43.9                          70     16  880.9         880.9
    8.0  32278  -42.9                                     914.8         914.8
</PRE><H3>Station information and sounding indices</H3><PRE>
                         Station identifier: WIII
                             Station number: 96749
                           Observation time: 130202/0000
                           Station latitude: -6.11
                          Station longitude: 106.65
                          Station elevation: 8.0
                            Showalter index: -0.38
                               Lifted index: -2.36
    LIFT computed using virtual temperature: -2.91
                                SWEAT index: 212.41
                                    K index: 33.70
                         Cross totals index: 21.40
                      Vertical totals index: 22.70
                        Totals totals index: 44.10
      Convective Available Potential Energy: 723.65
             CAPE using virtual temperature: 831.92
                      Convective Inhibition: -22.45
             CINS using virtual temperature: -15.52
                           Equilibrum Level: 185.66
 Equilibrum Level using virtual temperature: 185.65
                   Level of Free Convection: 869.90
             LFCT using virtual temperature: 883.89
                     Bulk Richardson Number: 6124.01
          Bulk Richardson Number using CAPV: 7040.27
  Temp [K] of the Lifted Condensation Level: 293.91
Pres [hPa] of the Lifted Condensation Level: 933.33
   Equivalent potential temp [K] of the LCL: 349.19
     Mean mixed layer potential temperature: 299.78
              Mean mixed layer mixing ratio: 16.86
              1000 hPa to 500 hPa thickness: 5773.00
Precipitable water [mm] for entire sounding: 56.33
</PRE>
<P>Description of the 
<A HREF="/upperair/columns.html">data columns</A>
or <A HREF="/upperair/indices.html">sounding indices</A>.

<P>
<FORM>
<INPUT CLASS="button" TYPE="button" VALUE=" Close this window " 
 onClick="window.close();">
<INPUT CLASS="button" TYPE="button" VALUE=" Select another map " 
 onClick="window.blur();">
</FORM>
<HR SIZE="1">
<I>Interested in graduate studies in atmospheric science?
Check out our program at the
<a href="http://www.uwyo.edu/atsc/howtoapply/"
target=_top>University of Wyoming
</a></I>
<HR SIZE="1"><FONT SIZE="-1">
Questions about the weather data provided by this site can be
addressed to <A HREF="mailto:ldoolman@uwyo.edu">
Larry Oolman (ldoolman@uwyo.edu)</A></FONT>
<HR SIZE="1">
<SCRIPT TYPE="text/javascript">
<!--
window.focus();
// -->
</SCRIPT>
</BODY>
</HTML>
