2013-04-03 12
<HTML>
<TITLE>University of Wyoming - Radiosonde Data</TITLE>
<BODY BGCOLOR="white">
<H2>96749 WIII Jakarta Observations at 00Z 03 Apr 2013</H2>
<PRE>
-----------------------------------------------------------------------------
   PRES   HGHT   TEMP   DWPT   RELH   MIXR   DRCT   SKNT   THTA   THTE   THTV
    hPa     m      C      C      %    g/kg    deg   knot     K      K      K 
-----------------------------------------------------------------------------
 1007.0      8   25.6   24.4     93  19.55    230      4  298.2  355.2  301.6
 1000.0     73   26.2   23.7     86  18.86    245      4  299.4  354.7  302.7
  975.0    297   25.7   22.1     80  17.50      0      0  301.1  352.8  304.2
  957.0    462   25.4   20.9     76  16.55     18      1  302.3  351.5  305.3
  925.0    761   23.2   19.2     78  15.38     50      2  303.0  348.8  305.8
  910.0    903   22.3   18.6     80  15.07     80      2  303.5  348.5  306.2
  880.0   1194   20.4   17.4     83  14.45     75      4  304.4  347.7  307.1
  850.0   1495   18.4   16.2     87  13.82     40      2  305.4  347.0  307.9
  792.0   2097   14.9   13.4     90  12.33    135      6  307.9  345.5  310.2
  752.0   2538   12.4   11.3     93  11.31    109      5  309.8  344.5  311.9
  711.0   3007   10.4    8.2     87   9.72     80      4  312.5  342.9  314.4
  700.0   3138    9.8    7.4     85   9.31     85      6  313.3  342.5  315.1
  686.0   3303    9.1    6.4     84   8.89     95      8  314.3  342.3  316.0
  638.0   3897    6.4    3.0     79   7.48     65     10  317.8  341.9  319.2
  615.0   4197    5.0    1.2     77   6.84     65     10  319.6  341.8  320.9
  571.0   4804    2.3   -2.3     72   5.68    115      8  323.2  342.1  324.3
  549.0   5125    0.8   -4.2     69   5.13    111      9  325.1  342.4  326.2
  537.0   5303    0.0   -7.0     59   4.24    108     10  326.2  340.6  327.1
  500.0   5870   -4.1   -9.1     68   3.86    100     12  328.0  341.2  328.7
  492.0   5996   -5.2  -10.6     66   3.48    100     12  328.2  340.2  328.9
  465.0   6439   -8.9  -15.9     57   2.39    105     12  328.9  337.3  329.4
  462.0   6489   -9.1  -18.1     48   2.00    106     12  329.2  336.4  329.6
  460.0   6523   -8.3  -28.3     18   0.81    106     12  330.6  333.7  330.8
  421.0   7206  -11.3  -41.5      6   0.24    115     12  335.2  336.2  335.3
  400.0   7600  -13.1  -49.1      3   0.11    135     25  337.9  338.4  337.9
  389.0   7805  -14.6  -49.7      3   0.11    135     31  338.6  339.1  338.6
  318.0   9291  -25.4  -54.2      5   0.08    120     17  343.7  344.1  343.7
  300.0   9720  -28.5  -55.5      6   0.07    155     14  345.1  345.4  345.1
  295.0   9840  -29.3  -50.3     11   0.13    164     15  345.6  346.2  345.6
  280.0  10206  -32.4  -48.7     18   0.16    190     17  346.4  347.1  346.4
  257.0  10807  -37.5  -46.0     41   0.24    200     16  347.5  348.5  347.5
  250.0  11000  -39.1  -45.1     53   0.27    190     14  347.8  349.0  347.9
  245.0  11137  -40.1  -46.1     53   0.25    185     14  348.3  349.4  348.4
  225.0  11701  -45.1                         165     14  349.2         349.2
  200.0  12480  -52.1                         180     14  350.1         350.1
  179.0  13174  -57.9                         175     17  351.9         351.9
  150.0  14280  -67.1                         135     16  354.3         354.3
  133.0  14977  -72.5                         115     14  357.1         357.1
  126.0  15291  -74.9                          80      6  358.3         358.3
  120.0  15573  -77.1                          75      8  359.3         359.3
  108.0  16184  -81.8                         105     14  361.4         361.4
  104.0  16403  -83.5                         110     17  362.1         362.1
  100.0  16620  -85.1                         115     21  363.1         363.1
   97.0  16785  -86.0                         120     19  364.6         364.6
   80.3  17807  -91.3                          90     35  373.8         373.8
   77.0  18032  -88.2                          90     33  384.7         384.7
   76.0  18102  -87.3                          86     32  388.1         388.1
   73.5  18289  -77.3                          77     28  412.9         412.9
   73.0  18328  -77.0                          75     27  414.3         414.3
   70.0  18570  -75.3                          85     25  423.0         423.0
   66.0  18915  -74.1                         110     25  432.7         432.7
   63.0  19188  -73.2                          80     17  440.5         440.5
   60.0  19474  -72.3                         100     16  448.8         448.8
   58.3  19642  -71.7                          96     19  453.8         453.8
   51.0  20433  -72.1                          78     33  470.5         470.5
   50.0  20550  -70.1                          75     35  477.9         477.9
   49.0  20671  -69.5                          70     37  481.9         481.9
   44.1  21303  -66.7                          75     52  503.6         503.6
   44.0  21317  -66.7                          75     52  504.1         504.1
   36.0  22542  -63.5                         100     37  542.0         542.0
   34.3  22837  -62.7                         108     45  551.6         551.6
   34.0  22892  -62.1                         110     47  554.5         554.5
   33.0  23080  -60.1                         105     35  564.6         564.6
   31.0  23474  -55.9                         120     19  586.1         586.1
   30.0  23680  -53.7                         160     17  597.6         597.6
   29.3  23833  -50.5                         181     15  610.5         610.5
   29.0  23900  -50.6                         190     14  612.0         612.0
   27.0  24365  -51.2                         255     25  623.0         623.0
   25.0  24866  -51.8                         250     31  635.0         635.0
   23.0  25409  -52.5                         230      4  648.3         648.3
   22.0  25699  -51.7                         260     17  659.1         659.1
   20.0  26320  -49.9                         205     17  682.7         682.7
   19.0  26658  -48.2                         195     12  697.9         697.9
   18.0  27014  -46.5                         260     10  714.4         714.4
   17.8  27088  -46.1                         263     10  717.8         717.8
   17.0  27393  -46.3                         275     10  726.7         726.7
   16.0  27795  -46.5                         280     14  738.7         738.7
   15.0  28222  -46.7                         295     17  751.6         751.6
   14.0  28680  -47.0                         260     27  765.7         765.7
   13.0  29171  -47.3                         255      8  781.2         781.2
   12.9  29222  -47.3                         267      8  782.8         782.8
   12.0  29707  -42.3                          15      8  817.0         817.0
   11.8  29820  -41.1                                     825.0         825.0
   11.0  30297  -40.3                                     844.6         844.6
</PRE><H3>Station information and sounding indices</H3><PRE>
                         Station identifier: WIII
                             Station number: 96749
                           Observation time: 130403/0000
                           Station latitude: -6.11
                          Station longitude: 106.65
                          Station elevation: 8.0
                            Showalter index: 0.06
                               Lifted index: -2.09
    LIFT computed using virtual temperature: -2.55
                                SWEAT index: 210.41
                                    K index: 36.30
                         Cross totals index: 20.30
                      Vertical totals index: 22.50
                        Totals totals index: 42.80
      Convective Available Potential Energy: 678.71
             CAPE using virtual temperature: 829.48
                      Convective Inhibition: -40.24
             CINS using virtual temperature: -29.16
                           Equilibrum Level: 170.01
 Equilibrum Level using virtual temperature: 169.10
                   Level of Free Convection: 845.39
             LFCT using virtual temperature: 861.75
                     Bulk Richardson Number: 133.81
          Bulk Richardson Number using CAPV: 163.53
  Temp [K] of the Lifted Condensation Level: 294.73
Pres [hPa] of the Lifted Condensation Level: 932.34
   Equivalent potential temp [K] of the LCL: 352.99
     Mean mixed layer potential temperature: 300.70
              Mean mixed layer mixing ratio: 17.78
              1000 hPa to 500 hPa thickness: 5797.00
Precipitable water [mm] for entire sounding: 58.29
</PRE>
<P>Description of the 
<A HREF="/upperair/columns.html">data columns</A>
or <A HREF="/upperair/indices.html">sounding indices</A>.

<P>
<FORM>
<INPUT CLASS="button" TYPE="button" VALUE=" Close this window " 
 onClick="window.close();">
<INPUT CLASS="button" TYPE="button" VALUE=" Select another map " 
 onClick="window.blur();">
</FORM>
<HR SIZE="1">
<I>Interested in graduate studies in atmospheric science?
Check out our program at the
<a href="http://www.uwyo.edu/atsc/howtoapply/"
target=_top>University of Wyoming
</a></I>
<HR SIZE="1"><FONT SIZE="-1">
Questions about the weather data provided by this site can be
addressed to <A HREF="mailto:ldoolman@uwyo.edu">
Larry Oolman (ldoolman@uwyo.edu)</A></FONT>
<HR SIZE="1">
<SCRIPT TYPE="text/javascript">
<!--
window.focus();
// -->
</SCRIPT>
</BODY>
</HTML>
