2014-01-30 12
<HTML>
<TITLE>University of Wyoming - Radiosonde Data</TITLE>
<BODY BGCOLOR="white">
<H2>96749 WIII Jakarta Observations at 00Z 30 Jan 2014</H2>
<PRE>
-----------------------------------------------------------------------------
   PRES   HGHT   TEMP   DWPT   RELH   MIXR   DRCT   SKNT   THTA   THTE   THTV
    hPa     m      C      C      %    g/kg    deg   knot     K      K      K 
-----------------------------------------------------------------------------
 1011.0      8   25.8   23.1     85  17.96    290      6  298.0  350.4  301.2
 1000.0    104   25.8   21.0     75  15.93    300     10  298.9  345.6  301.8
  978.0    298   24.1   19.9     78  15.21    320     16  299.1  343.7  301.9
  925.0    785   19.8   17.2     85  13.53    320     21  299.6  339.3  302.0
  913.0    897   19.2   16.9     86  13.41    320     21  300.1  339.5  302.5
  850.0   1512   16.0   15.0     94  12.77    305     17  302.9  341.0  305.2
  846.0   1552   15.8   14.8     94  12.67    304     17  303.1  340.9  305.4
  793.0   2097   13.4   12.2     92  11.36    295     12  306.2  340.6  308.3
  739.0   2690   10.8    9.3     91  10.06    290     10  309.5  340.5  311.4
  713.0   2992    9.4    7.9     90   9.44    270     14  311.2  340.5  313.0
  705.0   3087    9.0    7.4     90   9.25    273     14  311.8  340.6  313.5
  700.0   3146    8.6    2.6     66   6.64    275     14  312.0  332.9  313.2
  697.0   3182    8.6    0.6     57   5.77    276     14  312.4  330.7  313.4
  693.0   3229   11.0    0.0     47   5.55    278     14  315.5  333.4  316.6
  675.0   3448    9.4    2.4     62   6.79    287     15  316.1  337.9  317.4
  639.0   3898    5.9   -1.6     58   5.34    305     16  317.2  334.5  318.2
  616.0   4199    3.6   -4.3     56   4.53    290     14  317.9  332.7  318.7
  612.0   4252    3.2   -4.8     56   4.40    290     14  318.0  332.4  318.8
  574.0   4769    0.0   -3.4     78   5.21    293     14  320.1  337.2  321.1
  551.0   5093   -2.3   -5.0     81   4.80    295     14  321.2  337.1  322.1
  511.0   5689   -6.5   -8.0     89   4.11    260      8  323.1  336.9  323.9
  509.0   5720   -6.7   -8.2     89   4.07    262      8  323.1  336.9  323.9
  502.0   5829   -5.7   -9.6     74   3.70    268      6  325.6  338.3  326.4
  500.0   5860   -5.9   -9.8     74   3.65    270      6  325.8  338.3  326.5
  473.0   6290   -8.7  -12.8     72   3.04    300      8  327.6  338.1  328.2
  455.0   6591  -10.6  -14.9     70   2.66    255     10  328.8  338.1  329.4
  429.0   7047  -13.5  -18.1     68   2.16    255     12  330.7  338.4  331.1
  421.0   7191  -13.2  -22.9     44   1.45    255     12  332.9  338.2  333.2
  419.0   7227  -13.1  -24.1     39   1.31    258     12  333.4  338.3  333.7
  400.0   7580  -15.5  -31.5     24   0.69    290     12  334.8  337.4  334.9
  388.0   7807  -17.2  -34.6     21   0.53    315     10  335.4  337.5  335.5
  365.0   8264  -20.7  -40.7     15   0.30    294     12  336.7  337.9  336.8
  350.0   8572  -23.5  -29.5     58   0.95    280     13  337.0  340.6  337.2
  330.0   8995  -26.7  -31.8     62   0.82    260     14  338.3  341.5  338.4
  316.0   9307  -29.1  -33.4     66   0.73    260     12  339.2  342.1  339.4
  300.0   9680  -31.9  -35.4     71   0.63    215      6  340.3  342.8  340.4
  294.0   9822  -33.1  -36.8     69   0.56    194      6  340.6  342.8  340.7
  290.0   9917  -33.9  -37.7     69   0.52    180      6  340.8  342.9  340.9
  278.0  10210  -36.3  -40.3     66   0.41     95      4  341.5  343.1  341.6
  260.0  10674  -40.1  -44.5     63   0.28    107     12  342.4  343.6  342.5
  255.0  10805  -41.1                         110     14  342.9         342.9
  250.0  10940  -42.1                         100     14  343.3         343.3
  233.0  11404  -45.8                          80     19  344.7         344.7
  200.0  12410  -53.9                          85     49  347.2         347.2
  168.0  13495  -61.0                          85     68  353.1         353.1
  150.0  14200  -65.7                          85     43  356.7         356.7
  131.0  14990  -72.0                          70     12  359.5         359.5
  124.0  15310  -74.6                         320      2  360.5         360.5
  118.0  15600  -76.9                         305      6  361.4         361.4
  112.0  15904  -79.3                         200      6  362.3         362.3
  106.0  16225  -81.9                         130     12  363.1         363.1
  100.0  16550  -83.3                         100     25  366.5         366.5
   98.5  16634  -83.7                          95     27  367.4         367.4
   90.0  17135  -83.3                          75     35  377.6         377.6
   80.1  17782  -82.9                          71     26  391.4         391.4
   77.0  18002  -81.8                          70     23  398.0         398.0
   76.0  18075  -81.5                          71     21  400.2         400.2
   74.5  18189  -75.9                          73     18  414.2         414.2
   70.0  18550  -73.9                          80      8  426.0         426.0
   69.0  18635  -73.2                          80      8  429.2         429.2
   66.0  18896  -71.0                         330     16  439.5         439.5
   64.0  19077  -69.5                         297     16  446.7         446.7
   63.0  19171  -69.5                         280     16  448.8         448.8
   57.0  19768  -69.2                         270     23  462.4         462.4
   54.0  20090  -69.0                         260     12  470.0         470.0
   51.9  20326  -68.9                         274     15  475.6         475.6
   51.0  20431  -68.0                         280     16  480.2         480.2
   50.0  20550  -66.9                         265     16  485.4         485.4
   49.0  20674  -66.7                         250     16  488.8         488.8
   46.0  21061  -66.0                         285     17  499.3         499.3
   44.0  21333  -65.5                         185      6  506.9         506.9
   42.0  21618  -65.0                         290     10  514.9         514.9
   40.0  21917  -64.5                         325     14  523.5         523.5
   35.0  22735  -63.0                         280     19  547.7         547.7
   33.0  23096  -62.3                         285     10  558.7         558.7
   31.0  23479  -61.7                         240      8  570.6         570.6
   30.0  23680  -61.3                         175     10  577.0         577.0
   27.0  24341  -59.5                         100     12  599.6         599.6
   26.0  24578  -58.9                          55     10  607.9         607.9
   25.0  24824  -58.2                          50     21  616.6         616.6
   24.0  25080  -57.5                          25     12  625.9         625.9
   22.3  25541  -56.3                         339      7  642.8         642.8
   22.0  25627  -56.5                         330      6  644.8         644.8
   21.0  25921  -57.0                         350     10  651.9         651.9
   20.0  26230  -57.5                         155     14  659.4         659.4
   19.0  26555  -57.1                         145     27  670.5         670.5
   18.0  26898  -56.6                         110     16  682.3         682.3
   17.0  27260  -56.2                          95     25  695.0         695.0
   16.0  27644  -55.7                          98     31  708.7         708.7
   14.0  28512  -52.5                         105     45  747.1         747.1
   12.2  29407  -49.2                         100     78  788.7         788.7
   12.0  29514  -48.8                         100     78  793.8         793.8
   11.0  30080  -46.7                          85     66  821.4         821.4
   10.9  30139  -46.5                                     824.3         824.3
</PRE><H3>Station information and sounding indices</H3><PRE>
                         Station identifier: WIII
                             Station number: 96749
                           Observation time: 140130/0000
                           Station latitude: -6.11
                          Station longitude: 106.65
                          Station elevation: 8.0
                            Showalter index: 0.60
                               Lifted index: -0.76
    LIFT computed using virtual temperature: -1.02
                                SWEAT index: 220.00
                                    K index: 30.90
                         Cross totals index: 20.90
                      Vertical totals index: 21.90
                        Totals totals index: 42.80
      Convective Available Potential Energy: 174.41
             CAPE using virtual temperature: 237.14
                      Convective Inhibition: -7.99
             CINS using virtual temperature: -2.05
                           Equilibrum Level: 258.80
 Equilibrum Level using virtual temperature: 258.49
                   Level of Free Convection: 873.15
             LFCT using virtual temperature: 904.44
                     Bulk Richardson Number: 111.25
          Bulk Richardson Number using CAPV: 151.26
  Temp [K] of the Lifted Condensation Level: 292.49
Pres [hPa] of the Lifted Condensation Level: 925.85
   Equivalent potential temp [K] of the LCL: 344.35
     Mean mixed layer potential temperature: 299.01
              Mean mixed layer mixing ratio: 15.54
              1000 hPa to 500 hPa thickness: 5756.00
Precipitable water [mm] for entire sounding: 53.59
</PRE>
<P>Description of the 
<A HREF="/upperair/columns.html">data columns</A>
or <A HREF="/upperair/indices.html">sounding indices</A>.

<P>
<FORM>
<INPUT CLASS="button" TYPE="button" VALUE=" Close this window " 
 onClick="window.close();">
<INPUT CLASS="button" TYPE="button" VALUE=" Select another map " 
 onClick="window.blur();">
</FORM>
<HR SIZE="1">
<I>Interested in graduate studies in atmospheric science?
Check out our program at the
<a href="http://www.uwyo.edu/atsc/howtoapply/"
target=_top>University of Wyoming
</a></I>
<HR SIZE="1"><FONT SIZE="-1">
Questions about the weather data provided by this site can be
addressed to <A HREF="mailto:ldoolman@uwyo.edu">
Larry Oolman (ldoolman@uwyo.edu)</A></FONT>
<HR SIZE="1">
<SCRIPT TYPE="text/javascript">
<!--
window.focus();
// -->
</SCRIPT>
</BODY>
</HTML>
