2015-07-16 00
<HTML>
<TITLE>University of Wyoming - Radiosonde Data</TITLE>
<BODY BGCOLOR="white">
<H2>96749 WIII Jakarta Observations at 00Z 16 Jul 2015</H2>
<PRE>
-----------------------------------------------------------------------------
   PRES   HGHT   TEMP   DWPT   RELH   MIXR   DRCT   SKNT   THTA   THTE   THTV
    hPa     m      C      C      %    g/kg    deg   knot     K      K      K 
-----------------------------------------------------------------------------
 1010.0      8   26.0   21.7     77  16.48    130      7  298.3  346.4  301.2
 1000.0     94   25.8   22.1     80  17.07    120     10  298.9  348.9  302.0
  977.0    298   24.7   21.2     81  16.49     95     19  299.8  348.2  302.8
  925.0    779   22.0   19.0     83  15.19     85     21  301.8  346.8  304.5
  912.0    901   21.4   18.1     81  14.51     85     21  302.4  345.5  305.0
  851.0   1500   18.4   13.5     73  11.54     75     14  305.4  340.2  307.5
  850.0   1510   18.4   13.4     73  11.49     75     14  305.4  340.1  307.5
  793.0   2101   15.5   10.5     72  10.18     35      8  308.4  339.6  310.3
  766.0   2396   14.0    9.1     72   9.57     15      4  309.9  339.5  311.7
  751.0   2564   13.2    8.3     72   9.23     26      7  310.8  339.4  312.5
  713.0   2999   10.5    4.8     68   7.64     55     14  312.5  336.5  313.9
  700.0   3153    9.6    3.6     66   7.13     60     16  313.1  335.6  314.4
  618.0   4178    4.8  -11.2     30   2.64     70     16  318.9  327.9  319.4
  617.0   4191    4.7  -11.2     30   2.64     70     16  319.0  327.9  319.5
  573.0   4788    0.2  -12.0     40   2.68     55      8  320.5  329.6  321.0
  571.0   4816    0.0  -12.0     40   2.68     49      7  320.6  329.7  321.1
  561.0   4958   -1.1   -7.1     64   4.02     21      5  320.9  334.3  321.7
  555.0   5043   -1.9   -3.5     89   5.35      4      3  320.9  338.6  322.0
  552.0   5086   -2.0   -4.3     84   5.07    355      2  321.4  338.1  322.3
  547.0   5159   -2.1   -5.6     77   4.63      8      3  322.0  337.5  322.9
  544.0   5202   -1.9  -10.9     50   3.08     16      4  322.8  333.3  323.4
  536.0   5320   -2.5   -9.5     59   3.49     37      5  323.4  335.3  324.1
  531.0   5394   -2.1  -14.1     39   2.43     50      6  324.8  333.2  325.2
  528.0   5439   -1.9  -16.9     31   1.94     49      6  325.6  332.4  325.9
  511.0   5698   -3.6  -18.6     30   1.74     45      8  326.6  332.8  326.9
  500.0   5870   -4.7  -19.7     30   1.61     55      8  327.2  333.0  327.6
  473.0   6301   -7.3  -23.6     26   1.21     95      2  329.2  333.7  329.5
  455.0   6602   -9.1  -26.3     23   0.98     50      2  330.6  334.3  330.8
  438.0   6897  -10.9  -29.0     21   0.80    205      2  332.0  335.0  332.2
  421.0   7205  -12.8  -31.8     19   0.64    160     10  333.4  335.9  333.5
  404.0   7524  -14.7  -34.7     17   0.50    164     10  334.8  336.8  334.9
  400.0   7600  -15.3  -36.3     15   0.43    165     10  335.0  336.7  335.1
  389.0   7805  -16.6  -37.8     14   0.38    160      8  336.0  337.5  336.0
  374.0   8094  -18.5  -40.0     13   0.32    120     10  337.3  338.6  337.3
  345.0   8687  -22.3  -44.5     12   0.21    135     17  339.9  340.8  340.0
  331.0   8992  -24.3  -46.8     11   0.17    100     16  341.3  342.0  341.3
  307.0   9545  -27.9  -50.9      9   0.12     96     17  343.7  344.2  343.7
  300.0   9710  -29.5  -52.5      9   0.10     95     17  343.7  344.1  343.7
  292.0   9899  -31.2  -52.8     10   0.10    100     19  344.0  344.4  344.0
  279.0  10216  -34.0  -53.2     13   0.10    115     17  344.4  344.8  344.4
  253.0  10899  -40.1  -54.1     21   0.10     84     17  345.1  345.6  345.1
  250.0  10980  -40.9                          80     17  345.1         345.1
  245.0  11113  -42.0                          80     17  345.5         345.5
  204.0  12320  -51.8                          80     27  348.6         348.6
  200.0  12450  -52.9                          85     25  348.8         348.8
  169.0  13504  -60.7                         120     27  353.0         353.0
  150.0  14250  -66.3                          90     29  355.7         355.7
  132.0  14991  -71.5                          60     33  359.6         359.6
  107.0  16208  -80.1                          70     29  365.5         365.5
  100.0  16600  -82.9                          75     31  367.3         367.3
   91.0  17121  -85.4                          85     37  372.4         372.4
   86.6  17394  -86.7                         100     47  375.1         375.1
   82.0  17699  -83.6                         100     51  387.3         387.3
   77.0  18050  -80.0                         105     52  401.8         401.8
   75.5  18159  -78.9                         103     52  406.4         406.4
   73.0  18355  -74.8                         100     52  419.0         419.0
   70.0  18600  -69.7                          90     51  434.9         434.9
   66.0  18957  -63.3                          85     51  456.2         456.2
   64.9  19059  -61.5                          89     50  462.4         462.4
   63.0  19243  -61.4                          95     47  466.5         466.5
   58.0  19755  -61.1                          65     17  478.3         478.3
   57.3  19831  -61.1                          67     15  480.0         480.0
   55.0  20083  -61.9                          75      8  483.7         483.7
   52.0  20428  -63.1                         140      8  488.9         488.9
   50.0  20670  -63.9                         140     14  492.5         492.5
   49.1  20782  -63.7                         144     13  495.5         495.5
   47.0  21051  -63.5                         155     10  502.2         502.2
   45.0  21319  -63.3                         115     12  508.9         508.9
   43.0  21599  -63.1                          95     16  516.0         516.0
   39.0  22201  -62.7                         180      8  531.7         531.7
   37.0  22525  -62.5                         135     12  540.3         540.3
   36.9  22542  -62.5                         131     12  540.7         540.7
   35.0  22876  -60.1                          60     14  555.2         555.2
   34.0  23059  -58.8                          45     19  563.3         563.3
   32.0  23442  -56.0                         145     17  580.5         580.5
   31.0  23643  -54.6                         330     10  589.7         589.7
   30.0  23850  -53.1                         320     12  599.3         599.3
   29.0  24070  -51.8                         300     14  608.6         608.6
   28.6  24160  -51.3                         300     16  612.5         612.5
   27.0  24533  -51.5                         300     23  622.0         622.0
   23.0  25573  -52.1                         270     41  649.5         649.5
   20.7  26257  -52.5                         270     40  668.1         668.1
   20.0  26480  -51.3                         270     39  678.4         678.4
   18.0  27171  -50.5                         250     49  701.5         701.5
   13.0  29306  -48.2                         275     33  777.9         777.9
   11.0  30403  -47.0                         260     31  820.2         820.2
   10.5  30708  -46.7                                     832.4         832.4
</PRE><H3>Station information and sounding indices</H3><PRE>
                         Station identifier: WIII
                             Station number: 96749
                           Observation time: 150716/0000
                           Station latitude: -6.11
                          Station longitude: 106.65
                          Station elevation: 8.0
                            Showalter index: 2.15
                               Lifted index: -0.95
    LIFT computed using virtual temperature: -1.63
                                SWEAT index: 196.81
                                    K index: 30.50
                         Cross totals index: 18.10
                      Vertical totals index: 23.10
                        Totals totals index: 41.20
      Convective Available Potential Energy: 238.36
             CAPE using virtual temperature: 388.95
                      Convective Inhibition: -88.06
             CINS using virtual temperature: -53.93
                           Equilibrum Level: 225.91
 Equilibrum Level using virtual temperature: 226.09
                   Level of Free Convection: 718.19
             LFCT using virtual temperature: 747.90
                     Bulk Richardson Number: 31.68
          Bulk Richardson Number using CAPV: 51.70
  Temp [K] of the Lifted Condensation Level: 293.59
Pres [hPa] of the Lifted Condensation Level: 931.77
   Equivalent potential temp [K] of the LCL: 348.05
     Mean mixed layer potential temperature: 299.60
              Mean mixed layer mixing ratio: 16.54
              1000 hPa to 500 hPa thickness: 5776.00
Precipitable water [mm] for entire sounding: 47.72
</PRE>
<P>Description of the 
<A HREF="/upperair/columns.html">data columns</A>
or <A HREF="/upperair/indices.html">sounding indices</A>.

<P>
<FORM>
<INPUT CLASS="button" TYPE="button" VALUE=" Close this window " 
 onClick="window.close();">
<INPUT CLASS="button" TYPE="button" VALUE=" Select another map " 
 onClick="window.blur();">
</FORM>
<HR SIZE="1">
<I>Interested in graduate studies in atmospheric science?
Check out our program at the
<a href="http://www.uwyo.edu/atsc/howtoapply/"
target=_top>University of Wyoming
</a></I>
<HR SIZE="1"><FONT SIZE="-1">
Questions about the weather data provided by this site can be
addressed to <A HREF="mailto:ldoolman@uwyo.edu">
Larry Oolman (ldoolman@uwyo.edu)</A></FONT>
<HR SIZE="1">
<SCRIPT TYPE="text/javascript">
<!--
window.focus();
// -->
</SCRIPT>
</BODY>
</HTML>
