2014-03-28 00
<HTML>
<TITLE>University of Wyoming - Radiosonde Data</TITLE>
<BODY BGCOLOR="white">
<H2>96749 WIII Jakarta Observations at 00Z 28 Mar 2014</H2>
<PRE>
-----------------------------------------------------------------------------
   PRES   HGHT   TEMP   DWPT   RELH   MIXR   DRCT   SKNT   THTA   THTE   THTV
    hPa     m      C      C      %    g/kg    deg   knot     K      K      K 
-----------------------------------------------------------------------------
 1009.0      8   24.4   23.0     92  17.89    220      6  296.8  348.6  300.0
 1000.0     84   25.0   21.9     83  16.85    210      6  298.1  347.3  301.1
  983.0    235   26.0   20.0     70  15.21    192      6  300.6  345.5  303.4
  976.0    298   25.7   19.8     70  15.14    185      6  300.9  345.6  303.6
  925.0    771   23.4   18.4     74  14.62    200      6  303.2  346.8  305.9
  912.0    894   22.7   17.8     74  14.25    195      8  303.7  346.3  306.3
  850.0   1505   19.0   14.7     76  12.52    190     14  306.0  343.9  308.3
  822.0   1792   17.6   12.8     73  11.39    200      6  307.5  342.2  309.6
  793.0   2099   16.1   10.7     70  10.28    265      4  309.1  340.6  311.0
  765.0   2406   14.6    8.6     67   9.25    284      7  310.6  339.3  312.4
  713.0   2998   10.9    5.8     70   8.14    320     12  312.9  338.5  314.5
  700.0   3153   10.0    5.0     71   7.87    315     12  313.5  338.4  315.0
  640.0   3887    5.3    1.3     75   6.62    330      8  316.3  337.6  317.6
  617.0   4186    3.4   -0.2     77   6.15      0      8  317.5  337.3  318.6
  594.0   4497    1.4   -1.8     79   5.69     25      8  318.6  337.2  319.7
  578.0   4721    0.0   -2.9     81   5.38     23      7  319.5  337.1  320.5
  551.0   5100   -2.3   -4.8     84   4.91     20      6  321.1  337.3  322.0
  531.0   5393   -4.2   -6.2     86   4.57    355      8  322.3  337.6  323.2
  500.0   5870   -7.1   -8.5     90   4.05    340     12  324.3  338.0  325.1
  404.0   7504  -16.3  -18.3     84   2.24    285     17  332.8  340.9  333.3
  400.0   7580  -16.7  -18.8     84   2.18    290     17  333.2  341.1  333.6
  386.0   7846  -18.5  -20.8     82   1.90    304     19  334.2  341.2  334.6
  367.0   8219  -20.5  -27.5     54   1.10    325     22  336.4  340.6  336.7
  358.0   8398  -21.9  -28.3     56   1.04    335     23  337.0  340.9  337.2
  330.0   8985  -26.5  -31.1     65   0.87    330     16  338.6  342.0  338.8
  305.0   9554  -30.9  -33.7     76   0.73    322     17  340.1  343.0  340.2
  300.0   9670  -31.9  -34.6     77   0.68    320     17  340.3  343.0  340.4
  279.0  10177  -35.8  -39.1     71   0.46    310     17  341.9  343.8  342.0
  257.0  10751  -40.1  -44.2     65   0.29    292     14  343.6  344.8  343.6
  255.0  10805  -40.5                         290     14  343.7         343.7
  250.0  10940  -41.7                         285     14  343.9         343.9
  234.0  11376  -45.3                         275      8  345.0         345.0
  213.0  11995  -50.5                         315      8  346.4         346.4
  204.0  12280  -52.8                         315      8  347.0         347.0
  200.0  12410  -53.9                         325     12  347.2         347.2
  194.0  12598  -55.4                         345     16  347.9         347.9
  168.0  13489  -62.4                          15     25  350.9         350.9
  160.0  13791  -64.8                           5     27  351.8         351.8
  153.0  14067  -66.9                           0     27  352.6         352.6
  150.0  14190  -67.9                         350     27  352.9         352.9
  145.0  14396  -65.3                         337     27  360.9         360.9
  125.0  15267  -72.2                         280     27  363.9         363.9
  119.0  15556  -74.5                         265     27  364.9         364.9
  113.0  15860  -77.0                         260     27  365.8         365.8
  103.0  16404  -81.3                         277     22  367.3         367.3
  101.0  16514  -82.1                         280     21  367.8         367.8
  100.0  16570  -82.5                         285     21  368.1         368.1
   92.5  17003  -85.5                         295     16  370.5         370.5
   91.0  17093  -85.4                         300     16  372.4         372.4
   82.0  17668  -84.9                         255      8  384.6         384.6
   75.6  18116  -84.5                         252     16  394.5         394.5
   73.0  18314  -81.4                         250     19  405.0         405.0
   70.0  18550  -77.7                         230     19  417.8         417.8
   66.3  18867  -70.5                         225      5  440.0         440.0
   66.0  18894  -70.4                         225      4  440.9         440.9
   63.0  19173  -68.9                         355     17  450.0         450.0
   58.3  19638  -66.5                         336     17  465.5         465.5
   57.0  19773  -67.0                         330     17  467.4         467.4
   50.0  20560  -69.7                         240      8  478.8         478.8
   49.0  20680  -70.2                         230      6  480.3         480.3
   45.8  21081  -72.1                         255     10  485.2         485.2
   44.0  21320  -71.4                         285      8  492.4         492.4
   38.0  22192  -69.0                         280     35  519.6         519.6
   37.3  22303  -68.7                         271     31  523.2         523.2
   33.0  23056  -60.9                         215      8  562.6         562.6
   31.9  23264  -58.7                         161     13  573.9         573.9
   31.0  23444  -59.2                         115     17  577.3         577.3
   30.0  23650  -59.7                          80     17  581.3         581.3
   27.0  24305  -60.4                          65     25  597.1         597.1
   26.0  24540  -60.7                          25     16  602.8         602.8
   25.9  24564  -60.7                          26     16  603.4         603.4
   25.0  24788  -56.8                          35     16  620.6         620.6
   23.6  25154  -50.5                          87     24  649.4         649.4
   23.0  25320  -51.1                         110     27  652.3         652.3
   21.0  25906  -53.5                          60     14  662.5         662.5
   20.0  26220  -54.7                          30      8  668.0         668.0
   19.2  26480  -55.9                          95      6  672.1         672.1
   19.0  26548  -55.7                          95     14  674.9         674.9
   16.0  27657  -51.8                         110     29  721.3         721.3
   14.4  28336  -49.5                          86     50  751.2         751.2
   14.0  28522  -48.1                          80     56  761.9         761.9
   13.2  28911  -45.3                          78     53  784.6         784.6
   12.0  29546  -45.5                          75     49  805.4         805.4
   10.3  30563  -45.9                          83     65  840.0         840.0
   10.0  30760  -45.3                          85     68  849.3         849.3
    9.0  31468  -42.6                          90     72  885.8         885.8
    8.7  31696  -41.7                                     897.8         897.8
</PRE><H3>Station information and sounding indices</H3><PRE>
                         Station identifier: WIII
                             Station number: 96749
                           Observation time: 140328/0000
                           Station latitude: -6.11
                          Station longitude: 106.65
                          Station elevation: 8.0
                            Showalter index: -1.76
                               Lifted index: -2.66
    LIFT computed using virtual temperature: -2.91
                                SWEAT index: 216.42
                                    K index: 35.80
                         Cross totals index: 21.80
                      Vertical totals index: 26.10
                        Totals totals index: 47.90
      Convective Available Potential Energy: 442.24
             CAPE using virtual temperature: 498.93
                      Convective Inhibition: -189.71
             CINS using virtual temperature: -153.07
                           Equilibrum Level: 234.67
 Equilibrum Level using virtual temperature: 234.66
                   Level of Free Convection: 669.78
             LFCT using virtual temperature: 694.10
                     Bulk Richardson Number: 76.98
          Bulk Richardson Number using CAPV: 86.85
  Temp [K] of the Lifted Condensation Level: 292.47
Pres [hPa] of the Lifted Condensation Level: 914.10
   Equivalent potential temp [K] of the LCL: 346.19
     Mean mixed layer potential temperature: 300.09
              Mean mixed layer mixing ratio: 15.73
              1000 hPa to 500 hPa thickness: 5786.00
Precipitable water [mm] for entire sounding: 55.19
</PRE>
<P>Description of the 
<A HREF="/upperair/columns.html">data columns</A>
or <A HREF="/upperair/indices.html">sounding indices</A>.

<P>
<FORM>
<INPUT CLASS="button" TYPE="button" VALUE=" Close this window " 
 onClick="window.close();">
<INPUT CLASS="button" TYPE="button" VALUE=" Select another map " 
 onClick="window.blur();">
</FORM>
<HR SIZE="1">
<I>Interested in graduate studies in atmospheric science?
Check out our program at the
<a href="http://www.uwyo.edu/atsc/howtoapply/"
target=_top>University of Wyoming
</a></I>
<HR SIZE="1"><FONT SIZE="-1">
Questions about the weather data provided by this site can be
addressed to <A HREF="mailto:ldoolman@uwyo.edu">
Larry Oolman (ldoolman@uwyo.edu)</A></FONT>
<HR SIZE="1">
<SCRIPT TYPE="text/javascript">
<!--
window.focus();
// -->
</SCRIPT>
</BODY>
</HTML>
