2015-12-31 00
<HTML>
<TITLE>University of Wyoming - Radiosonde Data</TITLE>
<BODY BGCOLOR="white">
<H2>96749 WIII Jakarta Observations at 00Z 31 Dec 2015</H2>
<PRE>
-----------------------------------------------------------------------------
   PRES   HGHT   TEMP   DWPT   RELH   MIXR   DRCT   SKNT   THTA   THTE   THTV
    hPa     m      C      C      %    g/kg    deg   knot     K      K      K 
-----------------------------------------------------------------------------
 1010.0      8   25.8   24.8     94  19.98    280      3  298.1  356.4  301.6
 1000.0     94   25.8   23.8     89  18.98    290      6  298.9  354.5  302.3
  977.0    298   24.4   22.7     91  18.18    315     16  299.5  352.8  302.8
  925.0    778   21.0   20.2     95  16.40    320     16  300.8  349.1  303.7
  912.0    900   20.4   19.5     95  15.94    325     16  301.3  348.4  304.2
  851.0   1498   17.2   16.3     94  13.85    340      4  304.1  345.6  306.6
  850.0   1508   17.2   16.2     94  13.82    340      4  304.1  345.5  306.7
  822.0   1792   15.7   14.8     95  13.08     40      4  305.5  344.9  307.9
  793.0   2097   14.1   13.4     95  12.32     35      4  306.9  344.3  309.2
  765.0   2402   12.5   11.9     96  11.59    275      2  308.4  343.8  310.5
  746.0   2615   11.4   10.9     97  11.10    290      2  309.4  343.4  311.5
  740.0   2683   13.2    9.3     77  10.03    294      2  312.1  343.3  314.0
  739.0   2694   13.1    9.2     77   9.97    295      2  312.1  343.1  314.0
  713.0   2995   11.3    6.0     70   8.30    245      2  313.3  339.5  314.9
  700.0   3149   10.4    4.4     66   7.55    235      4  314.0  337.8  315.4
  694.0   3221   10.0    5.2     72   8.05    232      4  314.3  339.8  315.8
  690.0   3269   10.4    0.4     50   5.74    230      4  315.3  333.7  316.4
  639.0   3901    5.8   -3.6     51   4.62    205      4  317.1  332.2  318.0
  616.0   4203    3.7   -5.5     51   4.15    235      2  317.9  331.6  318.7
  605.0   4351    2.6   -6.4     52   3.94    210      4  318.3  331.4  319.1
  603.0   4378    4.0   -5.0     52   4.40    206      4  320.2  334.8  321.1
  594.0   4500    2.9   -6.1     52   4.11    185      6  320.4  334.1  321.2
  572.0   4805    0.2   -8.8     51   3.47    185      6  320.7  332.4  321.4
  570.0   4833    0.0   -9.0     51   3.41    193      6  320.7  332.2  321.4
  569.0   4847   -0.1   -9.1     51   3.39    198      6  320.8  332.2  321.4
  561.0   4961    0.0  -13.0     37   2.52    232      5  322.2  330.9  322.7
  560.0   4975    0.0   -4.1     74   5.07    236      5  322.4  339.2  323.4
  552.0   5091    0.0  -27.0     11   0.76    271      4  323.7  326.5  323.8
  550.0   5120   -0.2  -24.7     14   0.94    280      4  323.8  327.3  324.0
  534.0   5356   -1.7   -6.3     71   4.50    336      4  324.7  339.9  325.6
  526.0   5476   -2.7   -6.7     74   4.43      5      4  324.9  339.9  325.8
  511.0   5707   -2.5   -7.4     69   4.33     60      4  327.8  342.6  328.7
  508.0   5754   -2.5   -7.5     69   4.31     64      3  328.4  343.2  329.3
  507.0   5769   -2.5   -3.5     93   5.86     65      3  328.6  348.4  329.8
  506.0   5785   -2.5   -6.3     75   4.75     67      3  328.8  345.0  329.8
  500.0   5880   -2.5   -7.5     69   4.38     75      2  329.9  345.0  330.8
  483.0   6154   -2.5   -8.5     63   4.19    109      2  333.2  347.8  334.1
  482.0   6170   -2.3  -12.3     46   3.10    111      2  333.6  344.7  334.3
  473.0   6320   -2.5  -11.8     49   3.29    130      2  335.2  346.9  335.9
  457.0   6592   -2.9  -10.9     54   3.66     98      2  338.0  351.1  338.8
  423.0   7194   -7.4  -14.3     58   3.01     25      2  339.8  350.7  340.4
  400.0   7630  -10.7  -16.7     61   2.60      0      4  341.0  350.6  341.5
  391.0   7799  -12.0  -17.9     62   2.41    355      6  341.5  350.4  342.0
  361.0   8393  -16.8  -22.0     64   1.83     10      6  343.0  349.9  343.4
  347.0   8687  -19.1  -24.0     65   1.59     80      6  343.8  349.8  344.1
  333.0   8994  -21.5  -26.1     66   1.37     65     10  344.5  349.8  344.8
  300.0   9770  -27.7  -31.5     70   0.92     90     12  346.2  349.9  346.4
  281.0  10229  -31.6  -34.9     72   0.70    105     10  347.2  350.0  347.3
  250.0  11050  -38.5  -41.0     77   0.43     70      8  348.7  350.5  348.8
  249.0  11078  -38.7  -41.2     77   0.42     68      8  348.8  350.5  348.9
  247.0  11131  -39.2                          65      8  348.9         348.9
  216.0  12026  -47.4                         125     10  349.8         349.8
  200.0  12540  -52.1                         125     12  350.1         350.1
  179.0  13234  -57.3                         120     16  352.9         352.9
  163.0  13820  -61.6                          95     23  355.2         355.2
  150.0  14340  -65.5                          35     10  357.1         357.1
  148.0  14420  -66.1                          20      8  357.4         357.4
  140.0  14753  -68.4                         310      6  359.0         359.0
  134.0  15015  -70.3                         270     12  360.2         360.2
  127.0  15336  -72.6                         275     12  361.7         361.7
  126.0  15383  -72.9                         281     12  361.9         361.9
  121.0  15617  -74.5                         310     10  363.1         363.1
  114.0  15961  -77.0                         300      4  364.9         364.9
  109.0  16220  -78.8                           5      6  366.2         366.2
  106.0  16381  -79.9                          22      9  366.9         366.9
  103.0  16543  -80.6                          40     12  368.6         368.6
  100.0  16710  -81.3                          40     14  370.4         370.4
   94.8  17007  -82.3                          35     14  374.1         374.1
   93.0  17114  -82.2                          45     10  376.4         376.4
   88.0  17423  -81.9                          95      4  383.1         383.1
   83.0  17749  -81.5                         240     14  390.2         390.2
   75.0  18315  -80.9                         220      8  402.9         402.9
   71.0  18621  -80.6                         245      4  410.0         410.0
   70.0  18700  -80.5                         230      4  411.9         411.9
   67.7  18890  -79.1                         196      4  418.8         418.8
   67.0  18949  -78.8                         185      4  420.8         420.8
   63.7  19238  -77.1                         239      6  430.6         430.6
   61.0  19492  -73.4                         285      8  444.1         444.1
   59.2  19667  -70.9                         282     10  453.6         453.6
   55.0  20104  -71.0                         275     14  463.0         463.0
   51.8  20459  -71.1                         237      9  470.8         470.8
   50.0  20670  -69.3                         215      6  479.8         479.8
   45.0  21312  -60.8                         300     10  515.0         515.0
   44.7  21353  -60.3                         297     10  517.2         517.2
   41.0  21887  -61.6                         255     14  526.8         526.8
   39.0  22196  -62.4                         270      8  532.5         532.5
   37.8  22390  -62.9                         347      6  536.0         536.0
   37.0  22522  -62.7                          40      4  539.9         539.9
   35.0  22865  -62.0                         120      8  550.2         550.2
   32.0  23419  -61.0                         115     12  567.1         567.1
   31.1  23595  -60.7                         126     13  572.7         572.7
   30.0  23820  -58.9                         140     14  583.5         583.5
   29.0  24035  -57.2                         145     12  593.8         593.8
   28.0  24257  -55.5                         195      4  604.7         604.7
   27.8  24302  -55.1                         203      5  606.9         606.9
   26.0  24727  -56.1                         275     14  615.8         615.8
   24.0  25234  -57.3                         255     17  626.6         626.6
   22.4  25672  -58.3                         251      7  636.0         636.0
   22.0  25786  -57.9                         250      4  640.7         640.7
   21.0  26081  -56.7                         110     14  652.7         652.7
   20.0  26390  -55.5                         105     17  665.5         665.5
   19.6  26519  -55.1                                     670.6         670.6
</PRE><H3>Station information and sounding indices</H3><PRE>
                         Station identifier: WIII
                             Station number: 96749
                           Observation time: 151231/0000
                           Station latitude: -6.11
                          Station longitude: 106.65
                          Station elevation: 8.0
                            Showalter index: 2.22
                               Lifted index: -0.56
    LIFT computed using virtual temperature: -0.94
                                SWEAT index: 204.40
                                    K index: 29.90
                         Cross totals index: 18.70
                      Vertical totals index: 19.70
                        Totals totals index: 38.40
      Convective Available Potential Energy: 499.29
             CAPE using virtual temperature: 629.55
                      Convective Inhibition: -1.20
             CINS using virtual temperature: -0.51
                           Equilibrum Level: 180.09
 Equilibrum Level using virtual temperature: 180.07
                   Level of Free Convection: 937.29
             LFCT using virtual temperature: 943.55
                     Bulk Richardson Number: 62.52
          Bulk Richardson Number using CAPV: 78.83
  Temp [K] of the Lifted Condensation Level: 295.76
Pres [hPa] of the Lifted Condensation Level: 959.00
   Equivalent potential temp [K] of the LCL: 353.22
     Mean mixed layer potential temperature: 299.33
              Mean mixed layer mixing ratio: 18.41
              1000 hPa to 500 hPa thickness: 5786.00
Precipitable water [mm] for entire sounding: 58.90
</PRE>
<P>Description of the 
<A HREF="/upperair/columns.html">data columns</A>
or <A HREF="/upperair/indices.html">sounding indices</A>.

<P>
<FORM>
<INPUT CLASS="button" TYPE="button" VALUE=" Close this window " 
 onClick="window.close();">
<INPUT CLASS="button" TYPE="button" VALUE=" Select another map " 
 onClick="window.blur();">
</FORM>
<HR SIZE="1">
<I>Interested in graduate studies in atmospheric science?
Check out our program at the
<a href="http://www.uwyo.edu/atsc/howtoapply/"
target=_top>University of Wyoming
</a></I>
<HR SIZE="1"><FONT SIZE="-1">
Questions about the weather data provided by this site can be
addressed to <A HREF="mailto:ldoolman@uwyo.edu">
Larry Oolman (ldoolman@uwyo.edu)</A></FONT>
<HR SIZE="1">
<SCRIPT TYPE="text/javascript">
<!--
window.focus();
// -->
</SCRIPT>
</BODY>
</HTML>
