2014-08-13 12
<HTML>
<TITLE>University of Wyoming - Radiosonde Data</TITLE>
<BODY BGCOLOR="white">
<H2>96749 WIII Jakarta Observations at 00Z 13 Aug 2014</H2>
<PRE>
-----------------------------------------------------------------------------
   PRES   HGHT   TEMP   DWPT   RELH   MIXR   DRCT   SKNT   THTA   THTE   THTV
    hPa     m      C      C      %    g/kg    deg   knot     K      K      K 
-----------------------------------------------------------------------------
 1010.0      8   24.8   21.3     81  16.07    170      4  297.1  343.7  300.0
 1000.0     98   25.0   20.7     77  15.63    145      6  298.1  343.7  300.9
  977.0    303   24.5   18.5     69  13.95     95     10  299.6  340.6  302.1
  963.0    429   24.2   17.2     65  12.99     89     11  300.6  338.9  302.9
  944.0    603   22.9   16.9     69  13.00     80     12  301.0  339.4  303.3
  925.0    781   21.6   16.6     73  13.01     85     12  301.4  339.9  303.7
  912.0    903   20.8   16.1     75  12.82     90     12  301.8  339.9  304.1
  881.0   1201   18.9   15.0     78  12.35     75     10  302.9  339.7  305.1
  850.0   1510   17.0   13.9     82  11.88     80      6  303.9  339.6  306.1
  822.0   1796   15.8   12.2     79  10.98     78      7  305.6  338.8  307.6
  793.0   2101   14.6    6.7     59   7.84     75      8  307.4  331.6  308.9
  785.0   2187   14.2    5.2     55   7.11     81      7  307.9  329.9  309.2
  765.0   2403   12.9    4.8     58   7.09     95      6  308.8  330.8  310.1
  712.0   3004    9.3    3.7     68   7.04     75      4  311.2  333.3  312.5
  700.0   3146    8.4    3.4     71   7.03     60      4  311.8  333.9  313.1
  662.0   3607    6.3    1.6     72   6.51     20      4  314.4  335.1  315.6
  657.0   3669    6.0    1.3     72   6.44     19      4  314.8  335.3  316.0
  615.0   4206    2.5   -1.1     77   5.76     15      4  316.8  335.4  317.9
  586.0   4598    0.0   -2.9     81   5.30    349      3  318.2  335.5  319.2
  571.0   4806   -1.2   -3.6     84   5.14    335      2  319.1  336.0  320.1
  570.0   4820   -1.3   -3.7     84   5.13    337      2  319.2  336.0  320.2
  560.0   4962   -0.9   -9.9     50   3.24      1      5  321.3  332.2  321.9
  550.0   5106   -1.4  -12.9     41   2.59     25      8  322.4  331.3  322.9
  548.0   5135   -1.5  -13.5     40   2.48     25      8  322.6  331.1  323.1
  540.0   5252   -2.3  -10.3     54   3.25     27      9  323.0  334.1  323.6
  527.0   5446   -3.1  -16.1     36   2.08     31     10  324.3  331.6  324.7
  515.0   5628   -4.7  -12.7     54   2.81     34     11  324.5  334.2  325.1
  512.0   5674   -4.7  -21.7     25   1.32     34     12  325.0  329.8  325.3
  510.0   5704   -5.0  -19.5     31   1.61     35     12  325.0  330.8  325.4
  504.0   5797   -5.9  -12.9     58   2.83     44     10  325.0  334.8  325.6
  500.0   5860   -6.1  -14.1     53   2.58     50      8  325.5  334.5  326.1
  491.0   6000   -6.7  -16.4     46   2.18     65      6  326.5  334.1  326.9
  472.0   6305   -8.1  -21.3     34   1.48     65      8  328.5  333.8  328.8
  455.0   6588   -9.4  -25.9     25   1.02    105      8  330.3  334.1  330.5
  438.0   6883  -10.7  -30.7     18   0.68     96      8  332.3  334.9  332.4
  437.0   6900  -10.8  -30.7     18   0.68     95      8  332.3  334.9  332.4
  420.0   7200  -13.2  -31.4     20   0.67     50      8  333.1  335.6  333.2
  400.0   7570  -16.1  -32.1     24   0.65    115      6  334.0  336.5  334.1
  388.0   7799  -18.5  -29.9     36   0.83    145      8  333.8  336.9  333.9
  387.0   7819  -18.7  -29.7     37   0.85    144      8  333.7  337.0  333.9
  380.0   7955  -18.7  -40.7     13   0.29    134      6  335.5  336.7  335.5
  373.0   8092  -19.7  -41.6     12   0.27    125      4  335.9  337.0  336.0
  358.0   8394  -21.9  -43.6     12   0.23     60      6  336.9  337.8  336.9
  322.0   9173  -27.7  -48.7     12   0.14     50      7  339.3  339.9  339.3
  320.0   9218  -28.1  -41.1     28   0.33     50      7  339.3  340.7  339.4
  303.0   9609  -31.5  -45.3     24   0.22     45      8  339.9  340.9  340.0
  300.0   9680  -32.1  -46.1     24   0.20     45      8  340.0  340.9  340.1
  269.0  10434  -37.9  -51.9     22   0.12     45      6  342.3  342.9  342.4
  267.0  10485  -38.3  -51.7     23   0.12     45      6  342.5  343.0  342.5
  259.0  10692  -39.9  -50.9     30   0.14    107      4  343.1  343.7  343.1
  250.0  10930  -41.9                         180      2  343.6         343.6
  244.0  11090  -43.3                         235      2  344.0         344.0
  234.0  11366  -45.6                         350      2  344.5         344.5
  200.0  12400  -54.5                          40     12  346.3         346.3
  176.0  13195  -60.5                          65     10  349.3         349.3
  168.0  13485  -62.7                         140      6  350.3         350.3
  160.0  13788  -65.0                         145     10  351.3         351.3
  150.0  14190  -68.1                         115     10  352.6         352.6
  138.0  14685  -71.4                          65     10  355.3         355.3
  132.0  14948  -73.1                          31     10  356.8         356.8
  131.0  14992  -73.3                          25     10  357.1         357.1
  118.0  15593  -76.8                          25      6  361.6         361.6
  112.0  15893  -78.5                          60      6  363.9         363.9
  106.0  16209  -80.3                          55     17  366.2         366.2
  104.0  16318  -80.9                          65     19  367.0         367.0
  100.0  16540  -79.5                         100     21  373.9         373.9
   96.9  16719  -77.1                         118     23  381.9         381.9
   95.0  16833  -76.8                         130     25  384.6         384.6
   91.0  17080  -76.3                         120     23  390.4         390.4
   86.8  17352  -75.7                         158     14  396.9         396.9
   86.0  17406  -74.6                         165     12  400.3         400.3
   84.7  17495  -72.7                         187     12  405.8         405.8
   82.0  17686  -72.2                         235     12  410.7         410.7
   78.0  17981  -71.3                         270     16  418.4         418.4
   70.0  18620  -69.5                         270     33  435.4         435.4
   67.0  18880  -69.9                         245     29  440.0         440.0
   65.5  19015  -70.1                         247     28  442.4         442.4
   60.0  19535  -70.2                         255     25  453.3         453.3
   58.1  19726  -70.3                         253     19  457.4         457.4
   55.0  20054  -67.2                         250     10  471.8         471.8
   53.8  20186  -65.9                         219     10  477.7         477.7
   52.0  20392  -65.8                         170     10  482.6         482.6
   50.0  20630  -65.7                         145     12  488.2         488.2
   47.0  21004  -65.9                         110     12  496.5         496.5
   45.0  21267  -66.0                         155     12  502.4         502.4
   43.0  21542  -66.1                         105     16  508.7         508.7
   40.4  21919  -66.3                          93     22  517.4         517.4
   37.0  22458  -62.0                          75     31  541.5         541.5
   35.4  22730  -59.9                          77     40  553.9         553.9
   33.0  23167  -59.9                          80     54  565.2         565.2
   30.0  23760  -59.9                          80     51  580.8         580.8
   28.0  24196  -59.1                          80     60  594.6         594.6
   27.5  24310  -58.9                          80     60  598.3         598.3
   23.0  25440  -56.7                         115     54  635.9         635.9
   21.5  25866  -55.9                         110     53  650.7         650.7
   20.0  26330  -53.7                         105     51  671.0         671.0
   17.3  27277  -47.9                          97     50  717.9         717.9
   14.0  28668  -48.9                          85     49  759.3         759.3
   10.0  30880  -50.5                          85     45  830.0         830.0
    9.9  30945  -50.7                                     831.6         831.6
</PRE><H3>Station information and sounding indices</H3><PRE>
                         Station identifier: WIII
                             Station number: 96749
                           Observation time: 140813/0000
                           Station latitude: -6.11
                          Station longitude: 106.65
                          Station elevation: 8.0
                            Showalter index: 0.98
                               Lifted index: 0.29
    LIFT computed using virtual temperature: -0.06
                                SWEAT index: 186.81
                                    K index: 32.00
                         Cross totals index: 20.00
                      Vertical totals index: 23.10
                        Totals totals index: 43.10
      Convective Available Potential Energy: 11.76
             CAPE using virtual temperature: 22.34
                      Convective Inhibition: -161.84
             CINS using virtual temperature: -113.44
                           Equilibrum Level: 563.74
 Equilibrum Level using virtual temperature: 498.37
                   Level of Free Convection: 621.86
             LFCT using virtual temperature: 640.86
                     Bulk Richardson Number: 4.15
          Bulk Richardson Number using CAPV: 7.89
  Temp [K] of the Lifted Condensation Level: 290.90
Pres [hPa] of the Lifted Condensation Level: 905.87
   Equivalent potential temp [K] of the LCL: 341.17
     Mean mixed layer potential temperature: 299.25
              Mean mixed layer mixing ratio: 14.37
              1000 hPa to 500 hPa thickness: 5762.00
Precipitable water [mm] for entire sounding: 45.99
</PRE>
<P>Description of the 
<A HREF="/upperair/columns.html">data columns</A>
or <A HREF="/upperair/indices.html">sounding indices</A>.

<P>
<FORM>
<INPUT CLASS="button" TYPE="button" VALUE=" Close this window " 
 onClick="window.close();">
<INPUT CLASS="button" TYPE="button" VALUE=" Select another map " 
 onClick="window.blur();">
</FORM>
<HR SIZE="1">
<I>Interested in graduate studies in atmospheric science?
Check out our program at the
<a href="http://www.uwyo.edu/atsc/howtoapply/"
target=_top>University of Wyoming
</a></I>
<HR SIZE="1"><FONT SIZE="-1">
Questions about the weather data provided by this site can be
addressed to <A HREF="mailto:ldoolman@uwyo.edu">
Larry Oolman (ldoolman@uwyo.edu)</A></FONT>
<HR SIZE="1">
<SCRIPT TYPE="text/javascript">
<!--
window.focus();
// -->
</SCRIPT>
</BODY>
</HTML>
