2014-05-03 12
<HTML>
<TITLE>University of Wyoming - Radiosonde Data</TITLE>
<BODY BGCOLOR="white">
<H2>96749 WIII Jakarta Observations at 00Z 03 May 2014</H2>
<PRE>
-----------------------------------------------------------------------------
   PRES   HGHT   TEMP   DWPT   RELH   MIXR   DRCT   SKNT   THTA   THTE   THTV
    hPa     m      C      C      %    g/kg    deg   knot     K      K      K 
-----------------------------------------------------------------------------
 1010.0      8   26.0   24.6     92  19.74    150      4  298.3  355.9  301.8
 1000.0     96   26.4   23.5     84  18.63    135      6  299.6  354.2  302.9
  977.0    302   25.4   22.7     85  18.18     95     12  300.6  354.2  303.8
  953.0    521   24.4   21.9     86  17.71     76     11  301.7  354.1  304.9
  945.0    595   23.8   21.5     87  17.42     70     10  301.8  353.4  305.0
  925.0    783   22.4   20.5     89  16.71     70     10  302.2  351.8  305.2
  913.0    897   21.8   19.5     86  15.86     70     10  302.8  349.9  305.6
  850.0   1518   18.8   13.8     73  11.80     70     12  305.8  341.5  308.0
  794.0   2096   15.7   10.3     70  10.03     55     10  308.6  339.3  310.4
  714.0   2996   10.9    4.9     67   7.69     45      6  312.8  337.0  314.2
  712.0   3020   10.8    4.8     66   7.63     52      6  312.9  336.9  314.3
  700.0   3162   10.2    5.2     71   7.98     95      4  313.8  338.9  315.3
  688.0   3304    9.4    4.5     71   7.73    140      2  314.4  338.9  315.9
  664.0   3596    7.7    3.1     72   7.24     45      4  315.8  338.9  317.1
  640.0   3898    6.0    1.6     73   6.75     10      2  317.1  338.9  318.4
  617.0   4198    4.3    0.1     74   6.29    235      2  318.5  338.9  319.7
  595.0   4496    2.6   -1.4     75   5.86    180      2  319.9  339.0  321.0
  577.0   4749    1.2   -2.6     76   5.51    201      2  321.0  339.2  322.1
  562.0   4961    0.0   -4.3     73   4.98    218      2  322.0  338.6  323.0
  532.0   5397   -2.6   -8.8     62   3.72    255      2  324.1  336.7  324.8
  512.0   5702   -4.3  -11.9     55   3.01    215      4  325.5  335.8  326.1
  506.0   5796   -4.9  -12.9     53   2.82    195      4  325.9  335.6  326.4
  500.0   5890   -5.3  -12.3     58   2.99    175      4  326.5  336.9  327.1
  493.0   6000   -5.9  -12.6     59   2.95    150      4  327.1  337.4  327.7
  474.0   6305   -7.5  -13.6     62   2.84    125      4  328.8  338.7  329.3
  456.0   6606   -9.2  -14.5     65   2.73    165      4  330.4  340.0  330.9
  442.0   6848  -10.5  -15.3     68   2.65    235      2  331.6  341.1  332.2
  439.0   6901  -10.9  -15.5     69   2.62    250      2  331.8  341.1  332.3
  436.0   6953  -11.3  -15.7     70   2.60    220      2  331.9  341.2  332.5
  434.0   6989  -11.1  -21.1     44   1.65    201      3  332.6  338.6  333.0
  425.0   7149  -11.9  -19.9     51   1.87    110      4  333.6  340.4  334.0
  422.0   7203  -12.2  -21.3     47   1.66     80      4  333.9  340.0  334.2
  414.0   7349  -13.1  -25.1     36   1.21     51      3  334.6  339.1  334.8
  400.0   7610  -15.3  -24.3     46   1.35      0      0  335.0  340.0  335.3
  397.0   7667  -15.5  -23.5     50   1.46     49      1  335.5  340.9  335.8
  390.0   7801  -16.4  -24.4     50   1.37    165      2  336.0  341.2  336.3
  389.0   7820  -16.5  -24.5     50   1.36    164      2  336.1  341.2  336.4
  384.0   7917  -16.9  -30.9     29   0.76    159      3  336.8  339.8  337.0
  375.0   8093  -18.1  -30.9     32   0.78    150      4  337.5  340.6  337.7
  360.0   8396  -20.2  -30.8     39   0.82    180      2  338.6  341.8  338.8
  350.0   8606  -21.7  -30.7     44   0.85    160      2  339.4  342.7  339.6
  345.0   8711  -22.5  -30.6     48   0.88    150      2  339.7  343.1  339.9
  329.0   9058  -25.1  -30.1     63   0.96    214      2  340.8  344.5  341.0
  318.0   9303  -27.1  -35.8     44   0.57    260      2  341.3  343.6  341.4
  317.0   9326  -27.3  -36.3     42   0.54    255      2  341.4  343.6  341.5
  305.0   9602  -29.5  -39.2     38   0.42    190      4  342.0  343.7  342.1
  300.0   9720  -30.5  -40.5     37   0.37    180      6  342.3  343.8  342.4
  292.0   9911  -32.1  -40.4     43   0.39    160      8  342.7  344.3  342.8
  276.0  10308  -35.3  -40.2     61   0.42    167      7  343.6  345.3  343.7
  268.0  10511  -37.0  -41.7     61   0.37    170      6  344.0  345.5  344.1
  257.0  10801  -39.4  -43.9     62   0.30    140      2  344.6  345.9  344.6
  254.0  10882  -40.1  -44.5     63   0.29    121      2  344.7  346.0  344.8
  250.0  10990  -40.9                          95      2  345.1         345.1
  235.0  11398  -44.5                           5      2  345.9         345.9
  215.0  11984  -49.5                          80      8  346.9         346.9
  200.0  12460  -53.7                         100     10  347.6         347.6
  178.0  13185  -59.6                         115     10  349.6         349.6
  154.0  14086  -67.0                         100     10  351.9         351.9
  150.0  14250  -68.3                          95     10  352.2         352.2
  139.0  14699  -71.3                         100     10  354.8         354.8
  132.0  15003  -73.3                         105     12  356.4         356.4
  126.0  15277  -75.1                          86     13  357.9         357.9
  113.0  15902  -77.3                          40     14  365.2         365.2
  104.0  16378  -78.9                         315     11  370.9         370.9
  102.0  16488  -79.6                         295     10  371.6         371.6
  100.0  16600  -80.3                         285     10  372.3         372.3
   96.0  16828  -81.8                         265      8  373.8         373.8
   92.7  17024  -83.1                         240      2  375.0         375.0
   91.0  17128  -82.9                         135      2  377.4         377.4
   87.0  17379  -82.4                          95      2  383.2         383.2
   82.0  17709  -81.7                         310      6  391.1         391.1
   76.0  18134  -80.9                         288     25  401.4         401.4
   74.5  18248  -74.7                         282     29  416.8         416.8
   74.0  18287  -74.6                         280     31  417.8         417.8
   70.0  18610  -73.5                         270     23  426.8         426.8
   60.0  19522  -71.8                         275     23  449.9         449.9
   54.0  20145  -70.6                         290     21  466.4         466.4
   50.0  20600  -69.7                         280     17  478.8         478.8
   44.6  21284  -68.1                         287     21  498.6         498.6
   42.0  21654  -65.6                         290     23  513.4         513.4
   38.0  22269  -61.4                         325     27  539.0         539.0
   35.6  22670  -58.7                         305     24  556.2         556.2
   35.0  22776  -58.9                         300     23  558.2         558.2
   33.0  23144  -59.8                         250     21  565.5         565.5
   32.0  23337  -60.2                         230     25  569.4         569.4
   30.0  23740  -61.1                         225     12  577.5         577.5
   29.2  23908  -60.5                         117      6  583.6         583.6
   29.0  23951  -60.1                          90      4  585.9         585.9
   27.0  24401  -55.7                          30      8  610.3         610.3
   26.0  24641  -55.7                           5     16  616.9         616.9
   25.0  24891  -55.7                          60     21  623.9         623.9
   23.2  25367  -55.7                          82     35  637.3         637.3
   23.0  25423  -53.8                          85     37  644.5         644.5
   22.5  25565  -48.9                                     663.0         663.0
</PRE><H3>Station information and sounding indices</H3><PRE>
                         Station identifier: WIII
                             Station number: 96749
                           Observation time: 140503/0000
                           Station latitude: -6.11
                          Station longitude: 106.65
                          Station elevation: 8.0
                            Showalter index: 0.98
                               Lifted index: -3.71
    LIFT computed using virtual temperature: -4.35
                                SWEAT index: 193.61
                                    K index: 32.90
                         Cross totals index: 19.10
                      Vertical totals index: 24.10
                        Totals totals index: 43.20
      Convective Available Potential Energy: 1538.38
             CAPE using virtual temperature: 1716.49
                      Convective Inhibition: -24.03
             CINS using virtual temperature: -13.49
                           Equilibrum Level: 141.63
 Equilibrum Level using virtual temperature: 141.57
                   Level of Free Convection: 834.20
             LFCT using virtual temperature: 886.46
                     Bulk Richardson Number: 537.31
          Bulk Richardson Number using CAPV: 599.51
  Temp [K] of the Lifted Condensation Level: 295.49
Pres [hPa] of the Lifted Condensation Level: 945.47
   Equivalent potential temp [K] of the LCL: 354.25
     Mean mixed layer potential temperature: 300.27
              Mean mixed layer mixing ratio: 18.36
              1000 hPa to 500 hPa thickness: 5794.00
Precipitable water [mm] for entire sounding: 56.06
</PRE>
<P>Description of the 
<A HREF="/upperair/columns.html">data columns</A>
or <A HREF="/upperair/indices.html">sounding indices</A>.

<P>
<FORM>
<INPUT CLASS="button" TYPE="button" VALUE=" Close this window " 
 onClick="window.close();">
<INPUT CLASS="button" TYPE="button" VALUE=" Select another map " 
 onClick="window.blur();">
</FORM>
<HR SIZE="1">
<I>Interested in graduate studies in atmospheric science?
Check out our program at the
<a href="http://www.uwyo.edu/atsc/howtoapply/"
target=_top>University of Wyoming
</a></I>
<HR SIZE="1"><FONT SIZE="-1">
Questions about the weather data provided by this site can be
addressed to <A HREF="mailto:ldoolman@uwyo.edu">
Larry Oolman (ldoolman@uwyo.edu)</A></FONT>
<HR SIZE="1">
<SCRIPT TYPE="text/javascript">
<!--
window.focus();
// -->
</SCRIPT>
</BODY>
</HTML>
