2014-01-05 00
<HTML>
<TITLE>University of Wyoming - Radiosonde Data</TITLE>
<BODY BGCOLOR="white">
<H2>96749 WIII Jakarta Observations at 00Z 05 Jan 2014</H2>
<PRE>
-----------------------------------------------------------------------------
   PRES   HGHT   TEMP   DWPT   RELH   MIXR   DRCT   SKNT   THTA   THTE   THTV
    hPa     m      C      C      %    g/kg    deg   knot     K      K      K 
-----------------------------------------------------------------------------
 1010.0      8   24.4   22.1     87  16.89    250     11  296.7  345.6  299.7
 1000.0     96   24.0   20.9     83  15.83    245     14  297.1  343.1  300.0
  977.0    299   23.2   20.3     84  15.64    240     21  298.3  343.9  301.1
  925.0    777   21.2   19.0     87  15.19    245     29  301.0  345.8  303.7
  912.0    899   20.6   18.3     87  14.75    245     29  301.6  345.2  304.2
  850.0   1506   17.4   14.9     85  12.69    250     29  304.4  342.4  306.7
  821.0   1801   15.7   13.1     84  11.70    260     27  305.6  340.9  307.8
  793.0   2096   14.1   11.4     84  10.76    250     25  306.9  339.6  308.9
  772.0   2324   12.8   10.0     83  10.08    248     24  307.9  338.7  309.8
  712.0   3002    9.8    6.9     82   8.87    240     19  311.8  339.5  313.5
  700.0   3144    9.2    6.3     82   8.63    230     17  312.6  339.6  314.3
  688.0   3287    7.8    5.8     87   8.48    226     17  312.6  339.2  314.2
  615.0   4200    3.2    0.8     84   6.63    200     14  317.5  338.9  318.8
  569.0   4833    0.0   -2.7     82   5.54    210     13  320.9  339.1  322.0
  547.0   5149   -1.5   -3.5     86   5.43    216     12  322.8  340.8  323.8
  540.0   5251   -1.7   -7.7     64   3.99    217     12  323.7  337.2  324.5
  530.0   5400   -2.6   -6.8     73   4.36    220     12  324.4  339.1  325.2
  529.0   5415   -2.7   -6.7     74   4.40    221     12  324.4  339.2  325.3
  510.0   5704   -4.3   -8.5     72   3.96    245      8  325.9  339.4  326.7
  500.0   5860   -5.1   -9.5     71   3.74    240     10  326.8  339.6  327.5
  473.0   6293   -7.7  -13.6     63   2.86    220     10  328.8  338.8  329.4
  453.0   6630   -9.7  -16.7     57   2.30    225      8  330.3  338.5  330.8
  445.0   6767  -10.5  -15.3     68   2.63    228      7  331.0  340.3  331.5
  444.0   6784  -10.3  -18.3     52   2.05    228      7  331.5  338.9  331.9
  437.0   6906  -11.2  -17.5     60   2.23    230      6  331.9  339.9  332.3
  424.0   7138  -12.9  -15.9     78   2.63    268      6  332.6  341.9  333.1
  420.0   7210  -13.4  -16.5     77   2.51    280      6  332.8  341.8  333.3
  404.0   7505  -15.4  -19.1     73   2.10    245      6  333.9  341.6  334.4
  400.0   7580  -15.9  -19.8     72   2.00    245      6  334.2  341.5  334.6
  388.0   7809  -17.1  -21.7     68   1.75    250      4  335.6  342.0  335.9
  386.0   7848  -17.3  -22.0     67   1.71    240      4  335.8  342.1  336.2
  373.0   8099  -19.1  -23.7     67   1.53    175      4  336.7  342.4  337.0
  358.0   8398  -21.3  -25.7     68   1.32    120      6  337.8  342.8  338.0
  330.0   8994  -25.6  -29.7     69   0.99    115      2  339.8  343.6  340.0
  317.0   9287  -27.8  -31.7     69   0.86    150      4  340.7  344.1  340.9
  304.0   9593  -30.0  -33.8     70   0.73     90      2  341.7  344.6  341.8
  300.0   9690  -30.7  -34.4     70   0.69     65      2  342.0  344.8  342.1
  279.0  10197  -34.9  -39.6     62   0.44    160      2  343.1  344.9  343.2
  267.0  10504  -37.4  -42.8     57   0.33    220      4  343.7  345.1  343.8
  255.0  10825  -40.1  -46.1     53   0.24    200      8  344.4  345.4  344.4
  250.0  10960  -41.1                         200      8  344.8         344.8
  244.0  11120  -42.5                         200      8  345.1         345.1
  234.0  11396  -44.9                         170      4  345.7         345.7
  223.0  11713  -47.7                          55      6  346.2         346.2
  200.0  12430  -53.9                          95     12  347.2         347.2
  194.0  12618  -55.5                         105     14  347.7         347.7
  160.0  13811  -65.8                         110     29  349.9         349.9
  150.0  14210  -69.3                         100     33  350.5         350.5
  138.0  14693  -72.9                          95     35  352.6         352.6
  115.0  15748  -80.9                          78     49  356.6         356.6
  112.0  15896  -81.6                          75     51  358.1         358.1
  106.0  16203  -83.0                          70     51  361.0         361.0
  105.0  16256  -83.3                          70     51  361.5         361.5
  100.0  16530  -78.7                          70     37  375.4         375.4
   99.8  16541  -78.5                          71     37  376.0         376.0
   90.1  17124  -78.7                         105     23  386.8         386.8
   90.0  17130  -78.7                         105     23  387.0         387.0
   86.0  17393  -77.1                         160     10  395.2         395.2
   81.0  17739  -75.0                         200     17  406.2         406.2
   77.0  18031  -73.3                         210     16  415.8         415.8
   75.7  18130  -72.7                         222     18  419.1         419.1
   70.0  18590  -71.7                         275     29  430.7         430.7
   60.0  19492  -73.1                         290     23  447.0         447.0
   52.1  20318  -74.3                         277     13  462.5         462.5
   51.0  20443  -71.5                         275     12  471.9         471.9
   50.0  20560  -68.9                         255     14  480.7         480.7
   49.0  20682  -66.8                         235     14  488.5         488.5
   48.5  20744  -65.7                         236     14  492.5         492.5
   40.0  21931  -62.4                         250     23  528.8         528.8
   36.0  22581  -60.5                         300     14  549.6         549.6
   34.7  22807  -59.9                         295     17  557.1         557.1
   32.0  23310  -61.6                         285     25  565.6         565.6
   30.1  23689  -62.9                         280     15  572.0         572.0
   30.0  23710  -62.7                         280     14  573.1         573.1
   29.0  23921  -61.4                         305     23  582.4         582.4
   26.6  24460  -57.9                         278     25  606.7         606.7
   24.0  25105  -58.8                         245     27  622.3         622.3
   23.0  25373  -59.1                         235     25  628.8         628.8
   21.5  25796  -59.7                         246     22  639.4         639.4
   21.0  25944  -59.0                         250     21  645.6         645.6
   20.0  26250  -57.7                         190     14  658.8         658.8
   19.0  26574  -57.5                         125     12  669.3         669.3
   17.6  27057  -57.1                          97     20  685.2         685.2
   17.0  27279  -54.9                          85     23  699.0         699.0
   16.3  27547  -52.3                          78     20  716.0         716.0
   16.0  27667  -52.3                          75     19  719.8         719.8
   15.0  28084  -52.4                         115     21  733.0         733.0
   12.0  29525  -52.5                          95     37  780.8         780.8
   10.0  30710  -49.7                          95     54  832.9         832.9
    9.7  30909  -49.3                                     841.7         841.7
</PRE><H3>Station information and sounding indices</H3><PRE>
                         Station identifier: WIII
                             Station number: 96749
                           Observation time: 140105/0000
                           Station latitude: -6.11
                          Station longitude: 106.65
                          Station elevation: 8.0
                            Showalter index: 0.81
                               Lifted index: 0.21
    LIFT computed using virtual temperature: -0.02
                                SWEAT index: 246.81
                                    K index: 34.50
                         Cross totals index: 20.00
                      Vertical totals index: 22.50
                        Totals totals index: 42.50
      Convective Available Potential Energy: 22.11
             CAPE using virtual temperature: 43.38
                      Convective Inhibition: -88.94
             CINS using virtual temperature: -68.13
                           Equilibrum Level: 544.17
 Equilibrum Level using virtual temperature: 448.72
                   Level of Free Convection: 692.54
             LFCT using virtual temperature: 774.58
                     Bulk Richardson Number: 112.67
          Bulk Richardson Number using CAPV: 221.08
  Temp [K] of the Lifted Condensation Level: 293.02
Pres [hPa] of the Lifted Condensation Level: 942.26
   Equivalent potential temp [K] of the LCL: 343.93
     Mean mixed layer potential temperature: 298.06
              Mean mixed layer mixing ratio: 15.76
              1000 hPa to 500 hPa thickness: 5764.00
Precipitable water [mm] for entire sounding: 57.05
</PRE>
<P>Description of the 
<A HREF="/upperair/columns.html">data columns</A>
or <A HREF="/upperair/indices.html">sounding indices</A>.

<P>
<FORM>
<INPUT CLASS="button" TYPE="button" VALUE=" Close this window " 
 onClick="window.close();">
<INPUT CLASS="button" TYPE="button" VALUE=" Select another map " 
 onClick="window.blur();">
</FORM>
<HR SIZE="1">
<I>Interested in graduate studies in atmospheric science?
Check out our program at the
<a href="http://www.uwyo.edu/atsc/howtoapply/"
target=_top>University of Wyoming
</a></I>
<HR SIZE="1"><FONT SIZE="-1">
Questions about the weather data provided by this site can be
addressed to <A HREF="mailto:ldoolman@uwyo.edu">
Larry Oolman (ldoolman@uwyo.edu)</A></FONT>
<HR SIZE="1">
<SCRIPT TYPE="text/javascript">
<!--
window.focus();
// -->
</SCRIPT>
</BODY>
</HTML>
