2014-01-28 00
<HTML>
<TITLE>University of Wyoming - Radiosonde Data</TITLE>
<BODY BGCOLOR="white">
<H2>96749 WIII Jakarta Observations at 00Z 28 Jan 2014</H2>
<PRE>
-----------------------------------------------------------------------------
   PRES   HGHT   TEMP   DWPT   RELH   MIXR   DRCT   SKNT   THTA   THTE   THTV
    hPa     m      C      C      %    g/kg    deg   knot     K      K      K 
-----------------------------------------------------------------------------
 1010.0      8   24.4   22.1     87  16.89    310      6  296.7  345.6  299.7
 1008.0     25   26.2   22.5     80  17.36    310      7  298.7  349.4  301.8
 1000.0     94   25.6   21.7     79  16.64    310     10  298.8  347.4  301.7
  977.0    298   24.1   20.6     81  15.90    315     17  299.2  345.8  302.0
  925.0    776   20.4   18.0     86  14.24    325     19  300.2  342.1  302.7
  912.0    898   19.7   17.7     88  14.15    325     19  300.7  342.4  303.2
  860.0   1403   16.8   16.3     97  13.74    312     15  302.7  343.6  305.2
  850.0   1503   16.2   15.7     97  13.37    310     14  303.1  343.0  305.5
  792.0   2097   13.4   12.2     92  11.40    295     14  306.3  340.9  308.4
  700.0   3135    8.6    6.1     84   8.51    325      8  312.0  338.6  313.6
  686.0   3302    8.0    5.3     83   8.20    330      8  313.1  338.9  314.7
  671.0   3485    7.4    4.4     81   7.88    302      9  314.4  339.3  315.9
  662.0   3595    6.7    3.7     81   7.58    285     10  314.9  338.9  316.3
  615.0   4196    3.0   -0.3     79   6.14    290     14  317.3  337.2  318.5
  579.0   4687    0.0   -3.5     77   5.13    286     14  319.3  336.1  320.3
  571.0   4797   -0.6   -4.2     77   4.92    285     14  319.8  336.0  320.8
  550.0   5095   -2.4   -6.2     75   4.40    305     14  321.2  335.9  322.1
  510.0   5694   -5.9  -10.2     72   3.48    280     14  324.0  335.8  324.7
  503.0   5803   -6.5  -10.9     71   3.33    280     14  324.5  335.9  325.1
  500.0   5850   -6.7  -12.7     62   2.90    280     14  324.8  334.8  325.4
  490.0   6007   -7.1  -10.9     74   3.42    280     14  326.2  337.9  326.9
  487.0   6055   -6.9  -15.9     49   2.29    280     13  327.0  335.1  327.5
  477.0   6216   -7.5  -12.2     69   3.16    280     13  328.2  339.2  328.9
  454.0   6598   -9.4  -18.8     46   1.92    280     12  330.4  337.4  330.8
  451.0   6649   -9.7  -19.7     44   1.79    276     12  330.8  337.2  331.1
  437.0   6888  -11.4  -21.9     41   1.52    255     10  331.6  337.2  331.9
  404.0   7484  -15.6  -27.4     36   1.00    260     16  333.7  337.5  333.9
  400.0   7560  -16.1  -28.1     35   0.95    260     16  334.0  337.6  334.2
  388.0   7787  -18.0  -28.9     38   0.91    245     14  334.4  337.8  334.6
  358.0   8387  -23.1  -31.1     48   0.80    272     19  335.3  338.4  335.5
  352.0   8511  -23.7  -36.7     29   0.47    277     21  336.2  338.0  336.2
  347.0   8615  -24.7  -31.7     52   0.78    282     21  336.2  339.2  336.3
  329.0   9000  -28.0  -36.9     42   0.49    300     25  336.8  338.8  336.9
  319.0   9223  -29.9  -39.9     37   0.37    300     23  337.1  338.7  337.2
  300.0   9660  -32.5  -35.8     72   0.60    300     19  339.4  341.9  339.6
  294.0   9802  -33.3  -36.5     73   0.57    303     15  340.3  342.6  340.4
  290.0   9897  -34.1  -37.3     72   0.54    305     12  340.5  342.6  340.6
  278.0  10190  -36.6  -40.0     71   0.43    325      6  341.0  342.7  341.1
  266.0  10496  -39.2  -42.7     70   0.34     30      2  341.5  342.9  341.6
  262.0  10601  -40.1  -43.6     69   0.31     69      3  341.7  343.0  341.8
  255.0  10785  -41.6                         140      6  342.1         342.1
  250.0  10920  -42.7                         140      6  342.4         342.4
  243.0  11106  -44.3                         145      6  342.8         342.8
  233.0  11381  -46.7                          90     12  343.4         343.4
  200.0  12380  -55.3                          95     29  345.0         345.0
  154.0  13993  -67.7                          86     70  350.6         350.6
  150.0  14150  -68.1                          85     74  352.6         352.6
  144.0  14392  -69.3                          80     76  354.7         354.7
  137.0  14688  -70.7                          80     76  357.2         357.2
  120.0  15474  -74.5                          72     42  364.1         364.1
  117.0  15620  -75.5                          70     35  364.8         364.8
  111.0  15924  -77.6                          75     19  366.4         366.4
  107.0  16136  -79.1                          94     18  367.5         367.5
  100.0  16520  -81.1                         130     16  370.8         370.8
   95.0  16806  -82.6                         145     27  373.4         373.4
   92.6  16948  -83.3                         140     33  374.7         374.7
   81.1  17683  -82.7                          90     35  390.4         390.4
   81.0  17690  -82.6                          90     35  390.7         390.7
   77.0  17976  -79.8                          95     35  402.3         402.3
   73.0  18277  -76.8                          70     17  414.8         414.8
   72.4  18324  -76.3                          95     16  416.8         416.8
   70.3  18495  -71.3                         182     11  431.0         431.0
   70.0  18520  -71.3                         195     10  431.5         431.5
   69.0  18605  -71.2                         235      8  433.6         433.6
   66.0  18870  -70.8                         225     16  440.0         440.0
   59.0  19535  -69.8                         245     19  456.6         456.6
   56.0  19845  -69.3                         270      6  464.5         464.5
   54.0  20061  -69.0                         355      4  470.1         470.1
   51.2  20378  -68.5                         310     12  478.4         478.4
   50.0  20520  -67.3                         290     16  484.5         484.5
   49.0  20642  -67.1                         265     23  487.9         487.9
   44.0  21292  -65.8                         230     17  506.3         506.3
   43.8  21320  -65.7                         226     16  507.1         507.1
   42.0  21576  -65.4                         185     10  513.9         513.9
   38.0  22186  -64.7                         250      4  530.6         530.6
   36.0  22516  -64.3                          50     10  539.8         539.8
   33.0  23046  -63.7                          45      8  555.0         555.0
   31.1  23408  -63.3                          31     18  565.6         565.6
   31.0  23428  -63.1                          30     19  566.7         566.7
   30.0  23630  -61.1                          10     12  577.5         577.5
   27.0  24291  -58.1                          55     12  603.4         603.4
   26.2  24479  -57.3                          27     14  611.0         611.0
   26.0  24528  -57.3                          20     14  612.4         612.4
   25.0  24776  -57.2                          25      8  619.6         619.6
   23.0  25305  -57.0                         120     19  635.1         635.1
   21.0  25881  -56.8                         150     23  652.4         652.4
   20.0  26190  -56.7                         120     27  661.9         661.9
   19.0  26517  -55.9                          90     41  674.1         674.1
   17.6  27004  -54.7                          86     41  692.8         692.8
   16.0  27621  -52.5                          80     41  719.2         719.2
   15.0  28039  -51.0                          80     56  737.7         737.7
   14.1  28440  -49.5                          74     50  755.7         755.7
   13.0  28972  -49.5                          65     41  773.5         773.5
   12.0  29496  -49.5                          85     51  791.4         791.4
   10.0  30690  -49.5                          90     72  833.7         833.7
    9.0  31381  -48.9                          85     80  861.3         861.3
    8.9  31454  -48.9                          85     80  864.3         864.3
    8.6  31679  -48.7                                     873.5         873.5
</PRE><H3>Station information and sounding indices</H3><PRE>
                         Station identifier: WIII
                             Station number: 96749
                           Observation time: 140128/0000
                           Station latitude: -6.11
                          Station longitude: 106.65
                          Station elevation: 8.0
                            Showalter index: -1.00
                               Lifted index: -2.22
    LIFT computed using virtual temperature: -2.65
                                SWEAT index: 230.42
                                    K index: 36.10
                         Cross totals index: 22.40
                      Vertical totals index: 22.90
                        Totals totals index: 45.30
      Convective Available Potential Energy: 556.66
             CAPE using virtual temperature: 653.74
                      Convective Inhibition: -11.79
             CINS using virtual temperature: -6.79
                           Equilibrum Level: 194.57
 Equilibrum Level using virtual temperature: 193.99
                   Level of Free Convection: 879.29
             LFCT using virtual temperature: 893.32
                     Bulk Richardson Number: 635.78
          Bulk Richardson Number using CAPV: 746.65
  Temp [K] of the Lifted Condensation Level: 293.18
Pres [hPa] of the Lifted Condensation Level: 932.97
   Equivalent potential temp [K] of the LCL: 346.09
     Mean mixed layer potential temperature: 299.06
              Mean mixed layer mixing ratio: 16.10
              1000 hPa to 500 hPa thickness: 5756.00
Precipitable water [mm] for entire sounding: 55.63
</PRE>
<P>Description of the 
<A HREF="/upperair/columns.html">data columns</A>
or <A HREF="/upperair/indices.html">sounding indices</A>.

<P>
<FORM>
<INPUT CLASS="button" TYPE="button" VALUE=" Close this window " 
 onClick="window.close();">
<INPUT CLASS="button" TYPE="button" VALUE=" Select another map " 
 onClick="window.blur();">
</FORM>
<HR SIZE="1">
<I>Interested in graduate studies in atmospheric science?
Check out our program at the
<a href="http://www.uwyo.edu/atsc/howtoapply/"
target=_top>University of Wyoming
</a></I>
<HR SIZE="1"><FONT SIZE="-1">
Questions about the weather data provided by this site can be
addressed to <A HREF="mailto:ldoolman@uwyo.edu">
Larry Oolman (ldoolman@uwyo.edu)</A></FONT>
<HR SIZE="1">
<SCRIPT TYPE="text/javascript">
<!--
window.focus();
// -->
</SCRIPT>
</BODY>
</HTML>
