2014-12-13 12
<HTML>
<TITLE>University of Wyoming - Radiosonde Data</TITLE>
<BODY BGCOLOR="white">
<H2>96749 WIII Jakarta Observations at 00Z 13 Dec 2014</H2>
<PRE>
-----------------------------------------------------------------------------
   PRES   HGHT   TEMP   DWPT   RELH   MIXR   DRCT   SKNT   THTA   THTE   THTV
    hPa     m      C      C      %    g/kg    deg   knot     K      K      K 
-----------------------------------------------------------------------------
 1009.0      8   25.2   23.1     88  18.00    260      3  297.6  350.0  300.8
 1000.0     88   25.4   21.5     79  16.44    265      6  298.6  346.6  301.5
  976.0    301   24.2   20.7     81  16.02    285     14  299.4  346.3  302.3
  950.0    538   22.8   19.8     83  15.55    270     16  300.3  346.1  303.1
  925.0    771   21.4   19.0     86  15.19    255     17  301.2  346.1  303.9
  911.0    903   20.8   18.4     86  14.82    245     19  301.9  345.8  304.6
  850.0   1503   18.2   15.5     84  13.20    225     12  305.2  344.9  307.6
  821.0   1797   16.7   14.0     84  12.40    225      8  306.7  344.3  309.0
  793.0   2090   15.3   12.5     84  11.64    205      6  308.2  343.7  310.3
  765.0   2394   13.8   11.0     83  10.89    195      2  309.7  343.2  311.8
  738.0   2698   12.2    9.5     83  10.17    155     10  311.3  342.8  313.2
  700.0   3145   10.0    7.2     83   9.18    180     10  313.5  342.3  315.3
  687.0   3301    9.1    6.9     86   9.14    190     10  314.1  342.9  315.9
  681.0   3374    8.6    6.7     88   9.12    198     10  314.4  343.1  316.2
  639.0   3894    5.5    4.1     91   8.10    255     12  316.6  342.5  318.2
  616.0   4194    3.6    2.6     93   7.56    255     12  317.9  342.2  319.4
  572.0   4799    0.0   -0.4     97   6.54    265      8  320.4  341.7  321.7
  531.0   5391   -2.8   -4.0     92   5.39    230      8  323.9  341.9  325.0
  500.0   5870   -5.1   -6.9     87   4.59    230      6  326.8  342.3  327.7
  492.0   5996   -5.7   -7.9     85   4.32    235      6  327.5  342.3  328.4
  473.0   6305   -7.1  -10.2     79   3.73    180      8  329.4  342.4  330.2
  471.0   6338   -7.3  -10.5     78   3.67    179      8  329.6  342.4  330.4
  428.0   7077  -12.9  -23.9     39   1.30    167      5  331.7  336.5  331.9
  421.0   7203  -14.0  -24.2     42   1.29    165      4  331.8  336.6  332.1
  419.0   7239  -14.3  -24.3     42   1.28    168      4  331.9  336.6  332.1
  418.0   7257  -14.5  -19.1     68   2.03    170      5  331.9  339.2  332.3
  405.0   7496  -15.9  -18.8     79   2.15    190      8  333.0  340.8  333.4
  400.0   7590  -16.5  -18.7     83   2.20    185      8  333.5  341.4  333.9
  398.0   7628  -16.7  -19.5     79   2.06    184      8  333.7  341.1  334.1
  396.0   7665  -16.5  -22.5     60   1.60    183      8  334.4  340.3  334.7
  392.0   7742  -16.5  -20.4     72   1.94    180      8  335.4  342.5  335.8
  391.0   7761  -16.5  -23.5     55   1.48    180      8  335.6  341.1  335.9
  384.0   7896  -17.1  -20.2     77   2.01    175      8  336.6  344.0  337.0
  378.0   8014  -17.5  -24.5     54   1.40    172      8  337.6  342.8  337.9
  377.0   8034  -17.5  -33.5     23   0.60    171      8  337.8  340.2  337.9
  363.0   8315  -20.1  -32.1     34   0.72    162      8  338.0  340.8  338.2
  361.0   8356  -20.5  -26.5     59   1.22    161      8  338.0  342.6  338.3
  345.0   8685  -22.6  -28.0     61   1.11    150      8  339.6  343.8  339.8
  331.0   8986  -24.5  -29.4     64   1.01    150      4  341.0  344.9  341.2
  317.0   9300  -26.5  -30.9     66   0.92    355      6  342.4  346.0  342.6
  300.0   9700  -29.1  -32.8     70   0.81     10     14  344.2  347.5  344.4
  280.0  10189  -33.2  -36.6     71   0.60     30     16  345.2  347.6  345.3
  273.0  10369  -34.7  -38.0     72   0.53     28     18  345.5  347.7  345.6
  250.0  10980  -39.3  -43.8     62   0.32     20     23  347.5  348.8  347.6
  247.0  11062  -40.1  -44.6     62   0.29     20     23  347.5  348.8  347.6
  246.0  11089  -40.3                          20     23  347.6         347.6
  200.0  12460  -52.7                          40     29  349.1         349.1
  150.0  14250  -69.1                          65     39  350.9         350.9
  139.0  14694  -72.9                          70     39  351.8         351.8
  125.0  15313  -78.3                          63     51  353.0         353.0
  119.0  15590  -79.2                          60     56  356.3         356.3
  107.0  16190  -81.2                          70     27  363.5         363.5
  103.0  16405  -81.9                          87     24  366.1         366.1
  100.0  16570  -83.1                         100     21  366.9         366.9
   96.0  16796  -84.9                         120     23  367.8         367.8
   93.3  16953  -86.1                         130     25  368.4         368.4
   83.7  17547  -86.7                         107     34  378.8         378.8
   81.0  17732  -81.5                         100     37  393.0         393.0
   78.3  17922  -76.1                         127     23  408.0         408.0
   77.0  18019  -76.0                         140     16  410.1         410.1
   73.0  18327  -75.8                         165     16  416.8         416.8
   70.0  18570  -75.7                         100     10  422.1         422.1
   66.0  18909  -76.0                          60     12  428.7         428.7
   63.0  19177  -76.2                         110     10  433.9         433.9
   61.5  19316  -76.3                         108     13  436.7         436.7
   60.0  19461  -74.9                         105     16  442.9         442.9
   57.0  19763  -72.1                          35     14  455.9         455.9
   52.7  20224  -67.7                          28     15  476.3         476.3
   51.0  20421  -68.0                          25     16  480.2         480.2
   50.0  20540  -68.1                          50     16  482.6         482.6
   49.0  20662  -68.0                          80     16  485.6         485.6
   46.0  21042  -67.8                          95     31  494.9         494.9
   39.9  21898  -67.3                          84     44  516.7         516.7
   38.4  22133  -60.7                          81     48  539.2         539.2
   38.0  22198  -60.8                          80     49  540.5         540.5
   35.0  22707  -61.8                         105     56  550.7         550.7
   31.6  23339  -63.1                          92     59  563.6         563.6
   30.0  23660  -61.9                          85     60  575.3         575.3
   28.0  24094  -60.5                          85     58  590.7         590.7
   22.0  25611  -55.5                          95     72  647.7         647.7
   20.0  26210  -53.5                          95     76  671.7         671.7
   18.6  26680  -50.9                          92     79  693.9         693.9
   18.0  26892  -51.2                          90     80  699.4         699.4
   17.7  27002  -51.4                          90     80  702.3         702.3
   17.0  27263  -51.7                          90     80  709.2         709.2
   16.0  27657  -52.3                          90     80  719.8         719.8
   14.0  28542  -45.5                          80     58  770.9         770.9
   13.0  29034  -41.7                          65     35  800.5         800.5
   12.9  29085  -41.3                          63     34  803.6         803.6
   12.0  29578  -40.9                          40     23  822.0         822.0
   11.0  30170  -40.3                         305     35  844.7         844.7
   10.0  30820  -39.7                         265     17  870.2         870.2
    9.0  31539  -40.2                         165      6  894.7         894.7
    8.9  31615  -40.3                                     897.4         897.4
</PRE><H3>Station information and sounding indices</H3><PRE>
                         Station identifier: WIII
                             Station number: 96749
                           Observation time: 141213/0000
                           Station latitude: -6.11
                          Station longitude: 106.65
                          Station elevation: 8.0
                            Showalter index: -0.15
                               Lifted index: -0.80
    LIFT computed using virtual temperature: -0.96
                                SWEAT index: 216.01
                                    K index: 36.00
                         Cross totals index: 20.60
                      Vertical totals index: 23.30
                        Totals totals index: 43.90
      Convective Available Potential Energy: 162.20
             CAPE using virtual temperature: 200.83
                      Convective Inhibition: -103.10
             CINS using virtual temperature: -82.11
                           Equilibrum Level: 339.88
 Equilibrum Level using virtual temperature: 336.26
                   Level of Free Convection: 671.42
             LFCT using virtual temperature: 684.23
                     Bulk Richardson Number: 24.92
          Bulk Richardson Number using CAPV: 30.85
  Temp [K] of the Lifted Condensation Level: 293.31
Pres [hPa] of the Lifted Condensation Level: 933.32
   Equivalent potential temp [K] of the LCL: 346.57
     Mean mixed layer potential temperature: 299.16
              Mean mixed layer mixing ratio: 16.22
              1000 hPa to 500 hPa thickness: 5782.00
Precipitable water [mm] for entire sounding: 60.41
</PRE>
<P>Description of the 
<A HREF="/upperair/columns.html">data columns</A>
or <A HREF="/upperair/indices.html">sounding indices</A>.

<P>
<FORM>
<INPUT CLASS="button" TYPE="button" VALUE=" Close this window " 
 onClick="window.close();">
<INPUT CLASS="button" TYPE="button" VALUE=" Select another map " 
 onClick="window.blur();">
</FORM>
<HR SIZE="1">
<I>Interested in graduate studies in atmospheric science?
Check out our program at the
<a href="http://www.uwyo.edu/atsc/howtoapply/"
target=_top>University of Wyoming
</a></I>
<HR SIZE="1"><FONT SIZE="-1">
Questions about the weather data provided by this site can be
addressed to <A HREF="mailto:ldoolman@uwyo.edu">
Larry Oolman (ldoolman@uwyo.edu)</A></FONT>
<HR SIZE="1">
<SCRIPT TYPE="text/javascript">
<!--
window.focus();
// -->
</SCRIPT>
</BODY>
</HTML>
