2015-11-08 12
<HTML>
<TITLE>University of Wyoming - Radiosonde Data</TITLE>
<BODY BGCOLOR="white">
<H2>96749 WIII Jakarta Observations at 00Z 08 Nov 2015</H2>
<PRE>
-----------------------------------------------------------------------------
   PRES   HGHT   TEMP   DWPT   RELH   MIXR   DRCT   SKNT   THTA   THTE   THTV
    hPa     m      C      C      %    g/kg    deg   knot     K      K      K 
-----------------------------------------------------------------------------
 1010.0      8   25.2   23.4     90  18.32    200      2  297.5  350.8  300.8
 1000.0    101   25.6   22.7     84  17.72    150      2  298.8  350.6  301.9
  984.0    244   26.2   22.9     82  18.24     77      3  300.7  354.6  304.0
  978.0    298   25.9   22.5     82  17.92     50      4  300.9  353.8  304.1
  945.0    600   24.0   20.4     80  16.19     50      6  302.0  350.0  304.9
  925.0    788   22.8   19.0     79  15.19     80      8  302.6  347.8  305.4
  913.0    901   22.1   18.6     81  14.99     95      8  303.0  347.6  305.7
  882.0   1201   20.1   17.5     85  14.46    110      6  304.0  347.2  306.6
  850.0   1521   18.0   16.3     90  13.91     90      8  305.0  346.8  307.5
  804.0   1998   16.2   12.9     81  11.76     78     10  308.0  343.8  310.1
  795.0   2093   15.7   12.3     81  11.47     75     10  308.4  343.4  310.5
  740.0   2697   12.2    8.8     80   9.71     65      8  311.0  341.2  312.9
  700.0   3166    9.6    6.1     79   8.51     85     10  313.1  339.8  314.7
  664.0   3600    7.3    3.4     76   7.39     90      8  315.3  338.8  316.7
  618.0   4190    4.3   -0.4     72   6.07     65     10  318.3  338.0  319.5
  600.0   4433    3.0   -1.9     70   5.58     68      9  319.5  337.8  320.6
  573.0   4805    1.0   -9.0     47   3.40     73      8  321.4  332.9  322.1
  570.0   4848    0.8   -3.3     74   5.29     74      8  321.7  339.2  322.7
  561.0   4976    0.0   -3.2     79   5.42     75      8  322.2  340.1  323.3
  512.0   5703   -4.4   -7.5     79   4.27     85      6  325.4  339.9  326.2
  511.0   5719   -4.5   -7.6     79   4.25     86      6  325.5  339.9  326.3
  500.0   5890   -5.3   -7.9     82   4.24     95      8  326.5  340.9  327.4
  486.0   6113   -5.9  -11.9     63   3.18    110      8  328.4  339.5  329.1
  452.0   6677  -10.3  -11.9     88   3.42    149      8  329.8  341.7  330.5
  439.0   6900  -11.6  -13.5     86   3.10    165      8  330.9  341.8  331.5
  422.0   7201  -13.3  -15.6     83   2.70    170      8  332.4  342.1  333.0
  406.0   7496  -15.0  -17.7     80   2.36    115      2  333.9  342.4  334.4
  400.0   7610  -15.7  -18.5     79   2.24    150      2  334.5  342.6  334.9
  390.0   7798  -16.9  -19.8     78   2.04    205      4  335.3  342.8  335.7
  360.0   8391  -20.8  -24.1     75   1.52    175      4  337.9  343.6  338.2
  345.0   8707  -22.9  -26.3     73   1.30    200      4  339.2  344.1  339.5
  335.0   8925  -24.3  -27.9     72   1.16    180      5  340.1  344.6  340.4
  318.0   9300  -27.0  -30.9     70   0.92    145      6  341.4  345.0  341.6
  305.0   9601  -29.2  -33.3     68   0.76    165      8  342.4  345.4  342.6
  300.0   9720  -30.1  -34.3     67   0.70    165      8  342.8  345.6  343.0
  263.0  10642  -37.7  -41.9     65   0.37    136      7  344.9  346.4  344.9
  256.0  10828  -38.7  -51.7     24   0.13    130      6  346.0  346.6  346.1
  250.0  10990  -40.1                         125      6  346.3         346.3
  246.0  11097  -41.0                         120      6  346.5         346.5
  225.0  11689  -46.1                         135      4  347.6         347.6
  205.0  12306  -51.5                          75      4  348.6         348.6
  200.0  12470  -52.9                          85      2  348.8         348.8
  196.0  12596  -54.0                          90      2  349.1         349.1
  178.0  13195  -59.1                          55     10  350.4         350.4
  170.0  13481  -61.6                          65     14  351.0         351.0
  154.0  14096  -66.9                          35     21  352.0         352.0
  150.0  14260  -68.3                          35     23  352.2         352.2
  147.0  14378  -69.3                          30     25  352.6         352.6
  126.0  15282  -76.9                          45      8  354.7         354.7
  125.0  15329  -77.3                          51      8  354.8         354.8
  119.0  15607  -78.5                          85     10  357.7         357.7
  102.0  16479  -82.1                          90     21  366.8         366.8
  101.0  16534  -82.3                          95     19  367.4         367.4
  100.0  16590  -81.9                         115     17  369.2         369.2
   96.0  16819  -81.6                         180     10  374.2         374.2
   91.0  17119  -81.2                         220     17  380.8         380.8
   87.0  17371  -80.8                         225     17  386.4         386.4
   85.5  17468  -80.7                         238     17  388.6         388.6
   82.0  17707  -77.4                         270     17  400.1         400.1
   79.5  17884  -74.9                         236     16  408.7         408.7
   78.0  17994  -74.6                         215     16  411.6         411.6
   74.8  18238  -73.9                         223     15  418.0         418.0
   71.3  18520  -68.9                         232     14  434.4         434.4
   70.0  18630  -69.1                         235     14  436.2         436.2
   67.0  18892  -69.0                         200     12  442.0         442.0
   64.0  19165  -68.8                         330      6  448.1         448.1
   61.0  19452  -68.7                         295      8  454.6         454.6
   58.0  19753  -68.5                          50      6  461.6         461.6
   52.0  20406  -68.2                         340      6  476.9         476.9
   50.0  20640  -68.1                         265      6  482.6         482.6
   49.6  20688  -68.1                         265      6  483.7         483.7
   41.0  21850  -63.0                         255     14  523.5         523.5
   39.0  22155  -61.7                         295     17  534.4         534.4
   38.2  22281  -61.1                         291     21  539.0         539.0
   36.6  22551  -54.1                         283     29  563.6         563.6
   35.0  22836  -54.5                         275     37  569.9         569.9
   30.0  23820  -55.7                         235     31  592.2         592.2
   25.0  24973  -57.6                         195     17  618.4         618.4
   24.0  25232  -58.0                         180     10  624.5         624.5
   23.0  25501  -58.5                         135      8  630.8         630.8
   22.9  25528  -58.5                         134      8  631.5         631.5
   22.0  25783  -56.9                         120     12  643.5         643.5
   21.0  26080  -55.0                         145     10  657.7         657.7
   20.0  26390  -53.1                         235     10  672.9         672.9
   18.0  27077  -50.7                         225     12  701.1         701.1
   17.0  27450  -49.4                         205      8  716.8         716.8
   16.0  27845  -48.0                         325      8  733.8         733.8
   15.8  27927  -47.7                                     737.4         737.4
</PRE><H3>Station information and sounding indices</H3><PRE>
                         Station identifier: WIII
                             Station number: 96749
                           Observation time: 151108/0000
                           Station latitude: -6.11
                          Station longitude: 106.65
                          Station elevation: 8.0
                            Showalter index: -1.06
                               Lifted index: -3.04
    LIFT computed using virtual temperature: -3.42
                                SWEAT index: 219.61
                                    K index: 36.10
                         Cross totals index: 21.60
                      Vertical totals index: 23.30
                        Totals totals index: 44.90
      Convective Available Potential Energy: 1066.46
             CAPE using virtual temperature: 1193.40
                      Convective Inhibition: -34.25
             CINS using virtual temperature: -24.57
                           Equilibrum Level: 151.98
 Equilibrum Level using virtual temperature: 152.04
                   Level of Free Convection: 856.35
             LFCT using virtual temperature: 869.84
                     Bulk Richardson Number: 343.04
          Bulk Richardson Number using CAPV: 383.87
  Temp [K] of the Lifted Condensation Level: 294.80
Pres [hPa] of the Lifted Condensation Level: 938.42
   Equivalent potential temp [K] of the LCL: 352.26
     Mean mixed layer potential temperature: 300.21
              Mean mixed layer mixing ratio: 17.72
              1000 hPa to 500 hPa thickness: 5789.00
Precipitable water [mm] for entire sounding: 59.45
</PRE>
<P>Description of the 
<A HREF="/upperair/columns.html">data columns</A>
or <A HREF="/upperair/indices.html">sounding indices</A>.

<P>
<FORM>
<INPUT CLASS="button" TYPE="button" VALUE=" Close this window " 
 onClick="window.close();">
<INPUT CLASS="button" TYPE="button" VALUE=" Select another map " 
 onClick="window.blur();">
</FORM>
<HR SIZE="1">
<I>Interested in graduate studies in atmospheric science?
Check out our program at the
<a href="http://www.uwyo.edu/atsc/howtoapply/"
target=_top>University of Wyoming
</a></I>
<HR SIZE="1"><FONT SIZE="-1">
Questions about the weather data provided by this site can be
addressed to <A HREF="mailto:ldoolman@uwyo.edu">
Larry Oolman (ldoolman@uwyo.edu)</A></FONT>
<HR SIZE="1">
<SCRIPT TYPE="text/javascript">
<!--
window.focus();
// -->
</SCRIPT>
</BODY>
</HTML>
