2014-10-29 00
<HTML>
<TITLE>University of Wyoming - Radiosonde Data</TITLE>
<BODY BGCOLOR="white">
<H2>96749 WIII Jakarta Observations at 00Z 29 Oct 2014</H2>
<PRE>
-----------------------------------------------------------------------------
   PRES   HGHT   TEMP   DWPT   RELH   MIXR   DRCT   SKNT   THTA   THTE   THTV
    hPa     m      C      C      %    g/kg    deg   knot     K      K      K 
-----------------------------------------------------------------------------
 1011.0      8   23.4   21.5     89  16.25    180      4  295.6  342.5  298.5
 1009.0     25   24.8   21.9     84  16.70    178      4  297.2  345.7  300.2
 1000.0    104   24.4   21.7     85  16.64    170      4  297.6  345.9  300.5
  986.0    228   24.6   21.3     82  16.47    154      5  298.9  347.1  301.9
  978.0    299   24.2   21.1     83  16.42    145      6  299.3  347.4  302.2
  945.0    600   22.7   20.4     86  16.21     85     10  300.7  348.5  303.6
  925.0    787   21.8   19.9     89  16.09     70     10  301.6  349.2  304.5
  914.0    890   21.3   19.0     87  15.37     65     10  302.1  347.7  304.9
  883.0   1189   19.8   16.4     81  13.45     60      4  303.6  343.8  306.0
  852.0   1498   18.3   13.7     74  11.68      5      4  305.1  340.3  307.2
  850.0   1518   18.2   13.5     74  11.57      5      4  305.2  340.1  307.3
  823.0   1792   16.6   11.8     73  10.70    350      6  306.3  338.8  308.3
  794.0   2096   14.8   10.0     73   9.79    190      2  307.6  337.5  309.4
  767.0   2390   13.1    8.2     72   8.97    310      4  308.8  336.4  310.5
  735.0   2751   11.0    6.0     71   8.04    271      4  310.3  335.3  311.8
  726.0   2854   11.6   -9.4     22   2.60    260      4  312.0  320.6  312.5
  714.0   2993   10.7   -4.6     34   3.81    245      4  312.5  324.9  313.2
  703.0   3122    9.8   -0.2     50   5.39    245      6  312.9  330.2  313.9
  700.0   3158    9.8   -2.2     43   4.67    245      6  313.3  328.4  314.2
  691.0   3266    9.6   -8.4     27   2.95    245      8  314.2  324.0  314.8
  689.0   3290    9.5   -5.7     34   3.65    245      8  314.4  326.4  315.1
  686.0   3326    9.4   -1.6     46   4.99    243      8  314.7  330.8  315.6
  677.0   3435    8.6   -6.4     34   3.52    238      7  315.0  326.5  315.6
  664.0   3596    7.2   -0.1     59   5.73    230      6  315.2  333.6  316.3
  660.0   3646    6.8    1.8     70   6.65    234      6  315.2  336.5  316.5
  643.0   3860    5.0    1.1     76   6.49    252      4  315.6  336.3  316.8
  640.0   3898    5.0   -0.2     69   5.92    255      4  316.0  335.0  317.1
  627.0   4066    5.0   -6.0     45   3.92    319      4  317.8  330.8  318.6
  617.0   4197    4.2   -1.8     65   5.47     10      4  318.4  336.2  319.4
  595.0   4492    2.3   -4.9     59   4.49    340      4  319.4  334.3  320.3
  579.0   4713    0.8   -7.2     55   3.87      5      5  320.2  333.1  321.0
  573.0   4797    0.7   -9.5     46   3.26     15      6  321.1  332.1  321.7
  563.0   4938    0.6  -13.4     34   2.43     22      5  322.6  331.0  323.1
  555.0   5053    0.0  -13.0     37   2.55     28      4  323.2  332.0  323.7
  552.0   5096   -0.3  -13.2     37   2.52     30      4  323.3  332.0  323.8
  532.0   5388   -2.7  -14.5     40   2.35    340      2  323.9  332.0  324.3
  512.0   5692   -5.2  -15.9     43   2.18     90      2  324.5  332.1  324.9
  500.0   5880   -6.7  -16.7     45   2.08     75      6  324.8  332.1  325.2
  497.0   5927   -6.5  -22.5     27   1.27     73      6  325.6  330.2  325.9
  456.0   6591  -10.7  -32.8     14   0.54     40      8  328.4  330.5  328.5
  439.0   6884  -12.6  -37.3     11   0.36     35      8  329.6  331.1  329.7
  431.0   7026  -13.5  -39.5      9   0.29     49      8  330.2  331.4  330.3
  422.0   7186  -14.5  -22.5     51   1.50     65      8  330.9  336.4  331.2
  402.0   7553  -16.5  -22.5     60   1.57     70     13  333.0  338.8  333.3
  400.0   7590  -16.7  -25.7     46   1.19     70     14  333.2  337.6  333.4
  390.0   7780  -17.2  -49.4      4   0.11     75     17  334.9  335.4  334.9
  385.0   7876  -17.5  -61.5      1   0.03     73     17  335.8  335.9  335.8
  380.0   7974  -18.1  -28.1     41   1.00     72     17  336.3  340.1  336.5
  379.0   7994  -17.9  -45.9      7   0.17     72     17  336.8  337.5  336.8
  374.0   8092  -18.5  -46.6      7   0.16     70     17  337.3  337.9  337.3
  345.0   8689  -22.1  -50.9      5   0.10     70     14  340.3  340.8  340.3
  340.0   8797  -22.7  -51.7      5   0.10     65     13  340.9  341.3  340.9
  305.0   9581  -29.6  -50.8     11   0.12     25      8  341.9  342.4  341.9
  300.0   9700  -30.7  -50.7     12   0.12     10      6  342.0  342.5  342.0
  292.0   9888  -32.2  -52.1     12   0.11    345      4  342.4  342.9  342.5
  280.0  10179  -34.7  -54.2     12   0.09     20      6  343.1  343.5  343.1
  261.0  10668  -38.7  -57.7     12   0.06     36      3  344.1  344.4  344.1
  257.0  10772  -39.6                          40      2  344.3         344.3
  250.0  10960  -41.3                          70      4  344.5         344.5
  246.0  11067  -42.2                          85      4  344.8         344.8
  235.0  11370  -44.8                          45      8  345.4         345.4
  215.0  11960  -49.8                           0     12  346.5         346.5
  200.0  12440  -53.9                         355     16  347.2         347.2
  196.0  12565  -55.0                         355     16  347.5         347.5
  178.0  13161  -60.1                          10     14  348.8         348.8
  169.0  13482  -62.9                          50     14  349.4         349.4
  150.0  14220  -69.3                          75     10  350.5         350.5
  146.0  14377  -70.5                          85      4  351.2         351.2
  132.0  14960  -74.8                          45      2  353.8         353.8
  125.0  15276  -77.1                         100      8  355.1         355.1
  119.0  15561  -79.2                          85     10  356.3         356.3
  116.0  15709  -80.3                          90     10  356.9         356.9
  113.0  15855  -81.2                          95     10  357.9         357.9
  107.0  16160  -83.1                         135     14  359.9         359.9
  101.0  16484  -79.3                         135     17  373.1         373.1
  100.0  16540  -78.7                         130     16  375.4         375.4
   96.0  16773  -76.4                         125      6  384.4         384.4
   95.9  16779  -76.3                         128      6  384.6         384.6
   91.0  17079  -76.5                         255     10  390.1         390.1
   78.0  17961  -77.0                         225      6  406.7         406.7
   74.0  18262  -77.1                          30     10  412.5         412.5
   70.0  18580  -77.3                           5     14  418.7         418.7
   69.7  18605  -77.3                           4     14  419.2         419.2
   63.0  19198  -74.0                         330      6  438.6         438.6
   60.0  19485  -72.5                         325     10  448.3         448.3
   57.0  19786  -70.8                         280     16  458.7         458.7
   54.0  20104  -69.1                         290     12  469.8         469.8
   52.0  20326  -67.9                         210     10  477.7         477.7
   51.4  20394  -67.5                         210      9  480.2         480.2
   50.0  20560  -68.1                         210      8  482.6         482.6
   49.0  20681  -68.0                         205      8  485.6         485.6
   47.0  20932  -67.8                         135     10  492.0         492.0
   44.0  21328  -67.4                          90     23  502.3         502.3
   43.3  21424  -67.3                          90     25  504.8         504.8
   38.0  22222  -63.8                          90     37  533.0         533.0
   33.7  22957  -60.5                          85     49  560.2         560.2
   30.0  23680  -60.1                          80     60  580.2         580.2
   25.3  24750  -57.3                          84     65  617.2         617.2
   20.1  26227  -50.1                          90     72  681.1         681.1
   20.0  26260  -50.1                          90     72  682.1         682.1
   19.6  26392  -50.0                          90     72  686.5         686.5
   16.0  27722  -48.5                                     732.2         732.2
</PRE><H3>Station information and sounding indices</H3><PRE>
                         Station identifier: WIII
                             Station number: 96749
                           Observation time: 141029/0000
                           Station latitude: -6.11
                          Station longitude: 106.65
                          Station elevation: 8.0
                            Showalter index: 0.16
                               Lifted index: -2.52
    LIFT computed using virtual temperature: -3.10
                                SWEAT index: 176.01
                                    K index: 26.40
                         Cross totals index: 20.20
                      Vertical totals index: 24.90
                        Totals totals index: 45.10
      Convective Available Potential Energy: 294.83
             CAPE using virtual temperature: 443.25
                      Convective Inhibition: -76.49
             CINS using virtual temperature: -57.02
                           Equilibrum Level: 227.50
 Equilibrum Level using virtual temperature: 227.61
                   Level of Free Convection: 764.67
             LFCT using virtual temperature: 800.58
                     Bulk Richardson Number: 74.65
          Bulk Richardson Number using CAPV: 112.23
  Temp [K] of the Lifted Condensation Level: 293.70
Pres [hPa] of the Lifted Condensation Level: 941.75
   Equivalent potential temp [K] of the LCL: 346.89
     Mean mixed layer potential temperature: 298.80
              Mean mixed layer mixing ratio: 16.47
              1000 hPa to 500 hPa thickness: 5776.00
Precipitable water [mm] for entire sounding: 47.15
</PRE>
<P>Description of the 
<A HREF="/upperair/columns.html">data columns</A>
or <A HREF="/upperair/indices.html">sounding indices</A>.

<P>
<FORM>
<INPUT CLASS="button" TYPE="button" VALUE=" Close this window " 
 onClick="window.close();">
<INPUT CLASS="button" TYPE="button" VALUE=" Select another map " 
 onClick="window.blur();">
</FORM>
<HR SIZE="1">
<I>Interested in graduate studies in atmospheric science?
Check out our program at the
<a href="http://www.uwyo.edu/atsc/howtoapply/"
target=_top>University of Wyoming
</a></I>
<HR SIZE="1"><FONT SIZE="-1">
Questions about the weather data provided by this site can be
addressed to <A HREF="mailto:ldoolman@uwyo.edu">
Larry Oolman (ldoolman@uwyo.edu)</A></FONT>
<HR SIZE="1">
<SCRIPT TYPE="text/javascript">
<!--
window.focus();
// -->
</SCRIPT>
</BODY>
</HTML>
