2014-09-10 00
<HTML>
<TITLE>University of Wyoming - Radiosonde Data</TITLE>
<BODY BGCOLOR="white">
<H2>96749 WIII Jakarta Observations at 00Z 10 Sep 2014</H2>
<PRE>
-----------------------------------------------------------------------------
   PRES   HGHT   TEMP   DWPT   RELH   MIXR   DRCT   SKNT   THTA   THTE   THTV
    hPa     m      C      C      %    g/kg    deg   knot     K      K      K 
-----------------------------------------------------------------------------
 1011.0      8   26.6   21.8     75  16.56    160      4  298.8  347.3  301.8
 1010.0     17   24.8   21.3     81  16.07    160      4  297.1  343.7  300.0
 1000.0    109   24.6   20.7     79  15.63    155      6  297.8  343.2  300.5
  979.0    295   24.2   19.8     76  15.07    140      8  299.2  343.4  301.9
  977.0    313   24.2   19.7     76  15.02    138      8  299.3  343.4  302.0
  946.0    594   21.8   18.3     81  14.23    110      8  299.7  341.5  302.3
  925.0    790   20.2   17.4     84  13.70    110     10  300.0  340.3  302.4
  913.0    903   19.8   16.7     83  13.29    110     12  300.6  339.9  303.0
  892.0   1104   19.0   15.5     80  12.57    108     11  301.9  339.2  304.1
  850.0   1518   16.6   11.7     73  10.26    105      8  303.5  334.3  305.4
  822.0   1803   14.8   10.4     75   9.72    105      6  304.5  333.9  306.3
  795.0   2085   13.2   10.9     86  10.40    105      4  305.8  337.2  307.7
  793.0   2107   13.3   10.0     80   9.81    105      4  306.1  335.9  307.9
  782.0   2225   14.0    5.0     55   7.04    111      4  308.1  329.9  309.4
  766.0   2398   12.9    4.5     57   6.93    120      4  308.7  330.3  310.0
  739.0   2699   11.1    3.6     60   6.75     35      8  309.9  331.0  311.1
  727.0   2836   10.2    3.2     62   6.67     30     10  310.4  331.3  311.6
  713.0   2997    9.4   -1.7     46   4.75     25     12  311.2  326.4  312.1
  700.0   3150    8.6   -6.4     34   3.40     45     14  312.0  323.1  312.6
  687.0   3305    8.1  -12.4     22   2.16     60     16  313.1  320.4  313.6
  672.0   3487    7.6  -19.4     13   1.23     69     17  314.5  318.8  314.8
  616.0   4199    5.2  -34.6      4   0.33    105     23  319.7  320.9  319.8
  607.0   4320    4.8  -37.2      3   0.26    108     23  320.6  321.6  320.6
  572.0   4800    1.5  -33.6      5   0.39    120     23  322.2  323.7  322.2
  557.0   5014    0.0  -32.0      7   0.47     99     22  322.9  324.6  322.9
  551.0   5100   -0.6  -30.3      8   0.56     90     21  323.2  325.3  323.3
  511.0   5697   -4.5  -18.2     34   1.80    105     16  325.4  331.8  325.8
  500.0   5870   -5.7  -14.7     49   2.46    120     14  326.0  334.6  326.5
  492.0   5996   -6.6  -15.0     51   2.44    130     14  326.4  335.0  326.9
  473.0   6302   -8.8  -15.8     57   2.38    135     14  327.4  335.8  327.9
  460.0   6519  -10.3  -16.3     61   2.34    117     13  328.1  336.4  328.6
  437.0   6909  -13.4  -18.3     67   2.09     85     12  329.1  336.5  329.5
  411.0   7376  -17.1  -20.6     74   1.82     69     21  330.1  336.6  330.5
  404.0   7505  -17.1  -24.5     52   1.31     65     23  331.7  336.6  332.0
  403.0   7524  -17.1  -25.1     50   1.24     65     23  332.0  336.6  332.2
  400.0   7580  -17.3  -24.3     54   1.35     65     23  332.4  337.4  332.7
  396.0   7655  -17.7  -23.7     59   1.43     66     23  332.9  338.1  333.1
  389.0   7789  -16.5  -34.5     20   0.53     68     22  336.1  338.2  336.2
  358.0   8405  -20.6  -36.9     22   0.45     75     19  338.7  340.5  338.8
  353.0   8510  -21.3  -37.3     22   0.44     75     19  339.1  340.9  339.2
  300.0   9680  -32.3  -48.3     19   0.16     75     23  339.7  340.4  339.8
  291.0   9892  -34.0  -50.9     17   0.12     80     29  340.3  340.8  340.3
  261.0  10647  -40.1  -60.1     10   0.04     96     29  342.1  342.3  342.1
  255.0  10805  -41.4                         100     29  342.4         342.4
  250.0  10940  -42.5                         100     29  342.7         342.7
  200.0  12410  -55.1                         100     25  345.4         345.4
  194.0  12597  -56.7                          95     25  345.8         345.8
  152.0  14099  -69.6                          55     45  348.7         348.7
  150.0  14180  -70.3                          55     47  348.8         348.8
  145.0  14381  -71.5                          55     53  350.1         350.1
  144.0  14421  -71.7                          55     54  350.4         350.4
  130.0  15019  -75.2                          60     45  354.6         354.6
  128.0  15109  -75.7                          60     41  355.2         355.2
  124.0  15294  -74.5                          60     23  360.8         360.8
  118.0  15583  -72.5                         115     14  369.5         369.5
  112.0  15886  -74.6                         135     16  371.2         371.2
  106.0  16205  -76.8                         125     14  372.9         372.9
  104.0  16316  -77.5                         107     13  373.5         373.5
  100.0  16540  -78.1                          70     12  376.6         376.6
   98.7  16615  -78.3                          65     10  377.6         377.6
   96.0  16774  -76.7                          15      4  383.7         383.7
   93.6  16920  -75.3                         302      7  389.3         389.3
   91.0  17082  -76.2                         220     10  390.6         390.6
   86.0  17408  -78.1                         180     12  393.2         393.2
   85.4  17448  -78.3                         169     12  393.6         393.6
   82.0  17685  -76.5                         105     10  401.9         401.9
   78.0  17976  -74.2                         345      6  412.4         412.4
   74.0  18283  -71.8                         170      2  423.7         423.7
   71.9  18451  -70.5                         219      9  429.9         429.9
   70.0  18610  -70.5                         265     16  433.2         433.2
   60.0  19531  -68.2                         225     21  457.9         457.9
   57.0  19837  -67.5                         235     14  466.3         466.3
   54.0  20160  -66.6                         200      8  475.4         475.4
   52.0  20386  -66.1                         120     14  481.9         481.9
   50.0  20620  -65.5                         105     16  488.7         488.7
   47.0  21001  -64.7                          75     21  499.4         499.4
   41.0  21842  -62.9                          65     27  523.8         523.8
   33.0  23178  -60.0                          90     52  564.9         564.9
   32.3  23310  -59.7                          89     52  569.2         569.2
   30.0  23770  -61.1                          85     51  577.5         577.5
   29.0  23981  -61.6                          90     51  581.7         581.7
   28.8  24024  -61.7                          90     51  582.6         582.6
   26.0  24666  -58.0                          95     56  610.4         610.4
   25.1  24887  -56.7                          91     56  620.3         620.3
   25.0  24912  -56.6                          90     56  621.2         621.2
   24.0  25174  -56.1                          90     56  630.1         630.1
   20.0  26340  -53.5                          85     51  671.7         671.7
   18.0  27020  -52.0                          80     52  697.0         697.0
   17.9  27056  -51.9                                     698.3         698.3
</PRE><H3>Station information and sounding indices</H3><PRE>
                         Station identifier: WIII
                             Station number: 96749
                           Observation time: 140910/0000
                           Station latitude: -6.11
                          Station longitude: 106.65
                          Station elevation: 8.0
                            Showalter index: 3.63
                               Lifted index: -0.06
    LIFT computed using virtual temperature: -0.48
                                SWEAT index: 170.41
                                    K index: 19.00
                         Cross totals index: 17.40
                      Vertical totals index: 22.30
                        Totals totals index: 39.70
      Convective Available Potential Energy: 70.20
             CAPE using virtual temperature: 131.03
                      Convective Inhibition: -42.27
             CINS using virtual temperature: -26.88
                           Equilibrum Level: 298.66
 Equilibrum Level using virtual temperature: 290.02
                   Level of Free Convection: 809.75
             LFCT using virtual temperature: 842.76
                     Bulk Richardson Number: 9.05
          Bulk Richardson Number using CAPV: 16.90
  Temp [K] of the Lifted Condensation Level: 292.17
Pres [hPa] of the Lifted Condensation Level: 925.85
   Equivalent potential temp [K] of the LCL: 343.07
     Mean mixed layer potential temperature: 298.69
              Mean mixed layer mixing ratio: 15.21
              1000 hPa to 500 hPa thickness: 5761.00
Precipitable water [mm] for entire sounding: 39.00
</PRE>
<P>Description of the 
<A HREF="/upperair/columns.html">data columns</A>
or <A HREF="/upperair/indices.html">sounding indices</A>.

<P>
<FORM>
<INPUT CLASS="button" TYPE="button" VALUE=" Close this window " 
 onClick="window.close();">
<INPUT CLASS="button" TYPE="button" VALUE=" Select another map " 
 onClick="window.blur();">
</FORM>
<HR SIZE="1">
<I>Interested in graduate studies in atmospheric science?
Check out our program at the
<a href="http://www.uwyo.edu/atsc/howtoapply/"
target=_top>University of Wyoming
</a></I>
<HR SIZE="1"><FONT SIZE="-1">
Questions about the weather data provided by this site can be
addressed to <A HREF="mailto:ldoolman@uwyo.edu">
Larry Oolman (ldoolman@uwyo.edu)</A></FONT>
<HR SIZE="1">
<SCRIPT TYPE="text/javascript">
<!--
window.focus();
// -->
</SCRIPT>
</BODY>
</HTML>
