2013-05-11 00
<HTML>
<TITLE>University of Wyoming - Radiosonde Data</TITLE>
<BODY BGCOLOR="white">
<H2>96749 WIII Jakarta Observations at 00Z 11 May 2013</H2>
<PRE>
-----------------------------------------------------------------------------
   PRES   HGHT   TEMP   DWPT   RELH   MIXR   DRCT   SKNT   THTA   THTE   THTV
    hPa     m      C      C      %    g/kg    deg   knot     K      K      K 
-----------------------------------------------------------------------------
 1007.0      8   25.0   23.8     93  18.84    210      2  297.6  352.4  300.9
 1000.0     74   25.6   21.7     79  16.64    205      2  298.8  347.4  301.7
  996.0    109   26.8   20.8     70  15.79    230      2  300.3  346.8  303.1
  975.0    297   25.8   20.2     72  15.59      0      0  301.1  347.1  303.9
  942.0    601   24.1   19.4     75  15.26    325      4  302.4  347.7  305.1
  925.0    761   23.2   18.9     77  15.09     40      2  303.0  348.0  305.8
  911.0    893   22.3   18.5     79  14.91    105      2  303.4  347.9  306.1
  850.0   1494   18.2   16.5     90  14.09     70      6  305.2  347.6  307.8
  820.0   1802   16.7   14.7     88  13.01     65      6  306.8  346.1  309.2
  818.0   1823   16.6   14.6     88  12.94     70      6  306.9  346.1  309.2
  792.0   2096   15.4   13.0     86  11.99    135      6  308.4  345.0  310.6
  738.0   2693   12.6    9.4     81  10.12    130      4  311.7  343.1  313.6
  712.0   2996   11.2    7.6     78   9.26     85      2  313.4  342.4  315.1
  700.0   3140   10.6    6.7     77   8.87     80      4  314.2  342.1  315.9
  662.0   3601    8.1    4.2     77   7.90     70      6  316.4  341.6  317.9
  638.0   3905    6.4    2.6     77   7.30     85      4  317.9  341.3  319.3
  615.0   4208    4.7    1.0     77   6.75    205      4  319.3  341.2  320.6
  605.0   4343    4.0    0.3     77   6.51    216      3  319.9  341.1  321.2
  593.0   4505    3.0   -0.4     78   6.32    230      2  320.6  341.3  321.9
  572.0   4797    1.2   -1.6     82   6.00    170      6  321.9  341.6  323.0
  558.0   4997    0.0   -2.4     84   5.78    164      7  322.7  341.8  323.8
  530.0   5407   -2.3   -5.3     80   4.91    150     10  324.7  341.2  325.7
  500.0   5870   -4.9   -8.5     76   4.05    165      8  327.0  340.8  327.8
  491.0   6011   -5.6   -9.3     75   3.86    165      8  327.8  341.1  328.6
  473.0   6302   -7.1  -11.0     74   3.51     90      4  329.5  341.7  330.2
  455.0   6603   -8.6  -12.8     72   3.16     80      4  331.2  342.4  331.9
  443.0   6811   -9.7  -14.0     71   2.94    108      4  332.4  342.9  333.0
  438.0   6898  -10.2  -14.9     68   2.76    120      4  332.9  342.7  333.4
  400.0   7590  -14.3  -22.3     51   1.61     45     10  336.3  342.3  336.6
  393.0   7724  -15.3  -21.3     60   1.79     36     10  336.7  343.3  337.1
  389.0   7800  -15.8  -21.4     62   1.79     30     10  337.1  343.7  337.4
  366.0   8258  -18.7  -21.9     76   1.82     22     12  339.1  345.9  339.5
  359.0   8399  -19.7  -23.1     75   1.67     20     12  339.6  345.9  340.0
  345.0   8689  -21.8  -25.5     72   1.40      5     12  340.7  346.0  341.0
  305.0   9589  -28.2  -33.1     63   0.78     50     12  343.8  346.9  344.0
  300.0   9710  -29.1  -34.1     62   0.72     55     12  344.2  347.1  344.4
  280.0  10201  -33.1  -39.1     55   0.46     65      8  345.4  347.2  345.4
  272.0  10405  -34.9  -43.9     39   0.29     57     10  345.6  346.8  345.7
  262.0  10666  -37.3  -40.9     69   0.41     46     13  345.8  347.5  345.9
  257.0  10799  -38.3  -42.9     62   0.34     40     14  346.3  347.7  346.3
  250.0  10990  -39.7  -45.7     53   0.26     45     16  346.9  348.0  347.0
  248.0  11045  -40.1  -46.1     53   0.25     46     16  347.1  348.2  347.2
  206.0  12274  -50.3                          65     17  350.0         350.0
  200.0  12470  -51.9                          55     19  350.4         350.4
  187.0  12891  -55.5                          50     16  351.3         351.3
  150.0  14270  -67.5                          25     12  353.6         353.6
  140.0  14672  -70.3                          25     12  355.8         355.8
  120.0  15570  -76.4                          35     19  360.5         360.5
  110.0  16077  -79.9                          14     24  363.1         363.1
  108.0  16180  -80.7                          10     25  363.5         363.5
  102.0  16500  -83.1                          25     21  364.9         364.9
  101.0  16555  -83.5                          32     21  365.1         365.1
  100.0  16610  -83.7                          40     21  365.8         365.8
   97.0  16776  -84.7                          70     19  367.0         367.0
   87.0  17370  -88.4                         120     19  371.2         371.2
   83.1  17620  -89.9                         115     21  373.0         373.0
   77.0  18032  -88.0                          90     31  385.3         385.3
   74.5  18210  -87.1                          93     34  390.7         390.7
   73.3  18300  -81.1                          95     35  405.2         405.2
   70.0  18560  -80.1                         100     39  412.7         412.7
   66.4  18859  -79.1                          87     34  421.1         421.1
   66.0  18894  -77.9                          85     33  424.6         424.6
   63.9  19081  -71.3                          88     36  442.9         442.9
   60.0  19457  -68.5                          95     41  457.3         457.3
   57.2  19743  -66.3                          91     33  468.5         468.5
   55.6  19917  -61.1                          88     28  484.2         484.2
   52.0  20334  -58.5                          82     17  499.6         499.6
   51.0  20456  -58.8                          80     14  501.6         501.6
   50.0  20580  -59.1                         175      8  503.8         503.8
   49.0  20706  -59.5                         240      2  505.7         505.7
   47.0  20964  -60.3                         215     12  509.8         509.8
   45.0  21235  -61.2                         215     17  514.1         514.1
   42.0  21663  -62.6                         145     12  520.9         520.9
   41.3  21768  -62.9                         120     10  522.6         522.6
   40.0  21968  -62.2                         140      8  529.2         529.2
   39.0  22127  -61.6                         175     17  534.5         534.5
   35.0  22804  -59.2                         165     19  557.6         557.6
   33.0  23173  -57.9                         235     21  570.6         570.6
   30.0  23770  -55.7                         240     19  592.2         592.2
   29.0  23988  -54.7                         235     16  600.7         600.7
   28.0  24215  -53.7                         195      8  609.6         609.6
   26.0  24692  -51.5                         245     16  628.8         628.8
   25.0  24945  -50.4                         250     14  639.1         639.1
   24.6  25049  -49.9                         264     14  643.5         643.5
   24.0  25210  -49.9                         285     14  648.0         648.0
   21.0  26082  -50.0                         305     21  672.8         672.8
   20.0  26400  -50.1                         285     23  682.1         682.1
   19.0  26737  -49.0                         295     17  695.6         695.6
   17.3  27354  -46.9                         284     26  721.1         721.1
   16.0  27868  -49.2                         275     33  730.0         730.0
   15.6  28034  -49.9                         283     31  732.9         732.9
   15.0  28291  -49.2                         295     27  743.3         743.3
   14.0  28744  -48.1                                     762.0         762.0
</PRE><H3>Station information and sounding indices</H3><PRE>
                         Station identifier: WIII
                             Station number: 96749
                           Observation time: 130511/0000
                           Station latitude: -6.11
                          Station longitude: 106.65
                          Station elevation: 8.0
                            Showalter index: -0.95
                               Lifted index: -0.90
    LIFT computed using virtual temperature: -1.18
                                SWEAT index: 218.01
                                    K index: 35.70
                         Cross totals index: 21.40
                      Vertical totals index: 23.10
                        Totals totals index: 44.50
      Convective Available Potential Energy: 54.94
             CAPE using virtual temperature: 88.99
                      Convective Inhibition: -137.31
             CINS using virtual temperature: -109.15
                           Equilibrum Level: 414.14
 Equilibrum Level using virtual temperature: 379.32
                   Level of Free Convection: 606.00
             LFCT using virtual temperature: 646.52
                     Bulk Richardson Number: 31.94
          Bulk Richardson Number using CAPV: 51.73
  Temp [K] of the Lifted Condensation Level: 292.56
Pres [hPa] of the Lifted Condensation Level: 909.36
   Equivalent potential temp [K] of the LCL: 347.36
     Mean mixed layer potential temperature: 300.63
              Mean mixed layer mixing ratio: 15.90
              1000 hPa to 500 hPa thickness: 5796.00
Precipitable water [mm] for entire sounding: 59.72
</PRE>
<P>Description of the 
<A HREF="/upperair/columns.html">data columns</A>
or <A HREF="/upperair/indices.html">sounding indices</A>.

<P>
<FORM>
<INPUT CLASS="button" TYPE="button" VALUE=" Close this window " 
 onClick="window.close();">
<INPUT CLASS="button" TYPE="button" VALUE=" Select another map " 
 onClick="window.blur();">
</FORM>
<HR SIZE="1">
<I>Interested in graduate studies in atmospheric science?
Check out our program at the
<a href="http://www.uwyo.edu/atsc/howtoapply/"
target=_top>University of Wyoming
</a></I>
<HR SIZE="1"><FONT SIZE="-1">
Questions about the weather data provided by this site can be
addressed to <A HREF="mailto:ldoolman@uwyo.edu">
Larry Oolman (ldoolman@uwyo.edu)</A></FONT>
<HR SIZE="1">
<SCRIPT TYPE="text/javascript">
<!--
window.focus();
// -->
</SCRIPT>
</BODY>
</HTML>
