2015-10-06 12
<HTML>
<TITLE>University of Wyoming - Radiosonde Data</TITLE>
<BODY BGCOLOR="white">
<H2>96749 WIII Jakarta Observations at 00Z 06 Oct 2015</H2>
<PRE>
-----------------------------------------------------------------------------
   PRES   HGHT   TEMP   DWPT   RELH   MIXR   DRCT   SKNT   THTA   THTE   THTV
    hPa     m      C      C      %    g/kg    deg   knot     K      K      K 
-----------------------------------------------------------------------------
 1012.0      8   24.4   19.9     76  14.68    200      3  296.5  339.1  299.1
 1000.0    114   25.2   20.7     76  15.63    175      4  298.4  344.0  301.1
  997.0    140   25.6   20.8     75  15.77    169      4  299.0  345.2  301.8
  979.0    300   24.5   20.4     78  15.63    135      6  299.5  345.4  302.3
  946.0    600   22.5   19.5     83  15.36     95      8  300.4  345.6  303.2
  925.0    796   21.2   19.0     87  15.19    125      6  301.0  345.8  303.7
  914.0    900   20.7   18.5     87  14.89    145      6  301.5  345.6  304.2
  903.0   1005   20.2   18.0     87  14.60    154      5  302.0  345.3  304.7
  883.0   1199   21.3   12.9     59  10.71    170      2  305.1  337.4  307.1
  881.0   1219   21.4   12.4     56  10.37    162      2  305.4  336.8  307.3
  853.0   1499   19.4   12.2     63  10.59     55      2  306.2  338.3  308.1
  850.0   1529   19.2   12.2     64  10.61     60      2  306.2  338.4  308.2
  823.0   1803   17.2   10.9     66  10.02    100      2  307.0  337.5  308.8
  795.0   2096   15.1    9.4     69   9.42    100      4  307.8  336.6  309.5
  744.0   2659   11.0    6.7     75   8.34      8      4  309.2  335.0  310.8
  740.0   2704   10.9    5.5     69   7.72      0      4  309.5  333.5  311.0
  701.0   3154    9.6   -6.4     32   3.40    336     12  313.0  324.1  313.6
  700.0   3166    9.6   -6.4     32   3.40    335     12  313.1  324.2  313.7
  672.0   3504    8.0    1.0     61   6.16    331     14  315.0  334.7  316.1
  664.0   3602    7.5    0.5     61   6.03    330     14  315.5  334.9  316.7
  640.0   3904    6.1   -0.9     61   5.63    340     14  317.2  335.5  318.3
  635.0   3969    5.8   -1.2     61   5.55    346     14  317.6  335.6  318.7
  617.0   4202    4.3   -2.4     62   5.21     10     14  318.5  335.5  319.5
  568.0   4872    0.0   -6.0     64   4.32     32      8  321.1  335.5  321.9
  552.0   5098   -1.5   -6.8     67   4.19     40      6  321.9  335.9  322.7
  522.0   5542   -4.5   -8.3     75   3.94     26      9  323.5  336.8  324.3
  500.0   5880   -6.5   -9.1     82   3.86     15     12  325.1  338.2  325.8
  497.0   5927   -6.7   -9.7     79   3.71     14     12  325.4  338.0  326.1
  481.0   6182   -8.3  -11.5     78   3.32     11     13  326.4  337.9  327.1
  477.0   6247   -8.3  -16.3     53   2.26     11     14  327.2  335.2  327.7
  474.0   6296   -8.5  -16.5     52   2.23     10     14  327.6  335.4  328.0
  466.0   6428   -9.1  -17.1     52   2.16     17     10  328.4  336.1  328.9
  457.0   6579   -8.7  -24.7     26   1.14     24      6  330.8  335.0  331.0
  456.0   6596   -8.8  -24.9     26   1.12     25      6  330.9  335.0  331.1
  439.0   6887  -10.4  -28.3     22   0.85     80      4  332.4  335.6  332.5
  422.0   7190  -12.2  -31.8     18   0.64     70      4  333.9  336.4  334.1
  406.0   7486  -13.8  -35.2     15   0.48     95      8  335.5  337.4  335.6
  400.0   7600  -14.5  -36.5     14   0.42     90      8  336.1  337.8  336.1
  390.0   7791  -15.9  -37.1     14   0.41     75      8  336.7  338.3  336.8
  376.0   8066  -17.9  -37.9     16   0.39     89     10  337.6  339.1  337.6
  305.0   9590  -30.1  -46.4     19   0.19    170     21  341.2  342.0  341.2
  300.0   9710  -31.1  -47.1     19   0.18    175     23  341.4  342.2  341.5
  280.0  10191  -34.7  -50.7     18   0.13    170     27  343.1  343.7  343.1
  252.0  10926  -40.1  -56.1     16   0.08    165     25  345.5  345.9  345.5
  250.0  10980  -40.7                         165     25  345.4         345.4
  214.0  12004  -50.0                         150     21  346.6         346.6
  200.0  12450  -54.1                         115     19  346.9         346.9
  186.0  12902  -57.6                          75     21  348.6         348.6
  150.0  14240  -67.9                         105     29  352.9         352.9
  146.0  14401  -69.1                         110     31  353.6         353.6
  139.0  14694  -71.3                         110     31  354.7         354.7
  136.0  14824  -72.3                         111     30  355.2         355.2
  115.0  15797  -78.3                         115     21  361.5         361.5
  107.0  16211  -77.3                         100     10  370.9         370.9
  104.0  16374  -76.9                          94     15  374.7         374.7
  102.0  16486  -76.6                          90     19  377.3         377.3
  100.0  16600  -76.3                          95     19  380.1         380.1
   92.0  17075  -78.4                         105     21  385.0         385.0
   86.8  17407  -79.9                          87     21  388.5         388.5
   82.2  17719  -73.3                          71     21  408.1         408.1
   82.0  17734  -72.9                          70     21  409.3         409.3
   79.8  17895  -67.9                          89     15  422.7         422.7
   78.0  18031  -68.4                         105     10  424.3         424.3
   75.0  18265  -69.4                         100     14  427.1         427.1
   74.6  18297  -69.5                         106     13  427.5         427.5
   71.6  18543  -66.3                         150      6  439.4         439.4
   70.0  18680  -66.5                         175      2  441.8         441.8
   67.0  18945  -66.3                         245     10  447.9         447.9
   64.0  19223  -66.0                         220      6  454.3         454.3
   61.0  19513  -65.8                         135      4  461.1         461.1
   58.0  19819  -65.5                         260      2  468.4         468.4
   55.0  20141  -65.2                         135      4  476.2         476.2
   53.7  20285  -65.1                         171      7  479.8         479.8
   53.0  20365  -65.0                         190      8  481.9         481.9
   50.0  20720  -64.3                         215     14  491.5         491.5
   48.0  20970  -64.0                         240     21  498.1         498.1
   45.0  21366  -63.4                         235     31  508.7         508.7
   41.0  21936  -62.6                         210     21  524.4         524.4
   36.7  22615  -61.7                         248     15  543.6         543.6
   36.0  22736  -61.0                         255     14  548.5         548.5
   34.0  23093  -58.8                         280     12  563.3         563.3
   32.0  23473  -56.5                         265     10  579.3         579.3
   31.2  23631  -55.5                         237      8  586.1         586.1
   31.0  23672  -55.5                         230      8  587.2         587.2
   30.0  23880  -55.5                         255     12  592.7         592.7
   29.0  24097  -55.2                         280     14  599.3         599.3
   23.0  25584  -53.1                         260      8  646.4         646.4
   21.0  26167  -52.3                         265     19  665.9         665.9
   20.0  26480  -51.9                         240     21  676.6         676.6
   18.1  27128  -51.1                         216      7  698.6         698.6
   18.0  27164  -50.9                         215      6  700.5         700.5
   16.0  27939  -45.7                                     741.3         741.3
</PRE><H3>Station information and sounding indices</H3><PRE>
                         Station identifier: WIII
                             Station number: 96749
                           Observation time: 151006/0000
                           Station latitude: -6.11
                          Station longitude: 106.65
                          Station elevation: 8.0
                            Showalter index: 1.04
                               Lifted index: -1.38
    LIFT computed using virtual temperature: -1.61
                                SWEAT index: 162.41
                                    K index: 21.90
                         Cross totals index: 18.70
                      Vertical totals index: 25.70
                        Totals totals index: 44.40
      Convective Available Potential Energy: 65.54
             CAPE using virtual temperature: 111.57
                      Convective Inhibition: -133.56
             CINS using virtual temperature: -106.00
                           Equilibrum Level: 460.91
 Equilibrum Level using virtual temperature: 457.66
                   Level of Free Convection: 751.84
             LFCT using virtual temperature: 768.98
                     Bulk Richardson Number: 8.18
          Bulk Richardson Number using CAPV: 13.92
  Temp [K] of the Lifted Condensation Level: 292.48
Pres [hPa] of the Lifted Condensation Level: 925.20
   Equivalent potential temp [K] of the LCL: 344.41
     Mean mixed layer potential temperature: 299.06
              Mean mixed layer mixing ratio: 15.52
              1000 hPa to 500 hPa thickness: 5766.00
Precipitable water [mm] for entire sounding: 47.73
</PRE>
<P>Description of the 
<A HREF="/upperair/columns.html">data columns</A>
or <A HREF="/upperair/indices.html">sounding indices</A>.

<P>
<FORM>
<INPUT CLASS="button" TYPE="button" VALUE=" Close this window " 
 onClick="window.close();">
<INPUT CLASS="button" TYPE="button" VALUE=" Select another map " 
 onClick="window.blur();">
</FORM>
<HR SIZE="1">
<I>Interested in graduate studies in atmospheric science?
Check out our program at the
<a href="http://www.uwyo.edu/atsc/howtoapply/"
target=_top>University of Wyoming
</a></I>
<HR SIZE="1"><FONT SIZE="-1">
Questions about the weather data provided by this site can be
addressed to <A HREF="mailto:ldoolman@uwyo.edu">
Larry Oolman (ldoolman@uwyo.edu)</A></FONT>
<HR SIZE="1">
<SCRIPT TYPE="text/javascript">
<!--
window.focus();
// -->
</SCRIPT>
</BODY>
</HTML>
