2015-02-16 12
<HTML>
<TITLE>University of Wyoming - Radiosonde Data</TITLE>
<BODY BGCOLOR="white">
<H2>96749 WIII Jakarta Observations at 00Z 16 Feb 2015</H2>
<PRE>
-----------------------------------------------------------------------------
   PRES   HGHT   TEMP   DWPT   RELH   MIXR   DRCT   SKNT   THTA   THTE   THTV
    hPa     m      C      C      %    g/kg    deg   knot     K      K      K 
-----------------------------------------------------------------------------
 1010.0      8   24.4   23.4     94  18.32    180      5  296.7  349.8  299.9
 1000.0     95   25.2   24.7     97  20.06    145      6  298.4  357.0  301.9
  980.0    273   24.6   23.7     95  19.25     71      6  299.5  356.0  302.9
  977.0    300   24.4   23.5     94  19.05     60      6  299.6  355.5  303.0
  925.0    779   21.4   19.5     89  15.68     25      6  301.2  347.5  304.0
  912.0    901   20.6   18.9     90  15.36     20      6  301.6  347.1  304.4
  881.0   1200   18.8   17.6     93  14.59     25      6  302.7  346.0  305.3
  850.0   1510   16.8   16.2     96  13.82      5      6  303.7  345.0  306.2
  822.0   1795   15.5   14.0     91  12.37    345      6  305.3  342.5  307.5
  793.0   2100   14.1   11.6     85  10.96      5      4  306.9  340.2  308.9
  783.0   2208   13.6   10.8     83  10.49    338      5  307.5  339.5  309.4
  766.0   2393   13.1    8.6     74   9.26    290      6  308.9  337.5  310.7
  761.0   2448   13.0    8.0     72   8.92    291      6  309.4  336.9  311.0
  713.0   2993   10.3    5.3     71   7.92    300      8  312.3  337.1  313.8
  700.0   3147    9.6    4.6     71   7.65    275      8  313.1  337.2  314.5
  688.0   3290    8.9    3.5     69   7.21    250      8  313.9  336.7  315.2
  642.0   3861    6.2   -0.8     61   5.65    241     10  317.1  335.4  318.1
  639.0   3899    6.0   -1.1     60   5.55    240     10  317.3  335.3  318.3
  616.0   4196    4.5   -3.6     56   4.78    220      4  318.9  334.6  319.8
  594.0   4491    3.0   -6.1     51   4.10    205      4  320.4  334.1  321.2
  573.0   4782    1.5   -8.6     47   3.51    250      6  322.0  333.9  322.7
  553.0   5070    0.0  -11.0     43   3.00    239      7  323.5  333.8  324.1
  546.0   5172   -0.7   -6.7     64   4.26    235      8  323.9  338.2  324.7
  511.0   5698   -3.7  -11.5     55   3.12    215     10  326.4  337.1  327.0
  507.0   5760   -4.1  -12.1     54   3.00    220     11  326.7  337.1  327.3
  504.0   5807   -3.9  -16.9     36   2.03    225     11  327.5  334.7  327.9
  500.0   5870   -4.3  -15.3     42   2.34    230     12  327.7  336.0  328.2
  492.0   5997   -5.1  -15.8     43   2.29    245     12  328.3  336.4  328.7
  451.0   6679   -9.3  -18.3     48   2.02    228      9  331.3  338.5  331.7
  421.0   7207  -13.1  -20.4     54   1.81    215      6  333.0  339.6  333.4
  405.0   7505  -15.2  -21.5     59   1.70    170     12  333.9  340.2  334.3
  400.0   7600  -15.9  -21.9     60   1.67    165     12  334.2  340.4  334.6
  399.0   7619  -16.1  -22.1     60   1.64    164     12  334.2  340.2  334.6
  363.0   8319  -22.7  -24.3     87   1.48    138     18  334.6  340.0  334.9
  359.0   8400  -23.1  -26.4     74   1.24    135     19  335.1  339.7  335.3
  353.0   8523  -23.7  -29.7     58   0.93    136     20  335.9  339.4  336.1
  344.0   8711  -24.9  -30.9     57   0.85    136     23  336.7  340.0  336.9
  338.0   8838  -25.1  -39.1     26   0.38    137     24  338.2  339.7  338.2
  308.0   9504  -29.9  -46.9     18   0.18    140     32  340.6  341.3  340.6
  304.0   9596  -30.7  -42.2     31   0.31    140     33  340.7  342.0  340.8
  300.0   9690  -31.5  -37.5     55   0.51    145     33  340.9  342.9  341.0
  279.0  10199  -35.7  -41.1     58   0.38    170     31  341.9  343.5  342.0
  266.0  10534  -38.5  -43.5     59   0.31    164     34  342.6  343.8  342.6
  258.0  10744  -40.1  -47.1     47   0.21    161     36  343.2  344.1  343.2
  256.0  10798  -40.5                         160     37  343.5         343.5
  250.0  10960  -41.5                         155     35  344.2         344.2
  224.0  11683  -47.4                         135     37  346.1         346.1
  214.0  11984  -49.9                         125     37  346.9         346.9
  200.0  12430  -53.5                         115     33  347.9         347.9
  161.0  13780  -64.4                          95     29  351.8         351.8
  150.0  14220  -67.9                         100     29  352.9         352.9
  125.0  15273  -75.6                         105     17  357.9         357.9
  106.0  16226  -82.5                         105     29  362.0         362.0
  102.0  16440  -82.5                         105     32  366.0         366.0
  101.0  16495  -82.8                         105     33  366.5         366.5
  100.0  16550  -83.1                         105     33  366.9         366.9
   86.0  17380  -86.7                          90     31  375.9         375.9
   85.9  17387  -86.7                          90     33  375.9         375.9
   81.0  17710  -83.3                         105     23  389.3         389.3
   78.5  17885  -80.5                         136     27  398.6         398.6
   77.0  17994  -80.6                         155     29  400.5         400.5
   72.2  18356  -81.1                         131     28  407.0         407.0
   70.0  18530  -80.9                         120     27  411.0         411.0
   69.0  18611  -80.5                         115     27  413.5         413.5
   66.0  18863  -79.4                         110     29  421.2         421.2
   65.7  18888  -79.3                         108     28  422.0         422.0
   59.0  19510  -72.7                          60     16  449.9         449.9
   58.6  19549  -72.3                          62     17  451.8         451.8
   53.0  20145  -70.4                          95     25  469.3         469.3
   50.0  20490  -69.3                         100     21  479.8         479.8
   44.0  21266  -67.3                         100     41  502.5         502.5
   34.0  22830  -63.3                          85     56  551.5         551.5
   30.0  23590  -61.3                          95     60  577.0         577.0
   26.2  24433  -59.7                          92     70  604.2         604.2
   24.3  24910  -54.6                          90     76  632.0         632.0
   24.1  24962  -54.1                          90     76  635.1         635.1
   24.0                                        90     76                     
</PRE><H3>Station information and sounding indices</H3><PRE>
                         Station identifier: WIII
                             Station number: 96749
                           Observation time: 150216/0000
                           Station latitude: -6.11
                          Station longitude: 106.65
                          Station elevation: 8.0
                            Showalter index: 0.61
                               Lifted index: -2.83
    LIFT computed using virtual temperature: -3.59
                                SWEAT index: 218.41
                                    K index: 32.30
                         Cross totals index: 20.50
                      Vertical totals index: 21.10
                        Totals totals index: 41.60
      Convective Available Potential Energy: 1856.80
             CAPE using virtual temperature: 2058.78
                      Convective Inhibition: -1.02
             CINS using virtual temperature: -0.19
                           Equilibrum Level: 141.71
 Equilibrum Level using virtual temperature: 141.22
                   Level of Free Convection: 936.71
             LFCT using virtual temperature: 947.36
                     Bulk Richardson Number: 309.43
          Bulk Richardson Number using CAPV: 343.09
  Temp [K] of the Lifted Condensation Level: 296.42
Pres [hPa] of the Lifted Condensation Level: 969.04
   Equivalent potential temp [K] of the LCL: 354.63
     Mean mixed layer potential temperature: 299.11
              Mean mixed layer mixing ratio: 18.98
              1000 hPa to 500 hPa thickness: 5775.00
Precipitable water [mm] for entire sounding: 55.46
</PRE>
<P>Description of the 
<A HREF="/upperair/columns.html">data columns</A>
or <A HREF="/upperair/indices.html">sounding indices</A>.

<P>
<FORM>
<INPUT CLASS="button" TYPE="button" VALUE=" Close this window " 
 onClick="window.close();">
<INPUT CLASS="button" TYPE="button" VALUE=" Select another map " 
 onClick="window.blur();">
</FORM>
<HR SIZE="1">
<I>Interested in graduate studies in atmospheric science?
Check out our program at the
<a href="http://www.uwyo.edu/atsc/howtoapply/"
target=_top>University of Wyoming
</a></I>
<HR SIZE="1"><FONT SIZE="-1">
Questions about the weather data provided by this site can be
addressed to <A HREF="mailto:ldoolman@uwyo.edu">
Larry Oolman (ldoolman@uwyo.edu)</A></FONT>
<HR SIZE="1">
<SCRIPT TYPE="text/javascript">
<!--
window.focus();
// -->
</SCRIPT>
</BODY>
</HTML>
