2015-05-03 12
<HTML>
<TITLE>University of Wyoming - Radiosonde Data</TITLE>
<BODY BGCOLOR="white">
<H2>96749 WIII Jakarta Observations at 00Z 03 May 2015</H2>
<PRE>
-----------------------------------------------------------------------------
   PRES   HGHT   TEMP   DWPT   RELH   MIXR   DRCT   SKNT   THTA   THTE   THTV
    hPa     m      C      C      %    g/kg    deg   knot     K      K      K 
-----------------------------------------------------------------------------
 1010.0      8   24.4   23.0     92  17.87      0      0  296.7  348.5  299.9
 1000.0    100   25.2   22.9     87  17.94     80      2  298.4  350.7  301.6
  988.0    207   25.0   21.7     82  16.85     80      3  299.2  348.5  302.2
  978.0    296   24.6   21.2     81  16.46     80      4  299.7  348.0  302.6
  945.0    597   23.4   19.3     78  15.18     35      2  301.4  346.3  304.1
  925.0    785   22.6   18.2     76  14.43    130      2  302.4  345.3  305.0
  913.0    898   21.9   17.7     77  14.18    190      2  302.8  345.0  305.4
  850.0   1518   18.0   15.1     83  12.86    215      6  305.0  343.6  307.3
  794.0   2096   15.1   10.8     76  10.36    245      8  307.9  339.5  309.8
  726.0   2855   11.2    5.2     67   7.70    232      6  311.6  335.7  313.0
  718.0   2948   10.4    7.8     84   9.33    231      6  311.7  340.7  313.4
  714.0   2994   10.2    7.0     81   8.91    230      6  312.0  339.8  313.6
  700.0   3159    9.4    4.4     71   7.55    215      8  312.9  336.6  314.3
  691.0   3266    9.0    4.0     71   7.43    204      8  313.6  337.1  315.0
  688.0   3302    8.8    3.9     71   7.40    200      8  313.7  337.1  315.1
  664.0   3591    7.0    2.9     76   7.17    210      4  314.9  337.7  316.2
  640.0   3892    5.1    1.9     80   6.93    165      6  316.1  338.2  317.4
  617.0   4190    3.2    1.0     85   6.69    155      8  317.2  338.7  318.5
  594.0   4500    1.2   -0.1     91   6.46    160     10  318.4  339.3  319.6
  580.0   4695    0.0   -0.7     95   6.31    149      9  319.1  339.6  320.4
  551.0   5101   -2.2   -3.3     92   5.46    125      8  321.2  339.2  322.2
  531.0   5394   -3.9   -5.2     90   4.91    135      8  322.7  339.0  323.6
  511.0   5699   -5.6   -7.2     88   4.39    185      4  324.2  338.9  325.0
  507.0   5761   -5.9   -7.6     88   4.28    185      4  324.5  338.9  325.3
  500.0   5870   -6.3   -9.3     79   3.80    185      4  325.3  338.2  326.0
  492.0   5996   -6.4   -9.4     80   3.84    185      4  326.6  339.8  327.4
  488.0   6060   -6.5   -9.4     80   3.87    172      4  327.3  340.6  328.1
  466.0   6420   -9.1  -10.0     93   3.86     98      5  328.4  341.7  329.2
  461.0   6503   -9.1  -13.6     70   2.92     81      6  329.4  339.7  330.0
  455.0   6604   -9.7  -14.2     70   2.82     60      6  329.9  339.9  330.5
  421.0   7198  -13.2  -17.6     69   2.29     70     10  332.9  341.1  333.3
  400.0   7590  -15.5  -19.9     69   1.98     30      4  334.8  342.0  335.2
  389.0   7797  -16.9  -21.6     67   1.77      5      2  335.7  342.2  336.0
  346.0   8669  -22.5  -28.5     58   1.06    336      6  339.4  343.5  339.7
  345.0   8690  -22.6  -28.7     58   1.04    335      6  339.5  343.5  339.7
  334.0   8927  -24.3  -31.3     52   0.84      2      8  340.4  343.7  340.6
  333.0   8949  -24.1  -35.1     36   0.58      5      8  341.0  343.3  341.1
  331.0   8992  -24.5  -35.2     36   0.58     10      8  341.1  343.4  341.2
  304.0   9605  -29.5  -36.1     53   0.58     20      8  342.4  344.7  342.5
  300.0   9700  -30.3  -36.3     56   0.57     30      8  342.6  344.9  342.7
  292.0   9890  -32.0  -37.5     58   0.52     50      6  342.8  344.9  342.9
  268.0  10493  -37.3  -41.2     67   0.39     42     12  343.6  345.2  343.7
  255.0  10835  -40.1  -44.3     64   0.29     37     16  344.4  345.6  344.4
  250.0  10970  -41.3                          35     17  344.5         344.5
  245.0  11103  -42.5                          35     16  344.7         344.7
  224.0  11693  -47.8                          70     14  345.6         345.6
  200.0  12440  -54.5                          60     21  346.3         346.3
  161.0  13775  -66.1                          55     33  348.9         348.9
  150.0  14210  -69.9                          55     35  349.5         349.5
  131.0  15006  -76.2                          50     51  352.0         352.0
  129.0  15096  -76.9                          50     51  352.3         352.3
  118.0  15609  -77.5                          40     23  360.4         360.4
  107.0  16171  -78.1                         320      4  369.4         369.4
  101.0  16503  -78.4                         170      2  374.9         374.9
  100.0  16560  -78.5                         180      4  375.8         375.8
   96.0  16790  -79.4                         235     12  378.5         378.5
   86.0  17410  -81.7                         225     12  385.9         385.9
   82.9  17617  -82.5                         185      8  388.4         388.4
   82.0  17678  -82.2                         180      6  390.1         390.1
   73.0  18334  -79.5                          30      8  409.1         409.1
   70.0  18570  -78.5                          80     16  416.1         416.1
   68.1  18727  -77.5                          81     18  421.6         421.6
   63.3  19144  -78.9                          83     23  427.4         427.4
   61.8  19281  -75.9                          84     25  437.0         437.0
   54.2  20038  -75.5                          88     35  454.6         454.6
   50.0  20510  -70.5                          90     41  476.9         476.9
   49.0  20631  -68.3                          90     43  484.9         484.9
   40.0  21898  -61.4                          90     62  531.2         531.2
   39.8  21929  -61.2                          90     62  532.4         532.4
   38.0  22218  -59.6                          90     62  543.5         543.5
   30.8  23530  -52.5                          86     58  596.4         596.4
   30.0  23700  -52.5                          85     58  600.9         600.9
   27.0  24379  -52.7                          85     51  618.7         618.7
   25.0  24875  -52.9                          90     23  632.0         632.0
   23.0  25412  -53.0                         150     21  646.8         646.8
   22.0  25699  -53.1                         150     31  654.8         654.8
   20.0  26320  -47.5                         100     31  690.0         690.0
   19.9  26353  -46.9                          98     31  692.8         692.8
   17.2  27319  -46.9                          49     17  722.3         722.3
   17.0  27397  -46.5                          45     16  726.2         726.2
   16.0  27803  -44.1                         275      6  746.5         746.5
   15.2  28146  -42.1                         275     16  764.1         764.1
   14.0  28697  -44.7                         275     31  773.5         773.5
   13.4  28991  -46.1                         255     29  778.5         778.5
   13.0  29195  -45.5                         230     17  787.2         787.2
   12.0  29733  -44.0                         265     12  810.9         810.9
   11.0  30319  -42.3                         295     25  837.3         837.3
   10.0  30960  -40.5                         275     29  867.2         867.2
    9.0  31686  -38.8                         260     27  900.3         900.3
    8.0  32499  -36.9                         250     17  938.7         938.7
    7.0  33419  -34.7                                     984.2         984.2
</PRE><H3>Station information and sounding indices</H3><PRE>
                         Station identifier: WIII
                             Station number: 96749
                           Observation time: 150503/0000
                           Station latitude: -6.11
                          Station longitude: 106.65
                          Station elevation: 8.0
                            Showalter index: -0.87
                               Lifted index: -2.64
    LIFT computed using virtual temperature: -2.98
                                SWEAT index: 197.21
                                    K index: 34.40
                         Cross totals index: 21.40
                      Vertical totals index: 24.30
                        Totals totals index: 45.70
      Convective Available Potential Energy: 565.21
             CAPE using virtual temperature: 655.09
                      Convective Inhibition: -71.17
             CINS using virtual temperature: -49.90
                           Equilibrum Level: 174.04
 Equilibrum Level using virtual temperature: 172.46
                   Level of Free Convection: 751.67
             LFCT using virtual temperature: 811.18
                     Bulk Richardson Number: 134.61
          Bulk Richardson Number using CAPV: 156.01
  Temp [K] of the Lifted Condensation Level: 293.92
Pres [hPa] of the Lifted Condensation Level: 938.64
   Equivalent potential temp [K] of the LCL: 348.31
     Mean mixed layer potential temperature: 299.30
              Mean mixed layer mixing ratio: 16.77
              1000 hPa to 500 hPa thickness: 5770.00
Precipitable water [mm] for entire sounding: 56.63
</PRE>
<P>Description of the 
<A HREF="/upperair/columns.html">data columns</A>
or <A HREF="/upperair/indices.html">sounding indices</A>.

<P>
<FORM>
<INPUT CLASS="button" TYPE="button" VALUE=" Close this window " 
 onClick="window.close();">
<INPUT CLASS="button" TYPE="button" VALUE=" Select another map " 
 onClick="window.blur();">
</FORM>
<HR SIZE="1">
<I>Interested in graduate studies in atmospheric science?
Check out our program at the
<a href="http://www.uwyo.edu/atsc/howtoapply/"
target=_top>University of Wyoming
</a></I>
<HR SIZE="1"><FONT SIZE="-1">
Questions about the weather data provided by this site can be
addressed to <A HREF="mailto:ldoolman@uwyo.edu">
Larry Oolman (ldoolman@uwyo.edu)</A></FONT>
<HR SIZE="1">
<SCRIPT TYPE="text/javascript">
<!--
window.focus();
// -->
</SCRIPT>
</BODY>
</HTML>
