2015-07-28 12
<HTML>
<TITLE>University of Wyoming - Radiosonde Data</TITLE>
<BODY BGCOLOR="white">
<H2>96749 WIII Jakarta Observations at 00Z 28 Jul 2015</H2>
<PRE>
-----------------------------------------------------------------------------
   PRES   HGHT   TEMP   DWPT   RELH   MIXR   DRCT   SKNT   THTA   THTE   THTV
    hPa     m      C      C      %    g/kg    deg   knot     K      K      K 
-----------------------------------------------------------------------------
 1014.0      8   25.4   20.9     76  15.60    170      4  297.4  342.7  300.1
 1000.0    128   24.8   21.1     80  16.03    130      8  297.9  344.6  300.8
  990.0    216   24.3   20.8     81  15.91    105     12  298.3  344.7  301.1
  948.0    596   22.1   19.6     86  15.38     85     14  299.8  344.9  302.5
  925.0    811   20.8   18.9     89  15.09     85     16  300.6  345.0  303.3
  916.0    896   20.4   17.9     85  14.30     85     16  301.0  343.3  303.6
  915.0    905   20.4   17.8     85  14.22     85     16  301.1  343.1  303.7
  854.0   1499   17.6   14.8     83  12.51     75     12  304.2  341.7  306.5
  853.0   1509   17.6   14.7     83  12.48     74     12  304.3  341.7  306.5
  850.0   1539   17.6   11.6     68  10.19     70     12  304.6  335.3  306.4
  838.0   1661   16.8   11.8     72  10.48     65     11  305.0  336.6  306.9
  824.0   1804   15.8   11.5     76  10.43     60     10  305.3  336.9  307.2
  796.0   2097   13.6   10.8     83  10.33     70     12  306.1  337.4  308.0
  791.0   2151   13.2   10.7     85  10.32     74     12  306.2  337.5  308.1
  782.0   2247   14.8   -2.2     31   4.18     81     13  308.9  322.2  309.7
  741.0   2700   13.1   -6.7     25   3.15    115     14  311.8  322.1  312.4
  722.0   2919   12.2   -8.8     22   2.74    124     16  313.2  322.2  313.7
  700.0   3177   10.0   -6.0     32   3.51    135     19  313.5  325.0  314.2
  665.0   3596    6.4   -5.8     41   3.73    140     14  314.1  326.3  314.8
  617.0   4208    1.1   -5.6     61   4.09     80     12  314.8  328.2  315.6
  611.0   4288    0.4   -5.6     64   4.14     73     11  314.9  328.4  315.7
  595.0   4501    0.1   -9.5     48   3.14     55     10  317.0  327.4  317.6
  589.0   4582    0.0  -11.0     43   2.82     67     12  317.8  327.2  318.3
  573.0   4802   -0.9  -15.7     32   1.98    100     16  319.2  326.0  319.6
  552.0   5099   -2.2  -22.0     20   1.20    115     25  321.1  325.4  321.3
  547.0   5172   -2.5  -23.5     18   1.06    114     25  321.6  325.4  321.8
  500.0   5880   -5.7  -33.7      9   0.45    105     25  326.0  327.7  326.1
  492.0   6005   -6.4  -33.8      9   0.45    105     27  326.7  328.4  326.8
  438.0   6902  -11.3  -34.6     13   0.46    105     23  331.5  333.3  331.6
  434.0   6973  -11.7  -34.7     13   0.47    102     23  331.9  333.7  332.0
  400.0   7590  -16.9  -34.9     19   0.50     80     25  332.9  334.9  333.0
  374.0   8081  -20.5  -39.7     16   0.33     70     21  334.6  335.9  334.7
  344.0   8691  -25.0  -45.6     13   0.19     95     16  336.6  337.4  336.7
  300.0   9690  -32.3  -55.3      8   0.07     60     17  339.7  340.1  339.8
  268.0  10476  -38.5  -51.5     24   0.12     39     18  341.8  342.4  341.9
  261.0  10657  -40.1  -51.1     30   0.13     34     19  342.1  342.7  342.1
  255.0  10815  -41.3                          30     19  342.6         342.6
  250.0  10950  -42.3                          30     19  343.0         343.0
  204.0  12290  -52.1                          55     14  348.1         348.1
  200.0  12420  -53.1                          60     16  348.5         348.5
  177.0  13187  -59.2                          95     23  350.9         350.9
  165.0  13629  -62.7                          99     22  352.1         352.1
  150.0  14210  -65.5                         105     21  357.1         357.1
  146.0  14369  -66.5                         100     23  358.1         358.1
  125.0  15285  -72.1                          90     25  364.2         364.2
  113.0  15880  -75.7                          75     16  368.1         368.1
  102.0  16483  -79.4                         120     12  372.0         372.0
  100.0  16600  -80.1                         115     14  372.7         372.7
   89.5  17228  -79.9                         107     21  385.1         385.1
   87.0  17391  -76.6                         105     23  394.9         394.9
   85.9  17464  -75.1                         111     24  399.3         399.3
   78.0  18026  -74.6                         155     29  411.6         411.6
   74.3  18308  -74.3                         141     22  417.9         417.9
   74.0  18332  -74.0                         140     21  419.0         419.0
   71.0  18576  -71.0                          85     14  430.5         430.5
   70.0  18660  -69.9                          80     14  434.5         434.5
   65.8  19029  -68.5                          66     15  445.3         445.3
   64.0  19195  -68.3                          60     16  449.3         449.3
   58.0  19786  -67.7                         100     19  463.6         463.6
   51.8  20464  -66.9                          96     22  480.5         480.5
   50.3  20643  -62.5                          95     23  494.9         494.9
   50.0  20680  -62.5                          95     23  495.8         495.8
   43.0  21609  -62.5                          80     21  517.6         517.6
   41.0  21903  -62.5                          55     14  524.7         524.7
   39.0  22211  -62.5                         120      4  532.2         532.2
   37.0  22535  -62.5                         130     14  540.3         540.3
   35.9  22721  -62.5                         106     13  545.0         545.0
   35.0  22882  -59.1                          85     12  557.8         557.8
   34.0  23066  -55.3                          80     14  572.5         572.5
   32.7  23313  -50.1                          54     10  592.7         592.7
   32.0  23455  -48.8                          40      8  599.8         599.8
   31.2  23622  -47.3                         308     13  608.2         608.2
   31.0  23664  -47.5                         285     14  608.8         608.8
   30.0  23880  -48.5                         280     16  611.8         611.8
   26.4  24713  -51.9                         260     17  625.0         625.0
   26.0  24812  -51.7                         265     14  628.2         628.2
   25.0  25067  -51.3                         265     12  636.6         636.6
   23.0  25610  -50.3                         195      4  654.7         654.7
   22.0  25900  -49.8                         270      6  664.6         664.6
   20.0  26520  -48.7                           0      4  686.3         686.3
   19.0  26859  -47.9                         285     10  699.1         699.1
   18.0  27216  -47.0                         280     19  712.8         712.8
   17.0  27594  -46.0                         265     27  727.6         727.6
   16.5  27791  -45.5                         270     35  735.5         735.5
   16.0  27994  -45.8                         275     43  741.0         741.0
   11.0  30463  -49.2                         240     21  812.3         812.3
   10.2  30961  -49.9                         248     18  827.5         827.5
   10.0  31090  -49.3                         250     17  834.4         834.4
    9.0  31785  -46.1                                     872.2         872.2
</PRE><H3>Station information and sounding indices</H3><PRE>
                         Station identifier: WIII
                             Station number: 96749
                           Observation time: 150728/0000
                           Station latitude: -6.11
                          Station longitude: 106.65
                          Station elevation: 8.0
                            Showalter index: 3.19
                               Lifted index: -0.58
    LIFT computed using virtual temperature: -1.36
                                SWEAT index: 188.21
                                    K index: 18.90
                         Cross totals index: 17.30
                      Vertical totals index: 23.30
                        Totals totals index: 40.60
      Convective Available Potential Energy: 272.75
             CAPE using virtual temperature: 412.14
                      Convective Inhibition: -59.09
             CINS using virtual temperature: -46.51
                           Equilibrum Level: 252.39
 Equilibrum Level using virtual temperature: 252.43
                   Level of Free Convection: 802.70
             LFCT using virtual temperature: 817.76
                     Bulk Richardson Number: 137.23
          Bulk Richardson Number using CAPV: 207.36
  Temp [K] of the Lifted Condensation Level: 292.95
Pres [hPa] of the Lifted Condensation Level: 937.42
   Equivalent potential temp [K] of the LCL: 344.42
     Mean mixed layer potential temperature: 298.43
              Mean mixed layer mixing ratio: 15.78
              1000 hPa to 500 hPa thickness: 5752.00
Precipitable water [mm] for entire sounding: 40.31
</PRE>
<P>Description of the 
<A HREF="/upperair/columns.html">data columns</A>
or <A HREF="/upperair/indices.html">sounding indices</A>.

<P>
<FORM>
<INPUT CLASS="button" TYPE="button" VALUE=" Close this window " 
 onClick="window.close();">
<INPUT CLASS="button" TYPE="button" VALUE=" Select another map " 
 onClick="window.blur();">
</FORM>
<HR SIZE="1">
<I>Interested in graduate studies in atmospheric science?
Check out our program at the
<a href="http://www.uwyo.edu/atsc/howtoapply/"
target=_top>University of Wyoming
</a></I>
<HR SIZE="1"><FONT SIZE="-1">
Questions about the weather data provided by this site can be
addressed to <A HREF="mailto:ldoolman@uwyo.edu">
Larry Oolman (ldoolman@uwyo.edu)</A></FONT>
<HR SIZE="1">
<SCRIPT TYPE="text/javascript">
<!--
window.focus();
// -->
</SCRIPT>
</BODY>
</HTML>
