2014-11-06 00
<HTML>
<TITLE>University of Wyoming - Radiosonde Data</TITLE>
<BODY BGCOLOR="white">
<H2>96749 WIII Jakarta Observations at 00Z 06 Nov 2014</H2>
<PRE>
-----------------------------------------------------------------------------
   PRES   HGHT   TEMP   DWPT   RELH   MIXR   DRCT   SKNT   THTA   THTE   THTV
    hPa     m      C      C      %    g/kg    deg   knot     K      K      K 
-----------------------------------------------------------------------------
 1011.0      8   25.0   22.7     87  17.52    160      4  297.2  348.1  300.3
 1000.0    102   25.8   22.1     80  17.07    155      4  298.9  348.9  302.0
  996.0    138   26.4   22.3     78  17.35    153      4  299.9  350.9  303.0
  978.0    298   25.3   21.7     80  17.04    145      4  300.4  350.5  303.4
  945.0    601   23.3   20.6     85  16.45     10      2  301.2  349.9  304.2
  925.0    789   22.0   19.9     88  16.09     30      4  301.8  349.4  304.7
  913.0    902   21.5   19.1     86  15.49     45      6  302.4  348.4  305.2
  850.0   1521   18.6   14.7     78  12.52     65      8  305.6  343.4  307.9
  849.0   1531   18.4   14.5     78  12.38     66      8  305.5  342.8  307.8
  823.0   1795   17.1   12.1     73  10.91     80     10  306.9  340.0  308.9
  794.0   2100   15.6    9.4     67   9.40     75      8  308.4  337.3  310.2
  766.0   2405   14.1    6.7     61   8.08     75      8  310.0  335.1  311.5
  740.0   2698   12.7    4.0     56   6.95     25      4  311.5  333.3  312.8
  732.0   2790   12.2    3.2     54   6.62     25      3  311.9  332.9  313.2
  714.0   2998   10.2    4.8     69   7.59     25      2  312.0  335.8  313.4
  700.0   3163    8.6    6.0     84   8.45    340      4  312.0  338.4  313.6
  689.0   3293    7.8    5.5     86   8.27    300      4  312.4  338.4  314.0
  645.0   3836    4.2    3.3     94   7.58    321      4  314.4  338.4  315.8
  637.0   3939    6.2   -4.8     45   4.22    325      4  317.8  331.7  318.6
  617.0   4198    4.5   -6.5     45   3.84    335      4  318.8  331.5  319.5
  581.0   4687    1.4   -9.6     44   3.19    335      5  320.6  331.4  321.2
  561.0   4969    0.0   -8.0     55   3.75    335      6  322.2  334.8  322.9
  552.0   5097   -1.0   -8.5     57   3.68    335      6  322.5  335.0  323.3
  500.0   5880   -6.9  -11.3     71   3.24    335     12  324.6  335.7  325.2
  492.0   6005   -7.8  -11.2     77   3.33    335     12  324.9  336.3  325.6
  481.0   6181   -9.1  -11.0     86   3.45      2     12  325.5  337.3  326.1
  474.0   6295   -8.1  -19.9     38   1.68     20     12  328.1  334.1  328.5
  469.0   6378   -7.3  -26.3     20   0.96     38     12  330.1  333.6  330.2
  456.0   6595   -8.6  -27.9     19   0.85     85     12  331.1  334.3  331.2
  427.0   7102  -11.7  -31.7     17   0.63    115     21  333.4  335.9  333.5
  405.0   7505  -13.8  -54.0      2   0.06    140     29  335.8  336.0  335.8
  400.0   7600  -14.3  -59.3      1   0.03    140     29  336.3  336.5  336.3
  359.0   8407  -19.8  -48.6      6   0.13    150     14  339.5  340.1  339.5
  350.0   8596  -21.1  -46.1      9   0.18    181     11  340.2  341.0  340.2
  331.0   8999  -24.4  -48.6      9   0.14    250      4  341.2  341.8  341.2
  318.0   9289  -26.7  -50.5      9   0.12    285      4  341.9  342.4  341.9
  305.0   9591  -29.1  -52.4      9   0.10    225      6  342.6  343.0  342.6
  300.0   9710  -30.1  -53.1      9   0.09    225      6  342.8  343.2  342.9
  280.0  10191  -34.0  -54.6     11   0.08    220      6  344.1  344.5  344.1
  257.0  10788  -38.8  -56.6     14   0.07    275      4  345.5  345.9  345.6
  251.0  10953  -40.1  -57.1     15   0.07    279      2  345.9  346.2  345.9
  250.0  10980  -40.3                         280      2  346.0         346.0
  246.0  11087  -41.2                         285      2  346.2         346.2
  235.0  11390  -43.9                         325      4  346.7         346.7
  215.0  11980  -49.1                         325      6  347.6         347.6
  205.0  12296  -51.9                          20      6  348.0         348.0
  200.0  12460  -53.3                          25      8  348.2         348.2
  195.0  12618  -54.7                          30     12  348.6         348.6
  169.0  13508  -62.3                           0     19  350.4         350.4
  150.0  14250  -68.7                          25     14  351.6         351.6
  139.0  14699  -71.7                          50     12  354.0         354.0
  132.0  15003  -73.8                          80     17  355.6         355.6
  129.0  15139  -74.7                          80     19  356.3         356.3
  125.0  15318  -76.0                          80     21  357.0         357.0
  107.0  16200  -82.7                         125     21  360.7         360.7
  105.0  16307  -83.5                         120     23  361.1         361.1
  100.0  16580  -80.7                         100     23  371.6         371.6
   96.0  16812  -79.9                          85     19  377.5         377.5
   91.0  17117  -78.8                         185      2  385.4         385.4
   86.0  17439  -77.7                         255      8  393.9         393.9
   85.1  17498  -77.5                         256      8  395.6         395.6
   82.0  17711  -77.5                         260      8  399.9         399.9
   74.0  18301  -77.4                         340     17  412.0         412.0
   70.0  18620  -77.3                         310     23  418.7         418.7
   69.1  18694  -77.1                         301     25  420.7         420.7
   68.1  18778  -73.7                         291     28  429.8         429.8
   67.0  18872  -73.8                         280     31  431.6         431.6
   60.0  19511  -74.4                         265     41  444.0         444.0
   55.1  20005  -74.9                         265     26  453.8         453.8
   54.0  20122  -74.2                         265     23  458.0         458.0
   50.0  20570  -71.7                         140     12  474.1         474.1
   49.0  20689  -72.1                         105     12  476.0         476.0
   47.8  20835  -72.5                          85     15  478.4         478.4
   46.0  21061  -72.2                          55     19  484.3         484.3
   42.0  21597  -71.6                          95     23  498.7         498.7
   39.4  21974  -71.1                          95     32  509.0         509.0
   37.2  22320  -63.9                          95     40  535.9         535.9
   33.0  23060  -61.6                          95     56  560.6         560.6
   30.8  23486  -60.3                          91     59  575.3         575.3
   30.0  23650  -59.3                          90     60  582.4         582.4
   24.0  25081  -53.9                          90     66  636.4         636.4
   23.5  25216  -53.4                          90     66  641.7         641.7
   20.0  26250  -49.5                          90     60  683.9         683.9
   17.5  27133  -45.1                          82     57  724.5         724.5
   17.0  27327  -45.0                          80     56  730.6         730.6
   11.0  30238  -44.3                          95     47  830.0         830.0
   10.7  30423  -44.3                                     836.7         836.7
</PRE><H3>Station information and sounding indices</H3><PRE>
                         Station identifier: WIII
                             Station number: 96749
                           Observation time: 141106/0000
                           Station latitude: -6.11
                          Station longitude: 106.65
                          Station elevation: 8.0
                            Showalter index: -1.37
                               Lifted index: -3.84
    LIFT computed using virtual temperature: -4.32
                                SWEAT index: 204.41
                                    K index: 37.60
                         Cross totals index: 21.60
                      Vertical totals index: 25.50
                        Totals totals index: 47.10
      Convective Available Potential Energy: 608.22
             CAPE using virtual temperature: 769.73
                      Convective Inhibition: -60.07
             CINS using virtual temperature: -35.36
                           Equilibrum Level: 180.17
 Equilibrum Level using virtual temperature: 179.52
                   Level of Free Convection: 731.12
             LFCT using virtual temperature: 821.39
                     Bulk Richardson Number: 136.63
          Bulk Richardson Number using CAPV: 172.91
  Temp [K] of the Lifted Condensation Level: 294.14
Pres [hPa] of the Lifted Condensation Level: 934.48
   Equivalent potential temp [K] of the LCL: 349.97
     Mean mixed layer potential temperature: 299.90
              Mean mixed layer mixing ratio: 17.07
              1000 hPa to 500 hPa thickness: 5778.00
Precipitable water [mm] for entire sounding: 50.83
</PRE>
<P>Description of the 
<A HREF="/upperair/columns.html">data columns</A>
or <A HREF="/upperair/indices.html">sounding indices</A>.

<P>
<FORM>
<INPUT CLASS="button" TYPE="button" VALUE=" Close this window " 
 onClick="window.close();">
<INPUT CLASS="button" TYPE="button" VALUE=" Select another map " 
 onClick="window.blur();">
</FORM>
<HR SIZE="1">
<I>Interested in graduate studies in atmospheric science?
Check out our program at the
<a href="http://www.uwyo.edu/atsc/howtoapply/"
target=_top>University of Wyoming
</a></I>
<HR SIZE="1"><FONT SIZE="-1">
Questions about the weather data provided by this site can be
addressed to <A HREF="mailto:ldoolman@uwyo.edu">
Larry Oolman (ldoolman@uwyo.edu)</A></FONT>
<HR SIZE="1">
<SCRIPT TYPE="text/javascript">
<!--
window.focus();
// -->
</SCRIPT>
</BODY>
</HTML>
