2013-01-22 12
<HTML>
<TITLE>University of Wyoming - Radiosonde Data</TITLE>
<BODY BGCOLOR="white">
<H2>96749 WIII Jakarta Observations at 00Z 22 Jan 2013</H2>
<PRE>
-----------------------------------------------------------------------------
   PRES   HGHT   TEMP   DWPT   RELH   MIXR   DRCT   SKNT   THTA   THTE   THTV
    hPa     m      C      C      %    g/kg    deg   knot     K      K      K 
-----------------------------------------------------------------------------
 1009.0      8   25.6   24.2     92  19.27      0      0  298.0  354.2  301.4
 1000.0     91   24.8   22.1     85  17.07    310      4  297.9  347.7  301.0
  977.0    295   24.0   21.4     85  16.68    310     12  299.2  348.0  302.1
  925.0    775   22.2   19.6     85  15.78    265      6  302.0  348.8  304.9
  912.0    898   21.5   19.1     86  15.47    255      6  302.5  348.5  305.3
  851.0   1498   18.3   16.4     89  14.02    290     10  305.1  347.3  307.7
  850.0   1508   18.2   16.4     89  14.00    290     10  305.2  347.3  307.8
  794.0   2087   15.4   12.3     82  11.48    290     14  308.2  343.3  310.3
  727.0   2836   11.8    7.1     73   8.78    265     16  312.1  339.6  313.8
  713.0   2999   10.9    6.1     72   8.36    260     17  312.9  339.1  314.4
  700.0   3153   10.0    5.2     72   7.98    260     17  313.5  338.7  315.0
  636.0   3944    5.4    1.5     76   6.75    249     17  317.0  338.7  318.3
  617.0   4190    3.9    0.4     78   6.45    245     17  318.0  338.8  319.2
  572.0   4804    0.0   -2.2     85   5.73    252     17  320.4  339.2  321.5
  552.0   5086   -1.6   -4.2     83   5.12    255     17  321.8  338.7  322.8
  512.0   5682   -5.0   -8.3     78   4.02    215     10  324.6  338.2  325.4
  500.0   5870   -6.1   -9.6     76   3.71    225     10  325.5  338.2  326.3
  492.0   5995   -6.7  -10.7     73   3.47    230     10  326.4  338.3  327.0
  474.0   6285   -8.0  -13.2     66   2.95    210     10  328.3  338.5  328.8
  448.0   6724   -9.9  -16.9     57   2.29    215     10  331.1  339.3  331.6
  436.0   6933  -11.3  -15.5     71   2.64    218     10  331.9  341.3  332.5
  433.0   6986  -11.3  -19.3     52   1.93    219     10  332.6  339.6  333.0
  414.0   7329  -13.7  -20.7     56   1.79    223     10  333.8  340.3  334.2
  411.0   7384  -13.9  -23.9     43   1.36    224     10  334.2  339.3  334.5
  406.0   7477  -14.7  -21.7     55   1.67    225     10  334.4  340.5  334.7
  405.0   7496  -14.8  -21.6     56   1.68    225     10  334.5  340.7  334.8
  400.0   7590  -15.3  -21.3     60   1.76    215     10  335.0  341.5  335.4
  390.0   7780  -16.4  -22.7     59   1.60    190      8  335.9  341.9  336.3
  359.0   8401  -20.2  -27.1     54   1.16    180     14  339.0  343.4  339.2
  358.0   8422  -20.3  -27.3     54   1.14    178     14  339.1  343.5  339.3
  345.0   8692  -22.3  -28.6     56   1.05    150     16  340.0  344.0  340.2
  305.0   9590  -29.0  -33.0     68   0.78    135     12  342.8  345.9  342.9
  300.0   9710  -29.9  -33.6     70   0.75    125     10  343.1  346.1  343.3
  292.0   9898  -31.4  -35.1     70   0.67    110      8  343.6  346.3  343.8
  280.0  10191  -33.8  -37.4     69   0.55    110      6  344.4  346.6  344.5
  257.0  10788  -38.6  -42.2     69   0.37     65      6  345.9  347.4  345.9
  250.0  10980  -40.1  -43.7     68   0.32     65      8  346.3  347.6  346.4
  246.0  11087  -41.1                          65      8  346.5         346.5
  235.0  11390  -43.8                          45     10  346.9         346.9
  200.0  12460  -53.5                          45     19  347.9         347.9
  170.0  13466  -62.8                          55     17  349.1         349.1
  150.0  14240  -69.9                          80     17  349.5         349.5
  146.0  14398  -71.3                          85     17  349.7         349.7
  135.0  14858  -75.5                          85     27  350.2         350.2
  113.0  15873  -78.5                          85     49  363.0         363.0
  102.0  16457  -80.2                          75     23  370.5         370.5
  100.0  16570  -80.5                          80     21  371.9         371.9
   96.0  16797  -81.9                          80     17  373.6         373.6
   87.0  17345  -85.2                         120     25  377.7         377.7
   82.6  17634  -86.9                         104     25  379.8         379.8
   74.8  18180  -84.7                          73     25  395.3         395.3
   73.7  18264  -78.9                          68     25  409.2         409.2
   73.0  18319  -78.3                          65     25  411.5         411.5
   70.0  18560  -75.9                         355      8  421.7         421.7
   67.8  18744  -75.7                         306      8  426.0         426.0
   66.7  18839  -72.7                         281      8  434.5         434.5
   66.0  18900  -72.9                         265      8  435.3         435.3
   63.0  19169  -74.0                         275     10  438.8         438.8
   57.0  19748  -76.3                         185     14  446.4         446.4
   56.4  19809  -76.5                         181     15  447.2         447.2
   51.0  20386  -76.3                         145     27  460.6         460.6
   50.0  20500  -76.3                         135     31  463.3         463.3
   49.2  20593  -75.9                         129     36  466.4         466.4
   48.0  20737  -72.9                         120     43  476.8         476.8
   46.0  20989  -71.8                         105     56  485.3         485.3
   41.7  21569  -69.3                         101     63  505.3         505.3
   35.8  22495  -62.5                          95     75  545.4         545.4
   31.2  23346  -61.5                          90     86  570.0         570.0
   31.0  23386  -61.1                          90     86  572.0         572.0
   30.0  23590  -59.3                          85     76  582.4         582.4
   27.0  24261  -52.5                          70     51  619.2         619.2
   26.9  24285  -52.3                          69     50  620.5         620.5
   25.0  24756  -53.7                          45     31  629.5         629.5
   23.1  25264  -55.3                          50     23  639.3         639.3
   23.0  25292  -55.1                          50     23  640.5         640.5
   22.0  25578  -53.5                          20      8  653.5         653.5
   21.5  25725  -52.7                         331     12  660.3         660.3
   21.0  25876  -53.5                         280     16  662.4         662.4
   20.0  26190  -55.1                         265     25  666.8         666.8
   19.0  26515  -56.3                         240     16  672.8         672.8
   18.0  26857  -57.6                         135     12  679.2         679.2
   17.5  27035  -58.3                         122     14  682.5         682.5
   16.8  27293  -54.5                         103     16  702.8         702.8
   16.0  27611  -53.2                          80     19  716.9         716.9
   15.0  28031  -51.4                          95     27  736.1         736.1
   13.0  28962  -47.6                          95     33  780.2         780.2
   12.5  29218  -46.5                          97     28  792.7         792.7
   12.0  29487  -46.8                         100     23  800.8         800.8
   11.0  30061  -47.5                          75     16  818.4         818.4
   10.0  30690  -48.3                                     838.1         838.1
</PRE><H3>Station information and sounding indices</H3><PRE>
                         Station identifier: WIII
                             Station number: 96749
                           Observation time: 130122/0000
                           Station latitude: -6.11
                          Station longitude: 106.65
                          Station elevation: 8.0
                            Showalter index: -2.05
                               Lifted index: -2.46
    LIFT computed using virtual temperature: -2.82
                                SWEAT index: 226.81
                                    K index: 35.90
                         Cross totals index: 22.50
                      Vertical totals index: 24.30
                        Totals totals index: 46.80
      Convective Available Potential Energy: 342.25
             CAPE using virtual temperature: 424.06
                      Convective Inhibition: -81.73
             CINS using virtual temperature: -61.09
                           Equilibrum Level: 215.69
 Equilibrum Level using virtual temperature: 214.99
                   Level of Free Convection: 702.22
             LFCT using virtual temperature: 751.65
                     Bulk Richardson Number: 39.88
          Bulk Richardson Number using CAPV: 49.41
  Temp [K] of the Lifted Condensation Level: 294.17
Pres [hPa] of the Lifted Condensation Level: 944.98
   Equivalent potential temp [K] of the LCL: 348.38
     Mean mixed layer potential temperature: 298.98
              Mean mixed layer mixing ratio: 16.92
              1000 hPa to 500 hPa thickness: 5779.00
Precipitable water [mm] for entire sounding: 58.42
</PRE>
<P>Description of the 
<A HREF="/upperair/columns.html">data columns</A>
or <A HREF="/upperair/indices.html">sounding indices</A>.

<P>
<FORM>
<INPUT CLASS="button" TYPE="button" VALUE=" Close this window " 
 onClick="window.close();">
<INPUT CLASS="button" TYPE="button" VALUE=" Select another map " 
 onClick="window.blur();">
</FORM>
<HR SIZE="1">
<I>Interested in graduate studies in atmospheric science?
Check out our program at the
<a href="http://www.uwyo.edu/atsc/howtoapply/"
target=_top>University of Wyoming
</a></I>
<HR SIZE="1"><FONT SIZE="-1">
Questions about the weather data provided by this site can be
addressed to <A HREF="mailto:ldoolman@uwyo.edu">
Larry Oolman (ldoolman@uwyo.edu)</A></FONT>
<HR SIZE="1">
<SCRIPT TYPE="text/javascript">
<!--
window.focus();
// -->
</SCRIPT>
</BODY>
</HTML>
