2013-11-29 00
<HTML>
<TITLE>University of Wyoming - Radiosonde Data</TITLE>
<BODY BGCOLOR="white">
<H2>96749 WIII Jakarta Observations at 00Z 29 Nov 2013</H2>
<PRE>
-----------------------------------------------------------------------------
   PRES   HGHT   TEMP   DWPT   RELH   MIXR   DRCT   SKNT   THTA   THTE   THTV
    hPa     m      C      C      %    g/kg    deg   knot     K      K      K 
-----------------------------------------------------------------------------
 1008.0      8   25.6   23.5     88  18.47    220      4  298.1  351.9  301.4
 1000.0     83   25.2   21.3     79  16.23    220      6  298.4  345.7  301.2
  943.0    599   23.8   17.6     68  13.62    225      8  302.0  342.5  304.5
  925.0    769   23.4   16.4     65  12.84    235      8  303.2  341.6  305.6
  912.0    893   22.6   15.6     65  12.40    240      8  303.7  340.8  305.9
  908.0    931   22.4   15.4     65  12.26    241      8  303.8  340.6  306.1
  880.0   1202   20.3   15.3     73  12.62    245      6  304.4  342.2  306.7
  850.0   1502   18.0   15.3     84  13.03    275     10  305.0  344.1  307.4
  793.0   2088   13.9   12.4     90  11.50    285     10  306.8  341.7  308.9
  724.0   2858    8.6    8.5     99   9.71    249      9  309.0  338.8  310.8
  710.0   3020    9.8    3.8     66   7.13    241      8  312.0  334.5  313.4
  704.0   3091   10.6   -7.4     28   3.13    237      8  313.7  324.0  314.3
  700.0   3138   10.4  -11.6     20   2.26    235      8  314.0  321.6  314.4
  687.0   3292    9.6  -12.9     19   2.07    225      6  314.7  321.8  315.1
  662.0   3596    8.0  -15.5     17   1.74    200      4  316.2  322.2  316.6
  615.0   4201    4.7  -20.6     14   1.22    210     10  319.3  323.6  319.5
  597.0   4445    3.4  -22.6     13   1.05    186      8  320.5  324.2  320.7
  596.0   4458    3.4  -12.6     30   2.45    184      8  320.6  329.0  321.1
  593.0   4499    3.1  -12.8     30   2.43    180      8  320.7  329.1  321.2
  577.0   4720    1.4  -13.6     32   2.33    198      7  321.3  329.3  321.7
  571.0   4804    0.6   -8.9     49   3.43    205      6  321.3  332.9  322.0
  566.0   4875    0.0   -5.0     69   4.69    201      6  321.4  336.9  322.3
  550.0   5103   -1.2   -6.0     70   4.45    190      8  322.6  337.5  323.5
  530.0   5397   -2.7   -7.4     70   4.17    205      6  324.2  338.3  325.1
  510.0   5703   -4.3   -8.8     71   3.88    285      4  325.9  339.1  326.7
  500.0   5860   -5.1   -9.5     71   3.74    290      4  326.8  339.6  327.5
  491.0   6002   -5.8  -10.6     69   3.50    290      4  327.6  339.6  328.3
  472.0   6310   -7.4  -12.9     65   3.02     35      2  329.4  339.9  330.0
  461.0   6494   -8.3  -14.3     62   2.76    345      2  330.4  340.2  331.0
  437.0   6904  -10.9  -17.4     59   2.25    230      2  332.2  340.3  332.6
  421.0   7190  -12.8  -19.5     57   1.95    125      4  333.4  340.5  333.8
  408.0   7430  -14.3  -21.3     55   1.72    114      6  334.4  340.7  334.8
  404.0   7505  -14.7  -21.2     58   1.75    110      6  334.8  341.3  335.2
  400.0   7580  -15.1  -21.1     60   1.79    110      8  335.3  341.8  335.6
  388.0   7806  -16.7  -23.1     58   1.55    125     10  336.1  341.8  336.4
  373.0   8099  -18.8  -25.7     55   1.28    105      6  337.1  341.9  337.4
  344.0   8701  -23.2  -30.9     49   0.85    150      2  339.1  342.4  339.3
  338.0   8831  -24.1  -32.1     48   0.77    125      3  339.5  342.6  339.7
  317.0   9295  -27.6  -35.6     46   0.58     35      6  340.9  343.3  341.1
  313.0   9387  -28.3  -36.3     46   0.55     37      6  341.2  343.4  341.3
  300.0   9690  -30.5  -35.5     62   0.62     45      8  342.3  344.8  342.4
  297.0   9762  -31.3  -37.3     55   0.52     48      7  342.1  344.2  342.2
  291.0   9904  -32.5  -38.8     54   0.46     55      6  342.4  344.3  342.6
  268.0  10478  -37.2  -44.6     46   0.27    105      4  343.7  344.8  343.7
  256.0  10797  -39.9  -47.8     42   0.20     90      6  344.3  345.1  344.4
  255.0  10825  -40.1  -48.1     42   0.19     87      6  344.4  345.2  344.4
  250.0  10960  -41.1                          70      8  344.8         344.8
  245.0  11093  -42.2                          50      8  345.1         345.1
  234.0  11396  -44.8                          40      6  345.8         345.8
  214.0  11984  -49.9                          70     19  346.9         346.9
  200.0  12430  -53.7                          70     19  347.6         347.6
  153.0  14087  -69.0                          55     25  349.1         349.1
  150.0  14210  -70.1                          50     25  349.1         349.1
  114.0  15794  -82.7                          55     51  354.2         354.2
  112.0  15893  -82.4                          50     51  356.6         356.6
  106.0  16202  -81.4                          55     37  364.1         364.1
  101.0  16474  -80.5                          84     25  370.9         370.9
  100.0  16530  -80.7                          90     23  371.6         371.6
   95.0  16815  -81.8                         105     27  374.9         374.9
   90.0  17116  -83.0                          95     33  378.4         378.4
   87.8  17254  -83.5                          80     27  380.0         380.0
   83.7  17522  -76.9                          50     14  398.7         398.7
   81.0  17710  -76.8                          30      6  402.6         402.6
   77.0  17999  -76.7                         250      2  408.7         408.7
   76.8  18014  -76.7                         251      3  409.0         409.0
   74.5  18189  -73.9                         262     11  418.4         418.4
   73.0  18307  -74.1                         270     16  420.5         420.5
   70.0  18550  -74.5                         265     19  424.7         424.7
   66.0  18895  -73.5                         275     19  434.0         434.0
   63.0  19168  -72.7                         255     14  441.5         441.5
   59.9  19465  -71.9                         271     18  449.8         449.8
   54.0  20087  -67.9                         305     25  472.5         472.5
   50.7  20465  -65.5                         264     16  486.8         486.8
   50.0  20550  -65.5                         255     14  488.7         488.7
   46.0  21059  -65.4                         195     10  500.8         500.8
   44.5  21262  -65.3                         217      9  505.8         505.8
   42.0  21623  -63.8                         255      8  517.9         517.9
   38.0  22248  -61.2                         255     12  539.6         539.6
   35.0  22762  -59.0                         315     12  558.0         558.0
   31.3  23460  -56.1                         282     15  584.0         584.0
   30.0  23730  -56.5                         270     16  590.0         590.0
   27.0  24400  -55.9                         320     25  609.7         609.7
   23.0  25421  -55.1                         280     31  640.8         640.8
   20.0  26310  -54.3                         265     17  669.2         669.2
   19.9  26342  -54.1                         262     17  670.8         670.8
   18.0  26992  -52.5                         205     14  695.3         695.3
   16.0  27755  -50.6                         130     21  725.3         725.3
   15.1  28130  -49.7                         126     15  740.4         740.4
   15.0  28173  -49.9                         125     14  741.2         741.2
   14.0  28622  -51.9                          90     17  749.2         749.2
   13.7  28763  -52.5                         124     18  751.7         751.7
   13.0  29105  -48.5                         205     21  777.0         777.0
   12.9  29155  -47.9                         204     20  780.7         780.7
   12.0  29631  -48.9                         190      8  793.6         793.6
   11.6  29854  -49.3                         174     12  799.8         799.8
   11.0  30207  -47.1                         150     19  820.0         820.0
   10.0  30840  -43.1                          90     33  857.5         857.5
    9.0  31556  -39.6                         120     33  897.0         897.0
    8.8  31709  -38.9                         117     37  905.7         905.7
    7.3  32990  -38.9                          95     68  955.3         955.3
    7.1  33181  -38.9                          95     68  963.0         963.0
    7.0                                        95     68                     
</PRE><H3>Station information and sounding indices</H3><PRE>
                         Station identifier: WIII
                             Station number: 96749
                           Observation time: 131129/0000
                           Station latitude: -6.11
                          Station longitude: 106.65
                          Station elevation: 8.0
                            Showalter index: 0.14
                               Lifted index: -0.12
    LIFT computed using virtual temperature: -0.38
                                SWEAT index: 207.61
                                    K index: 16.40
                         Cross totals index: 20.40
                      Vertical totals index: 23.10
                        Totals totals index: 43.50
      Convective Available Potential Energy: 34.93
             CAPE using virtual temperature: 72.88
                      Convective Inhibition: -111.85
             CINS using virtual temperature: -96.43
                           Equilibrum Level: 491.12
 Equilibrum Level using virtual temperature: 471.66
                   Level of Free Convection: 786.31
             LFCT using virtual temperature: 793.58
                     Bulk Richardson Number: 69.22
          Bulk Richardson Number using CAPV: 144.41
  Temp [K] of the Lifted Condensation Level: 292.22
Pres [hPa] of the Lifted Condensation Level: 916.56
   Equivalent potential temp [K] of the LCL: 344.77
     Mean mixed layer potential temperature: 299.62
              Mean mixed layer mixing ratio: 15.46
              1000 hPa to 500 hPa thickness: 5777.00
Precipitable water [mm] for entire sounding: 47.61
</PRE>
<P>Description of the 
<A HREF="/upperair/columns.html">data columns</A>
or <A HREF="/upperair/indices.html">sounding indices</A>.

<P>
<FORM>
<INPUT CLASS="button" TYPE="button" VALUE=" Close this window " 
 onClick="window.close();">
<INPUT CLASS="button" TYPE="button" VALUE=" Select another map " 
 onClick="window.blur();">
</FORM>
<HR SIZE="1">
<I>Interested in graduate studies in atmospheric science?
Check out our program at the
<a href="http://www.uwyo.edu/atsc/howtoapply/"
target=_top>University of Wyoming
</a></I>
<HR SIZE="1"><FONT SIZE="-1">
Questions about the weather data provided by this site can be
addressed to <A HREF="mailto:ldoolman@uwyo.edu">
Larry Oolman (ldoolman@uwyo.edu)</A></FONT>
<HR SIZE="1">
<SCRIPT TYPE="text/javascript">
<!--
window.focus();
// -->
</SCRIPT>
</BODY>
</HTML>
