2015-10-01 12
<HTML>
<TITLE>University of Wyoming - Radiosonde Data</TITLE>
<BODY BGCOLOR="white">
<H2>96749 WIII Jakarta Observations at 00Z 01 Oct 2015</H2>
<PRE>
-----------------------------------------------------------------------------
   PRES   HGHT   TEMP   DWPT   RELH   MIXR   DRCT   SKNT   THTA   THTE   THTV
    hPa     m      C      C      %    g/kg    deg   knot     K      K      K 
-----------------------------------------------------------------------------
 1013.0      8   24.0   19.7     77  14.48    180      5  296.1  337.9  298.6
 1001.0    113   25.4   20.7     75  15.61    148      8  298.5  344.1  301.2
 1000.0    122   25.4   20.7     75  15.63    145      8  298.6  344.2  301.3
  980.0    300   25.3   19.8     72  15.04     90     12  300.1  344.4  302.9
  968.0    409   25.2   19.2     69  14.69     90     13  301.1  344.6  303.8
  925.0    808   22.4   16.4     69  12.84     90     16  302.2  340.4  304.5
  915.0    902   22.0   14.9     64  11.80     90     16  302.8  338.0  304.9
  881.0   1231   20.8    9.8     49   8.70     93     15  304.8  331.2  306.4
  850.0   1540   18.6   13.6     73  11.65     95     14  305.6  340.8  307.8
  796.0   2098   15.3    6.7     56   7.77    120     10  307.9  331.9  309.3
  763.0   2458   13.2    2.2     47   5.91    124     10  309.4  327.9  310.5
  733.0   2795   12.4  -12.6     16   1.99    128     10  312.1  318.7  312.4
  715.0   3003   12.1  -18.3     10   1.27    130     10  313.9  318.3  314.2
  700.0   3180   11.8  -23.2      7   0.85     85     10  315.5  318.6  315.7
  690.0   3300   11.1  -19.9     10   1.15     55     10  316.0  320.1  316.2
  678.0   3446   10.2  -15.8     14   1.65     34     12  316.6  322.3  316.9
  665.0   3605    8.9  -12.0     21   2.31     10     14  316.9  324.8  317.4
  623.0   4142    4.6    0.9     77   6.60     19     14  318.0  339.3  319.2
  618.0   4207    4.2    0.3     76   6.38     20     14  318.2  338.9  319.4
  596.0   4501    2.2   -2.3     72   5.47     35     12  319.3  337.1  320.3
  589.0   4597    1.6   -3.1     71   5.20     30     11  319.6  336.7  320.6
  587.0   4624    1.6   -5.4     60   4.38     29     10  319.9  334.4  320.8
  584.0   4666    1.6  -12.4     35   2.54     27     10  320.4  329.1  320.9
  574.0   4805    0.8  -11.6     39   2.75     20      8  321.1  330.4  321.6
  571.0   4847    0.6  -11.4     40   2.82     26      8  321.3  330.9  321.8
  564.0   4946    0.0   -9.0     51   3.45     39      8  321.7  333.4  322.4
  553.0   5103   -0.9   -9.9     50   3.26     60      8  322.4  333.5  323.0
  540.0   5292   -2.1  -11.1     50   3.05     47      8  323.2  333.6  323.8
  533.0   5396   -2.7  -13.3     44   2.58     40      8  323.7  332.6  324.2
  527.0   5486   -3.3  -15.3     39   2.22     46      7  324.0  331.8  324.5
  519.0   5606   -3.5  -23.5     20   1.11     54      7  325.2  329.3  325.4
  513.0   5698   -4.0  -22.8     22   1.20     60      6  325.7  330.1  325.9
  500.0   5900   -5.1  -21.1     27   1.43    120      6  326.8  331.9  327.0
  497.0   5947   -5.3  -22.3     25   1.29    135      6  327.1  331.8  327.3
  494.0   5994   -5.6  -23.1     24   1.21    150      6  327.3  331.7  327.5
  457.0   6596   -9.1  -33.5     12   0.50    155     14  330.2  332.1  330.3
  419.0   7267  -13.1  -45.1      5   0.16    125     16  333.4  334.1  333.5
  407.0   7488  -13.1  -40.8      8   0.27    115     17  336.2  337.3  336.3
  405.0   7526  -13.1  -40.1      8   0.29    116     18  336.7  337.9  336.7
  400.0   7620  -14.1  -40.1      9   0.29    120     19  336.6  337.8  336.6
  361.0   8386  -20.8  -42.5     12   0.25    125     23  337.7  338.7  337.7
  346.0   8703  -23.5  -43.5     14   0.24    112     26  338.1  339.1  338.1
  332.0   9000  -25.9  -45.6     14   0.19    100     29  338.8  339.6  338.8
  300.0   9730  -31.9  -50.9     13   0.12    115     35  340.3  340.8  340.3
  280.0  10208  -35.4  -53.1     15   0.10    130     41  342.1  342.5  342.1
  255.0  10856  -40.1  -56.1     16   0.08    113     31  344.4  344.7  344.4
  250.0  10990  -41.1                         110     29  344.8         344.8
  235.0  11398  -44.8                         105     27  345.4         345.4
  200.0  12460  -54.5                         140     27  346.3         346.3
  186.0  12909  -58.0                         140     35  347.9         347.9
  169.0  13502  -62.7                         120     31  349.8         349.8
  153.0  14117  -67.5                          90     37  351.6         351.6
  150.0  14240  -68.5                          90     37  351.9         351.9
  125.0  15309  -76.1                          90     41  356.9         356.9
  119.0  15597  -78.2                          75     43  358.2         358.2
  118.0  15647  -78.5                          75     43  358.4         358.4
  113.0  15894  -78.8                          70     33  362.3         362.3
  107.0  16204  -79.2                         100     27  367.3         367.3
  102.0  16477  -79.6                          95     33  371.7         371.7
  100.0  16590  -79.7                          90     31  373.5         373.5
   96.0  16824  -78.7                          65     23  379.8         379.8
   91.0  17131  -77.4                          65      6  388.3         388.3
   87.0  17389  -76.3                         145     10  395.5         395.5
   82.9  17666  -75.1                         121      7  403.4         403.4
   82.0  17730  -75.2                         115      6  404.4         404.4
   78.0  18019  -75.9                         330      4  408.9         408.9
   74.3  18300  -76.5                         293      6  413.3         413.3
   74.0  18324  -76.0                         290      6  414.8         414.8
   71.0  18566  -71.3                         325      6  429.8         429.8
   70.4  18616  -70.3                         319      7  432.9         432.9
   70.0  18650  -70.1                         315      8  434.1         434.1
   67.0  18910  -70.4                         255     14  438.9         438.9
   64.0  19181  -70.8                         215     19  443.9         443.9
   62.7  19303  -70.9                         210     17  446.2         446.2
   58.0  19771  -67.3                         190     10  464.3         464.3
   55.0  20091  -64.9                         285      6  476.9         476.9
   53.8  20224  -63.9                         285     10  482.3         482.3
   51.1  20537  -65.5                         285     21  485.7         485.7
   50.0  20670  -64.3                         285     25  491.5         491.5
   48.2  20895  -62.3                         279     31  501.5         501.5
   43.0  21600  -61.8                         260     49  519.3         519.3
   37.0  22528  -61.1                         265     41  543.8         543.8
   34.0  23050  -60.8                         275     49  558.1         558.1
   33.5  23142  -60.7                         274     48  560.6         560.6
   30.0  23830  -58.1                         265     41  585.7         585.7
   28.0  24270  -56.6                         265     33  601.4         601.4
   24.0  25253  -53.4                         265     54  637.9         637.9
   23.9  25280  -53.3                         265     54  638.9         638.9
   23.0  25528  -53.2                         260     56  646.2         646.2
   20.0  26430  -52.9                         265     52  673.5         673.5
   17.3  27362  -54.5                         267     50  696.9         696.9
   14.0  28735  -49.4                         270     47  757.7         757.7
   13.4  29020  -48.3                                     770.9         770.9
</PRE><H3>Station information and sounding indices</H3><PRE>
                         Station identifier: WIII
                             Station number: 96749
                           Observation time: 151001/0000
                           Station latitude: -6.11
                          Station longitude: 106.65
                          Station elevation: 8.0
                            Showalter index: 1.47
                               Lifted index: 0.38
    LIFT computed using virtual temperature: -0.22
                                SWEAT index: 197.21
                                    K index: 2.30
                         Cross totals index: 18.70
                      Vertical totals index: 23.70
                        Totals totals index: 42.40
      Convective Available Potential Energy: 0.54
             CAPE using virtual temperature: 24.49
                      Convective Inhibition: -287.81
             CINS using virtual temperature: -172.69
                           Equilibrum Level: 524.51
 Equilibrum Level using virtual temperature: 454.17
                   Level of Free Convection: 590.37
             LFCT using virtual temperature: 606.29
                     Bulk Richardson Number: 0.25
          Bulk Richardson Number using CAPV: 11.20
  Temp [K] of the Lifted Condensation Level: 291.71
Pres [hPa] of the Lifted Condensation Level: 911.66
   Equivalent potential temp [K] of the LCL: 343.46
     Mean mixed layer potential temperature: 299.54
              Mean mixed layer mixing ratio: 15.00
              1000 hPa to 500 hPa thickness: 5778.00
Precipitable water [mm] for entire sounding: 37.97
</PRE>
<P>Description of the 
<A HREF="/upperair/columns.html">data columns</A>
or <A HREF="/upperair/indices.html">sounding indices</A>.

<P>
<FORM>
<INPUT CLASS="button" TYPE="button" VALUE=" Close this window " 
 onClick="window.close();">
<INPUT CLASS="button" TYPE="button" VALUE=" Select another map " 
 onClick="window.blur();">
</FORM>
<HR SIZE="1">
<I>Interested in graduate studies in atmospheric science?
Check out our program at the
<a href="http://www.uwyo.edu/atsc/howtoapply/"
target=_top>University of Wyoming
</a></I>
<HR SIZE="1"><FONT SIZE="-1">
Questions about the weather data provided by this site can be
addressed to <A HREF="mailto:ldoolman@uwyo.edu">
Larry Oolman (ldoolman@uwyo.edu)</A></FONT>
<HR SIZE="1">
<SCRIPT TYPE="text/javascript">
<!--
window.focus();
// -->
</SCRIPT>
</BODY>
</HTML>
