2015-08-01 12
<HTML>
<TITLE>University of Wyoming - Radiosonde Data</TITLE>
<BODY BGCOLOR="white">
<H2>96749 WIII Jakarta Observations at 00Z 01 Aug 2015</H2>
<PRE>
-----------------------------------------------------------------------------
   PRES   HGHT   TEMP   DWPT   RELH   MIXR   DRCT   SKNT   THTA   THTE   THTV
    hPa     m      C      C      %    g/kg    deg   knot     K      K      K 
-----------------------------------------------------------------------------
 1012.0      8   24.4   21.1     82  15.83    175      4  296.5  342.4  299.4
 1002.0     96   26.0   23.1     84  18.13    158      6  299.0  352.1  302.2
 1000.0    114   25.8   22.9     84  17.94    155      6  298.9  351.5  302.1
  979.0    300   24.5   21.8     85  17.10    125      8  299.4  349.6  302.5
  946.0    600   22.4   20.0     86  15.80    100     10  300.3  346.8  303.1
  925.0    797   21.0   18.8     87  15.00    105      8  300.8  345.0  303.5
  914.0    900   20.4   18.3     88  14.73    105      8  301.2  344.7  303.9
  853.0   1496   17.0   15.6     92  13.27     80      2  303.6  343.3  306.0
  850.0   1526   16.8   15.5     92  13.20     85      2  303.7  343.2  306.1
  823.0   1800   15.4   13.4     88  11.88    105      2  305.0  340.8  307.2
  795.0   2093   13.8   11.2     84  10.59     85      4  306.4  338.6  308.4
  756.0   2519   11.6    7.9     78   8.92     85      6  308.4  335.9  310.1
  700.0   3160    8.4   -0.6     53   5.26     85     10  311.8  328.5  312.8
  691.0   3267    7.6   -2.4     49   4.66     87      9  312.0  327.0  312.9
  677.0   3436    6.8   -4.2     45   4.16     91      7  313.0  326.4  313.7
  664.0   3595    6.1   -2.9     52   4.67     95      6  313.9  329.0  314.8
  651.0   3757    5.4   -1.6     61   5.26    125      6  314.9  331.8  315.9
  643.0   3858    5.0    0.7     74   6.30    143      6  315.6  335.8  316.8
  641.0   3884    5.4   -3.6     52   4.60    148      6  316.3  331.3  317.2
  640.0   3897    5.3   -3.6     53   4.60    150      6  316.3  331.3  317.2
  626.0   4077    4.2   -3.8     56   4.64    141      7  317.1  332.2  318.0
  617.0   4195    3.6   -8.4     41   3.30    135      8  317.7  328.7  318.4
  604.0   4368    2.8  -15.2     25   1.95    142      7  318.7  325.4  319.1
  580.0   4695    0.0   -8.0     55   3.63    156      5  319.1  331.2  319.9
  573.0   4791   -0.6   -9.3     52   3.32    160      4  319.6  330.7  320.2
  552.0   5087   -2.4  -13.2     43   2.52    340      2  320.9  329.5  321.4
  531.0   5394   -4.2  -17.2     36   1.87    320      2  322.2  328.8  322.6
  511.0   5698   -6.0  -21.3     29   1.38     30      4  323.6  328.5  323.9
  504.0   5808   -6.7  -22.7     27   1.23     43      7  324.1  328.5  324.3
  500.0   5870   -6.3  -22.3     27   1.29     50      8  325.3  329.9  325.6
  474.0   6285   -7.1  -33.1     11   0.50     80     14  329.3  331.2  329.4
  438.0   6889  -11.5  -35.4     12   0.43    115     14  331.2  332.9  331.3
  408.0   7431  -15.5  -37.5     13   0.37    101     26  332.9  334.4  332.9
  405.0   7487  -15.7  -38.8     12   0.33    100     27  333.4  334.7  333.4
  400.0   7580  -15.9  -40.9     10   0.27    105     27  334.2  335.3  334.3
  374.0   8072  -19.6  -43.3     10   0.22    125     21  335.9  336.8  335.9
  344.0   8684  -24.1  -46.3     11   0.18    100     12  337.8  338.6  337.9
  330.0   8988  -26.4  -47.7     12   0.16     65     12  338.8  339.4  338.8
  317.0   9282  -28.6  -49.2     12   0.14     55     12  339.6  340.2  339.6
  307.0   9516  -30.3  -50.3     12   0.12     82     12  340.3  340.9  340.3
  304.0   9586  -30.5  -53.9      8   0.08     90     12  341.0  341.4  341.0
  300.0   9680  -30.7  -58.7      5   0.05     90     12  342.0  342.2  342.0
  291.0   9891  -32.5  -59.2      5   0.05     90     12  342.4  342.6  342.4
  256.0  10779  -40.1  -61.1      9   0.04      0      8  344.0  344.2  344.0
  250.0  10940  -41.5                         355     10  344.2         344.2
  245.0  11073  -42.7                           0     14  344.4         344.4
  234.0  11376  -45.4                         325     14  344.9         344.9
  223.0  11693  -48.3                           0     12  345.3         345.3
  200.0  12410  -54.7                         340     10  346.0         346.0
  194.0  12601  -56.3                         345     12  346.4         346.4
  177.0  13175  -61.2                           0     16  347.6         347.6
  172.0  13355  -62.7                          16     18  348.0         348.0
  168.0  13500  -62.1                          30     19  351.3         351.3
  150.0  14190  -67.1                          55      8  354.3         354.3
  145.0  14388  -68.3                          65      6  355.6         355.6
  131.0  14982  -72.0                          55     10  359.5         359.5
  125.0  15256  -73.7                         115      8  361.3         361.3
  118.0  15593  -75.8                         135     16  363.5         363.5
  112.0  15898  -77.7                         120     12  365.4         365.4
  107.0  16165  -79.3                         135     16  367.1         367.1
  101.0  16493  -78.1                         125     33  375.5         375.5
  100.0  16550  -77.9                         120     35  377.0         377.0
   91.0  17097  -75.7                          75     33  391.6         391.6
   86.0  17424  -74.4                          45     23  400.7         400.7
   82.0  17700  -73.3                         345     12  408.4         408.4
   81.4  17743  -73.1                         340     11  409.6         409.6
   78.0  17991  -74.1                         310      8  412.7         412.7
   74.0  18297  -75.2                         185      6  416.4         416.4
   70.0  18620  -76.5                         165     12  420.4         420.4
   66.7  18898  -77.5                         130     17  424.1         424.1
   64.5  19095  -70.3                         108     20  443.9         443.9
   60.0  19532  -68.3                          60     25  457.6         457.6
   57.0  19842  -67.0                          95     19  467.5         467.5
   52.0  20397  -64.5                          70     25  485.7         485.7
   51.7  20432  -64.3                          68     23  486.9         486.9
   50.5  20578  -60.3                          59     14  499.5         499.5
   50.0  20640  -60.1                          55     10  501.4         501.4
   47.0  21029  -59.4                         210      6  512.1         512.1
   43.0  21588  -58.4                         195      6  527.8         527.8
   41.0  21887  -57.8                          40      6  536.4         536.4
   39.0  22201  -57.2                         300     14  545.5         545.5
   37.0  22532  -56.6                         280     16  555.3         555.3
   35.3  22828  -56.1                         280     23  564.3         564.3
   34.0  23066  -56.0                         280     29  570.5         570.5
   32.0  23450  -56.0                         250     27  580.6         580.6
   30.0  23860  -55.9                         245     14  591.6         591.6
   29.2  24032  -55.9                         237     11  596.2         596.2
   29.0  24076  -55.7                         235     10  598.0         598.0
   28.0  24302  -54.5                         290     16  607.3         607.3
   26.0  24779  -52.1                         290     37  627.2         627.2
   25.4  24929  -51.3                         286     40  633.6         633.6
   23.0  25573  -51.7                         270     52  650.6         650.6
   20.0  26480  -52.3                         240     29  675.3         675.3
   19.0  26814  -51.7                         235     17  687.1         687.1
   17.0  27538  -50.5                         275     23  713.3         713.3
   15.3  28223  -49.3                         275     20  739.0         739.0
   13.0  29296  -47.8                         275     16  779.3         779.3
   12.3  29660  -47.3                                     793.5         793.5
</PRE><H3>Station information and sounding indices</H3><PRE>
                         Station identifier: WIII
                             Station number: 96749
                           Observation time: 150801/0000
                           Station latitude: -6.11
                          Station longitude: 106.65
                          Station elevation: 8.0
                            Showalter index: -0.69
                               Lifted index: -2.92
    LIFT computed using virtual temperature: -3.69
                                SWEAT index: 198.00
                                    K index: 29.60
                         Cross totals index: 21.80
                      Vertical totals index: 23.10
                        Totals totals index: 44.90
      Convective Available Potential Energy: 930.63
             CAPE using virtual temperature: 1131.63
                      Convective Inhibition: -12.06
             CINS using virtual temperature: -7.35
                           Equilibrum Level: 170.96
 Equilibrum Level using virtual temperature: 170.97
                   Level of Free Convection: 887.92
             LFCT using virtual temperature: 906.66
                     Bulk Richardson Number: 656.64
          Bulk Richardson Number using CAPV: 798.46
  Temp [K] of the Lifted Condensation Level: 294.32
Pres [hPa] of the Lifted Condensation Level: 944.73
   Equivalent potential temp [K] of the LCL: 349.08
     Mean mixed layer potential temperature: 299.15
              Mean mixed layer mixing ratio: 17.08
              1000 hPa to 500 hPa thickness: 5756.00
Precipitable water [mm] for entire sounding: 47.65
</PRE>
<P>Description of the 
<A HREF="/upperair/columns.html">data columns</A>
or <A HREF="/upperair/indices.html">sounding indices</A>.

<P>
<FORM>
<INPUT CLASS="button" TYPE="button" VALUE=" Close this window " 
 onClick="window.close();">
<INPUT CLASS="button" TYPE="button" VALUE=" Select another map " 
 onClick="window.blur();">
</FORM>
<HR SIZE="1">
<I>Interested in graduate studies in atmospheric science?
Check out our program at the
<a href="http://www.uwyo.edu/atsc/howtoapply/"
target=_top>University of Wyoming
</a></I>
<HR SIZE="1"><FONT SIZE="-1">
Questions about the weather data provided by this site can be
addressed to <A HREF="mailto:ldoolman@uwyo.edu">
Larry Oolman (ldoolman@uwyo.edu)</A></FONT>
<HR SIZE="1">
<SCRIPT TYPE="text/javascript">
<!--
window.focus();
// -->
</SCRIPT>
</BODY>
</HTML>
