2013-09-14 00
<HTML>
<TITLE>University of Wyoming - Radiosonde Data</TITLE>
<BODY BGCOLOR="white">
<H2>96749 WIII Jakarta Observations at 00Z 14 Sep 2013</H2>
<PRE>
-----------------------------------------------------------------------------
   PRES   HGHT   TEMP   DWPT   RELH   MIXR   DRCT   SKNT   THTA   THTE   THTV
    hPa     m      C      C      %    g/kg    deg   knot     K      K      K 
-----------------------------------------------------------------------------
 1010.0      8   24.0   23.3     96  18.21      0      0  296.3  349.0  299.5
 1000.0     97   25.0   22.9     88  17.94    160      2  298.1  350.5  301.3
  986.0    221   25.6   21.5     78  16.67    160      3  300.0  349.0  302.9
  977.0    302   25.1   21.2     79  16.49    160      4  300.2  348.7  303.2
  925.0    781   22.0   19.2     84  15.38     90      4  301.8  347.4  304.6
  912.0    904   21.3   18.3     83  14.71     65      4  302.3  346.0  305.0
  850.0   1514   18.0   13.7     76  11.72     85     12  305.0  340.3  307.1
  803.0   2000   15.6    8.6     63   8.80     98      9  307.4  334.4  309.1
  794.0   2095   15.2    6.7     57   7.79    100      8  308.0  332.0  309.4
  763.0   2432   13.8   -0.2     38   4.97     92      8  310.0  325.8  310.9
  739.0   2700   12.1    0.7     45   5.46     85      8  311.0  328.3  312.0
  735.0   2745   11.8    0.8     47   5.55     87      8  311.1  328.7  312.2
  719.0   2929   11.2   -3.8     35   4.03     96      6  312.5  325.5  313.2
  713.0   2999   10.6   -1.6     43   4.79    100      6  312.5  327.9  313.4
  700.0   3152    9.2    3.2     66   6.93     90      4  312.6  334.5  313.9
  695.0   3212    8.6    4.0     73   7.39     89      4  312.6  335.9  314.0
  663.0   3602    7.6  -11.4     25   2.42     85      6  315.7  323.9  316.2
  616.0   4200    3.5  -12.3     31   2.43     90      6  317.7  325.9  318.2
  579.0   4704    0.0  -13.0     37   2.44     86      3  319.3  327.6  319.8
  572.0   4801   -0.6  -11.7     43   2.74     85      2  319.7  329.0  320.2
  557.0   5014   -1.9   -8.9     59   3.52     35      8  320.6  332.4  321.3
  554.0   5057   -1.9   -8.9     59   3.54     25      9  321.1  333.0  321.8
  551.0   5100   -1.9   -9.8     55   3.31     15     10  321.6  332.8  322.2
  541.0   5246   -1.9  -12.9     43   2.63     10     12  323.3  332.4  323.8
  540.0   5261   -1.3  -20.3     22   1.42     10     12  324.2  329.3  324.5
  511.0   5698   -4.5  -22.0     24   1.29    355     17  325.5  330.2  325.8
  500.0   5870   -5.7  -22.7     25   1.24    355     10  326.0  330.5  326.3
  498.0   5901   -5.9  -23.9     23   1.12    356      9  326.1  330.2  326.4
  492.0   5996   -6.3  -15.3     49   2.38      0      4  326.8  335.1  327.3
  486.0   6091   -6.7  -19.7     35   1.66     41      5  327.4  333.4  327.8
  484.0   6123   -6.5  -26.5     19   0.91     54      6  328.1  331.5  328.3
  482.0   6156   -6.3  -29.3     14   0.71     68      6  328.7  331.4  328.9
  473.0   6300   -7.3  -29.0     16   0.74    130      8  329.2  332.0  329.3
  455.0   6596   -9.5  -28.5     20   0.81     85     10  330.1  333.2  330.3
  421.0   7189  -13.8  -27.4     31   0.96     60     10  332.0  335.6  332.2
  405.0   7485  -16.0  -26.9     39   1.05     65      8  332.9  336.9  333.1
  400.0   7580  -16.7  -26.7     42   1.08     75     10  333.2  337.3  333.4
  397.0   7637  -16.9  -27.9     38   0.98     83     11  333.6  337.4  333.9
  391.0   7751  -16.5  -47.5      5   0.13     99     13  335.6  336.2  335.7
  389.0   7789  -16.8  -47.3      5   0.14    105     14  335.8  336.4  335.8
  359.0   8382  -20.7  -44.9     10   0.20     80     21  338.3  339.1  338.4
  328.0   9050  -25.1  -42.1     19   0.29     80     21  341.1  342.3  341.1
  300.0   9690  -31.1  -52.1     11   0.10     80     21  341.4  341.9  341.4
  261.0  10665  -39.9  -56.9     15   0.07     98     17  342.4  342.7  342.4
  256.0  10798  -40.9                         100     16  342.8         342.8
  250.0  10960  -42.1                         105     16  343.3         343.3
  234.0  11393  -45.8                         125     16  344.3         344.3
  214.0  11977  -50.7                          80     19  345.5         345.5
  200.0  12420  -54.5                          75     17  346.3         346.3
  153.0  14077  -68.5                          65     43  350.0         350.0
  150.0  14200  -69.5                          70     43  350.2         350.2
  149.0  14240  -69.9                          70     43  350.2         350.2
  131.0  14986  -73.7                          65     51  356.5         356.5
  112.0  15895  -78.3                          80     23  364.3         364.3
  101.0  16494  -81.3                          75     39  369.4         369.4
  100.0  16550  -81.1                          70     37  370.8         370.8
   96.0  16780  -78.8                          50     25  379.7         379.7
   93.3  16941  -77.1                          49     20  386.1         386.1
   86.0  17412  -75.7                          45      6  397.9         397.9
   82.0  17687  -74.9                          15     14  405.0         405.0
   78.0  17975  -74.1                          50     12  412.6         412.6
   70.0  18600  -72.3                         325     19  429.4         429.4
   69.4  18651  -71.9                         314     20  431.3         431.3
   67.0  18862  -70.4                         270     23  438.9         438.9
   59.4  19586  -65.3                         236     25  465.7         465.7
   55.0  20056  -65.4                         215     27  475.8         475.8
   52.3  20364  -65.5                         228     23  482.5         482.5
   52.0  20399  -65.2                         230     23  484.0         484.0
   50.0  20640  -62.9                         260     19  494.8         494.8
   47.0  21023  -61.1                         305     27  507.9         507.9
   45.0  21292  -59.9                         296     29  517.2         517.2
   37.0  22501  -63.7                         255     37  537.1         537.1
   36.7  22551  -63.9                         254     36  538.0         538.0
   32.6  23280  -61.7                         233     28  562.3         562.3
   32.0  23396  -60.5                         230     27  568.4         568.4
   30.0  23800  -56.5                         250     21  590.0         590.0
   28.3  24170  -55.3                         260     20  603.3         603.3
   25.0  24966  -54.0                         280     19  628.8         628.8
   23.0  25501  -53.1                         270     27  646.5         646.5
   22.0  25786  -52.6                         260     29  656.2         656.2
   20.9  26115  -52.1                         273     29  667.5         667.5
   20.0  26400  -51.1                         285     29  679.0         679.0
   16.0  27855  -50.7                         320     41  724.9         724.9
   14.0  28725  -50.5                         323     36  753.9         753.9
   13.0  29217  -48.8                         325     33  776.0         776.0
   12.0  29749  -46.9                         320     51  800.5         800.5
   11.0  30327  -44.9                         315     51  827.9         827.9
   10.0  30960  -42.7                         310     29  859.0         859.0
    9.7  31166  -42.1                                     868.8         868.8
</PRE><H3>Station information and sounding indices</H3><PRE>
                         Station identifier: WIII
                             Station number: 96749
                           Observation time: 130914/0000
                           Station latitude: -6.11
                          Station longitude: 106.65
                          Station elevation: 8.0
                            Showalter index: 1.07
                               Lifted index: -2.27
    LIFT computed using virtual temperature: -3.05
                                SWEAT index: 198.41
                                    K index: 31.40
                         Cross totals index: 19.40
                      Vertical totals index: 23.70
                        Totals totals index: 43.10
      Convective Available Potential Energy: 725.03
             CAPE using virtual temperature: 931.61
                      Convective Inhibition: -56.00
             CINS using virtual temperature: -31.18
                           Equilibrum Level: 169.55
 Equilibrum Level using virtual temperature: 167.43
                   Level of Free Convection: 745.56
             LFCT using virtual temperature: 844.68
                     Bulk Richardson Number: 178.29
          Bulk Richardson Number using CAPV: 229.09
  Temp [K] of the Lifted Condensation Level: 294.02
Pres [hPa] of the Lifted Condensation Level: 937.46
   Equivalent potential temp [K] of the LCL: 348.95
     Mean mixed layer potential temperature: 299.51
              Mean mixed layer mixing ratio: 16.89
              1000 hPa to 500 hPa thickness: 5773.00
Precipitable water [mm] for entire sounding: 42.77
</PRE>
<P>Description of the 
<A HREF="/upperair/columns.html">data columns</A>
or <A HREF="/upperair/indices.html">sounding indices</A>.

<P>
<FORM>
<INPUT CLASS="button" TYPE="button" VALUE=" Close this window " 
 onClick="window.close();">
<INPUT CLASS="button" TYPE="button" VALUE=" Select another map " 
 onClick="window.blur();">
</FORM>
<HR SIZE="1">
<I>Interested in graduate studies in atmospheric science?
Check out our program at the
<a href="http://www.uwyo.edu/atsc/howtoapply/"
target=_top>University of Wyoming
</a></I>
<HR SIZE="1"><FONT SIZE="-1">
Questions about the weather data provided by this site can be
addressed to <A HREF="mailto:ldoolman@uwyo.edu">
Larry Oolman (ldoolman@uwyo.edu)</A></FONT>
<HR SIZE="1">
<SCRIPT TYPE="text/javascript">
<!--
window.focus();
// -->
</SCRIPT>
</BODY>
</HTML>
