2014-02-26 12
<HTML>
<TITLE>University of Wyoming - Radiosonde Data</TITLE>
<BODY BGCOLOR="white">
<H2>96749 WIII Jakarta Observations at 00Z 26 Feb 2014</H2>
<PRE>
-----------------------------------------------------------------------------
   PRES   HGHT   TEMP   DWPT   RELH   MIXR   DRCT   SKNT   THTA   THTE   THTV
    hPa     m      C      C      %    g/kg    deg   knot     K      K      K 
-----------------------------------------------------------------------------
 1011.0      8   23.4   22.9     97  17.74    160      6  295.6  346.8  298.8
 1000.0    105   24.0   22.3     90  17.28    195      6  297.1  347.3  300.2
  984.0    247   24.4   22.1     87  17.35    249      6  298.9  349.7  302.0
  978.0    300   24.0   21.7     87  17.02    270      6  299.1  348.9  302.1
  945.0    600   21.8   19.4     86  15.26    310     10  299.7  344.6  302.5
  925.0    787   20.4   18.0     86  14.24    325     10  300.2  342.1  302.7
  913.0    899   19.8   17.6     87  14.04    335     10  300.7  342.1  303.2
  852.0   1495   16.9   15.3     90  12.98    310     10  303.6  342.4  306.0
  850.0   1515   16.8   15.2     90  12.94    315     10  303.7  342.4  306.1
  827.0   1749   15.6   13.8     89  12.14    323     10  304.9  341.4  307.1
  794.0   2092   13.7   12.2     90  11.36    335     10  306.4  340.9  308.5
  739.0   2695   10.5    9.3     93  10.08     10     12  309.2  340.2  311.1
  713.0   2996    8.8    7.9     94   9.48    350     10  310.6  340.0  312.4
  700.0   3151    8.0    7.2     95   9.18      0     12  311.3  339.9  313.0
  663.0   3598    5.7    3.9     88   7.68     20     10  313.5  337.8  315.0
  644.0   3838    4.4    2.1     85   6.96     14     11  314.7  336.9  316.1
  616.0   4198    2.6   -0.1     82   6.20      5     12  316.7  336.7  317.9
  586.0   4604    0.6   -2.6     79   5.42    331      8  318.9  336.6  320.0
  580.0   4686    0.0   -4.1     74   4.89    324      7  319.1  335.2  320.1
  572.0   4798   -0.7  -11.9     42   2.69    315      6  319.6  328.8  320.2
  569.0   4840   -0.9  -14.9     34   2.12    309      6  319.8  327.2  320.2
  564.0   4911    0.0  -11.0     43   2.94    298      6  321.7  331.7  322.3
  561.0   4954    0.4  -21.6     17   1.22    292      6  322.7  327.1  322.9
  551.0   5098   -0.2  -24.2     14   0.99    270      6  323.6  327.2  323.8
  546.0   5171   -0.5  -25.5     13   0.88    270      6  324.1  327.4  324.3
  541.0   5244   -1.1  -19.1     24   1.57    271      7  324.2  329.8  324.6
  540.0   5259   -1.1   -9.1     55   3.58    271      7  324.4  336.6  325.1
  528.0   5438   -2.3  -12.3     46   2.83    272      8  325.1  334.9  325.6
  516.0   5621   -3.1  -25.1     16   0.97    273      9  326.2  329.8  326.4
  500.0   5870   -4.9  -15.9     42   2.23    275     10  327.0  334.9  327.4
  492.0   5996   -5.7  -15.2     47   2.41    270     10  327.5  336.0  328.0
  475.0   6270   -7.5  -13.5     62   2.86    257     10  328.6  338.6  329.2
  473.0   6302   -7.7  -13.7     62   2.83    255     10  328.7  338.6  329.3
  400.0   7580  -17.3  -20.2     78   1.93    255     19  332.4  339.4  332.8
  373.0   8101  -20.1  -22.8     79   1.65    260     10  335.4  341.5  335.8
  371.0   8142  -20.3  -23.0     79   1.63    258     10  335.7  341.7  336.0
  330.0   8990  -26.8  -29.6     77   1.00    210     16  338.1  342.0  338.4
  303.0   9608  -31.6  -34.4     76   0.68    225      6  339.8  342.5  340.0
  300.0   9680  -32.1  -35.0     75   0.65    265      6  340.0  342.6  340.1
  291.0   9890  -33.9  -37.0     74   0.55     20      2  340.4  342.6  340.5
  267.0  10484  -39.0  -42.5     69   0.34    165      2  341.5  342.9  341.6
  262.0  10614  -40.1  -43.7     68   0.30    165      3  341.7  343.0  341.8
  255.0  10797  -41.6                         165      4  342.1         342.1
  250.0  10930  -42.7                         145      6  342.4         342.4
  244.0  11090  -44.1                         120      8  342.8         342.8
  223.0  11683  -49.3                          80     12  343.8         343.8
  200.0  12400  -55.5                          70     16  344.7         344.7
  159.0  13811  -67.3                          55     31  348.1         348.1
  150.0  14170  -70.3                          70     33  348.8         348.8
  144.0  14411  -71.5                          75     35  350.8         350.8
  130.0  15013  -72.1                         125     17  360.2         360.2
  129.0  15058  -72.1                         123     17  360.9         360.9
  118.0  15571  -75.3                          95     23  364.3         364.3
  112.0  15871  -77.2                         100      8  366.2         366.2
  106.0  16188  -79.2                         195     10  368.2         368.2
  103.0  16353  -80.3                         210     14  369.2         369.2
  100.0  16520  -80.3                         210     19  372.3         372.3
   95.0  16811  -79.9                         215      8  378.7         378.7
   90.0  17119  -79.4                          15      8  385.5         385.5
   86.0  17377  -79.0                         330     19  391.4         391.4
   81.0  17717  -78.5                         310     14  399.2         399.2
   79.3  17838  -78.3                         281     10  402.0         402.0
   77.6  17963  -74.5                         251      6  412.4         412.4
   77.0  18008  -74.6                         240      4  413.0         413.0
   73.0  18317  -75.6                         110      6  417.4         417.4
   70.0  18560  -76.3                          95     10  420.8         420.8
   66.0  18898  -76.5                          70     12  427.6         427.6
   65.4  18951  -76.5                          58     11  428.6         428.6
   63.0  19169  -74.4                          10      8  438.0         438.0
   58.7  19582  -70.3                          17     14  456.0         456.0
   57.0  19757  -69.8                          20     17  461.1         461.1
   54.0  20080  -68.7                          45     12  470.6         470.6
   51.0  20422  -67.7                         305     10  480.9         480.9
   50.0  20540  -67.3                         280     14  484.5         484.5
   49.0  20662  -67.0                         255     19  488.0         488.0
   46.0  21044  -66.1                         250     10  499.1         499.1
   44.3  21271  -65.5                         259      9  505.9         505.9
   42.8  21483  -61.3                         268      9  521.2         521.2
   40.0  21901  -61.4                         285      8  531.1         531.1
   38.0  22218  -61.5                         340      8  538.8         538.8
   36.0  22553  -61.6                         300      8  546.9         546.9
   35.0  22727  -61.6                         320     12  551.2         551.2
   33.0  23091  -61.7                         355      4  560.3         560.3
   31.0  23477  -61.8                          60      6  570.1         570.1
   30.0  23680  -61.9                          10      4  575.3         575.3
   29.0  23890  -61.7                           5      5  581.5         581.5
   27.0  24338  -58.7                         355      8  601.8         601.8
   26.0  24575  -57.1                         260      2  612.8         612.8
   25.0  24821  -55.5                         185      8  624.4         624.4
   24.0  25080  -55.6                         190      8  631.5         631.5
   23.0  25351  -55.7                         155      8  639.0         639.0
   21.0  25930  -55.8                          90      8  655.3         655.3
   20.3  26145  -55.9                          80     14  661.5         661.5
   20.0  26240  -54.9                          75     16  667.4         667.4
   19.0  26572  -53.4                          65     12  681.9         681.9
   17.2  27215  -50.5                          71     24  710.8         710.8
   16.0  27689  -50.3                          75     33  726.3         726.3
   15.0  28111  -50.1                          90     33  740.4         740.4
   11.0  30142  -49.3                         100     60  811.9         811.9
   10.9  30201  -49.3                         100     61  814.1         814.1
   10.0  30770  -47.1                          95     74  842.6         842.6
    9.0  31478  -44.1                          95     80  880.0         880.0
    8.0  32269  -40.7                          80     93  923.7         923.7
    7.9  32353  -40.3                          80     93  928.4         928.4
    7.5  32708  -40.2                          80     93  942.9         942.9
    7.0  33178  -40.0                          70     93  962.4         962.4
    6.8  33376  -39.9                                     970.7         970.7
</PRE><H3>Station information and sounding indices</H3><PRE>
                         Station identifier: WIII
                             Station number: 96749
                           Observation time: 140226/0000
                           Station latitude: -6.11
                          Station longitude: 106.65
                          Station elevation: 8.0
                            Showalter index: 1.01
                               Lifted index: -1.03
    LIFT computed using virtual temperature: -1.61
                                SWEAT index: 212.41
                                    K index: 36.10
                         Cross totals index: 20.10
                      Vertical totals index: 21.70
                        Totals totals index: 41.80
      Convective Available Potential Energy: 851.24
             CAPE using virtual temperature: 967.28
                      Convective Inhibition: -8.72
             CINS using virtual temperature: -4.42
                           Equilibrum Level: 165.67
 Equilibrum Level using virtual temperature: 164.76
                   Level of Free Convection: 887.07
             LFCT using virtual temperature: 927.21
                     Bulk Richardson Number: 95.15
          Bulk Richardson Number using CAPV: 108.12
  Temp [K] of the Lifted Condensation Level: 294.39
Pres [hPa] of the Lifted Condensation Level: 954.68
   Equivalent potential temp [K] of the LCL: 347.75
     Mean mixed layer potential temperature: 298.33
              Mean mixed layer mixing ratio: 16.97
              1000 hPa to 500 hPa thickness: 5765.00
Precipitable water [mm] for entire sounding: 55.69
</PRE>
<P>Description of the 
<A HREF="/upperair/columns.html">data columns</A>
or <A HREF="/upperair/indices.html">sounding indices</A>.

<P>
<FORM>
<INPUT CLASS="button" TYPE="button" VALUE=" Close this window " 
 onClick="window.close();">
<INPUT CLASS="button" TYPE="button" VALUE=" Select another map " 
 onClick="window.blur();">
</FORM>
<HR SIZE="1">
<I>Interested in graduate studies in atmospheric science?
Check out our program at the
<a href="http://www.uwyo.edu/atsc/howtoapply/"
target=_top>University of Wyoming
</a></I>
<HR SIZE="1"><FONT SIZE="-1">
Questions about the weather data provided by this site can be
addressed to <A HREF="mailto:ldoolman@uwyo.edu">
Larry Oolman (ldoolman@uwyo.edu)</A></FONT>
<HR SIZE="1">
<SCRIPT TYPE="text/javascript">
<!--
window.focus();
// -->
</SCRIPT>
</BODY>
</HTML>
