2015-03-17 00
<HTML>
<TITLE>University of Wyoming - Radiosonde Data</TITLE>
<BODY BGCOLOR="white">
<H2>96749 WIII Jakarta Observations at 00Z 17 Mar 2015</H2>
<PRE>
-----------------------------------------------------------------------------
   PRES   HGHT   TEMP   DWPT   RELH   MIXR   DRCT   SKNT   THTA   THTE   THTV
    hPa     m      C      C      %    g/kg    deg   knot     K      K      K 
-----------------------------------------------------------------------------
 1010.0      8   24.2   22.8     92  17.65    180      2  296.5  347.6  299.6
 1000.0    101   24.2   22.5     90  17.50    200      6  297.4  348.2  300.5
  978.0    297   24.2   22.8     92  18.23    235     14  299.2  352.7  302.5
  977.0    306   24.2   22.8     92  18.26    235     14  299.3  352.9  302.6
  925.0    786   23.0   17.0     69  13.35    230     19  302.8  342.6  305.2
  913.0    900   22.4   16.0     67  12.71    235     19  303.3  341.3  305.6
  888.0   1141   21.0   14.0     64  11.44    237     18  304.3  338.7  306.4
  875.0   1268   20.2   14.2     68  11.77    238     18  304.8  340.2  306.9
  850.0   1518   19.2    8.2     49   8.09    240     17  306.2  331.0  307.7
  823.0   1795   17.4    6.4     48   7.38    238     16  307.2  329.9  308.6
  794.0   2101   15.3    8.7     65   8.95    235     14  308.1  335.6  309.8
  790.0   2144   15.0    9.0     67   9.20    237     14  308.2  336.5  309.9
  739.0   2706   11.9    5.2     63   7.55    260     12  310.8  334.3  312.2
  719.0   2937   10.6    3.6     62   6.94    255     12  311.8  333.6  313.1
  706.0   3089    9.4    6.7     83   8.79    252     12  312.1  339.6  313.8
  700.0   3160    9.2    6.1     81   8.51    250     12  312.6  339.3  314.2
  688.0   3303    8.9    5.0     77   8.00    245     12  313.8  339.1  315.3
  686.0   3327    8.8    4.8     76   7.92    245     12  314.0  339.0  315.5
  683.0   3364    9.0   -3.0     43   4.51    246     11  314.6  329.3  315.5
  681.0   3388    9.0    1.0     57   6.08    246     11  314.9  334.4  316.0
  640.0   3896    5.9    0.2     66   6.09    250      4  317.0  336.7  318.2
  617.0   4195    4.1   -0.3     73   6.10    115      2  318.3  338.1  319.5
  595.0   4492    2.3   -0.8     80   6.10     10      4  319.5  339.4  320.7
  591.0   4547    2.0   -0.9     81   6.10      4      4  319.8  339.7  320.9
  573.0   4796    0.8   -3.0     76   5.39    335      6  321.2  338.9  322.2
  562.0   4952    0.0   -4.3     73   4.98    304      6  322.0  338.6  323.0
  552.0   5094   -0.7   -5.2     71   4.71    275      6  322.9  338.6  323.8
  531.0   5402   -2.2   -7.3     68   4.18    240     10  324.7  338.8  325.5
  500.0   5880   -4.5  -10.5     63   3.46    265     12  327.5  339.4  328.2
  474.0   6298   -7.2  -14.1     58   2.73    270     10  329.2  338.8  329.8
  471.0   6348   -7.5  -14.5     57   2.65    270      9  329.4  338.8  329.9
  456.0   6596   -9.1  -16.9     53   2.25    270      6  330.5  338.5  330.9
  438.0   6905  -11.1  -19.8     48   1.82    295      2  331.8  338.4  332.2
  405.0   7505  -14.9  -25.6     40   1.18    315      2  334.4  338.8  334.6
  400.0   7600  -15.5  -26.5     38   1.10    315      4  334.8  338.9  335.0
  389.0   7810  -17.5  -27.5     41   1.03    315      6  334.8  338.7  335.0
  374.0   8102  -19.6  -28.9     44   0.94    340      2  335.8  339.4  336.0
  359.0   8406  -21.8  -30.4     46   0.86    340      2  336.8  340.1  337.0
  348.0   8636  -23.5  -31.5     48   0.79     68      2  337.5  340.6  337.7
  344.0   8721  -23.9  -33.0     43   0.69    100      2  338.1  340.8  338.2
  331.0   9002  -25.3  -38.2     29   0.43    110      4  339.9  341.6  340.0
  324.0   9157  -26.1  -41.1     23   0.33    102      6  340.9  342.2  341.0
  304.0   9615  -30.1  -42.6     28   0.30     80     10  341.6  342.8  341.6
  300.0   9710  -30.9  -42.9     30   0.29     85     10  341.7  342.9  341.8
  281.0  10172  -34.5  -43.5     40   0.29    108      8  343.0  344.2  343.0
  279.0  10221  -34.9  -44.4     37   0.27    110      8  343.2  344.3  343.2
  256.0  10816  -39.1  -54.7     18   0.09     70     16  345.4  345.8  345.4
  251.0  10953  -40.1  -57.1     15   0.07     70     18  345.9  346.2  345.9
  250.0  10980  -40.3                          70     19  346.0         346.0
  234.0  11416  -44.1                          60     17  346.9         346.9
  200.0  12450  -53.1                          70     25  348.5         348.5
  195.0  12611  -54.1                          75     29  349.5         349.5
  177.0  13227  -57.9                         100     37  353.0         353.0
  170.0  13484  -59.5                          78     39  354.5         354.5
  169.0  13520  -59.7                          75     39  354.7         354.7
  150.0  14260  -63.9                          60     12  359.8         359.8
  146.0  14418  -65.1                          50      6  360.6         360.6
  132.0  15007  -69.5                         235     10  363.3         363.3
  126.0  15279  -71.5                         225     14  364.5         364.5
  108.0  16180  -78.2                         290     10  368.3         368.3
  100.0  16630  -81.5                          20      4  370.0         370.0
   97.0  16798  -82.5                          50      6  371.3         371.3
   92.0  17090  -84.2                          95      8  373.6         373.6
   82.1  17719  -87.9                          75     31  378.4         378.4
   82.0  17726  -87.8                          75     31  378.7         378.7
   78.0  18001  -84.1                          65     21  391.8         391.8
   76.7  18093  -82.9                          79     17  396.2         396.2
   74.0  18292  -83.8                         110     10  398.4         398.4
   70.8  18537  -84.9                         122     19  401.1         401.1
   70.0  18600  -83.5                         125     21  405.4         405.4
   67.1  18839  -75.9                          97     17  426.8         426.8
   63.0  19204  -75.0                          55     10  436.5         436.5
   60.0  19486  -74.4                         120      8  444.1         444.1
   59.7  19515  -74.3                         120      9  444.9         444.9
   54.0  20101  -73.0                         130     25  460.8         460.8
   50.2  20527  -72.1                         111     33  472.6         472.6
   50.0  20550  -71.7                         110     33  474.1         474.1
   48.0  20793  -68.7                         101     35  486.8         486.8
   42.0  21596  -68.2                          70     43  506.9         506.9
   38.0  22198  -67.9                          82     49  522.5         522.5
   33.0  23065  -63.1                         100     58  556.6         556.6
   31.0  23449  -61.0                         100     66  572.4         572.4
   30.0  23650  -59.9                         100     64  580.8         580.8
   28.0  24087  -57.2                         100     66  599.7         599.7
   27.0  24317  -55.9                          95     66  609.9         609.9
   26.0  24555  -54.4                          95     66  620.6         620.6
   25.8  24604  -54.1                          94     66  622.8         622.8
   25.0  24807  -53.6                          90     66  629.9         629.9
   23.0  25345  -52.3                          90     66  649.0         649.0
   22.0  25632  -51.6                          90     66  659.4         659.4
   21.9  25661  -51.5                          90     66  660.4         660.4
   21.0  25938  -48.1                          85     62  678.7         678.7
   20.0  26260  -44.1                          45     29  700.4         700.4
   19.4  26465  -41.9                           9     21  713.3         713.3
   19.0  26604  -42.8                         345     16  714.9         714.9
   18.0  26964  -45.0                         325     12  719.0         719.0
   16.2  27665  -49.3                         245     16  727.0         727.0
   16.0  27746  -49.2                         195      8  729.9         729.9
   15.0  28170  -48.6                         135     10  745.4         745.4
   14.0  28623  -48.0                          90     19  762.2         762.2
   13.8  28718  -47.9                          89     16  765.8         765.8
   13.0  29118  -45.7                          85      6  786.6         786.6
   12.0  29654  -42.7                         105     14  815.3         815.3
   11.3  30056  -40.5                          77     19  837.5         837.5
   11.0  30240  -40.2                          65     21  844.9         844.9
   10.0  30890  -39.3                         275     12  871.7         871.7
    8.0  32427  -36.9                         275     16  938.8         938.8
    7.6  32781  -36.3                                     954.9         954.9
</PRE><H3>Station information and sounding indices</H3><PRE>
                         Station identifier: WIII
                             Station number: 96749
                           Observation time: 150317/0000
                           Station latitude: -6.11
                          Station longitude: 106.65
                          Station elevation: 8.0
                            Showalter index: 6.36
                               Lifted index: -1.42
    LIFT computed using virtual temperature: -1.86
                                SWEAT index: 144.40
                                    K index: 28.80
                         Cross totals index: 12.70
                      Vertical totals index: 23.70
                        Totals totals index: 36.40
      Convective Available Potential Energy: 658.85
             CAPE using virtual temperature: 797.48
                      Convective Inhibition: -82.97
             CINS using virtual temperature: -42.82
                           Equilibrum Level: 195.49
 Equilibrum Level using virtual temperature: 195.47
                   Level of Free Convection: 786.36
             LFCT using virtual temperature: 835.01
                     Bulk Richardson Number: 621.14
          Bulk Richardson Number using CAPV: 751.84
  Temp [K] of the Lifted Condensation Level: 294.92
Pres [hPa] of the Lifted Condensation Level: 955.66
   Equivalent potential temp [K] of the LCL: 349.93
     Mean mixed layer potential temperature: 298.78
              Mean mixed layer mixing ratio: 17.53
              1000 hPa to 500 hPa thickness: 5779.00
Precipitable water [mm] for entire sounding: 49.81
</PRE>
<P>Description of the 
<A HREF="/upperair/columns.html">data columns</A>
or <A HREF="/upperair/indices.html">sounding indices</A>.

<P>
<FORM>
<INPUT CLASS="button" TYPE="button" VALUE=" Close this window " 
 onClick="window.close();">
<INPUT CLASS="button" TYPE="button" VALUE=" Select another map " 
 onClick="window.blur();">
</FORM>
<HR SIZE="1">
<I>Interested in graduate studies in atmospheric science?
Check out our program at the
<a href="http://www.uwyo.edu/atsc/howtoapply/"
target=_top>University of Wyoming
</a></I>
<HR SIZE="1"><FONT SIZE="-1">
Questions about the weather data provided by this site can be
addressed to <A HREF="mailto:ldoolman@uwyo.edu">
Larry Oolman (ldoolman@uwyo.edu)</A></FONT>
<HR SIZE="1">
<SCRIPT TYPE="text/javascript">
<!--
window.focus();
// -->
</SCRIPT>
</BODY>
</HTML>
