2013-08-25 12
<HTML>
<TITLE>University of Wyoming - Radiosonde Data</TITLE>
<BODY BGCOLOR="white">
<H2>96749 WIII Jakarta Observations at 00Z 25 Aug 2013</H2>
<PRE>
-----------------------------------------------------------------------------
   PRES   HGHT   TEMP   DWPT   RELH   MIXR   DRCT   SKNT   THTA   THTE   THTV
    hPa     m      C      C      %    g/kg    deg   knot     K      K      K 
-----------------------------------------------------------------------------
 1011.0      8   23.4   21.5     89  16.25    200      4  295.6  342.5  298.5
 1000.0    102   23.8   19.5     77  14.48    185      6  296.9  339.0  299.5
  978.0    297   24.6   18.6     70  14.02    150     10  299.6  340.8  302.1
  977.0    306   24.6   18.6     69  14.00    149     10  299.7  340.9  302.2
  925.0    785   21.8   14.8     64  11.57    120     17  301.6  336.0  303.7
  913.0    897   20.8   14.7     68  11.61    115     19  301.7  336.2  303.8
  850.0   1512   15.6   13.8     89  11.80    100     21  302.5  337.6  304.6
  821.0   1806   14.1   11.5     84  10.46    100     19  303.9  335.3  305.8
  801.0   2015   13.0    9.8     81   9.58    107     19  304.9  333.9  306.6
  793.0   2099   12.9    5.9     63   7.38    110     19  305.6  328.2  307.0
  756.0   2501   12.2  -12.8     16   1.90    117     20  309.1  315.4  309.4
  738.0   2702   11.4  -13.6     16   1.83    120     21  310.4  316.5  310.8
  700.0   3142    9.8  -15.2     16   1.68    115     21  313.3  319.0  313.6
  697.0   3178    9.6  -13.4     18   1.96    114     21  313.5  320.1  313.8
  686.0   3309    8.9  -14.9     17   1.76    110     19  314.1  320.1  314.4
  658.0   3653    7.0  -19.0     14   1.30     87     14  315.7  320.3  316.0
  638.0   3906    6.5  -24.1      9   0.86     70     10  318.0  321.1  318.1
  619.0   4154    6.0  -29.0      6   0.57     66      8  320.1  322.3  320.3
  615.0   4207    5.6  -29.1      6   0.57     65      8  320.3  322.4  320.4
  571.0   4808    1.1  -29.8      8   0.57     75      8  321.8  324.0  321.9
  561.0   4951    0.0  -30.0      8   0.57     89      8  322.2  324.3  322.3
  550.0   5107   -1.3  -28.1     11   0.69    105      8  322.5  325.0  322.6
  530.0   5400   -3.8  -24.4     18   1.00    155      8  322.9  326.6  323.1
  500.0   5860   -7.7  -18.7     41   1.76     80      8  323.6  329.8  323.9
  490.0   6017   -8.5  -23.5     29   1.18     57      9  324.5  328.8  324.7
  486.0   6081   -9.1  -17.1     52   2.07     48      9  324.5  331.8  324.9
  482.0   6145   -9.5  -12.6     78   3.03     39      9  324.8  335.2  325.4
  472.0   6306  -10.1  -15.7     64   2.40     15     10  326.0  334.4  326.5
  455.0   6589  -11.1  -21.1     44   1.57     29     11  328.2  333.8  328.5
  427.0   7075  -13.5  -21.5     51   1.62     54     13  331.1  337.0  331.4
  420.0   7200  -14.2  -23.9     43   1.33     60     14  331.8  336.7  332.1
  403.0   7513  -15.8  -30.0     28   0.79     85     21  333.6  336.7  333.8
  400.0   7570  -16.1  -31.1     26   0.72     85     21  334.0  336.7  334.1
  371.0   8133  -19.7  -38.7     17   0.36     88     21  336.5  337.9  336.5
  357.0   8411  -22.0  -39.9     18   0.33     90     21  337.1  338.4  337.1
  343.0   8701  -24.4  -41.2     20   0.30     75     23  337.7  338.9  337.7
  303.0   9598  -31.9  -45.2     26   0.22    120     14  339.3  340.3  339.4
  300.0   9670  -32.5  -45.5     26   0.22    120     14  339.4  340.4  339.5
  297.0   9740  -33.1  -46.1     26   0.21    119     13  339.6  340.4  339.6
  278.0  10196  -37.0  -47.2     34   0.20    110     10  340.4  341.2  340.4
  266.0  10500  -39.6  -48.0     41   0.19     55     10  340.9  341.7  340.9
  264.0  10552  -40.1  -48.1     42   0.19     55     10  341.0  341.8  341.0
  250.0  10920  -43.3                          55     14  341.6         341.6
  200.0  12380  -54.5                          50     41  346.3         346.3
  184.0  12913  -56.9                          55     51  350.8         350.8
  159.0  13819  -64.2                          80     37  353.4         353.4
  150.0  14180  -67.1                          75     35  354.3         354.3
  130.0  15024  -73.8                          85     43  357.1         357.1
  128.0  15116  -74.5                          77     38  357.4         357.4
  124.0  15300  -73.7                          60     29  362.1         362.1
  121.0  15443  -73.1                          44     26  365.8         365.8
  106.0  16206  -76.9                         320     12  372.7         372.7
  103.0  16372  -77.7                         299      8  374.2         374.2
  101.0  16483  -77.8                         285      6  376.0         376.0
  100.0  16540  -77.9                         295      6  377.0         377.0
   95.0  16832  -79.3                         340     12  379.8         379.8
   94.3  16874  -79.5                         345     12  380.2         380.2
   91.0  17078  -77.8                           5      6  387.4         387.4
   87.4  17308  -75.9                         261      9  395.8         395.8
   86.0  17402  -75.7                         220     10  398.1         398.1
   80.8  17763  -74.7                         210     12  407.2         407.2
   74.0  18282  -70.5                         195     14  426.3         426.3
   70.3  18584  -68.1                         200     16  437.8         437.8
   70.0  18610  -68.1                         200     16  438.4         438.4
   67.0  18876  -67.3                         195     10  445.6         445.6
   63.0  19249  -66.2                         240      6  456.0         456.0
   57.0  19857  -64.4                         250     10  473.4         473.4
   55.0  20074  -63.7                         315      8  479.7         479.7
   53.2  20276  -63.1                         279     13  485.7         485.7
   52.0  20417  -61.8                         255     16  491.9         491.9
   50.0  20660  -59.5                         250     19  502.8         502.8
   48.9  20799  -58.9                         254     22  507.5         507.5
   47.0  21047  -58.9                         260     27  513.2         513.2
   43.0  21604  -59.0                         285     39  526.3         526.3
   35.0  22892  -59.1                         260     33  557.9         557.9
   33.7  23129  -59.1                         252     32  563.9         563.9
   32.0  23454  -58.0                         240     31  575.1         575.1
   30.0  23860  -56.7                         240     25  589.5         589.5
   29.0  24077  -56.2                         235     21  596.6         596.6
   27.0  24534  -55.1                         260     17  611.9         611.9
   23.5  25422  -53.1                         286     27  642.6         642.6
   23.0  25561  -53.2                         290     29  646.1         646.1
   20.0  26460  -54.1                         290     39  669.8         669.8
   18.0  27135  -54.2                         280     39  689.9         689.9
   15.0  28303  -54.5                         230     16  726.0         726.0
   14.7  28432  -54.5                         239     16  730.1         730.1
   12.0  29759  -46.1                         330     21  803.2         803.2
   11.7  29925  -45.1                         330     23  812.8         812.8
   11.0  30336  -45.4                         330     27  826.0         826.0
   10.1  30905  -45.9                                     844.7         844.7
</PRE><H3>Station information and sounding indices</H3><PRE>
                         Station identifier: WIII
                             Station number: 96749
                           Observation time: 130825/0000
                           Station latitude: -6.11
                          Station longitude: 106.65
                          Station elevation: 8.0
                            Showalter index: 0.19
                               Lifted index: -0.79
    LIFT computed using virtual temperature: -1.24
                                SWEAT index: 215.60
                                    K index: 12.10
                         Cross totals index: 21.50
                      Vertical totals index: 23.30
                        Totals totals index: 44.80
      Convective Available Potential Energy: 16.62
             CAPE using virtual temperature: 36.59
                      Convective Inhibition: -314.20
             CINS using virtual temperature: -62.23
                           Equilibrum Level: 462.32
 Equilibrum Level using virtual temperature: 455.66
                   Level of Free Convection: 518.74
             LFCT using virtual temperature: 816.59
                     Bulk Richardson Number: 1.33
          Bulk Richardson Number using CAPV: 2.92
  Temp [K] of the Lifted Condensation Level: 290.77
Pres [hPa] of the Lifted Condensation Level: 910.94
   Equivalent potential temp [K] of the LCL: 339.90
     Mean mixed layer potential temperature: 298.65
              Mean mixed layer mixing ratio: 14.16
              1000 hPa to 500 hPa thickness: 5758.00
Precipitable water [mm] for entire sounding: 33.79
</PRE>
<P>Description of the 
<A HREF="/upperair/columns.html">data columns</A>
or <A HREF="/upperair/indices.html">sounding indices</A>.

<P>
<FORM>
<INPUT CLASS="button" TYPE="button" VALUE=" Close this window " 
 onClick="window.close();">
<INPUT CLASS="button" TYPE="button" VALUE=" Select another map " 
 onClick="window.blur();">
</FORM>
<HR SIZE="1">
<I>Interested in graduate studies in atmospheric science?
Check out our program at the
<a href="http://www.uwyo.edu/atsc/howtoapply/"
target=_top>University of Wyoming
</a></I>
<HR SIZE="1"><FONT SIZE="-1">
Questions about the weather data provided by this site can be
addressed to <A HREF="mailto:ldoolman@uwyo.edu">
Larry Oolman (ldoolman@uwyo.edu)</A></FONT>
<HR SIZE="1">
<SCRIPT TYPE="text/javascript">
<!--
window.focus();
// -->
</SCRIPT>
</BODY>
</HTML>
