2014-09-25 00
<HTML>
<TITLE>University of Wyoming - Radiosonde Data</TITLE>
<BODY BGCOLOR="white">
<H2>96749 WIII Jakarta Observations at 00Z 25 Sep 2014</H2>
<PRE>
-----------------------------------------------------------------------------
   PRES   HGHT   TEMP   DWPT   RELH   MIXR   DRCT   SKNT   THTA   THTE   THTV
    hPa     m      C      C      %    g/kg    deg   knot     K      K      K 
-----------------------------------------------------------------------------
 1011.0      8   22.2   21.0     93  15.75    210      6  294.4  339.6  297.2
 1010.0     17   23.6   21.3     87  16.07    210      6  295.9  342.3  298.8
 1000.0    106   23.2   20.7     86  15.63    210      4  296.4  341.6  299.1
  998.0    124   23.0   20.5     86  15.46    210      4  296.3  341.1  299.1
  994.0    159   25.2   20.5     75  15.53    211      3  298.9  344.3  301.6
  978.0    301   24.5   19.5     74  14.84    215      2  299.6  343.1  302.2
  946.0    592   23.1   17.5     71  13.52    105     10  301.0  341.0  303.5
  925.0    789   22.2   16.2     69  12.68    110     10  302.0  339.7  304.3
  914.0    893   22.1   14.9     64  11.81    115     10  302.9  338.1  305.0
  896.0   1066   21.8   12.8     57  10.47    108     13  304.4  335.9  306.3
  853.0   1492   18.2   12.1     67  10.47     90     21  304.9  336.6  306.9
  850.0   1522   18.0   12.0     68  10.47     90     21  305.0  336.6  306.9
  810.0   1934   15.8   10.8     72  10.14     97     16  306.9  337.8  308.8
  803.0   2008   17.0   -1.0     29   4.45     99     15  308.9  323.1  309.8
  795.0   2092   16.4   -1.0     31   4.51    100     14  309.1  323.5  310.0
  700.0   3162    8.6   -0.4     53   5.34    130     17  312.0  329.0  313.0
  640.0   3897    4.1   -3.9     56   4.49    155      8  314.9  329.5  315.8
  639.0   3910    4.0   -4.0     56   4.47    157      8  315.0  329.5  315.8
  617.0   4193    2.8   -5.2     56   4.22    195      6  316.8  330.6  317.6
  593.0   4514    1.4   -6.6     55   3.95    164      5  318.8  331.9  319.5
  572.0   4803    0.4  -12.4     37   2.59    135      4  320.9  329.8  321.4
  563.0   4931    0.0  -15.0     31   2.13    150      7  321.9  329.3  322.3
  551.0   5102   -1.0  -17.2     28   1.80    170     12  322.7  329.0  323.1
  531.0   5396   -2.7  -21.1     23   1.34    165      6  324.1  328.9  324.4
  526.0   5471   -3.1  -22.1     22   1.24    144      5  324.5  328.9  324.7
  511.0   5699   -4.7  -20.8     27   1.43     80      2  325.2  330.4  325.5
  500.0   5870   -5.9  -19.9     32   1.59     50      4  325.8  331.4  326.1
  492.0   5996   -6.3  -23.2     25   1.21     30      6  326.8  331.2  327.0
  478.0   6222   -7.1  -29.1     15   0.73     43      5  328.5  331.3  328.7
  456.0   6586   -9.1  -32.0     14   0.58     65      4  330.5  332.7  330.6
  429.0   7059  -11.7  -35.7     12   0.43    129      3  333.0  334.7  333.1
  405.0   7496  -15.8  -35.7     16   0.45    190      2  333.2  334.9  333.3
  400.0   7590  -16.7  -35.7     18   0.46    215      2  333.2  335.0  333.3
  374.0   8089  -20.2  -34.8     26   0.53    330      8  335.1  337.1  335.2
  359.0   8392  -22.3  -34.3     33   0.59    358     14  336.1  338.4  336.3
  355.0   8475  -23.1  -26.5     74   1.24      6     15  336.1  340.8  336.4
  347.0   8641  -23.9  -31.9     48   0.77     21     18  337.3  340.2  337.4
  345.0   8683  -23.6  -36.3     30   0.50     25     19  338.2  340.2  338.3
  344.0   8704  -23.5  -38.5     24   0.40     25     19  338.6  340.3  338.7
  317.0   9294  -27.6  -40.7     28   0.35     25     33  340.9  342.4  341.0
  304.0   9596  -29.7  -41.8     30   0.32     25     33  342.1  343.4  342.1
  303.0   9619  -29.9  -41.9     30   0.32     24     33  342.1  343.5  342.2
  300.0   9690  -30.5  -42.5     30   0.30     20     31  342.3  343.5  342.3
  276.0  10277  -35.9  -44.9     39   0.25    359     24  342.7  343.8  342.8
  256.0  10797  -39.4  -54.2     19   0.09    340     17  345.1  345.5  345.1
  252.0  10906  -40.1  -56.1     16   0.08    343     18  345.5  345.9  345.5
  250.0  10960  -40.5                         345     19  345.7         345.7
  234.0  11399  -44.0                         350     21  347.0         347.0
  224.0  11688  -46.3                         330     16  347.8         347.8
  200.0  12440  -52.3                          20     10  349.8         349.8
  186.0  12894  -56.3                          60     16  350.7         350.7
  169.0  13494  -61.5                          60     12  351.7         351.7
  161.0  13797  -64.2                          45      6  352.1         352.1
  153.0  14116  -67.0                         110      2  352.4         352.4
  150.0  14240  -68.1                         125      4  352.6         352.6
  146.0  14397  -69.4                         140      6  353.1         353.1
  132.0  14984  -74.2                          75     16  354.9         354.9
  119.0  15587  -79.1                          87     22  356.5         356.5
  116.0  15732  -76.7                          89     23  363.5         363.5
  102.0  16460  -81.7                         104     30  367.6         367.6
  101.0  16515  -82.0                         105     31  368.0         368.0
  100.0  16570  -82.3                         100     31  368.5         368.5
   93.3  16956  -84.3                         100     27  371.9         371.9
   86.0  17414  -79.5                          80     16  390.4         390.4
   84.0  17546  -78.1                         129     10  395.8         395.8
   82.3  17665  -73.3                         172      5  407.9         407.9
   82.0  17686  -73.3                         180      4  408.3         408.3
   78.0  17978  -73.7                         175      4  413.4         413.4
   74.0  18286  -74.1                         240      4  418.9         418.9
   70.0  18610  -74.5                         270     10  424.7         424.7
   67.0  18865  -73.9                         260     10  431.4         431.4
   66.2  18935  -73.7                         254     10  433.2         433.2
   63.0  19231  -72.0                         230      8  443.1         443.1
   57.0  19828  -68.7                         345      6  463.5         463.5
   50.0  20610  -64.3                          85     10  491.5         491.5
   49.0  20733  -63.9                          95     12  495.2         495.2
   48.9  20746  -63.9                          94     12  495.6         495.6
   47.0  20987  -64.2                          80     19  500.6         500.6
   40.0  21967  -65.3                          80     23  521.3         521.3
   37.0  22440  -65.9                          95     41  531.6         531.6
   36.0  22607  -66.1                          94     43  535.2         535.2
   30.3  23659  -62.3                          90     57  572.6         572.6
   30.0  23720  -61.1                          90     58  577.5         577.5
   29.3  23868  -58.1                          91     60  589.6         589.6
   26.1  24597  -57.8                          95     72  610.3         610.3
   26.0  24621  -57.8                          95     72  611.0         611.0
   25.0  24869  -57.7                          90     72  618.2         618.2
   23.4  25286  -57.5                          90     67  630.5         630.5
   20.0  26290  -52.1                          90     56  675.9         675.9
   19.2  26555  -50.3                          90     56  689.4         689.4
   14.0  28616  -50.3                          90     52  754.5         754.5
   13.8  28709  -50.3                                     757.7         757.7
</PRE><H3>Station information and sounding indices</H3><PRE>
                         Station identifier: WIII
                             Station number: 96749
                           Observation time: 140925/0000
                           Station latitude: -6.11
                          Station longitude: 106.65
                          Station elevation: 8.0
                            Showalter index: 2.43
                               Lifted index: -0.05
    LIFT computed using virtual temperature: -0.59
                                SWEAT index: 190.00
                                    K index: 26.90
                         Cross totals index: 17.90
                      Vertical totals index: 23.90
                        Totals totals index: 41.80
      Convective Available Potential Energy: 16.65
             CAPE using virtual temperature: 75.90
                      Convective Inhibition: -214.27
             CINS using virtual temperature: -147.82
                           Equilibrum Level: 353.71
 Equilibrum Level using virtual temperature: 352.17
                   Level of Free Convection: 683.03
             LFCT using virtual temperature: 719.96
                     Bulk Richardson Number: 1.70
          Bulk Richardson Number using CAPV: 7.76
  Temp [K] of the Lifted Condensation Level: 291.91
Pres [hPa] of the Lifted Condensation Level: 922.51
   Equivalent potential temp [K] of the LCL: 342.53
     Mean mixed layer potential temperature: 298.73
              Mean mixed layer mixing ratio: 15.02
              1000 hPa to 500 hPa thickness: 5764.00
Precipitable water [mm] for entire sounding: 39.06
</PRE>
<P>Description of the 
<A HREF="/upperair/columns.html">data columns</A>
or <A HREF="/upperair/indices.html">sounding indices</A>.

<P>
<FORM>
<INPUT CLASS="button" TYPE="button" VALUE=" Close this window " 
 onClick="window.close();">
<INPUT CLASS="button" TYPE="button" VALUE=" Select another map " 
 onClick="window.blur();">
</FORM>
<HR SIZE="1">
<I>Interested in graduate studies in atmospheric science?
Check out our program at the
<a href="http://www.uwyo.edu/atsc/howtoapply/"
target=_top>University of Wyoming
</a></I>
<HR SIZE="1"><FONT SIZE="-1">
Questions about the weather data provided by this site can be
addressed to <A HREF="mailto:ldoolman@uwyo.edu">
Larry Oolman (ldoolman@uwyo.edu)</A></FONT>
<HR SIZE="1">
<SCRIPT TYPE="text/javascript">
<!--
window.focus();
// -->
</SCRIPT>
</BODY>
</HTML>
