2014-11-09 12
<HTML>
<TITLE>University of Wyoming - Radiosonde Data</TITLE>
<BODY BGCOLOR="white">
<H2>96749 WIII Jakarta Observations at 00Z 09 Nov 2014</H2>
<PRE>
-----------------------------------------------------------------------------
   PRES   HGHT   TEMP   DWPT   RELH   MIXR   DRCT   SKNT   THTA   THTE   THTV
    hPa     m      C      C      %    g/kg    deg   knot     K      K      K 
-----------------------------------------------------------------------------
 1011.0      8   25.4   24.4     94  19.47    210      5  297.6  354.3  301.1
 1000.0    103   25.6   22.1     81  17.07    190      6  298.8  348.6  301.8
  978.0    299   25.5   20.5     74  15.78    155     10  300.6  347.1  303.4
  950.0    556   25.4   18.4     65  14.22    132      9  303.0  345.3  305.5
  925.0    790   23.6   17.6     69  13.88    110      8  303.4  344.9  306.0
  913.0    903   22.7   17.1     71  13.64    105      8  303.7  344.5  306.2
  882.0   1203   20.4   15.8     75  13.01     75      4  304.3  343.3  306.7
  852.0   1503   18.2   14.6     80  12.40     80      4  304.9  342.2  307.2
  850.0   1523   18.0   14.5     80  12.36     85      4  305.0  342.2  307.2
  846.0   1563   17.8   13.5     76  11.62     92      4  305.2  340.2  307.3
  823.0   1798   16.5   12.8     79  11.42    130      4  306.2  340.8  308.3
  794.0   2103   14.8   11.9     83  11.15    115      4  307.5  341.5  309.6
  775.0   2309   13.6   11.3     86  10.97    116      5  308.4  341.9  310.4
  766.0   2408   13.4    8.4     72   9.11    116      5  309.2  337.3  310.9
  722.0   2904   10.8    6.0     72   8.19    119      7  311.6  337.2  313.2
  700.0   3162    9.6    4.8     72   7.76    120      8  313.1  337.5  314.6
  673.0   3488    8.0    1.0     61   6.15    124      7  314.8  334.5  316.0
  640.0   3897    5.1   -1.0     64   5.57    130      6  316.1  334.1  317.2
  617.0   4195    3.0   -2.5     67   5.18    145      6  317.0  333.8  318.0
  598.0   4450    1.2   -3.8     69   4.86     98      8  317.8  333.6  318.7
  595.0   4491    1.0   -4.1     69   4.77     90      8  318.0  333.6  318.9
  577.0   4737    0.0   -6.0     64   4.26     82     10  319.6  333.7  320.4
  573.0   4793   -0.3   -5.8     67   4.36     80     10  319.9  334.3  320.7
  542.0   5236   -2.9   -4.0     92   5.28    146      7  321.9  339.4  323.0
  531.0   5397   -4.0   -5.0     92   4.99    170      6  322.6  339.1  323.5
  511.0   5699   -6.0   -6.9     93   4.48    130      6  323.7  338.7  324.6
  500.0   5870   -7.1   -8.0     93   4.21    130      6  324.3  338.5  325.1
  491.0   6012   -7.9   -9.4     89   3.84    130      6  325.0  338.1  325.8
  459.0   6535  -10.3  -13.7     76   2.91    130      8  328.4  338.5  328.9
  455.0   6603  -10.1  -19.8     45   1.75    130      8  329.4  335.8  329.8
  448.0   6723   -9.7  -30.7     16   0.67    135      8  331.4  333.9  331.5
  433.0   6985  -12.1  -16.8     68   2.38    145      8  331.6  340.1  332.1
  426.0   7110  -12.5  -22.5     43   1.48    150      8  332.6  338.1  332.9
  423.0   7164  -12.3  -37.3     10   0.37    152      8  333.5  335.0  333.6
  405.0   7495  -14.0  -39.0     10   0.32    165      8  335.5  336.8  335.6
  400.0   7590  -14.5  -39.5     10   0.31    170      8  336.1  337.3  336.1
  399.0   7609  -14.7  -37.7     12   0.38    171      8  336.0  337.6  336.1
  389.0   7800  -16.5  -24.1     52   1.41    185      8  336.1  341.4  336.4
  388.0   7820  -16.7  -22.7     60   1.60    185      8  336.1  342.0  336.4
  367.0   8235  -19.7  -27.7     49   1.08    185      8  337.5  341.6  337.7
  359.0   8396  -20.9  -29.5     46   0.93    185      8  338.1  341.6  338.2
  331.0   8986  -25.2  -36.3     35   0.52    150     10  340.0  342.1  340.1
  300.0   9700  -30.5  -44.5     24   0.24    180      8  342.3  343.3  342.3
  292.0   9891  -32.1  -47.5     20   0.18    195      6  342.6  343.4  342.6
  279.0  10212  -34.9  -52.7     15   0.10    235      4  343.1  343.6  343.1
  278.0  10238  -35.1  -53.1     14   0.10    235      4  343.2  343.6  343.2
  268.0  10491  -37.3  -54.4     15   0.09    230      2  343.6  343.9  343.6
  256.0  10808  -40.1  -56.1     16   0.08    305      2  344.0  344.3  344.0
  250.0  10970  -41.3                         330      4  344.5         344.5
  245.0  11103  -42.4                         350      6  344.8         344.8
  234.0  11406  -45.0                         340      6  345.4         345.4
  224.0  11693  -47.5                           0     12  346.0         346.0
  204.0  12310  -52.8                         335     14  347.1         347.1
  200.0  12440  -53.9                         340     14  347.2         347.2
  161.0  13782  -65.1                         355     19  350.6         350.6
  153.0  14097  -67.7                           5     19  351.3         351.3
  150.0  14220  -68.7                          20     16  351.6         351.6
  146.0  14381  -69.8                          40     10  352.5         352.5
  141.0  14589  -71.1                          86     11  353.6         353.6
  138.0  14714  -71.8                         115     12  354.5         354.5
  131.0  15015  -73.6                         100     12  356.7         356.7
  125.0  15286  -75.1                          35     14  358.7         358.7
  119.0  15570  -76.8                          15     16  360.7         360.7
  107.0  16185  -80.3                         245     14  365.1         365.1
  104.0  16349  -81.3                         235     14  366.3         366.3
  101.0  16514  -81.3                         235     10  369.4         369.4
  100.0  16570  -81.3                         245     10  370.4         370.4
   96.0  16801  -81.1                         285     12  375.2         375.2
   91.0  17104  -80.8                         300     17  381.5         381.5
   86.0  17424  -80.5                         225      8  388.4         388.4
   82.0  17693  -80.2                         175      8  394.2         394.2
   78.0  17977  -80.0                         175      4  400.4         400.4
   77.2  18035  -79.9                         183      4  401.7         401.7
   74.0  18279  -77.3                         215      2  412.2         412.2
   70.1  18592  -73.9                         118      2  425.8         425.8
   70.0  18600  -73.9                         115      2  426.0         426.0
   66.0  18947  -73.3                         355     10  434.4         434.4
   63.0  19221  -72.9                         350      8  441.1         441.1
   60.0  19508  -72.5                          90     10  448.4         448.4
   57.0  19810  -72.0                          15     10  456.1         456.1
   54.1  20118  -71.5                         322     14  464.0         464.0
   54.0  20129  -71.4                         320     14  464.5         464.5
   52.0  20355  -69.4                         310     12  474.2         474.2
   50.0  20590  -67.3                         315      8  484.5         484.5
   49.0  20712  -66.9                         320      4  488.2         488.2
   47.0  20964  -66.1                         120     12  496.0         496.0
   44.2  21336  -64.9                         110     25  507.7         507.7
   40.0  21940  -67.2                          95     45  516.7         516.7
   38.7  22139  -67.9                          94     47  519.8         519.8
   37.9  22266  -64.5                          94     48  531.5         531.5
   30.0  23700  -61.9                          90     62  575.3         575.3
   26.4  24500  -58.1                          90     67  607.5         607.5
   23.0  25384  -54.7                          90     72  641.8         641.8
   22.5  25525  -54.2                          90     72  647.4         647.4
   20.0  26280  -51.3                          90     64  678.4         678.4
   17.0  27347  -48.2                          90     64  720.7         720.7
   16.0  27745  -47.0                          85     64  737.1         737.1
   15.6  27911  -46.5                                     744.1         744.1
</PRE><H3>Station information and sounding indices</H3><PRE>
                         Station identifier: WIII
                             Station number: 96749
                           Observation time: 141109/0000
                           Station latitude: -6.11
                          Station longitude: 106.65
                          Station elevation: 8.0
                            Showalter index: -1.09
                               Lifted index: -3.24
    LIFT computed using virtual temperature: -3.50
                                SWEAT index: 188.01
                                    K index: 34.80
                         Cross totals index: 21.60
                      Vertical totals index: 25.10
                        Totals totals index: 46.70
      Convective Available Potential Energy: 466.81
             CAPE using virtual temperature: 582.23
                      Convective Inhibition: -91.88
             CINS using virtual temperature: -70.46
                           Equilibrum Level: 201.80
 Equilibrum Level using virtual temperature: 201.87
                   Level of Free Convection: 781.23
             LFCT using virtual temperature: 811.81
                     Bulk Richardson Number: 151.91
          Bulk Richardson Number using CAPV: 189.47
  Temp [K] of the Lifted Condensation Level: 293.08
Pres [hPa] of the Lifted Condensation Level: 920.31
   Equivalent potential temp [K] of the LCL: 347.75
     Mean mixed layer potential temperature: 300.14
              Mean mixed layer mixing ratio: 16.26
              1000 hPa to 500 hPa thickness: 5767.00
Precipitable water [mm] for entire sounding: 52.72
</PRE>
<P>Description of the 
<A HREF="/upperair/columns.html">data columns</A>
or <A HREF="/upperair/indices.html">sounding indices</A>.

<P>
<FORM>
<INPUT CLASS="button" TYPE="button" VALUE=" Close this window " 
 onClick="window.close();">
<INPUT CLASS="button" TYPE="button" VALUE=" Select another map " 
 onClick="window.blur();">
</FORM>
<HR SIZE="1">
<I>Interested in graduate studies in atmospheric science?
Check out our program at the
<a href="http://www.uwyo.edu/atsc/howtoapply/"
target=_top>University of Wyoming
</a></I>
<HR SIZE="1"><FONT SIZE="-1">
Questions about the weather data provided by this site can be
addressed to <A HREF="mailto:ldoolman@uwyo.edu">
Larry Oolman (ldoolman@uwyo.edu)</A></FONT>
<HR SIZE="1">
<SCRIPT TYPE="text/javascript">
<!--
window.focus();
// -->
</SCRIPT>
</BODY>
</HTML>
