2015-07-10 00
<HTML>
<TITLE>University of Wyoming - Radiosonde Data</TITLE>
<BODY BGCOLOR="white">
<H2>96749 WIII Jakarta Observations at 00Z 10 Jul 2015</H2>
<PRE>
-----------------------------------------------------------------------------
   PRES   HGHT   TEMP   DWPT   RELH   MIXR   DRCT   SKNT   THTA   THTE   THTV
    hPa     m      C      C      %    g/kg    deg   knot     K      K      K 
-----------------------------------------------------------------------------
 1010.0      8   23.8   21.9     89  16.68    250      2  296.1  344.3  299.1
 1000.0     96   24.0   19.5     76  14.48    220      4  297.1  339.2  299.7
  985.0    229   24.8   18.8     69  14.06    178      9  299.2  340.5  301.8
  977.0    300   24.2   18.9     72  14.23    155     12  299.4  341.1  301.9
  925.0    778   20.4   19.2     93  15.38     90      6  300.2  345.4  302.9
  912.0    900   19.8   18.7     94  15.14     70      6  300.7  345.4  303.5
  881.0   1198   18.2   17.6     96  14.54      0      4  302.1  345.3  304.8
  872.0   1287   17.8   17.2     96  14.37    333      4  302.6  345.2  305.2
  850.0   1505   16.0   13.7     86  11.72    265      4  302.9  337.9  305.0
  813.0   1883   13.8    9.6     76   9.31    265      9  304.4  332.6  306.1
  792.0   2102   12.6    8.7     77   8.98    265     12  305.4  332.7  307.1
  710.0   3015    7.4    4.9     84   7.71    265     22  309.4  333.3  310.8
  700.0   3132    7.8    5.6     86   8.21    265     23  311.1  336.7  312.6
  685.0   3311    8.0    5.3     83   8.23    270     27  313.2  339.1  314.8
  684.0   3323    8.0    5.3     83   8.23    271     27  313.4  339.3  314.9
  643.0   3832    5.4    0.6     71   6.26    300     25  316.0  336.1  317.2
  637.0   3909    5.2   -1.9     60   5.27    305     25  316.6  333.7  317.6
  619.0   4143    4.6   -9.4     35   3.04    289     14  318.6  328.8  319.1
  615.0   4196    5.2  -14.8     22   1.98    285     12  319.8  326.6  320.2
  605.0   4330    6.6  -28.4      6   0.61    266     10  322.9  325.2  323.1
  571.0   4799    2.9  -28.2      8   0.66    200      2  324.0  326.5  324.2
  550.0   5102    0.6  -28.0     10   0.70     20      2  324.7  327.3  324.9
  545.0   5176    0.0  -28.0     10   0.70     16      2  324.9  327.5  325.0
  510.0   5703   -3.8  -32.5      9   0.49    350      2  326.5  328.4  326.6
  500.0   5860   -4.9  -33.9      8   0.44    285      4  327.0  328.7  327.1
  491.0   6001   -5.7  -35.2      8   0.39    225      4  327.8  329.3  327.8
  472.0   6306   -7.3  -38.1      7   0.30    245      6  329.4  330.6  329.5
  437.0   6903  -10.6  -43.8      5   0.18     60      2  332.6  333.3  332.6
  426.0   7101  -11.7  -45.7      4   0.15    343      3  333.6  334.3  333.7
  420.0   7209  -12.3  -43.2      6   0.20    300      4  334.2  335.0  334.2
  404.0   7504  -14.1  -36.3     13   0.43    290     10  335.7  337.4  335.8
  400.0   7580  -14.5  -34.5     17   0.52    295     10  336.1  338.1  336.2
  358.0   8397  -20.1  -41.3     13   0.29    355     10  339.3  340.5  339.4
  330.0   8998  -24.3  -46.3     11   0.18    295      6  341.6  342.4  341.7
  304.0   9602  -28.4  -51.3      9   0.11     20      6  343.9  344.4  343.9
  300.0   9700  -29.1  -52.1      9   0.10     25      6  344.2  344.7  344.3
  291.0   9914  -31.1  -51.1     12   0.12     50      6  344.4  344.9  344.4
  271.0  10416  -35.9  -48.9     25   0.17     42     10  344.5  345.2  344.6
  267.0  10519  -36.5  -42.5     54   0.34     40     11  345.1  346.5  345.2
  266.0  10545  -36.7  -45.7     39   0.24     39     12  345.2  346.2  345.2
  256.0  10808  -39.3  -43.0     68   0.34     35     14  345.1  346.6  345.2
  253.0  10889  -40.1  -42.2     80   0.37     25     13  345.1  346.7  345.2
  250.0  10970  -40.7                          15     12  345.4         345.4
  234.0  11409  -44.1                         335     12  346.8         346.8
  214.0  12001  -48.8                          30     17  348.6         348.6
  200.0  12450  -52.3                          35     29  349.8         349.8
  150.0  14240  -67.7                          30     56  353.3         353.3
  132.0  14985  -73.5                          40     62  356.1         356.1
  115.0  15789  -79.7                          55     78  358.9         358.9
  113.0  15888  -79.7                          55     84  360.7         360.7
  102.0  16468  -79.5                          73     50  371.8         371.8
  101.0  16524  -79.6                          75     47  372.6         372.6
  100.0  16580  -79.7                          80     43  373.5         373.5
   96.0  16812  -79.3                         100     29  378.7         378.7
   91.0  17116  -78.8                         135     35  385.6         385.6
   85.2  17491  -78.1                         122     29  394.2         394.2
   74.0  18312  -70.7                          95     16  426.0         426.0
   73.7  18335  -70.5                          96     16  426.9         426.9
   70.0  18640  -71.7                         110     16  430.7         430.7
   67.0  18900  -71.2                         110     14  437.1         437.1
   66.3  18962  -71.1                         110     14  438.7         438.7
   60.0  19560  -68.1                         115     12  458.1         458.1
   58.4  19722  -67.3                         119     18  463.4         463.4
   58.0  19763  -67.3                         120     19  464.3         464.3
   55.0  20084  -67.5                          80     19  471.1         471.1
   50.6  20588  -67.7                          76     16  481.9         481.9
   50.0  20660  -66.9                          75     16  485.4         485.4
   47.9  20920  -64.3                          85     18  497.6         497.6
   47.0  21036  -64.3                          90     19  500.2         500.2
   43.0  21579  -64.5                          70     16  512.6         512.6
   41.0  21869  -64.6                          40     14  519.4         519.4
   39.5  22097  -64.7                          74     16  524.8         524.8
   39.0  22176  -63.6                          85     17  529.5         529.5
   37.0  22505  -59.1                         100     12  549.0         549.0
   35.0  22853  -54.3                          75      4  570.2         570.2
   34.9  22871  -54.1                          89      4  571.3         571.3
   34.0  23038  -54.1                         220      8  575.7         575.7
   32.0  23426  -54.0                         260     12  586.0         586.0
   30.0  23840  -53.9                         255     25  597.1         597.1
   29.0  24058  -53.6                         245     23  603.6         603.6
   28.0  24284  -53.4                         270     23  610.4         610.4
   24.0  25276  -52.2                         260     39  641.2         641.2
   21.0  26136  -51.3                         270     35  669.1         669.1
   20.0  26450  -50.9                         260     37  679.6         679.6
   17.7  27247  -50.5                         264     32  705.0         705.0
   17.0  27513  -49.7                         265     31  715.9         715.9
   15.0  28338  -47.1                         280     49  750.5         750.5
   14.3  28653  -46.1                         276     47  764.1         764.1
   12.2  29705  -47.9                         265     41  793.3         793.3
   10.0  31030  -43.9                         250     33  854.5         854.5
    9.0  31740  -42.4                         250     16  886.4         886.4
    8.8  31891  -42.1                         255     16  893.3         893.3
    8.0  32535  -42.8                         275     16  915.1         915.1
    7.9  32620  -42.9                                     918.1         918.1
</PRE><H3>Station information and sounding indices</H3><PRE>
                         Station identifier: WIII
                             Station number: 96749
                           Observation time: 150710/0000
                           Station latitude: -6.11
                          Station longitude: 106.65
                          Station elevation: 8.0
                            Showalter index: 2.88
                               Lifted index: 1.52
    LIFT computed using virtual temperature: 0.82
                                SWEAT index: 176.40
                                    K index: 32.40
                         Cross totals index: 18.60
                      Vertical totals index: 20.90
                        Totals totals index: 39.50
      Convective Available Potential Energy: 22.15
             CAPE using virtual temperature: 41.78
                      Convective Inhibition: -52.49
             CINS using virtual temperature: -51.34
                           Equilibrum Level: 698.52
 Equilibrum Level using virtual temperature: 695.32
                   Level of Free Convection: 804.16
             LFCT using virtual temperature: 831.74
                     Bulk Richardson Number: 1.21
          Bulk Richardson Number using CAPV: 2.28
  Temp [K] of the Lifted Condensation Level: 291.35
Pres [hPa] of the Lifted Condensation Level: 917.44
   Equivalent potential temp [K] of the LCL: 341.11
     Mean mixed layer potential temperature: 298.62
              Mean mixed layer mixing ratio: 14.57
              1000 hPa to 500 hPa thickness: 5764.00
Precipitable water [mm] for entire sounding: 44.51
</PRE>
<P>Description of the 
<A HREF="/upperair/columns.html">data columns</A>
or <A HREF="/upperair/indices.html">sounding indices</A>.

<P>
<FORM>
<INPUT CLASS="button" TYPE="button" VALUE=" Close this window " 
 onClick="window.close();">
<INPUT CLASS="button" TYPE="button" VALUE=" Select another map " 
 onClick="window.blur();">
</FORM>
<HR SIZE="1">
<I>Interested in graduate studies in atmospheric science?
Check out our program at the
<a href="http://www.uwyo.edu/atsc/howtoapply/"
target=_top>University of Wyoming
</a></I>
<HR SIZE="1"><FONT SIZE="-1">
Questions about the weather data provided by this site can be
addressed to <A HREF="mailto:ldoolman@uwyo.edu">
Larry Oolman (ldoolman@uwyo.edu)</A></FONT>
<HR SIZE="1">
<SCRIPT TYPE="text/javascript">
<!--
window.focus();
// -->
</SCRIPT>
</BODY>
</HTML>
