2014-06-15 12
<HTML>
<TITLE>University of Wyoming - Radiosonde Data</TITLE>
<BODY BGCOLOR="white">
<H2>96749 WIII Jakarta Observations at 00Z 15 Jun 2014</H2>
<PRE>
-----------------------------------------------------------------------------
   PRES   HGHT   TEMP   DWPT   RELH   MIXR   DRCT   SKNT   THTA   THTE   THTV
    hPa     m      C      C      %    g/kg    deg   knot     K      K      K 
-----------------------------------------------------------------------------
 1009.0      8   24.2   23.7     97  18.69    210      6  296.6  350.7  299.9
 1000.0     85   25.0   23.2     90  18.28    185      4  298.1  351.5  301.4
  994.0    138   24.6   22.7     89  17.83    168      4  298.3  350.3  301.4
  987.0    200   24.6   22.9     90  18.18    147      3  298.9  352.1  302.1
  976.0    299   24.2   22.5     91  17.98    115      2  299.4  352.1  302.6
  943.0    600   22.9   21.4     91  17.37     85     10  301.1  352.4  304.2
  925.0    769   22.2   20.8     92  17.03     80     14  302.0  352.5  305.1
  911.0    901   21.5   20.0     91  16.45     75     16  302.6  351.4  305.6
  850.0   1502   18.2   16.4     89  14.00     55     16  305.2  347.3  307.8
  793.0   2089   15.3   12.4     83  11.53     40     12  308.2  343.5  310.4
  700.0   3145   10.2    5.2     71   7.98     70     14  313.8  338.9  315.3
  699.0   3157   10.0    5.0     71   7.88     70     14  313.6  338.5  315.1
  663.0   3592    7.9    1.0     62   6.26     80     12  316.1  336.2  317.3
  616.0   4197    5.0   -4.5     50   4.47     80     12  319.4  334.2  320.3
  607.0   4319    4.4   -5.6     48   4.17     81     12  320.1  334.0  320.9
  600.0   4413    4.0   -8.0     41   3.51     83     12  320.7  332.5  321.4
  591.0   4536    3.2   -3.8     60   4.91     84     12  321.2  337.4  322.1
  556.0   5028    0.0   -8.0     55   3.78     90     12  323.0  335.8  323.8
  538.0   5290   -2.1   -6.3     73   4.46     94     12  323.6  338.6  324.4
  531.0   5394   -2.5  -11.5     50   3.00     95     12  324.3  334.6  324.9
  526.0   5469   -2.9   -5.2     84   4.97     93     12  324.7  341.4  325.7
  500.0   5870   -4.7   -7.9     78   4.24     80     10  327.2  341.7  328.1
  492.0   5996   -5.5   -8.4     80   4.15     75     10  327.8  342.0  328.7
  447.0   6747   -9.9  -11.4     89   3.60     83      8  331.4  343.9  332.1
  444.0   6799   -9.7  -14.7     67   2.77     84      8  332.2  342.1  332.8
  439.0   6887  -10.4  -14.3     73   2.89     85      8  332.4  342.7  333.0
  426.0   7118  -12.3  -13.3     92   3.24     73      6  332.9  344.3  333.5
  406.0   7486  -13.8  -15.9     84   2.74     55      2  335.5  345.4  336.1
  400.0   7600  -14.3  -16.7     82   2.60     30      2  336.3  345.7  336.9
  390.0   7790  -15.5  -18.3     79   2.33    340      2  337.2  345.7  337.6
  374.0   8104  -17.5  -20.9     75   1.94      0      4  338.6  345.7  338.9
  362.0   8348  -19.1  -23.0     71   1.67     64      7  339.6  345.9  340.0
  360.0   8389  -19.3  -25.2     60   1.38     75      8  339.9  345.1  340.2
  351.0   8576  -20.3  -35.3     25   0.54     78     11  341.0  343.2  341.1
  347.0   8661  -20.9  -23.4     80   1.68     79     12  341.3  347.7  341.7
  345.0   8703  -20.9  -25.9     64   1.35     80     13  341.9  347.1  342.2
  344.0   8725  -20.5  -31.5     37   0.80     80     13  342.7  345.9  342.9
  342.0   8768  -20.7  -41.7     13   0.29     81     14  343.0  344.2  343.1
  300.0   9720  -27.5  -52.5      7   0.10     95     29  346.5  346.9  346.5
  293.0   9887  -29.0  -52.4      9   0.10     95     31  346.8  347.2  346.8
  270.0  10467  -34.1  -52.1     14   0.11    103     29  347.5  348.0  347.5
  250.0  11000  -38.7  -51.7     24   0.13    110     27  348.4  349.0  348.4
  244.0  11166  -40.1  -51.1     30   0.14    110     27  348.7  349.4  348.8
  216.0  11978  -47.5                         110     29  349.7         349.7
  200.0  12490  -52.1                          95     27  350.1         350.1
  171.0  13470  -60.8                          85     23  351.7         351.7
  150.0  14290  -68.1                          90     31  352.6         352.6
  133.0  14988  -73.3                          85     41  355.7         355.7
  111.0  16038  -81.1                         120     44  359.9         359.9
  108.0  16191  -81.8                         125     45  361.4         361.4
  102.0  16510  -83.2                         125     58  364.6         364.6
  101.0  16565  -83.5                         125     58  365.1         365.1
  100.0  16620  -83.5                         120     54  366.2         366.2
   88.6  17295  -83.7                          98     36  378.6         378.6
   87.1  17392  -78.1                          95     33  391.7         391.7
   87.0  17398  -78.0                          95     33  392.0         392.0
   84.8  17546  -76.3                         144     17  398.4         398.4
   83.8  17615  -72.3                         167     10  407.9         407.9
   83.0  17672  -72.3                         185      4  409.1         409.1
   79.0  17964  -72.1                         280     17  415.2         415.2
   75.0  18272  -71.9                         245     17  421.8         421.8
   70.0  18680  -71.7                         265     16  430.7         430.7
   67.0  18939  -71.1                         280     25  437.4         437.4
   60.2  19572  -69.7                         273     28  454.1         454.1
   58.0  19797  -68.7                         270     29  461.2         461.2
   50.0  20690  -64.7                         275     31  490.6         490.6
   47.5  21003  -63.9                         265     30  499.8         499.8
   45.0  21334  -63.9                         255     29  507.5         507.5
   43.0  21613  -63.9                         260     12  514.2         514.2
   41.0  21904  -63.9                         295      2  521.2         521.2
   39.0  22211  -63.9                          70     10  528.7         528.7
   35.0  22873  -63.9                          85     25  545.3         545.3
   34.5  22961  -63.9                          84     28  547.6         547.6
   33.2  23198  -60.5                          82     36  562.6         562.6
   32.0  23428  -60.2                          80     43  569.3         569.3
   30.0  23830  -59.7                          95     51  581.3         581.3
   28.0  24266  -58.4                         105     58  596.4         596.4
   24.0  25241  -55.6                          85     51  631.6         631.6
   22.9  25538  -54.7                          85     52  642.6         642.6
   20.0  26410  -51.5                          85     56  677.8         677.8
   18.0  27104  -49.8                          95     56  703.9         703.9
   15.0  28306  -46.8                          90     70  751.5         751.5
   14.6  28484  -46.4                          90     70  758.8         758.8
   13.2  29148  -44.7                          89     68  786.6         786.6
   10.0  31020  -41.1                          85     62  865.0         865.0
    9.6  31298  -40.1                          87     58  878.9         878.9
    9.0  31744  -35.6                          90     51  912.4         912.4
    8.8  31899  -34.1                          96     48  924.2         924.2
    8.0  32568  -33.7                         120     37  951.2         951.2
    7.0  33504  -33.2                         140     12  990.4         990.4
    6.5  34024  -32.9                         162     15 1012.9        1012.9
    6.2  34355  -35.1                         175     18 1017.2        1017.2
    6.0                                       185     19                     
</PRE><H3>Station information and sounding indices</H3><PRE>
                         Station identifier: WIII
                             Station number: 96749
                           Observation time: 140615/0000
                           Station latitude: -6.11
                          Station longitude: 106.65
                          Station elevation: 8.0
                            Showalter index: -0.65
                               Lifted index: -2.23
    LIFT computed using virtual temperature: -2.59
                                SWEAT index: 238.82
                                    K index: 34.30
                         Cross totals index: 21.10
                      Vertical totals index: 22.90
                        Totals totals index: 44.00
      Convective Available Potential Energy: 460.90
             CAPE using virtual temperature: 596.44
                      Convective Inhibition: -27.86
             CINS using virtual temperature: -22.81
                           Equilibrum Level: 178.55
 Equilibrum Level using virtual temperature: 177.75
                   Level of Free Convection: 822.65
             LFCT using virtual temperature: 855.55
                     Bulk Richardson Number: 33.76
          Bulk Richardson Number using CAPV: 43.69
  Temp [K] of the Lifted Condensation Level: 295.40
Pres [hPa] of the Lifted Condensation Level: 958.35
   Equivalent potential temp [K] of the LCL: 351.69
     Mean mixed layer potential temperature: 299.03
              Mean mixed layer mixing ratio: 18.01
              1000 hPa to 500 hPa thickness: 5785.00
Precipitable water [mm] for entire sounding: 58.79
</PRE>
<P>Description of the 
<A HREF="/upperair/columns.html">data columns</A>
or <A HREF="/upperair/indices.html">sounding indices</A>.

<P>
<FORM>
<INPUT CLASS="button" TYPE="button" VALUE=" Close this window " 
 onClick="window.close();">
<INPUT CLASS="button" TYPE="button" VALUE=" Select another map " 
 onClick="window.blur();">
</FORM>
<HR SIZE="1">
<I>Interested in graduate studies in atmospheric science?
Check out our program at the
<a href="http://www.uwyo.edu/atsc/howtoapply/"
target=_top>University of Wyoming
</a></I>
<HR SIZE="1"><FONT SIZE="-1">
Questions about the weather data provided by this site can be
addressed to <A HREF="mailto:ldoolman@uwyo.edu">
Larry Oolman (ldoolman@uwyo.edu)</A></FONT>
<HR SIZE="1">
<SCRIPT TYPE="text/javascript">
<!--
window.focus();
// -->
</SCRIPT>
</BODY>
</HTML>
