2014-11-08 00
<HTML>
<TITLE>University of Wyoming - Radiosonde Data</TITLE>
<BODY BGCOLOR="white">
<H2>96749 WIII Jakarta Observations at 00Z 08 Nov 2014</H2>
<PRE>
-----------------------------------------------------------------------------
   PRES   HGHT   TEMP   DWPT   RELH   MIXR   DRCT   SKNT   THTA   THTE   THTV
    hPa     m      C      C      %    g/kg    deg   knot     K      K      K 
-----------------------------------------------------------------------------
 1010.0      8   23.8   22.4     92  17.21    220      4  296.1  345.9  299.1
 1009.0     17   25.8   19.8     69  14.63    218      4  298.2  340.9  300.8
 1002.0     82   26.0   19.0     65  14.00    204      6  299.0  340.0  301.5
 1000.0    101   26.0   19.0     65  14.03    200      6  299.1  340.3  301.7
  978.0    297   26.0   18.3     62  13.69    150     10  301.1  341.6  303.5
  970.0    370   26.0   18.0     61  13.57    142      9  301.8  342.0  304.2
  945.0    599   24.6   17.1     63  13.17    115      4  302.6  341.8  305.0
  925.0    787   23.4   16.4     65  12.84    120      2  303.2  341.6  305.6
  914.0    891   22.8   15.5     63  12.26      0      0  303.6  340.3  305.9
  882.0   1200   20.9   12.8     60  10.63    125      4  304.8  336.9  306.8
  850.0   1521   19.0   10.0     56   9.15     95      6  306.0  333.9  307.7
  838.0   1643   18.4    8.4     52   8.32     88      8  306.6  332.1  308.2
  823.0   1797   17.4    7.6     53   8.01     80     10  307.2  331.8  308.7
  795.0   2091   15.5    6.0     53   7.45     90      6  308.2  331.2  309.6
  767.0   2396   13.5    4.4     54   6.90     70      4  309.2  330.7  310.5
  763.0   2441   13.2    4.2     54   6.82     71      4  309.4  330.6  310.6
  728.0   2834   10.6   -2.4     40   4.43     81      4  310.7  324.8  311.5
  714.0   2996    9.7   -3.8     38   4.05     85      4  311.4  324.5  312.2
  703.0   3125    9.0   -5.0     37   3.77     81      4  312.0  324.2  312.8
  700.0   3160    8.8   -3.2     43   4.34     80      4  312.2  326.2  313.0
  689.0   3291    7.6    2.1     68   6.49     70      4  312.2  332.8  313.5
  684.0   3351    7.0    4.5     84   7.78     99      4  312.3  336.7  313.7
  664.0   3593    5.7    2.6     80   7.02    215      2  313.5  335.7  314.8
  640.0   3893    4.2    0.3     76   6.16    160      2  315.0  334.8  316.2
  617.0   4192    2.6   -2.0     72   5.39    225      2  316.6  334.0  317.6
  608.0   4312    2.0   -2.9     70   5.11    162      3  317.2  333.8  318.2
  602.0   4392    1.4   -8.6     47   3.33    120      3  317.4  328.5  318.0
  598.0   4445    1.8  -15.2     27   1.97     91      4  318.5  325.2  318.8
  595.0   4486    1.5  -12.3     35   2.52     70      4  318.5  327.1  319.0
  587.0   4595    0.6   -4.4     69   4.73     59      3  318.8  334.3  319.7
  577.0   4733    0.2  -11.8     40   2.70     46      2  319.9  329.0  320.4
  574.0   4774    0.0   -7.0     59   3.96     41      2  320.1  333.3  320.9
  573.0   4788   -0.1   -7.0     60   3.97     40      2  320.2  333.4  320.9
  552.0   5086   -1.4   -7.2     65   4.06     85      2  322.0  335.6  322.8
  532.0   5380   -2.8   -7.4     71   4.16    180      6  323.8  337.8  324.6
  527.0   5455   -3.1   -7.4     72   4.18    180      6  324.3  338.4  325.1
  512.0   5683   -4.4   -8.3     74   4.01    180      6  325.4  339.0  326.2
  500.0   5870   -5.5   -9.1     76   3.86    155      8  326.3  339.4  327.0
  493.0   5980   -5.8   -9.7     74   3.72    145      8  327.2  340.0  327.9
  457.0   6573   -7.5  -13.2     64   3.04    195      6  332.2  342.9  332.8
  450.0   6694   -7.9  -13.9     62   2.92    230      6  333.2  343.6  333.8
  440.0   6868   -9.0  -15.6     59   2.60    280      6  334.0  343.3  334.5
  432.0   7011   -9.9  -16.9     57   2.37    275      6  334.6  343.1  335.1
  428.0   7082  -10.5  -16.5     61   2.47    273      6  334.7  343.6  335.2
  425.0   7137  -10.7  -24.7     31   1.22    271      6  335.1  339.7  335.4
  423.0   7173  -11.0  -23.7     34   1.34    270      6  335.2  340.2  335.5
  414.0   7338  -12.3  -19.3     56   2.02    287      6  335.6  343.0  336.0
  407.0   7468  -13.2  -22.6     45   1.55    300      6  336.0  341.8  336.4
  402.0   7562  -13.9  -24.9     39   1.27    289      6  336.4  341.1  336.6
  400.0   7600  -14.3  -21.3     55   1.76    285      6  336.3  342.8  336.7
  391.0   7772  -15.9  -22.2     59   1.66    260      4  336.4  342.5  336.7
  388.0   7830  -16.5  -22.5     60   1.63    265      4  336.4  342.4  336.7
  381.0   7967  -17.3  -28.3     38   0.98    277      5  337.1  340.8  337.3
  376.0   8065  -18.1  -28.5     40   0.97    285      6  337.2  340.9  337.4
  361.0   8368  -20.8  -29.2     47   0.95    250      6  337.7  341.3  337.9
  358.0   8430  -21.3  -29.3     49   0.95    248      6  337.8  341.4  337.9
  332.0   8981  -25.8  -31.1     61   0.86    230      6  338.9  342.3  339.1
  327.0   9092  -26.7  -31.5     64   0.84    215      7  339.2  342.5  339.4
  319.0   9270  -27.7  -34.0     55   0.68    190      8  340.1  342.8  340.3
  300.0   9710  -30.3  -40.3     37   0.38    220     10  342.6  344.1  342.6
  293.0   9876  -31.7  -41.9     36   0.33    230      8  342.9  344.3  343.0
  272.0  10400  -36.1  -47.1     31   0.20    226     11  343.9  344.7  343.9
  269.0  10476  -36.8  -47.9     30   0.19    225     12  344.0  344.8  344.1
  254.0  10872  -40.1  -52.1     27   0.12    245     10  344.7  345.3  344.8
  250.0  10980  -40.9                         250     10  345.1         345.1
  236.0  11360  -44.1                         265      4  346.0         346.0
  206.0  12255  -51.7                           5     12  347.9         347.9
  200.0  12450  -53.3                           0     10  348.2         348.2
  179.0  13140  -59.1                         340     14  350.0         350.0
  150.0  14240  -68.3                          35     16  352.2         352.2
  147.0  14359  -69.3                          40     16  352.6         352.6
  139.0  14688  -72.0                          75      8  353.4         353.4
  133.0  14947  -74.2                         140      8  354.0         354.0
  127.0  15218  -76.5                         157     13  354.6         354.6
  126.0  15263  -76.7                         160     14  355.0         355.0
  113.0  15885  -79.5                          65     10  361.1         361.1
  107.0  16195  -79.0                         320     16  367.6         367.6
  102.0  16467  -78.6                         270     25  373.5         373.5
  101.0  16523  -78.5                         268     26  374.7         374.7
  100.0  16580  -78.9                         265     27  375.0         375.0
   92.4  17026  -81.7                         235     21  378.1         378.1
   87.0  17361  -82.1                         225     16  383.8         383.8
   82.0  17692  -82.5                         250     21  389.6         389.6
   78.0  17971  -82.8                         225     16  394.5         394.5
   77.3  18021  -82.9                         229     15  395.4         395.4
   74.0  18267  -80.6                         250      8  405.1         405.1
   70.0  18580  -77.7                         315     12  417.8         417.8
   68.9  18671  -76.3                         312     12  422.7         422.7
   64.4  19062  -77.3                         299     12  428.8         428.8
   63.0  19191  -75.3                         295     12  435.8         435.8
   60.0  19478  -71.0                         245     14  451.7         451.7
   58.9  19587  -69.3                         200     10  457.8         457.8
   57.0  19786  -68.5                         120      4  464.0         464.0
   52.0  20342  -66.3                          95     19  481.5         481.5
   50.0  20580  -65.3                          90     16  489.2         489.2
   48.2  20803  -65.1                          78     16  494.8         494.8
   45.0  21221  -65.8                          55     17  503.0         503.0
   43.0  21497  -66.2                          60     16  508.5         508.5
   41.0  21786  -66.7                         100     21  514.3         514.3
   40.9  21801  -66.7                         100     21  514.6         514.6
   32.0  23305  -62.6                          95     51  563.0         563.0
   30.0  23700  -61.5                         100     54  576.4         576.4
   20.0  26260  -55.5                          90     68  665.5         665.5
   18.3  26830  -52.1                          88     71  693.3         693.3
   16.3  27598  -48.5                          85     76  728.2         728.2
   16.0  27721  -48.0                          85     76  734.0         734.0
   13.0  29097  -41.5                          85     62  801.0         801.0
   12.9  29148  -41.3                                     803.6         803.6
</PRE><H3>Station information and sounding indices</H3><PRE>
                         Station identifier: WIII
                             Station number: 96749
                           Observation time: 141108/0000
                           Station latitude: -6.11
                          Station longitude: 106.65
                          Station elevation: 8.0
                            Showalter index: 4.02
                               Lifted index: 0.88
    LIFT computed using virtual temperature: 0.74
                                SWEAT index: 140.01
                                    K index: 22.50
                         Cross totals index: 15.50
                      Vertical totals index: 24.50
                        Totals totals index: 40.00
      Convective Available Potential Energy: 4.29
             CAPE using virtual temperature: 25.45
                      Convective Inhibition: -231.64
             CINS using virtual temperature: -169.93
                           Equilibrum Level: 584.36
 Equilibrum Level using virtual temperature: 564.72
                   Level of Free Convection: 683.50
             LFCT using virtual temperature: 715.24
                     Bulk Richardson Number: 1.42
          Bulk Richardson Number using CAPV: 8.41
  Temp [K] of the Lifted Condensation Level: 289.90
Pres [hPa] of the Lifted Condensation Level: 881.72
   Equivalent potential temp [K] of the LCL: 341.17
     Mean mixed layer potential temperature: 300.53
              Mean mixed layer mixing ratio: 13.82
              1000 hPa to 500 hPa thickness: 5769.00
Precipitable water [mm] for entire sounding: 44.21
</PRE>
<P>Description of the 
<A HREF="/upperair/columns.html">data columns</A>
or <A HREF="/upperair/indices.html">sounding indices</A>.

<P>
<FORM>
<INPUT CLASS="button" TYPE="button" VALUE=" Close this window " 
 onClick="window.close();">
<INPUT CLASS="button" TYPE="button" VALUE=" Select another map " 
 onClick="window.blur();">
</FORM>
<HR SIZE="1">
<I>Interested in graduate studies in atmospheric science?
Check out our program at the
<a href="http://www.uwyo.edu/atsc/howtoapply/"
target=_top>University of Wyoming
</a></I>
<HR SIZE="1"><FONT SIZE="-1">
Questions about the weather data provided by this site can be
addressed to <A HREF="mailto:ldoolman@uwyo.edu">
Larry Oolman (ldoolman@uwyo.edu)</A></FONT>
<HR SIZE="1">
<SCRIPT TYPE="text/javascript">
<!--
window.focus();
// -->
</SCRIPT>
</BODY>
</HTML>
