2014-10-31 00
<HTML>
<TITLE>University of Wyoming - Radiosonde Data</TITLE>
<BODY BGCOLOR="white">
<H2>96749 WIII Jakarta Observations at 00Z 31 Oct 2014</H2>
<PRE>
-----------------------------------------------------------------------------
   PRES   HGHT   TEMP   DWPT   RELH   MIXR   DRCT   SKNT   THTA   THTE   THTV
    hPa     m      C      C      %    g/kg    deg   knot     K      K      K 
-----------------------------------------------------------------------------
 1008.0      8   25.6   23.7     89  18.70    180      6  298.1  352.6  301.4
 1000.0     82   26.0   24.2     90  19.45    160      6  299.1  356.2  302.6
  988.0    189   26.0   24.0     89  19.45    133      8  300.2  357.5  303.7
  976.0    296   25.5   23.1     86  18.62    105     10  300.8  355.7  304.1
  925.0    769   23.4   19.1     77  15.29     90     14  303.2  348.8  306.0
  911.0    902   22.6   18.0     75  14.50     90     14  303.8  347.1  306.4
  850.0   1504   19.2   13.2     68  11.34     75     12  306.2  340.6  308.3
  838.0   1626   18.2   12.2     68  10.76     73     11  306.4  339.1  308.4
  793.0   2092   15.3   10.8     75  10.39     65      6  308.2  340.0  310.1
  712.0   3001    9.5    8.2     92   9.68     45      4  311.5  341.5  313.3
  700.0   3144    8.6    7.8     95   9.57    110      4  312.0  341.8  313.8
  687.0   3299    7.8    7.6     99   9.65    185      2  312.8  342.9  314.6
  684.0   3335    7.6    7.6    100   9.67    181      3  312.9  343.1  314.8
  671.0   3494    7.0    2.7     74   6.98    163      6  314.0  336.1  315.3
  669.0   3518    7.6   -1.4     53   5.19    160      6  314.9  331.7  315.9
  662.0   3605    7.4   -3.2     47   4.58    150      8  315.6  330.5  316.5
  656.0   3680    7.2   -4.8     42   4.10    154      8  316.2  329.7  317.0
  654.0   3705    7.4   -7.6     34   3.32    155      8  316.7  327.8  317.4
  639.0   3895    6.5  -12.2     25   2.36    165      8  317.8  325.8  318.2
  616.0   4194    5.0  -19.5     15   1.33    160      8  319.4  324.1  319.7
  595.0   4477    3.6  -26.4      9   0.75    142      6  321.0  323.8  321.1
  593.0   4504    3.5  -26.6      9   0.74    140      6  321.2  323.9  321.4
  572.0   4795    2.5  -28.7      8   0.63     65     10  323.3  325.7  323.5
  558.0   4996    1.8  -30.2      7   0.56     65      9  324.8  326.9  324.9
  551.0   5097    1.0  -30.1      8   0.57     65      8  325.1  327.2  325.2
  542.0   5229    0.0  -30.0      8   0.59     78      8  325.4  327.6  325.5
  515.0   5636   -2.5  -17.5     31   1.89    119     10  327.1  333.9  327.5
  511.0   5698   -2.7  -20.4     24   1.49    125     10  327.6  333.0  327.9
  500.0   5870   -3.3  -28.3     12   0.75    130     12  328.9  331.8  329.1
  496.0   5933   -3.9  -26.9     15   0.86    132     12  329.0  332.2  329.1
  456.0   6589   -9.4  -24.8     27   1.13    150      8  330.1  334.2  330.3
  454.0   6624   -9.7  -24.7     28   1.14    153      8  330.1  334.4  330.4
  453.0   6641   -9.5  -18.5     48   1.97    154      7  330.6  337.7  331.0
  438.0   6899  -11.6  -17.9     60   2.16    175      4  331.1  338.8  331.5
  421.0   7202  -14.1  -17.1     78   2.39    256      5  331.7  340.2  332.2
  410.0   7403  -14.3  -23.3     46   1.44    310      6  333.9  339.3  334.2
  405.0   7496  -14.7  -28.0     31   0.95    335      6  334.6  338.2  334.8
  403.0   7533  -14.9  -29.9     27   0.80    339      6  334.8  337.9  335.0
  400.0   7590  -15.1  -26.1     39   1.14    345      6  335.3  339.6  335.5
  392.0   7743  -16.3  -23.3     55   1.50      9      6  335.6  341.2  335.9
  390.0   7781  -16.4  -24.8     49   1.32     15      6  336.0  340.9  336.2
  389.0   7800  -16.5  -25.5     46   1.24     16      6  336.1  340.8  336.4
  387.0   7839  -16.9  -23.9     55   1.44     18      6  336.1  341.5  336.4
  385.0   7878  -17.3  -27.3     41   1.06     20      7  336.1  340.1  336.3
  381.0   7956  -17.5  -22.5     65   1.66     23      7  336.8  343.0  337.1
  379.0   7996  -16.9  -35.9     18   0.47     25      7  338.1  340.0  338.2
  374.0   8095  -17.5  -37.6     16   0.40     30      8  338.6  340.2  338.7
  366.0   8257  -18.5  -40.5     13   0.31    358      6  339.4  340.6  339.4
  345.0   8693  -21.7  -41.7     15   0.29    270      2  340.8  342.0  340.9
  325.0   9133  -24.9  -42.9     17   0.27    246      3  342.3  343.4  342.3
  305.0   9591  -28.4  -46.4     16   0.20    220      4  343.6  344.5  343.7
  300.0   9710  -29.3  -47.3     16   0.18    225      4  344.0  344.7  344.0
  280.0  10195  -33.4  -49.5     18   0.15    230      6  345.0  345.6  345.0
  269.0  10477  -35.7  -50.7     20   0.14    294      2  345.5  346.1  345.6
  268.0  10502  -35.9  -51.3     19   0.13    300      2  345.6  346.1  345.6
  257.0  10790  -38.4  -57.8     11   0.06    105      2  346.0  346.3  346.1
  250.0  10980  -40.1  -62.1      8   0.04      0      0  346.3  346.5  346.3
  235.0  11390  -43.7                          40      4  347.0         347.0
  225.0  11679  -46.2                          30      4  347.5         347.5
  205.0  12296  -51.7                         230      2  348.3         348.3
  200.0  12460  -53.1                         220      4  348.5         348.5
  178.0  13185  -59.3                         225      6  350.1         350.1
  170.0  13471  -61.8                         110      2  350.6         350.6
  150.0  14250  -68.5                         170      4  351.9         351.9
  146.0  14408  -69.6                         180      2  352.7         352.7
  139.0  14696  -71.6                         220      2  354.2         354.2
  132.0  14998  -73.7                         160      8  355.7         355.7
  122.0  15459  -76.9                         141     15  358.0         358.0
  119.0  15600  -77.9                         135     17  358.7         358.7
  113.0  15893  -79.9                         145     16  360.2         360.2
  107.0  16201  -82.1                         115     14  361.8         361.8
  101.0  16524  -81.1                          25      6  369.8         369.8
  100.0  16580  -80.9                          15      6  371.2         371.2
   96.0  16808  -81.8                         345      4  373.8         373.8
   91.0  17107  -83.0                          80      6  377.1         377.1
   86.6  17384  -84.1                          84      8  380.3         380.3
   86.0  17423  -83.5                          85      8  382.2         382.2
   82.0  17692  -79.6                         335      8  395.6         395.6
   79.6  17860  -77.1                         338      6  404.0         404.0
   78.0  17977  -76.9                         340      4  406.7         406.7
   70.0  18600  -76.1                         270      8  421.3         421.3
   66.0  18943  -75.1                         280     16  430.5         430.5
   57.0  19798  -72.7                         210     16  454.4         454.4
   56.3  19870  -72.5                         193     18  456.5         456.5
   52.6  20278  -63.9                         101     27  485.4         485.4
   52.0  20349  -63.6                          85     29  487.6         487.6
   50.0  20590  -62.7                          80     29  495.3         495.3
   49.2  20689  -62.3                          77     28  498.5         498.5
   47.0  20967  -63.5                          70     27  502.1         502.1
   42.0  21650  -66.6                         100     29  510.9         510.9
   39.2  22069  -68.5                         105     33  516.3         516.3
   38.0  22258  -66.3                         100     37  526.5         526.5
   35.6  22654  -61.7                          93     43  548.4         548.4
   33.0  23126  -60.2                          85     51  564.4         564.4
   30.0  23720  -58.3                         100     58  585.1         585.1
   27.0  24393  -56.6                          95     68  607.8         607.8
   24.0  25145  -54.7                          90     70  634.2         634.2
   23.7  25226  -54.5                          90     70  637.1         637.1
   23.0  25417  -54.0                          80     70  644.0         644.0
   20.0  26310  -51.7                          80     66  677.2         677.2
   11.0  30268  -43.0                          85     70  834.9         834.9
   10.5  30575  -42.3                                     848.6         848.6
</PRE><H3>Station information and sounding indices</H3><PRE>
                         Station identifier: WIII
                             Station number: 96749
                           Observation time: 141031/0000
                           Station latitude: -6.11
                          Station longitude: 106.65
                          Station elevation: 8.0
                            Showalter index: 3.34
                               Lifted index: -2.00
    LIFT computed using virtual temperature: -3.03
                                SWEAT index: 194.41
                                    K index: 34.90
                         Cross totals index: 16.50
                      Vertical totals index: 22.50
                        Totals totals index: 39.00
      Convective Available Potential Energy: 1530.18
             CAPE using virtual temperature: 1772.13
                      Convective Inhibition: -39.24
             CINS using virtual temperature: -20.37
                           Equilibrum Level: 135.00
 Equilibrum Level using virtual temperature: 134.99
                   Level of Free Convection: 840.78
             LFCT using virtual temperature: 872.75
                     Bulk Richardson Number: 1412.77
          Bulk Richardson Number using CAPV: 1636.15
  Temp [K] of the Lifted Condensation Level: 295.74
Pres [hPa] of the Lifted Condensation Level: 947.17
   Equivalent potential temp [K] of the LCL: 355.13
     Mean mixed layer potential temperature: 300.37
              Mean mixed layer mixing ratio: 18.63
              1000 hPa to 500 hPa thickness: 5788.00
Precipitable water [mm] for entire sounding: 48.46
</PRE>
<P>Description of the 
<A HREF="/upperair/columns.html">data columns</A>
or <A HREF="/upperair/indices.html">sounding indices</A>.

<P>
<FORM>
<INPUT CLASS="button" TYPE="button" VALUE=" Close this window " 
 onClick="window.close();">
<INPUT CLASS="button" TYPE="button" VALUE=" Select another map " 
 onClick="window.blur();">
</FORM>
<HR SIZE="1">
<I>Interested in graduate studies in atmospheric science?
Check out our program at the
<a href="http://www.uwyo.edu/atsc/howtoapply/"
target=_top>University of Wyoming
</a></I>
<HR SIZE="1"><FONT SIZE="-1">
Questions about the weather data provided by this site can be
addressed to <A HREF="mailto:ldoolman@uwyo.edu">
Larry Oolman (ldoolman@uwyo.edu)</A></FONT>
<HR SIZE="1">
<SCRIPT TYPE="text/javascript">
<!--
window.focus();
// -->
</SCRIPT>
</BODY>
</HTML>
