2013-03-01 12
<HTML>
<TITLE>University of Wyoming - Radiosonde Data</TITLE>
<BODY BGCOLOR="white">
<H2>96749 WIII Jakarta Observations at 00Z 01 Mar 2013</H2>
<PRE>
-----------------------------------------------------------------------------
   PRES   HGHT   TEMP   DWPT   RELH   MIXR   DRCT   SKNT   THTA   THTE   THTV
    hPa     m      C      C      %    g/kg    deg   knot     K      K      K 
-----------------------------------------------------------------------------
 1006.0      8   25.8   23.8     89  18.86    220      4  298.4  353.5  301.8
 1005.0     18   25.8   22.3     81  17.19    222      5  298.5  348.8  301.6
 1000.0     67   26.0   22.3     80  17.28    230      8  299.1  349.8  302.2
  977.0    273   26.2   21.2     74  16.52    257     19  301.4  350.2  304.3
  974.0    300   26.0   21.0     74  16.34    260     21  301.4  349.8  304.4
  925.0    754   23.2   17.2     69  13.53    275     29  303.0  343.4  305.5
  910.0    896   22.2   16.8     71  13.36    280     29  303.4  343.3  305.8
  850.0   1487   18.0   14.9     82  12.69    275     29  305.0  343.1  307.3
  791.0   2097   14.0   11.7     86  11.06    275     31  307.0  340.7  309.1
  750.0   2548   11.0    9.4     90   9.97    268     29  308.5  339.1  310.3
  744.0   2616   11.8    3.8     58   6.80    267     29  310.1  331.3  311.3
  726.0   2821   11.2    5.2     67   7.70    264     28  311.6  335.7  313.0
  700.0   3125    9.8    5.6     75   8.21    260     27  313.3  339.1  314.9
  691.0   3233    9.8    5.2     73   8.09    260     26  314.5  340.0  316.0
  646.0   3792    9.2    0.2     53   6.05    260     18  319.9  339.6  321.1
  615.0   4193    6.3   -2.0     55   5.38    260     12  321.1  338.9  322.2
  571.0   4799    2.0   -5.5     58   4.49    235      4  322.9  337.9  323.8
  552.0   5075    0.0   -7.0     59   4.12    271      4  323.7  337.6  324.5
  550.0   5104   -0.2   -7.2     59   4.09    275      4  323.8  337.6  324.6
  530.0   5398   -2.2   -8.8     61   3.74    295     10  324.9  337.6  325.6
  500.0   5860   -5.3  -11.3     63   3.24    275     10  326.5  337.7  327.1
  473.0   6291   -7.8  -13.2     65   2.94    260     14  328.7  338.9  329.2
  445.0   6766  -10.5  -15.3     68   2.63    268     16  331.0  340.3  331.5
  437.0   6905  -10.9  -17.4     59   2.25    270     16  332.2  340.3  332.6
  420.0   7209  -11.9  -21.9     43   1.59    250      9  334.7  340.6  335.1
  404.0   7504  -14.3  -23.5     46   1.43    230      2  335.4  340.7  335.7
  400.0   7580  -14.9  -23.9     46   1.40    270      2  335.5  340.7  335.8
  389.0   7787  -16.4  -24.6     49   1.34     25      2  336.3  341.3  336.6
  373.0   8099  -18.6  -25.8     53   1.27     35      4  337.4  342.2  337.7
  344.0   8701  -22.9  -27.9     64   1.13      5     12  339.5  343.8  339.7
  340.0   8788  -23.5  -28.2     65   1.11     16     12  339.8  344.0  340.0
  332.0   8961  -24.3  -36.3     32   0.52     39     12  341.0  343.1  341.1
  330.0   9005  -24.7  -36.4     33   0.52     45     12  341.1  343.2  341.2
  317.0   9294  -27.1  -37.3     37   0.49     25     12  341.6  343.6  341.7
  300.0   9690  -30.5  -38.5     45   0.46     50     12  342.3  344.1  342.4
  291.0   9903  -32.3  -39.9     47   0.41     65     14  342.7  344.4  342.8
  256.0  10797  -39.9  -45.9     52   0.25     60     29  344.3  345.4  344.4
  255.0  10825  -40.1  -46.1     53   0.24     61     29  344.4  345.4  344.4
  250.0  10960  -41.1                          65     31  344.8         344.8
  200.0  12440  -53.7                          85     33  347.6         347.6
  177.0  13200  -59.5                          90     41  350.4         350.4
  153.0  14107  -66.4                          80     64  353.6         353.6
  150.0  14230  -67.3                          80     62  354.0         354.0
  132.0  14990  -72.1                          69     49  358.6         358.6
  119.0  15596  -73.4                          60     39  367.0         367.0
  114.0  15847  -73.9                          54     29  370.6         370.6
  107.0  16211  -76.5                          45     14  372.4         372.4
  102.0  16486  -78.5                           5      6  373.7         373.7
  100.0  16600  -79.3                         345      8  374.3         374.3
   97.0  16769  -80.4                         300     12  375.3         375.3
   92.0  17063  -82.4                         265     12  377.1         377.1
   82.1  17696  -86.7                         165     21  380.9         380.9
   82.0  17702  -86.7                         165     21  381.0         381.0
   78.0  17977  -85.9                         120     25  388.1         388.1
   74.0  18265  -85.1                         110     21  395.6         395.6
   70.0  18570  -84.3                         120     27  403.7         403.7
   68.1  18722  -82.1                         115     27  411.7         411.7
   59.0  19552  -75.1                          90     27  444.5         444.5
   51.0  20395  -68.1                          85     45  480.0         480.0
   50.0  20510  -67.1                          90     47  484.9         484.9
   40.0  21880  -61.2                          85     51  531.6         531.6
   36.9  22375  -59.1                          85     32  549.5         549.5
   34.0  22887  -59.2                          85     12  562.2         562.2
   31.0  23465  -59.3                         100     17  577.0         577.0
   30.0  23670  -59.3                         140     14  582.4         582.4
   27.6  24192  -59.1                         128     35  597.0         597.0
   27.0  24332  -58.0                         125     41  603.9         603.9
   24.3  25002  -52.7                          89     25  637.6         637.6
   24.0  25082  -52.7                          85     23  640.0         640.0
   20.0  26260  -52.3                          90     43  675.3         675.3
   18.0  26946  -51.3                          55     31  699.2         699.2
   17.0  27319  -50.7                          20     14  712.5         712.5
   16.0  27714  -50.1                          15     10  726.8         726.8
   15.6  27879  -49.9                          46     14  732.9         732.9
   15.0  28139  -48.9                          95     21  744.3         744.3
   14.0  28596  -47.3                          75     16  764.9         764.9
   13.0  29088  -45.5                          95     17  787.5         787.5
   12.3  29455  -44.1                         109     16  804.8         804.8
   12.0  29622  -44.0                         115     16  811.0         811.0
   11.0  30208  -43.5                          90     10  833.2         833.2
   10.0  30850  -42.9                         325      2  858.3         858.3
    9.0  31566  -41.4                          95     23  890.1         890.1
    8.0  32366  -39.8                          85     37  927.1         927.1
    7.6  32715  -39.1                                     943.6         943.6
</PRE><H3>Station information and sounding indices</H3><PRE>
                         Station identifier: WIII
                             Station number: 96749
                           Observation time: 130301/0000
                           Station latitude: -6.11
                          Station longitude: 106.65
                          Station elevation: 8.0
                            Showalter index: 0.33
                               Lifted index: -1.92
    LIFT computed using virtual temperature: -2.37
                                SWEAT index: 246.81
                                    K index: 34.00
                         Cross totals index: 20.20
                      Vertical totals index: 23.30
                        Totals totals index: 43.50
      Convective Available Potential Energy: 448.16
             CAPE using virtual temperature: 546.59
                      Convective Inhibition: -57.01
             CINS using virtual temperature: -40.66
                           Equilibrum Level: 191.63
 Equilibrum Level using virtual temperature: 191.42
                   Level of Free Convection: 824.52
             LFCT using virtual temperature: 841.32
                     Bulk Richardson Number: 104.03
          Bulk Richardson Number using CAPV: 126.88
  Temp [K] of the Lifted Condensation Level: 293.14
Pres [hPa] of the Lifted Condensation Level: 913.91
   Equivalent potential temp [K] of the LCL: 349.07
     Mean mixed layer potential temperature: 300.80
              Mean mixed layer mixing ratio: 16.41
              1000 hPa to 500 hPa thickness: 5793.00
Precipitable water [mm] for entire sounding: 52.94
</PRE>
<P>Description of the 
<A HREF="/upperair/columns.html">data columns</A>
or <A HREF="/upperair/indices.html">sounding indices</A>.

<P>
<FORM>
<INPUT CLASS="button" TYPE="button" VALUE=" Close this window " 
 onClick="window.close();">
<INPUT CLASS="button" TYPE="button" VALUE=" Select another map " 
 onClick="window.blur();">
</FORM>
<HR SIZE="1">
<I>Interested in graduate studies in atmospheric science?
Check out our program at the
<a href="http://www.uwyo.edu/atsc/howtoapply/"
target=_top>University of Wyoming
</a></I>
<HR SIZE="1"><FONT SIZE="-1">
Questions about the weather data provided by this site can be
addressed to <A HREF="mailto:ldoolman@uwyo.edu">
Larry Oolman (ldoolman@uwyo.edu)</A></FONT>
<HR SIZE="1">
<SCRIPT TYPE="text/javascript">
<!--
window.focus();
// -->
</SCRIPT>
</BODY>
</HTML>
