2013-03-12 12
<HTML>
<TITLE>University of Wyoming - Radiosonde Data</TITLE>
<BODY BGCOLOR="white">
<H2>96749 WIII Jakarta Observations at 00Z 12 Mar 2013</H2>
<PRE>
-----------------------------------------------------------------------------
   PRES   HGHT   TEMP   DWPT   RELH   MIXR   DRCT   SKNT   THTA   THTE   THTV
    hPa     m      C      C      %    g/kg    deg   knot     K      K      K 
-----------------------------------------------------------------------------
 1010.0      8   25.2   22.9     87  17.76    200      2  297.5  349.1  300.7
 1000.0     93   25.4   21.3     78  16.23    175      2  298.6  346.0  301.4
  977.0    298   24.6   20.2     77  15.51    115      4  299.7  345.2  302.5
  944.0    600   23.3   18.6     75  14.50    265      4  301.4  344.3  304.0
  930.0    732   22.8   17.9     74  14.08    254      7  302.1  343.9  304.7
  925.0    779   22.6   17.7     74  13.97    250      8  302.4  343.9  304.9
  912.0    902   21.8   17.0     74  13.55    240     12  302.8  343.2  305.3
  881.0   1201   19.8   15.3     75  12.54    270      8  303.8  341.3  306.1
  850.0   1511   17.8   13.5     76  11.57    260      8  304.8  339.6  306.9
  793.0   2100   15.1   10.5     74  10.15    255      8  308.0  339.0  309.9
  766.0   2394   13.7    9.0     73   9.49    275      8  309.6  338.9  311.4
  733.0   2768   12.0    7.1     72   8.71    260      8  311.6  338.8  313.2
  700.0   3153   10.0    4.0     66   7.33    245      8  313.5  336.7  314.9
  688.0   3297    9.0    4.0     71   7.46    235      8  314.0  337.6  315.4
  639.0   3899    5.4    1.4     75   6.67    275      2  316.6  338.0  317.9
  616.0   4198    3.6    0.1     78   6.30     25      4  317.9  338.2  319.1
  572.0   4803    0.0   -2.5     83   5.60     95      2  320.4  338.8  321.5
  551.0   5100   -1.6   -4.4     81   5.04     60      2  322.0  338.7  323.0
  531.0   5393   -3.1   -6.3     79   4.54     90      4  323.5  338.7  324.4
  511.0   5697   -4.8   -8.2     77   4.06    355      4  325.1  338.9  325.9
  500.0   5870   -5.7   -9.3     76   3.80    340      2  326.0  339.0  326.8
  492.0   5995   -6.2  -10.5     71   3.51    325      2  326.9  339.0  327.6
  473.0   6302   -7.4  -13.5     62   2.86    350      8  329.1  339.1  329.6
  455.0   6603   -8.7  -16.5     53   2.33    345      6  331.2  339.6  331.7
  443.0   6811   -9.5  -18.5     48   2.02    264      3  332.7  340.0  333.1
  438.0   6897  -10.1  -18.9     49   1.97    230      2  333.0  340.1  333.4
  400.0   7590  -15.1  -22.1     55   1.64    265      6  335.3  341.3  335.6
  396.0   7666  -15.7  -22.7     55   1.57    270      5  335.5  341.3  335.8
  374.0   8093  -18.6  -23.9     63   1.50    300      2  337.1  342.7  337.4
  362.0   8337  -20.3  -24.5     69   1.46    248      5  338.0  343.5  338.3
  359.0   8398  -20.7  -25.8     64   1.31    235      6  338.2  343.2  338.5
  346.0   8670  -22.7  -31.7     44   0.78    147      6  339.2  342.2  339.3
  345.0   8691  -22.9  -31.8     44   0.78    140      6  339.2  342.3  339.4
  331.0   8990  -25.1  -32.8     48   0.73    130      6  340.2  343.1  340.4
  304.0   9604  -29.6  -35.0     60   0.65    195      2  342.2  344.8  342.4
  300.0   9700  -30.3  -35.3     62   0.64    235      2  342.6  345.1  342.7
  292.0   9888  -31.8  -37.6     57   0.52    315      4  343.1  345.1  343.2
  280.0  10181  -34.2  -41.2     49   0.37     40      8  343.8  345.3  343.9
  256.0  10806  -39.2  -48.8     36   0.18      0     10  345.3  346.1  345.3
  252.0  10916  -40.1  -50.1     33   0.16      3     10  345.5  346.2  345.6
  250.0  10970  -40.5                           5     10  345.7         345.7
  224.0  11698  -46.8                          35      4  347.1         347.1
  214.0  12001  -49.4                          95      4  347.6         347.6
  205.0  12286  -51.9                          50      4  348.0         348.0
  200.0  12450  -53.3                          70      8  348.2         348.2
  195.0  12608  -54.6                          90     12  348.7         348.7
  169.0  13498  -61.7                          70     33  351.4         351.4
  150.0  14240  -67.7                          70     45  353.3         353.3
  146.0  14402  -68.6                          70     47  354.4         354.4
  143.0  14526  -69.3                          71     43  355.3         355.3
  119.0  15581  -77.1                          80      8  360.1         360.1
  113.0  15878  -79.3                          50     12  361.4         361.4
  101.0  16523  -84.1                          35     19  364.0         364.0
  100.0  16580  -84.5                          40     19  364.2         364.2
   96.0  16804  -85.8                          55     17  366.0         366.0
   91.0  17096  -87.5                         100     12  368.2         368.2
   86.0  17406  -89.3                          80     16  370.6         370.6
   84.9  17476  -89.7                          80     17  371.1         371.1
   77.0  18012  -84.7                          90     25  392.0         392.0
   75.8  18098  -83.9                          83     24  395.5         395.5
   73.0  18312  -80.4                          65     21  407.1         407.1
   70.0  18550  -76.5                          85     29  420.4         420.4
   69.9  18558  -76.5                          85     29  420.6         420.6
   66.0  18889  -75.4                         100     47  429.9         429.9
   62.8  19175  -74.5                          89     43  438.1         438.1
   56.0  19846  -72.3                          65     35  457.7         457.7
   50.0  20510  -70.1                          75     33  477.9         477.9
   44.0  21281  -66.5                         100     43  504.4         504.4
   42.0  21561  -65.2                         100     51  514.3         514.3
   41.5  21633  -64.9                         100     50  516.9         516.9
   36.0  22523  -59.7                          95     41  551.9         551.9
   34.0  22881  -57.6                         110     33  566.5         566.5
   33.0  23068  -56.5                          70     16  574.2         574.2
   31.1  23439  -54.3                          76     17  589.9         589.9
   30.0  23670  -54.9                          80     17  594.4         594.4
   28.0  24110  -56.2                          65     14  602.7         602.7
   27.8  24155  -56.3                          80     13  603.6         603.6
   27.0  24343  -55.1                         140     10  611.9         611.9
   26.0  24585  -53.6                         180      8  622.9         622.9
   25.0  24837  -52.0                         260     14  634.4         634.4
   24.8  24888  -51.7                         256     15  636.8         636.8
   24.0  25099  -52.9                         240     19  639.4         639.4
   23.0  25372  -54.4                         245     23  642.8         642.8
   21.8  25716  -56.3                         240     21  647.0         647.0
   21.0  25956  -54.1                         210     21  660.5         660.5
   20.0  26270  -51.3                         190     12  678.4         678.4
   19.6  26402  -49.1                         192      9  689.1         689.1
   19.0  26605  -50.3                         195      4  691.6         691.6
   18.0  26957  -52.3                         180      2  696.0         696.0
   17.9  26993  -52.5                         180      3  696.5         696.5
   17.0  27331  -51.9                         185      8  708.6         708.6
   16.0  27727  -51.2                         145      6  723.3         723.3
   14.0  28600  -49.7                         170     10  756.5         756.5
   13.0  29085  -48.9                         115      6  775.6         775.6
   12.0  29608  -48.0                         175      6  796.7         796.7
   11.7  29774  -47.7                         162      8  803.5         803.5
   11.0  30190  -42.5                         130     12  836.8         836.8
   10.5  30504  -38.5                         118     14  862.6         862.6
   10.0  30840  -37.7                         105     17  877.7         877.7
    9.4  31268  -36.5                                     897.9         897.9
</PRE><H3>Station information and sounding indices</H3><PRE>
                         Station identifier: WIII
                             Station number: 96749
                           Observation time: 130312/0000
                           Station latitude: -6.11
                          Station longitude: 106.65
                          Station elevation: 8.0
                            Showalter index: 1.36
                               Lifted index: -1.02
    LIFT computed using virtual temperature: -1.29
                                SWEAT index: 180.01
                                    K index: 31.00
                         Cross totals index: 19.20
                      Vertical totals index: 23.50
                        Totals totals index: 42.70
      Convective Available Potential Energy: 75.68
             CAPE using virtual temperature: 112.13
                      Convective Inhibition: -137.28
             CINS using virtual temperature: -94.75
                           Equilibrum Level: 465.54
 Equilibrum Level using virtual temperature: 365.21
                   Level of Free Convection: 656.51
             LFCT using virtual temperature: 689.65
                     Bulk Richardson Number: 22.59
          Bulk Richardson Number using CAPV: 33.47
  Temp [K] of the Lifted Condensation Level: 292.70
Pres [hPa] of the Lifted Condensation Level: 923.94
   Equivalent potential temp [K] of the LCL: 345.56
     Mean mixed layer potential temperature: 299.41
              Mean mixed layer mixing ratio: 15.78
              1000 hPa to 500 hPa thickness: 5777.00
Precipitable water [mm] for entire sounding: 53.60
</PRE>
<P>Description of the 
<A HREF="/upperair/columns.html">data columns</A>
or <A HREF="/upperair/indices.html">sounding indices</A>.

<P>
<FORM>
<INPUT CLASS="button" TYPE="button" VALUE=" Close this window " 
 onClick="window.close();">
<INPUT CLASS="button" TYPE="button" VALUE=" Select another map " 
 onClick="window.blur();">
</FORM>
<HR SIZE="1">
<I>Interested in graduate studies in atmospheric science?
Check out our program at the
<a href="http://www.uwyo.edu/atsc/howtoapply/"
target=_top>University of Wyoming
</a></I>
<HR SIZE="1"><FONT SIZE="-1">
Questions about the weather data provided by this site can be
addressed to <A HREF="mailto:ldoolman@uwyo.edu">
Larry Oolman (ldoolman@uwyo.edu)</A></FONT>
<HR SIZE="1">
<SCRIPT TYPE="text/javascript">
<!--
window.focus();
// -->
</SCRIPT>
</BODY>
</HTML>
