2014-02-03 00
<HTML>
<TITLE>University of Wyoming - Radiosonde Data</TITLE>
<BODY BGCOLOR="white">
<H2>96749 WIII Jakarta Observations at 00Z 03 Feb 2014</H2>
<PRE>
-----------------------------------------------------------------------------
   PRES   HGHT   TEMP   DWPT   RELH   MIXR   DRCT   SKNT   THTA   THTE   THTV
    hPa     m      C      C      %    g/kg    deg   knot     K      K      K 
-----------------------------------------------------------------------------
 1006.0      8   23.2   22.4     95  17.28    210      2  295.8  345.7  298.9
 1000.0     62   23.6   22.0     91  16.96    225      4  296.8  345.9  299.8
  973.0    302   22.6   21.3     92  16.69    280     12  298.1  346.7  301.0
  947.0    539   21.6   20.6     94  16.42    304     18  299.4  347.5  302.3
  941.0    594   21.2   20.4     95  16.33    310     19  299.5  347.4  302.5
  925.0    743   20.2   19.9     98  16.09    305     19  300.0  347.2  302.8
  909.0    893   19.5   19.2     98  15.68    305     19  300.7  346.9  303.6
  850.0   1472   16.8   16.6     99  14.18    285     23  303.7  346.1  306.3
  790.0   2088   13.6   13.4     99  12.41    270     29  306.7  344.3  309.0
  700.0   3107    8.2    8.2    100   9.84    265     19  311.5  342.1  313.4
  684.0   3298    7.0    6.7     98   9.09    265     21  312.3  340.7  314.0
  670.0   3469    6.0    5.4     96   8.46    265     22  313.0  339.5  314.6
  645.0   3780    5.0    1.3     77   6.56    265     24  315.3  336.2  316.5
  636.0   3895    5.4    1.4     76   6.72    265     25  317.0  338.6  318.3
  617.0   4144    6.2    1.7     73   7.06    257     25  320.7  343.7  322.0
  613.0   4197    5.7    1.4     74   6.98    255     25  320.7  343.5  322.1
  567.0   4831    0.0   -1.6     89   6.04    270     20  321.2  341.0  322.4
  508.0   5704   -4.5   -9.0     70   3.82    290     14  326.1  339.1  326.8
  500.0   5830   -5.1  -10.1     68   3.57    300     16  326.8  339.0  327.5
  487.0   6037   -6.7  -10.6     74   3.52    313     18  327.3  339.4  328.0
  471.0   6297   -8.8  -11.5     81   3.38    330     21  327.8  339.5  328.4
  460.0   6481  -10.3  -12.2     86   3.28    318     18  328.1  339.5  328.8
  453.0   6599  -10.8  -12.7     86   3.20    310     16  328.9  340.1  329.6
  436.0   6893  -12.1  -13.9     87   3.02    250     10  330.9  341.5  331.5
  426.0   7071  -12.9  -14.6     87   2.91    234     12  332.1  342.4  332.7
  403.0   7493  -15.9  -17.2     89   2.47    195     17  333.5  342.4  334.0
  400.0   7550  -16.3  -17.6     90   2.41    195     17  333.7  342.4  334.2
  387.0   7791  -17.9  -19.3     88   2.15    200     16  334.8  342.6  335.2
  372.0   8080  -19.8  -21.4     87   1.87    225     10  336.1  342.9  336.4
  343.0   8673  -23.7  -25.7     84   1.38    220     19  338.6  343.8  338.9
  315.0   9295  -27.9  -30.2     80   0.99    250     21  341.2  345.1  341.4
  302.0   9603  -29.9  -32.4     79   0.84    237     19  342.5  345.8  342.6
  300.0   9650  -30.3  -32.9     78   0.80    235     19  342.6  345.7  342.7
  290.0   9886  -32.2  -35.1     76   0.67    225     19  343.2  345.9  343.3
  252.0  10866  -40.1  -44.0     66   0.31    230     23  345.5  346.8  345.6
  250.0  10920  -40.5                         230     23  345.7         345.7
  233.0  11387  -44.5                         225     19  346.6         346.6
  203.0  12301  -52.5                         210     12  348.1         348.1
  200.0  12400  -53.3                         200     12  348.2         348.2
  185.0  12885  -57.3                         170     12  349.6         349.6
  176.0  13195  -59.9                         125     14  350.4         350.4
  168.0  13485  -62.3                          95     21  351.1         351.1
  150.0  14190  -68.1                          95     35  352.6         352.6
  131.0  14985  -73.5                          85     56  356.9         356.9
  119.0  15549  -77.3                          85     54  359.8         359.8
  112.0  15891  -79.5                          85     52  361.9         361.9
  101.0  16475  -83.3                          95     54  365.5         365.5
  100.0  16530  -83.5                          95     52  366.2         366.2
   97.0  16700  -83.9                          92     44  368.6         368.6
   95.0  16818  -80.9                          90     39  376.6         376.6
   91.6  17025  -75.7                         120     19  390.9         390.9
   90.0  17127  -76.1                         135     10  392.1         392.1
   86.0  17388  -77.0                         285      8  395.4         395.4
   82.0  17662  -78.0                         275     16  398.8         398.8
   77.7  17972  -79.1                         296     17  402.7         402.7
   77.0  18024  -79.0                         300     17  404.0         404.0
   70.0  18570  -77.5                         235     17  418.3         418.3
   66.8  18839  -75.9                         203     11  427.4         427.4
   66.0  18910  -75.4                         195     10  429.8         429.8
   63.0  19183  -73.7                         220      2  439.5         439.5
   60.0  19469  -71.8                         290     21  449.8         449.8
   56.5  19822  -69.5                         279     22  462.9         462.9
   51.0  20432  -69.5                         260     25  476.6         476.6
   50.0  20550  -69.5                         245     25  479.3         479.3
   49.0  20671  -69.5                         230     25  482.1         482.1
   43.4  21395  -69.3                         212     17  499.6         499.6
   40.0  21892  -66.8                         200     12  517.6         517.6
   38.0  22205  -65.2                         230     10  529.3         529.3
   34.0  22883  -61.8                         250      6  555.3         555.3
   33.0  23065  -60.9                         203      7  562.5         562.5
   31.0  23455  -59.6                         105      8  576.2         576.2
   30.0  23660  -58.9                         105      4  583.5         583.5
   28.0  24092  -58.7                         230      4  595.7         595.7
   27.0  24320  -58.6                         285     17  602.2         602.2
   26.3  24484  -58.5                         281     23  607.0         607.0
   24.0  25058  -58.6                         265     45  622.9         622.9
   21.0  25894  -58.7                         260     12  646.8         646.8
   20.0  26200  -58.7                         240     12  655.8         655.8
   19.0  26522  -58.6                         160     16  665.9         665.9
   18.6  26655  -58.5                         152     18  670.1         670.1
   17.0  27232  -55.8                         120     29  696.2         696.2
   14.0  28477  -50.0                          85     56  755.7         755.7
   13.7  28616  -49.3                          84     60  762.6         762.6
   13.0  28963  -48.5                          80     70  777.0         777.0
   11.0  30069  -45.8                          95     51  824.6         824.6
   10.0  30700  -44.3                          95     70  853.1         853.1
    9.8  30836  -43.7                                     860.2         860.2
</PRE><H3>Station information and sounding indices</H3><PRE>
                         Station identifier: WIII
                             Station number: 96749
                           Observation time: 140203/0000
                           Station latitude: -6.11
                          Station longitude: 106.65
                          Station elevation: 8.0
                            Showalter index: -0.60
                               Lifted index: -0.76
    LIFT computed using virtual temperature: -1.09
                                SWEAT index: 261.20
                                    K index: 38.50
                         Cross totals index: 21.70
                      Vertical totals index: 21.90
                        Totals totals index: 43.60
      Convective Available Potential Energy: 283.76
             CAPE using virtual temperature: 328.27
                      Convective Inhibition: -10.41
             CINS using virtual temperature: -10.19
                           Equilibrum Level: 303.83
 Equilibrum Level using virtual temperature: 302.73
                   Level of Free Convection: 846.30
             LFCT using virtual temperature: 849.19
                     Bulk Richardson Number: 18.87
          Bulk Richardson Number using CAPV: 21.83
  Temp [K] of the Lifted Condensation Level: 294.28
Pres [hPa] of the Lifted Condensation Level: 959.51
   Equivalent potential temp [K] of the LCL: 346.50
     Mean mixed layer potential temperature: 297.79
              Mean mixed layer mixing ratio: 16.75
              1000 hPa to 500 hPa thickness: 5768.00
Precipitable water [mm] for entire sounding: 61.92
</PRE>
<P>Description of the 
<A HREF="/upperair/columns.html">data columns</A>
or <A HREF="/upperair/indices.html">sounding indices</A>.

<P>
<FORM>
<INPUT CLASS="button" TYPE="button" VALUE=" Close this window " 
 onClick="window.close();">
<INPUT CLASS="button" TYPE="button" VALUE=" Select another map " 
 onClick="window.blur();">
</FORM>
<HR SIZE="1">
<I>Interested in graduate studies in atmospheric science?
Check out our program at the
<a href="http://www.uwyo.edu/atsc/howtoapply/"
target=_top>University of Wyoming
</a></I>
<HR SIZE="1"><FONT SIZE="-1">
Questions about the weather data provided by this site can be
addressed to <A HREF="mailto:ldoolman@uwyo.edu">
Larry Oolman (ldoolman@uwyo.edu)</A></FONT>
<HR SIZE="1">
<SCRIPT TYPE="text/javascript">
<!--
window.focus();
// -->
</SCRIPT>
</BODY>
</HTML>
