2014-09-28 12
<HTML>
<TITLE>University of Wyoming - Radiosonde Data</TITLE>
<BODY BGCOLOR="white">
<H2>96749 WIII Jakarta Observations at 00Z 28 Sep 2014</H2>
<PRE>
-----------------------------------------------------------------------------
   PRES   HGHT   TEMP   DWPT   RELH   MIXR   DRCT   SKNT   THTA   THTE   THTV
    hPa     m      C      C      %    g/kg    deg   knot     K      K      K 
-----------------------------------------------------------------------------
 1012.0      8   23.2   21.8     92  16.55    210      6  295.3  343.0  298.3
 1000.0    111   23.6   21.1     86  16.03    185      6  296.8  343.2  299.6
  985.0    244   24.8   21.5     82  16.69    153      6  299.2  348.1  302.2
  979.0    297   24.4   21.3     83  16.55    140      6  299.4  347.9  302.3
  946.0    598   22.1   20.0     88  15.78     85      8  300.0  346.3  302.8
  925.0    794   20.6   19.1     91  15.29     85     12  300.4  345.4  303.1
  914.0    898   20.0   19.4     97  15.80     85     14  300.7  347.3  303.6
  908.0    955   19.6   19.6    100  16.08     90     13  300.9  348.4  303.8
  901.0   1021   20.2   15.8     76  12.69     95     12  302.2  339.9  304.5
  882.0   1205   19.5   14.5     73  11.89    110     10  303.3  338.9  305.5
  850.0   1523   18.2   12.2     68  10.61     90     12  305.2  337.3  307.1
  823.0   1799   16.0   11.5     74  10.45     85     16  305.8  337.4  307.7
  820.0   1830   15.8   11.4     75  10.43     88     16  305.8  337.4  307.7
  794.0   2103   13.8   10.5     80  10.11    110     12  306.5  337.3  308.4
  776.0   2297   12.4    9.8     84   9.89    130      9  307.0  337.2  308.8
  767.0   2395   13.2    9.1     76   9.54    140      8  308.9  338.2  310.7
  763.0   2439   14.4   -0.6     36   4.82    149      8  310.6  326.0  311.6
  732.0   2789   13.6    0.6     41   5.49    222      8  313.5  331.1  314.5
  714.0   2998   11.9    0.0     44   5.41    265      8  313.9  331.2  314.9
  700.0   3164   10.6   -0.4     46   5.34    290      6  314.2  331.3  315.2
  689.0   3295    9.4   -0.3     51   5.48    310      6  314.3  331.9  315.4
  664.0   3599    6.7    0.0     63   5.81    315      8  314.6  333.2  315.6
  651.0   3763    5.2    0.2     70   6.00    304      8  314.7  333.9  315.8
  640.0   3902    4.6   -3.4     56   4.67    295      8  315.5  330.7  316.4
  632.0   4004    4.8  -13.2     26   2.20    288      8  316.9  324.4  317.3
  617.0   4198    4.0  -17.5     19   1.58    275      8  318.1  323.6  318.4
  595.0   4491    2.7  -24.0     12   0.93    245      4  320.0  323.4  320.2
  552.0   5095    0.1  -37.4      4   0.28     50      4  323.8  324.9  323.9
  550.0   5125    0.0  -38.0      4   0.26     48      4  324.0  325.1  324.1
  512.0   5692   -3.4  -36.1      6   0.34      0      4  326.6  328.0  326.7
  500.0   5880   -4.5  -35.5      7   0.37    105      4  327.5  328.9  327.6
  493.0   5989   -5.2  -35.2      7   0.39    175      4  328.0  329.5  328.1
  474.0   6295   -7.0  -34.2      9   0.45     95      6  329.4  331.2  329.5
  456.0   6595   -8.8  -33.3     12   0.51     80     12  330.9  332.8  330.9
  439.0   6890  -10.6  -32.4     15   0.58    105     12  332.2  334.5  332.3
  434.0   6979  -11.1  -32.1     16   0.60    104     13  332.6  335.0  332.8
  400.0   7600  -15.3  -41.3      9   0.26    100     17  335.0  336.1  335.1
  371.0   8165  -19.3  -36.3     21   0.46     90     21  337.0  338.8  337.1
  331.0   9000  -26.1  -39.3     28   0.38     75     27  338.8  340.4  338.9
  319.0   9271  -28.3  -40.3     31   0.36     84     29  339.4  340.8  339.4
  300.0   9710  -30.3  -55.3      7   0.07    100     31  342.6  342.9  342.6
  295.0   9828  -31.1  -60.1      4   0.04    102     31  343.1  343.2  343.1
  268.0  10491  -36.6  -60.7      6   0.04    115     29  344.6  344.8  344.6
  252.0  10916  -40.1  -61.1      9   0.04    106     31  345.5  345.7  345.5
  250.0  10970  -40.7                         105     31  345.4         345.4
  200.0  12450  -54.1                          65     39  346.9         346.9
  195.0  12607  -55.4                          65     41  347.3         347.3
  157.0  13955  -66.9                          69     58  350.1         350.1
  153.0  14111  -67.2                          70     60  352.1         352.1
  150.0  14230  -67.5                          70     60  353.6         353.6
  146.0  14393  -67.3                          70     60  356.7         356.7
  113.0  15874  -78.3                          70     31  363.4         363.4
  101.0  16522  -83.1                          50     25  365.9         365.9
  100.0  16580  -83.5                          50     25  366.2         366.2
   96.0  16809  -81.5                          50     23  374.4         374.4
   95.6  16832  -81.3                          57     22  375.2         375.2
   94.1  16922  -76.5                          86     16  386.3         386.3
   91.0  17118  -76.0                         145      4  391.0         391.0
   87.0  17380  -75.4                         140     12  397.4         397.4
   78.0  18017  -73.8                         270     10  413.2         413.2
   74.0  18324  -73.0                         265     21  421.1         421.1
   73.4  18371  -72.9                         259     21  422.3         422.3
   70.0  18650  -73.3                         225     21  427.2         427.2
   67.0  18905  -73.6                         210     12  431.9         431.9
   64.3  19145  -73.9                         241      7  436.4         436.4
   64.0  19172  -73.6                         245      6  437.7         437.7
   61.1  19445  -70.3                         255     16  450.8         450.8
   61.0  19454  -70.3                         255     16  451.1         451.1
   58.0  19755  -69.7                         240     10  458.9         458.9
   55.0  20071  -69.1                          15      2  467.3         467.3
   52.1  20393  -68.5                          63     10  476.0         476.0
   52.0  20404  -68.4                          65     10  476.5         476.5
   50.0  20640  -66.5                          65     17  486.4         486.4
   46.6  21070  -63.1                          70     22  504.4         504.4
   41.0  21853  -64.2                          80     31  520.4         520.4
   35.4  22752  -65.5                          85     39  539.4         539.4
   30.0  23770  -60.9                          90     49  578.0         578.0
   23.0  25448  -55.7                          95     54  639.0         639.0
   20.0  26330  -52.9                          95     52  673.5         673.5
   19.6  26460  -52.5                          95     52  678.6         678.6
   13.1  29067  -51.8                          85     60  764.0         764.0
   13.0  29117  -51.7                          85     60  765.7         765.7
   12.7  29268  -51.7                                     771.0         771.0
</PRE><H3>Station information and sounding indices</H3><PRE>
                         Station identifier: WIII
                             Station number: 96749
                           Observation time: 140928/0000
                           Station latitude: -6.11
                          Station longitude: 106.65
                          Station elevation: 8.0
                            Showalter index: 3.55
                               Lifted index: 0.02
    LIFT computed using virtual temperature: -0.81
                                SWEAT index: 174.41
                                    K index: 23.90
                         Cross totals index: 16.70
                      Vertical totals index: 22.70
                        Totals totals index: 39.40
      Convective Available Potential Energy: 84.71
             CAPE using virtual temperature: 229.04
                      Convective Inhibition: -56.40
             CINS using virtual temperature: -38.50
                           Equilibrum Level: 303.93
 Equilibrum Level using virtual temperature: 302.33
                   Level of Free Convection: 804.12
             LFCT using virtual temperature: 821.94
                     Bulk Richardson Number: 44.53
          Bulk Richardson Number using CAPV: 120.40
  Temp [K] of the Lifted Condensation Level: 293.65
Pres [hPa] of the Lifted Condensation Level: 945.86
   Equivalent potential temp [K] of the LCL: 345.98
     Mean mixed layer potential temperature: 298.37
              Mean mixed layer mixing ratio: 16.34
              1000 hPa to 500 hPa thickness: 5769.00
Precipitable water [mm] for entire sounding: 42.00
</PRE>
<P>Description of the 
<A HREF="/upperair/columns.html">data columns</A>
or <A HREF="/upperair/indices.html">sounding indices</A>.

<P>
<FORM>
<INPUT CLASS="button" TYPE="button" VALUE=" Close this window " 
 onClick="window.close();">
<INPUT CLASS="button" TYPE="button" VALUE=" Select another map " 
 onClick="window.blur();">
</FORM>
<HR SIZE="1">
<I>Interested in graduate studies in atmospheric science?
Check out our program at the
<a href="http://www.uwyo.edu/atsc/howtoapply/"
target=_top>University of Wyoming
</a></I>
<HR SIZE="1"><FONT SIZE="-1">
Questions about the weather data provided by this site can be
addressed to <A HREF="mailto:ldoolman@uwyo.edu">
Larry Oolman (ldoolman@uwyo.edu)</A></FONT>
<HR SIZE="1">
<SCRIPT TYPE="text/javascript">
<!--
window.focus();
// -->
</SCRIPT>
</BODY>
</HTML>
