2015-04-04 12
<HTML>
<TITLE>University of Wyoming - Radiosonde Data</TITLE>
<BODY BGCOLOR="white">
<H2>96749 WIII Jakarta Observations at 00Z 04 Apr 2015</H2>
<PRE>
-----------------------------------------------------------------------------
   PRES   HGHT   TEMP   DWPT   RELH   MIXR   DRCT   SKNT   THTA   THTE   THTV
    hPa     m      C      C      %    g/kg    deg   knot     K      K      K 
-----------------------------------------------------------------------------
 1007.0      8   25.0   24.0     94  19.08      0      0  297.6  353.1  300.9
 1000.0     67   25.2   24.0     93  19.21      0      0  298.4  354.5  301.8
  984.0    209   25.4   23.5     89  18.94    293      1  299.9  355.6  303.3
  974.0    299   25.2   22.8     87  18.27    250      2  300.6  354.4  303.9
  942.0    594   24.4   20.3     78  16.22    250      4  302.7  350.9  305.6
  925.0    754   24.0   19.0     74  15.19    235      6  303.8  349.2  306.6
  910.0    897   23.4   17.6     70  14.08    220      6  304.6  346.9  307.2
  870.0   1290   21.6   13.6     60  11.37    243      9  306.7  341.3  308.8
  850.0   1492   20.4   12.4     60  10.75    255     10  307.5  340.3  309.5
  849.0   1502   20.3   12.4     60  10.74    255     10  307.5  340.3  309.5
  820.0   1797   18.4   11.1     63  10.25    240     10  308.5  339.9  310.4
  792.0   2091   16.4    9.9     66   9.77    255      6  309.5  339.6  311.3
  765.0   2385   14.4    8.7     69   9.32    235      2  310.5  339.3  312.2
  700.0   3138    9.4    5.6     77   8.21    270      2  312.9  338.6  314.4
  687.0   3291    8.5    5.0     79   8.05    280      2  313.5  338.9  315.0
  639.0   3881    4.9    2.9     87   7.45    265      8  316.0  339.8  317.4
  616.0   4180    3.1    1.9     91   7.16    280      6  317.3  340.3  318.7
  578.0   4699    0.0    0.0    100   6.67    240      8  319.5  341.1  320.8
  530.0   5388   -2.8   -5.0     85   5.02    185     10  324.1  340.9  325.1
  500.0   5850   -4.7   -8.3     76   4.11    130      8  327.2  341.3  328.1
  497.0   5897   -4.9   -8.8     74   3.98    125      8  327.6  341.2  328.4
  491.0   5991   -5.5   -9.3     75   3.88    115      8  327.9  341.2  328.7
  455.0   6581   -9.5  -12.3     80   3.28    110      8  330.1  341.6  330.8
  420.0   7201  -13.7  -15.5     86   2.74     93      9  332.4  342.2  333.0
  404.0   7495  -15.8  -18.1     82   2.28     85     10  333.5  341.7  333.9
  400.0   7570  -16.3  -18.8     81   2.18     85      8  333.7  341.6  334.2
  388.0   7797  -17.8  -19.9     84   2.05     90      6  334.7  342.2  335.1
  373.0   8092  -19.7  -21.2     87   1.89    120      2  336.0  342.9  336.4
  362.0   8315  -21.1  -22.3     90   1.78     94      5  336.9  343.5  337.3
  358.0   8396  -21.6  -23.3     86   1.64     85      6  337.3  343.4  337.7
  330.0   8988  -25.3  -30.7     61   0.91     85      2  340.2  343.7  340.4
  304.0   9585  -29.1  -38.1     42   0.47     70      6  342.9  344.9  343.1
  300.0   9680  -29.9  -38.9     41   0.44     75      6  343.1  344.9  343.2
  291.0   9892  -31.7  -41.6     37   0.35     80      6  343.6  345.0  343.7
  279.0  10186  -34.1  -45.2     32   0.24    130      4  344.2  345.2  344.2
  267.0  10493  -36.7  -49.1     27   0.17    130      6  344.8  345.5  344.8
  252.0  10896  -40.1  -54.1     21   0.10    108     13  345.5  346.0  345.5
  250.0  10950  -40.5                         105     14  345.7         345.7
  234.0  11389  -44.2                          95     16  346.8         346.8
  204.0  12299  -51.8                         105     19  348.6         348.6
  200.0  12430  -52.9                         105     19  348.8         348.8
  169.0  13484  -61.0                         130      8  352.6         352.6
  150.0  14230  -66.7                         205      6  355.0         355.0
  146.0  14389  -67.8                         225      6  355.8         355.8
  132.0  14980  -71.9                         250      8  358.9         358.9
  125.0  15299  -74.1                          50      2  360.5         360.5
  114.0  15840  -77.9                          32     16  363.1         363.1
  113.0  15890  -78.1                          30     17  363.7         363.7
  109.0  16095  -78.7                           7     20  366.3         366.3
  107.0  16199  -79.4                         355     21  366.9         366.9
  100.0  16580  -81.9                          10     25  369.2         369.2
   96.0  16806  -83.1                          30     23  371.2         371.2
   91.0  17101  -84.8                          60     29  373.7         373.7
   88.8  17237  -85.5                          65     27  374.8         374.8
   82.0  17676  -84.4                          80     19  385.8         385.8
   77.0  18022  -83.5                         110     21  394.6         394.6
   76.1  18087  -83.3                         106     23  396.3         396.3
   73.0  18322  -79.2                          90     29  409.6         409.6
   70.0  18560  -75.1                          45     23  423.4         423.4
   69.0  18644  -74.2                          35     21  427.0         427.0
   67.7  18755  -73.1                          33     19  431.8         431.8
   66.0  18904  -73.1                          30     16  434.9         434.9
   63.0  19177  -73.2                         330     17  440.6         440.6
   60.0  19463  -73.2                         315     10  446.7         446.7
   57.0  19763  -73.2                         210      2  453.2         453.2
   54.0  20080  -73.3                         205     10  460.2         460.2
   52.9  20201  -73.3                         189     11  462.8         462.8
   51.0  20414  -74.0                         160     14  466.2         466.2
   50.0  20530  -74.3                         130     19  468.0         468.0
   49.0  20649  -74.0                          90     27  471.4         471.4
   36.3  22419  -69.9                          90     59  524.2         524.2
   33.8  22851  -64.1                          90     66  550.2         550.2
   32.0  23190  -62.3                          90     72  563.8         563.8
   30.0  23590  -60.1                          85     74  580.2         580.2
   28.1  24003  -57.6                          85     76  598.2         598.2
   28.0  24026  -57.4                          85     76  599.2         599.2
   27.2  24209  -56.3                          89     76  607.3         607.3
   27.0  24257  -55.9                          90     76  609.7         609.7
   26.0  24504  -53.8                          90     76  622.2         622.2
   22.0  25598  -44.8                          95     45  679.7         679.7
   21.9  25628  -44.5                          95     42  681.3         681.3
   21.0  25911  -42.9                          90     19  694.4         694.4
   20.9  25943  -42.7                         104     19  695.9         695.9
   20.0  26240  -44.1                         235     14  700.4         700.4
   19.0  26581  -45.7                         230     29  705.7         705.7
   18.3  26831  -46.9                         230     29  709.6         709.6
   17.0  27321  -45.7                         205     10  728.6         728.6
   16.0  27724  -44.7                          50      8  744.5         744.5
   15.4  27979  -44.1                         348     17  754.7         754.7
   15.0  28156  -41.9                         305     23  767.7         767.7
   12.0  29655  -43.3                         290     41  813.2         813.2
   10.0  30880  -44.5                         285     37  852.3         852.3
    9.0  31590  -41.8                         280     33  888.8         888.8
    8.9  31665  -41.5                                     892.7         892.7
</PRE><H3>Station information and sounding indices</H3><PRE>
                         Station identifier: WIII
                             Station number: 96749
                           Observation time: 150404/0000
                           Station latitude: -6.11
                          Station longitude: 106.65
                          Station elevation: 8.0
                            Showalter index: 2.07
                               Lifted index: -3.03
    LIFT computed using virtual temperature: -3.48
                                SWEAT index: 176.81
                                    K index: 33.70
                         Cross totals index: 17.10
                      Vertical totals index: 25.10
                        Totals totals index: 42.20
      Convective Available Potential Energy: 1460.94
             CAPE using virtual temperature: 1586.48
                      Convective Inhibition: -96.52
             CINS using virtual temperature: -58.45
                           Equilibrum Level: 159.57
 Equilibrum Level using virtual temperature: 159.28
                   Level of Free Convection: 778.59
             LFCT using virtual temperature: 812.74
                     Bulk Richardson Number: 1001.04
          Bulk Richardson Number using CAPV: 1087.06
  Temp [K] of the Lifted Condensation Level: 295.53
Pres [hPa] of the Lifted Condensation Level: 948.11
   Equivalent potential temp [K] of the LCL: 354.00
     Mean mixed layer potential temperature: 300.08
              Mean mixed layer mixing ratio: 18.37
              1000 hPa to 500 hPa thickness: 5783.00
Precipitable water [mm] for entire sounding: 57.22
</PRE>
<P>Description of the 
<A HREF="/upperair/columns.html">data columns</A>
or <A HREF="/upperair/indices.html">sounding indices</A>.

<P>
<FORM>
<INPUT CLASS="button" TYPE="button" VALUE=" Close this window " 
 onClick="window.close();">
<INPUT CLASS="button" TYPE="button" VALUE=" Select another map " 
 onClick="window.blur();">
</FORM>
<HR SIZE="1">
<I>Interested in graduate studies in atmospheric science?
Check out our program at the
<a href="http://www.uwyo.edu/atsc/howtoapply/"
target=_top>University of Wyoming
</a></I>
<HR SIZE="1"><FONT SIZE="-1">
Questions about the weather data provided by this site can be
addressed to <A HREF="mailto:ldoolman@uwyo.edu">
Larry Oolman (ldoolman@uwyo.edu)</A></FONT>
<HR SIZE="1">
<SCRIPT TYPE="text/javascript">
<!--
window.focus();
// -->
</SCRIPT>
</BODY>
</HTML>
