2015-07-07 00
<HTML>
<TITLE>University of Wyoming - Radiosonde Data</TITLE>
<BODY BGCOLOR="white">
<H2>96749 WIII Jakarta Observations at 00Z 07 Jul 2015</H2>
<PRE>
-----------------------------------------------------------------------------
   PRES   HGHT   TEMP   DWPT   RELH   MIXR   DRCT   SKNT   THTA   THTE   THTV
    hPa     m      C      C      %    g/kg    deg   knot     K      K      K 
-----------------------------------------------------------------------------
 1009.0      8   25.0   22.3     85  17.12    170      5  297.4  347.2  300.4
 1000.0     87   25.6   20.6     74  15.53    155      6  298.8  344.2  301.5
  976.0    300   24.2   19.5     75  14.88    105     10  299.4  343.1  302.1
  943.0    602   22.3   18.0     77  14.00     85     12  300.4  341.7  303.0
  938.0    649   22.0   17.8     77  13.86     86     12  300.6  341.5  303.1
  925.0    770   21.2   17.2     78  13.53     90     12  301.0  341.0  303.4
  911.0    901   20.3   16.8     80  13.34     95     12  301.4  340.9  303.8
  880.0   1199   18.2   15.7     85  12.93    105     10  302.2  340.7  304.6
  850.0   1498   16.2   14.7     91  12.52    180      2  303.1  340.5  305.4
  821.0   1793   14.5   14.2     98  12.57    305      6  304.3  342.0  306.6
  820.0   1803   14.4   14.2     99  12.57    305      6  304.3  342.0  306.6
  796.0   2055   16.2   10.2     68   9.91    296      6  308.8  339.3  310.7
  792.0   2098   16.1    9.1     63   9.21    295      6  309.1  337.5  310.8
  780.0   2228   15.6    5.6     51   7.36    297      5  310.0  332.9  311.4
  764.0   2402   14.5    4.3     50   6.88    300      4  310.7  332.2  312.0
  738.0   2692   12.7    2.2     49   6.12    270     12  311.8  331.2  313.0
  700.0   3136   10.0   -1.0     46   5.11    290     23  313.5  329.9  314.5
  695.0   3195    9.6   -1.4     46   4.99    291     23  313.7  329.8  314.7
  690.0   3255    9.0    4.2     72   7.55    293     24  313.7  337.6  315.1
  662.0   3596    7.8    0.6     60   6.09    300     25  316.1  335.7  317.3
  638.0   3899    6.8   -2.6     51   4.99    295     21  318.3  334.6  319.2
  615.0   4201    5.8   -5.7     43   4.08    315     16  320.4  334.1  321.2
  599.0   4418    5.0   -8.0     38   3.51    317     14  322.0  333.9  322.7
  550.0   5107    1.8  -28.2      9   0.68    325      8  326.1  328.7  326.3
  539.0   5271    1.0  -33.0      6   0.44     22      8  327.1  328.8  327.2
  530.0   5405    0.6  -33.0      6   0.45     70      8  328.1  329.9  328.2
  519.0   5573    0.0  -33.0      6   0.46     93     10  329.4  331.2  329.5
  511.0   5697   -0.9  -29.7      9   0.64    110     12  329.9  332.3  330.0
  500.0   5870   -2.1  -25.1     15   1.00    115     10  330.4  334.2  330.6
  456.0   6588   -6.7  -31.4     12   0.61    125     23  333.4  335.8  333.6
  421.0   7211  -10.7  -36.8     10   0.39    120     33  336.0  337.6  336.1
  400.0   7610  -13.3  -40.3      8   0.29    120     17  337.6  338.8  337.7
  374.0   8106  -16.9  -43.6      8   0.22    110     10  339.4  340.4  339.5
  345.0   8703  -21.1  -47.6      7   0.15    140      8  341.6  342.2  341.6
  331.0   9009  -23.3  -49.6      7   0.13    140      8  342.6  343.2  342.7
  307.0   9565  -27.3  -53.3      7   0.09     71      8  344.5  344.9  344.5
  305.0   9612  -27.7  -52.6      7   0.10     65      8  344.6  345.0  344.6
  300.0   9730  -28.7  -50.7     10   0.12     70      8  344.8  345.4  344.8
  280.0  10215  -33.4  -50.0     17   0.14     75     10  344.9  345.5  344.9
  268.0  10524  -36.4  -49.6     24   0.15     65      8  344.9  345.5  344.9
  257.0  10819  -39.3  -49.2     34   0.17     30      6  344.8  345.5  344.8
  254.0  10901  -40.1  -49.1     38   0.17     28      7  344.7  345.5  344.8
  250.0  11010  -40.7                          25      8  345.4         345.4
  235.0  11418  -44.0                          30     14  346.6         346.6
  200.0  12480  -52.5                          30     25  349.5         349.5
  170.0  13497  -60.4                          35     41  353.0         353.0
  150.0  14280  -66.5                          50     43  355.3         355.3
  139.0  14727  -69.7                          50     47  357.6         357.6
  109.0  16155  -79.7                         103     30  364.4         364.4
  108.0  16207  -80.0                         105     29  364.7         364.7
  100.0  16640  -82.9                         110     29  367.3         367.3
   95.5  16895  -84.9                         100     27  368.3         368.3
   82.0  17735  -84.2                         100     23  386.2         386.2
   78.0  18011  -83.9                          85     33  392.3         392.3
   75.3  18208  -79.3                          85     34  405.9         405.9
   70.0  18620  -80.7                          85     37  411.4         411.4
   68.2  18769  -72.9                          87     37  431.3         431.3
   60.0  19541  -62.7                          95     37  470.2         470.2
   58.4  19704  -60.5                          99     36  478.8         478.8
   52.0  20426  -59.4                         115     31  497.5         497.5
   51.6  20474  -59.3                         114     31  498.8         498.8
   50.0  20670  -59.9                         110     31  501.9         501.9
   47.0  21054  -61.3                         105     25  507.4         507.4
   43.0  21606  -63.4                          65      8  515.5         515.5
   42.4  21693  -63.7                          70      6  516.7         516.7
   41.0  21901  -63.0                         140      8  523.4         523.4
   35.7  22759  -60.3                          18     10  551.6         551.6
   35.0  22883  -60.2                           0     10  555.1         555.1
   31.1  23622  -59.3                         295     22  576.4         576.4
   30.0  23850  -56.1                         275     25  591.1         591.1
   29.5  23957  -54.7                         266     26  597.8         597.8
   28.0  24294  -54.0                         240     29  608.7         608.7
   25.0  25027  -52.5                         260     21  633.1         633.1
   24.0  25291  -51.9                         290     19  642.1         642.1
   22.0  25854  -50.8                         270     39  661.7         661.7
   20.0  26470  -49.5                         260     37  683.9         683.9
   18.0  27163  -49.0                         260     29  706.5         706.5
   15.2  28274  -48.1                         270     38  744.3         744.3
   14.0  28815  -48.6                         275     43  760.3         760.3
   13.0  29301  -49.1                         265     49  774.9         774.9
   12.0  29827  -49.6                         260     49  791.1         791.1
   11.4  30164  -49.9                         261     43  801.6         801.6
   10.0  31030  -45.5                         265     29  848.6         848.6
    9.3  31516  -43.1                         262     29  875.5         875.5
    9.0  31737  -43.0                         260     29  884.0         884.0
    8.3  32283  -42.9                                     905.2         905.2
</PRE><H3>Station information and sounding indices</H3><PRE>
                         Station identifier: WIII
                             Station number: 96749
                           Observation time: 150707/0000
                           Station latitude: -6.11
                          Station longitude: 106.65
                          Station elevation: 8.0
                            Showalter index: 4.60
                               Lifted index: 3.40
    LIFT computed using virtual temperature: 2.73
                                SWEAT index: 190.41
                                    K index: 22.00
                         Cross totals index: 16.80
                      Vertical totals index: 18.30
                        Totals totals index: 35.10
      Convective Available Potential Energy: 0.69
             CAPE using virtual temperature: 1.57
                      Convective Inhibition: -39.88
             CINS using virtual temperature: -31.70
                           Equilibrum Level: 817.92
 Equilibrum Level using virtual temperature: 817.03
                   Level of Free Convection: 836.01
             LFCT using virtual temperature: 847.67
                     Bulk Richardson Number: 0.04
          Bulk Richardson Number using CAPV: 0.08
  Temp [K] of the Lifted Condensation Level: 291.93
Pres [hPa] of the Lifted Condensation Level: 917.46
   Equivalent potential temp [K] of the LCL: 343.43
     Mean mixed layer potential temperature: 299.22
              Mean mixed layer mixing ratio: 15.13
              1000 hPa to 500 hPa thickness: 5783.00
Precipitable water [mm] for entire sounding: 43.38
</PRE>
<P>Description of the 
<A HREF="/upperair/columns.html">data columns</A>
or <A HREF="/upperair/indices.html">sounding indices</A>.

<P>
<FORM>
<INPUT CLASS="button" TYPE="button" VALUE=" Close this window " 
 onClick="window.close();">
<INPUT CLASS="button" TYPE="button" VALUE=" Select another map " 
 onClick="window.blur();">
</FORM>
<HR SIZE="1">
<I>Interested in graduate studies in atmospheric science?
Check out our program at the
<a href="http://www.uwyo.edu/atsc/howtoapply/"
target=_top>University of Wyoming
</a></I>
<HR SIZE="1"><FONT SIZE="-1">
Questions about the weather data provided by this site can be
addressed to <A HREF="mailto:ldoolman@uwyo.edu">
Larry Oolman (ldoolman@uwyo.edu)</A></FONT>
<HR SIZE="1">
<SCRIPT TYPE="text/javascript">
<!--
window.focus();
// -->
</SCRIPT>
</BODY>
</HTML>
