2015-07-25 12
<HTML>
<TITLE>University of Wyoming - Radiosonde Data</TITLE>
<BODY BGCOLOR="white">
<H2>96749 WIII Jakarta Observations at 00Z 25 Jul 2015</H2>
<PRE>
-----------------------------------------------------------------------------
   PRES   HGHT   TEMP   DWPT   RELH   MIXR   DRCT   SKNT   THTA   THTE   THTV
    hPa     m      C      C      %    g/kg    deg   knot     K      K      K 
-----------------------------------------------------------------------------
 1012.0      8   24.4   21.7     85  16.44    120      5  296.5  344.1  299.4
 1000.0    117   25.0   23.2     90  18.28    110      8  298.1  351.5  301.4
  979.0    303   24.1   21.3     84  16.61     95     14  299.1  347.7  302.0
  958.0    494   23.2   19.4     79  15.03     97     12  300.0  344.2  302.7
  925.0    799   21.0   18.9     88  15.09    100      8  300.8  345.3  303.5
  924.0    808   21.0   19.1     89  15.30    100      8  300.9  346.0  303.6
  914.0    903   21.1   15.7     71  12.41    100      8  301.9  338.8  304.1
  901.0   1027   21.2   11.2     53   9.35     94      8  303.2  331.4  305.0
  883.0   1202   19.9   13.1     65  10.85     85      8  303.7  336.2  305.7
  873.0   1300   19.2   14.2     73  11.79     70      7  303.9  339.3  306.1
  853.0   1500   18.3   11.6     65  10.15     40      6  305.0  335.7  306.9
  850.0   1530   18.2   11.2     64   9.92     40      6  305.2  335.2  307.0
  823.0   1805   17.3    5.1     45   6.75     40      4  307.1  328.0  308.4
  795.0   2100   16.4   -1.4     30   4.37     70      6  309.1  323.1  310.0
  784.0   2219   16.0   -4.0     25   3.64     97      6  310.0  321.7  310.6
  767.0   2404   14.6   -4.6     26   3.56    140      6  310.4  321.9  311.1
  744.0   2661   12.6   -5.4     28   3.45    153      9  310.9  322.1  311.6
  740.0   2705   12.3   -6.1     27   3.28    155     10  311.1  321.8  311.7
  714.0   3003   10.3  -11.1     21   2.31    140      6  312.1  319.8  312.5
  700.0   3168    9.2  -13.8     18   1.89    110      8  312.6  319.0  313.0
  689.0   3297    8.3  -14.0     19   1.89     90      8  313.1  319.5  313.5
  640.0   3899    4.4  -14.9     23   1.88     70     14  315.3  321.7  315.6
  617.0   4197    2.4  -15.4     25   1.88     75     12  316.3  322.7  316.7
  590.0   4562    0.0  -16.0     29   1.87     75     14  317.6  324.0  317.9
  572.0   4811    0.0  -24.6     14   0.92     75     16  320.4  323.7  320.6
  565.0   4909    0.0  -28.0     10   0.68     80     16  321.6  324.1  321.7
  523.0   5524   -3.5  -31.5      9   0.53    115     15  324.5  326.5  324.6
  500.0   5880   -3.5  -34.5      7   0.41    135     14  328.7  330.3  328.8
  492.0   6006   -4.3  -35.3      7   0.39    145     12  329.2  330.8  329.3
  473.0   6308   -6.6  -37.2      7   0.33    125     16  330.1  331.4  330.2
  438.0   6896  -11.2  -41.0      7   0.24    125     17  331.7  332.7  331.7
  421.0   7199  -13.5  -43.0      6   0.21    100     12  332.5  333.3  332.5
  400.0   7590  -16.5  -45.5      6   0.16     95     10  333.5  334.1  333.5
  391.0   7761  -17.3  -46.3      6   0.15    103     12  334.6  335.2  334.6
  389.0   7799  -17.5  -46.6      6   0.15    105     12  334.9  335.5  334.9
  370.0   8174  -19.1  -49.1      5   0.12    121     13  337.5  338.0  337.5
  359.0   8394  -20.9  -50.0      5   0.11    130     14  338.1  338.6  338.1
  330.0   9007  -25.8  -52.5      6   0.09    120     27  339.6  340.0  339.6
  300.0   9700  -31.3  -55.3      8   0.07    130     31  341.1  341.5  341.2
  262.0  10642  -40.1  -59.1     11   0.05    137     30  341.7  341.9  341.7
  250.0  10960  -42.7                         140     29  342.4         342.4
  245.0  11093  -43.8                         140     29  342.8         342.8
  224.0  11683  -48.5                         105     19  344.5         344.5
  204.0  12300  -53.5                          55     17  346.0         346.0
  200.0  12430  -54.5                          50     17  346.3         346.3
  169.0  13472  -62.1                         355     12  350.7         350.7
  153.0  14087  -66.6                           5     12  353.1         353.1
  150.0  14210  -67.5                          35     12  353.6         353.6
  145.0  14410  -68.8                          90     14  354.8         354.8
  125.0  15284  -74.5                         120     37  359.9         359.9
  119.0  15574  -76.3                         110     39  361.6         361.6
  116.0  15725  -77.3                         105     38  362.4         362.4
  104.0  16348  -79.9                          81     36  368.9         368.9
  101.0  16514  -80.7                          75     35  370.6         370.6
  100.0  16570  -80.9                          75     35  371.2         371.2
   91.0  17099  -82.6                          55     29  378.0         378.0
   88.3  17268  -83.1                          50     27  380.2         380.2
   86.0  17417  -81.7                          70     23  386.0         386.0
   82.6  17644  -79.5                          95     30  394.9         394.9
   82.0  17686  -78.0                         100     31  398.7         398.7
   79.4  17873  -71.5                          84     31  415.9         415.9
   78.0  17979  -70.9                          75     31  419.2         419.2
   74.0  18292  -69.0                          85     19  429.5         429.5
   73.7  18317  -68.9                          90     18  430.3         430.3
   71.6  18492  -64.3                         124     15  443.6         443.6
   70.0  18630  -65.3                         150     12  444.4         444.4
   67.0  18893  -67.0                         160     16  446.3         446.3
   60.6  19495  -70.9                         110     19  450.6         450.6
   58.0  19759  -68.5                         100     29  461.8         461.8
   52.7  20337  -63.1                          82     38  487.0         487.0
   52.0  20419  -63.2                          80     39  488.5         488.5
   50.0  20660  -63.7                          70     35  492.9         492.9
   48.1  20897  -63.9                          72     28  498.0         498.0
   45.0  21310  -59.6                          75     17  518.0         518.0
   44.1  21435  -58.3                          17     13  524.1         524.1
   43.0  21595  -58.0                         305      8  528.6         528.6
   39.0  22211  -57.0                         155      6  546.1         546.1
   37.0  22543  -56.5                         350      6  555.8         555.8
   35.7  22769  -56.1                         324      7  562.5         562.5
   32.0  23461  -57.1                         245      8  577.6         577.6
   31.3  23601  -57.3                         248      7  580.8         580.8
   30.0  23870  -55.7                         255      4  592.2         592.2
   29.0  24088  -54.6                         255      4  601.0         601.0
   28.0  24313  -53.5                         285     14  610.1         610.1
   27.0  24547  -52.3                         280     23  619.8         619.8
   26.0  24790  -51.1                         255     21  630.0         630.0
   23.0  25589  -50.3                         275     21  654.9         654.9
   20.0  26500  -49.3                         285     23  684.5         684.5
   18.0  27189  -49.1                         295     33  706.1         706.1
   15.0  28380  -48.7                         270     29  745.1         745.1
   13.0  29315  -48.4                         275     21  777.2         777.2
   12.0  29838  -48.3                         255     19  795.7         795.7
   11.0  30407  -48.1                         245     16  816.4         816.4
   10.0  31030  -47.9                         215      6  839.6         839.6
    9.8  31163  -47.5                         181      6  846.0         846.0
    9.0  31738  -44.4                          40      4  878.8         878.8
    8.0  32533  -40.1                         170     16  926.0         926.0
    7.5  32968  -37.7                                     952.9         952.9
</PRE><H3>Station information and sounding indices</H3><PRE>
                         Station identifier: WIII
                             Station number: 96749
                           Observation time: 150725/0000
                           Station latitude: -6.11
                          Station longitude: 106.65
                          Station elevation: 8.0
                            Showalter index: 5.43
                               Lifted index: 0.46
    LIFT computed using virtual temperature: -0.41
                                SWEAT index: 160.41
                                    K index: 9.90
                         Cross totals index: 14.70
                      Vertical totals index: 21.70
                        Totals totals index: 36.40
      Convective Available Potential Energy: 518.22
             CAPE using virtual temperature: 729.32
                      Convective Inhibition: -105.00
             CINS using virtual temperature: -35.39
                           Equilibrum Level: 194.59
 Equilibrum Level using virtual temperature: 194.33
                   Level of Free Convection: 723.59
             LFCT using virtual temperature: 774.29
                     Bulk Richardson Number: 917.00
          Bulk Richardson Number using CAPV: 1290.54
  Temp [K] of the Lifted Condensation Level: 294.00
Pres [hPa] of the Lifted Condensation Level: 945.91
   Equivalent potential temp [K] of the LCL: 347.51
     Mean mixed layer potential temperature: 298.73
              Mean mixed layer mixing ratio: 16.74
              1000 hPa to 500 hPa thickness: 5763.00
Precipitable water [mm] for entire sounding: 33.05
</PRE>
<P>Description of the 
<A HREF="/upperair/columns.html">data columns</A>
or <A HREF="/upperair/indices.html">sounding indices</A>.

<P>
<FORM>
<INPUT CLASS="button" TYPE="button" VALUE=" Close this window " 
 onClick="window.close();">
<INPUT CLASS="button" TYPE="button" VALUE=" Select another map " 
 onClick="window.blur();">
</FORM>
<HR SIZE="1">
<I>Interested in graduate studies in atmospheric science?
Check out our program at the
<a href="http://www.uwyo.edu/atsc/howtoapply/"
target=_top>University of Wyoming
</a></I>
<HR SIZE="1"><FONT SIZE="-1">
Questions about the weather data provided by this site can be
addressed to <A HREF="mailto:ldoolman@uwyo.edu">
Larry Oolman (ldoolman@uwyo.edu)</A></FONT>
<HR SIZE="1">
<SCRIPT TYPE="text/javascript">
<!--
window.focus();
// -->
</SCRIPT>
</BODY>
</HTML>
