2013-10-13 00
<HTML>
<TITLE>University of Wyoming - Radiosonde Data</TITLE>
<BODY BGCOLOR="white">
<H2>96749 WIII Jakarta Observations at 00Z 13 Oct 2013</H2>
<PRE>
-----------------------------------------------------------------------------
   PRES   HGHT   TEMP   DWPT   RELH   MIXR   DRCT   SKNT   THTA   THTE   THTV
    hPa     m      C      C      %    g/kg    deg   knot     K      K      K 
-----------------------------------------------------------------------------
 1010.0      8   26.4   23.1     82  17.98    210      2  298.7  351.3  301.9
 1000.0    101   25.4   21.5     79  16.44    210      2  298.6  346.6  301.5
  980.0    279   25.0   20.0     74  15.26    215      4  299.9  344.7  302.6
  978.0    297   25.3   20.0     73  15.29    215      4  300.3  345.4  303.1
  973.0    342   26.0   20.0     70  15.37    239      4  301.5  347.0  304.3
  945.0    598   23.8   19.4     76  15.27     15      2  301.8  347.0  304.6
  925.0    786   22.2   19.0     82  15.19    345      6  302.0  347.0  304.8
  913.0    899   21.4   18.3     83  14.74    325     10  302.3  346.1  305.0
  850.0   1517   17.0   14.6     86  12.44    355      6  303.9  341.2  306.2
  828.0   1741   15.8   13.1     84  11.57     15      6  305.0  339.8  307.1
  823.0   1792   15.6   12.1     80  10.89     20      6  305.3  338.2  307.3
  795.0   2086   14.4    6.4     59   7.64     39     10  307.0  330.5  308.4
  794.0   2097   14.3    6.5     59   7.68     40     10  307.1  330.7  308.5
  743.0   2654    9.8    9.2     96   9.92     49      3  308.0  338.4  309.9
  739.0   2699    9.6    8.9     95   9.79     50      2  308.3  338.3  310.1
  713.0   2996    8.6    7.1     90   8.93    115      2  310.3  337.9  312.0
  700.0   3149    8.0    6.1     88   8.51     25      2  311.3  337.8  312.9
  688.0   3290    7.3    4.8     85   7.92    300      2  312.0  336.8  313.5
  663.0   3592    5.7    2.1     78   6.77    260      6  313.6  335.0  314.8
  616.0   4192    2.5   -3.3     66   4.90    255     10  316.6  332.5  317.5
  594.0   4489    0.9   -6.0     60   4.15    300      4  318.1  331.8  318.9
  592.0   4516    0.8   -6.2     59   4.09    300      4  318.2  331.7  319.0
  582.0   4653    0.0   -9.0     51   3.34    300      5  318.8  330.0  319.5
  572.0   4792   -0.7   -5.7     69   4.39    300      5  319.6  334.1  320.4
  563.0   4919   -1.1  -13.1     40   2.49    300      5  320.6  329.1  321.1
  551.0   5090   -2.9   -5.9     80   4.49    300      6  320.4  335.3  321.3
  544.0   5192   -2.3  -19.3     26   1.53    248      7  322.3  327.7  322.6
  532.0   5369   -1.5  -29.5     10   0.63    158      8  325.3  327.7  325.4
  531.0   5384   -1.6  -29.7     10   0.62    150      8  325.4  327.7  325.5
  511.0   5688   -3.3  -33.3      8   0.46    125     16  326.9  328.6  327.0
  500.0   5860   -4.3  -35.3      7   0.38    125     14  327.7  329.2  327.8
  492.0   5986   -5.2  -33.7      9   0.45    125     14  328.1  329.9  328.2
  478.0   6213   -6.9  -30.9     13   0.61     98      8  328.8  331.1  328.9
  474.0   6278   -7.4  -28.6     17   0.77     90      6  328.9  331.8  329.1
  451.0   6664  -10.5  -15.1     69   2.64    200      5  329.8  339.1  330.3
  441.0   6836  -11.5  -15.2     74   2.68    250      4  330.6  340.1  331.1
  438.0   6889  -11.3  -19.3     52   1.91    265      4  331.5  338.4  331.9
  430.0   7030  -11.7  -31.7     17   0.63    207      6  332.8  335.2  332.9
  421.0   7191  -12.9  -34.7     14   0.48    140      8  333.2  335.1  333.3
  400.0   7580  -15.9  -41.9      9   0.24    145     12  334.2  335.2  334.3
  389.0   7784  -17.3  -43.0      9   0.22    145     14  335.1  336.0  335.1
  344.0   8681  -23.4  -47.9      9   0.15     80     16  338.7  339.3  338.7
  331.0   8962  -25.4  -49.4      9   0.13    100     14  339.8  340.4  339.8
  300.0   9680  -30.3  -53.3      9   0.09     95     21  342.6  342.9  342.6
  267.0  10493  -37.0  -57.3     10   0.06     80     16  344.4  344.7  344.4
  256.0  10786  -39.4  -58.7     11   0.05     65     19  345.0  345.2  345.0
  253.0  10869  -40.1  -59.1     11   0.05     67     20  345.1  345.4  345.1
  250.0  10950  -40.7                          70     21  345.4         345.4
  224.0  11678  -47.1                          80     19  346.6         346.6
  200.0  12430  -53.7                          55     14  347.6         347.6
  186.0  12879  -57.4                          30     17  348.8         348.8
  150.0  14210  -68.5                          35     41  351.9         351.9
  126.0  15237  -75.3                          54     71  357.6         357.6
  125.0  15283  -75.5                          55     72  357.9         357.9
  109.0  16067  -79.9                          55     63  364.0         364.0
  101.0  16494  -82.9                          55     58  366.3         366.3
  100.0  16550  -83.3                          55     56  366.5         366.5
   96.0  16776  -84.9                          60     51  367.8         367.8
   95.9  16781  -84.9                          60     51  367.8         367.8
   88.2  17246  -81.7                          83     28  383.1         383.1
   86.8  17337  -76.1                          87     24  396.1         396.1
   86.0  17391  -75.3                          90     21  398.9         398.9
   83.2  17583  -72.3                          62     11  408.7         408.7
   82.0  17669  -72.2                          50      6  410.5         410.5
   78.0  17963  -72.0                         145     10  416.9         416.9
   74.0  18273  -71.8                         280      8  423.8         423.8
   70.0  18600  -71.5                         220     14  431.1         431.1
   64.1  19125  -69.7                          74      7  446.0         446.0
   63.0  19229  -69.1                          45      6  449.6         449.6
   60.0  19524  -67.4                         330     19  459.7         459.7
   58.2  19708  -66.3                         316     22  466.2         466.2
   52.0  20392  -67.0                         265     31  479.7         479.7
   50.0  20630  -67.3                         265     29  484.5         484.5
   45.0  21263  -66.8                         260     29  500.4         500.4
   43.4  21480  -66.7                         281     27  505.9         505.9
   41.0  21828  -61.5                         315     25  527.3         527.3
   40.4  21918  -60.1                         311     25  532.9         532.9
   33.0  23184  -57.9                         250     19  570.4         570.4
   30.0  23780  -56.9                         270     21  588.9         588.9
   25.0  24940  -56.0                         280     33  623.0         623.0
   21.0  26050  -55.1                         255     19  657.4         657.4
   20.0  26360  -54.9                         260     17  667.4         667.4
   19.9  26392  -54.7                         262     17  669.0         669.0
   19.0  26688  -55.3                         285     17  676.0         676.0
   18.0  27033  -56.0                         280     17  684.4         684.4
   17.8  27105  -56.1                         284     17  686.2         686.2
   17.0  27404  -54.1                         300     17  701.8         701.8
   14.2  28577  -46.1                         323     19  765.7         765.7
   14.0  28671  -46.2                         325     19  768.4         768.4
   13.0  29162  -46.8                         315     25  783.0         783.0
   11.0  30269  -48.0                         290     33  816.8         816.8
   10.0  30900  -48.7                         290     27  836.7         836.7
    9.5  31237  -49.1                                     847.5         847.5
</PRE><H3>Station information and sounding indices</H3><PRE>
                         Station identifier: WIII
                             Station number: 96749
                           Observation time: 131013/0000
                           Station latitude: -6.11
                          Station longitude: 106.65
                          Station elevation: 8.0
                            Showalter index: 2.10
                               Lifted index: -0.01
    LIFT computed using virtual temperature: -0.86
                                SWEAT index: 201.21
                                    K index: 34.00
                         Cross totals index: 18.90
                      Vertical totals index: 21.30
                        Totals totals index: 40.20
      Convective Available Potential Energy: 310.07
             CAPE using virtual temperature: 459.22
                      Convective Inhibition: -47.34
             CINS using virtual temperature: -39.90
                           Equilibrum Level: 291.99
 Equilibrum Level using virtual temperature: 275.16
                   Level of Free Convection: 830.62
             LFCT using virtual temperature: 853.83
                     Bulk Richardson Number: 201.33
          Bulk Richardson Number using CAPV: 298.17
  Temp [K] of the Lifted Condensation Level: 292.64
Pres [hPa] of the Lifted Condensation Level: 916.10
   Equivalent potential temp [K] of the LCL: 346.59
     Mean mixed layer potential temperature: 300.08
              Mean mixed layer mixing ratio: 15.86
              1000 hPa to 500 hPa thickness: 5759.00
Precipitable water [mm] for entire sounding: 48.83
</PRE>
<P>Description of the 
<A HREF="/upperair/columns.html">data columns</A>
or <A HREF="/upperair/indices.html">sounding indices</A>.

<P>
<FORM>
<INPUT CLASS="button" TYPE="button" VALUE=" Close this window " 
 onClick="window.close();">
<INPUT CLASS="button" TYPE="button" VALUE=" Select another map " 
 onClick="window.blur();">
</FORM>
<HR SIZE="1">
<I>Interested in graduate studies in atmospheric science?
Check out our program at the
<a href="http://www.uwyo.edu/atsc/howtoapply/"
target=_top>University of Wyoming
</a></I>
<HR SIZE="1"><FONT SIZE="-1">
Questions about the weather data provided by this site can be
addressed to <A HREF="mailto:ldoolman@uwyo.edu">
Larry Oolman (ldoolman@uwyo.edu)</A></FONT>
<HR SIZE="1">
<SCRIPT TYPE="text/javascript">
<!--
window.focus();
// -->
</SCRIPT>
</BODY>
</HTML>
