2014-11-16 12
<HTML>
<TITLE>University of Wyoming - Radiosonde Data</TITLE>
<BODY BGCOLOR="white">
<H2>96749 WIII Jakarta Observations at 00Z 16 Nov 2014</H2>
<PRE>
-----------------------------------------------------------------------------
   PRES   HGHT   TEMP   DWPT   RELH   MIXR   DRCT   SKNT   THTA   THTE   THTV
    hPa     m      C      C      %    g/kg    deg   knot     K      K      K 
-----------------------------------------------------------------------------
 1008.0      8   25.4   24.2     93  19.29     50      2  297.9  354.1  301.3
 1000.0     84   26.0   22.3     80  17.28     55      4  299.1  349.8  302.2
  976.0    297   24.8   21.0     79  16.29     65      6  300.0  347.9  303.0
  943.0    600   23.1   19.1     78  14.95     50      6  301.3  345.5  304.0
  925.0    769   22.2   18.0     77  14.24     55      6  302.0  344.3  304.6
  911.0    902   21.5   16.8     74  13.37     65      6  302.6  342.4  305.0
  909.0    921   21.4   16.6     74  13.25     64      6  302.7  342.1  305.1
  880.0   1201   19.7   15.7     78  12.89     55      6  303.7  342.3  306.1
  850.0   1500   17.8   14.7     82  12.52     75      6  304.8  342.4  307.1
  821.0   1794   16.3   13.1     82  11.69     30      8  306.2  341.6  308.4
  792.0   2098   14.7   11.5     81  10.88     45      6  307.7  340.8  309.7
  738.0   2695   11.6    8.3     80   9.40     15      6  310.5  339.7  312.3
  712.0   2999   10.0    6.7     80   8.71     40      4  312.0  339.2  313.6
  709.0   3035    9.8    6.5     80   8.63     36      4  312.2  339.1  313.8
  700.0   3141    9.0    6.8     86   8.93     25      4  312.4  340.3  314.1
  687.0   3294    8.1    6.1     87   8.67     10      6  313.1  340.3  314.8
  662.0   3597    6.4    4.7     89   8.17      0     10  314.5  340.3  316.1
  638.0   3899    4.7    3.3     91   7.69    320     10  315.9  340.4  317.4
  615.0   4199    3.0    2.0     93   7.23    300     14  317.3  340.5  318.6
  577.0   4721    0.0   -0.4     97   6.48    304     16  319.6  340.7  320.9
  571.0   4804   -0.4   -0.9     97   6.33    305     16  320.1  340.8  321.3
  550.0   5102   -1.8   -2.5     95   5.82    325     12  321.9  341.0  323.0
  500.0   5860   -5.5   -6.7     91   4.66    320     16  326.3  342.0  327.2
  472.0   6305   -8.1   -9.9     87   3.85    315     16  328.4  341.7  329.2
  454.0   6606   -9.9  -12.0     84   3.38    325     17  329.9  341.7  330.6
  410.0   7393  -14.5  -17.6     77   2.35    285     13  333.7  342.2  334.2
  400.0   7580  -15.5  -19.1     74   2.12    275     12  334.8  342.5  335.2
  388.0   7807  -16.9  -22.1     64   1.69    270      8  335.9  342.1  336.2
  373.0   8101  -18.7  -26.0     53   1.24    210      6  337.3  341.9  337.5
  354.0   8490  -21.1  -31.1     40   0.81    226     10  339.1  342.3  339.3
  349.0   8595  -21.3  -27.3     58   1.17    231     11  340.2  344.7  340.5
  344.0   8700  -22.0  -30.1     48   0.92    235     12  340.7  344.2  340.9
  328.0   9049  -24.3  -39.3     24   0.39    242     15  342.2  343.8  342.3
  305.0   9572  -28.7  -41.7     28   0.32    253     20  343.2  344.5  343.3
  300.0   9690  -29.7  -51.7     10   0.11    255     21  343.4  343.9  343.4
  298.0   9738  -30.1  -49.1     14   0.15    255     20  343.5  344.1  343.5
  279.0  10200  -34.2  -47.0     26   0.20    260     14  344.1  345.0  344.2
  268.0  10483  -36.7  -45.7     39   0.24    279     13  344.4  345.5  344.5
  256.0  10798  -39.4  -50.0     32   0.15    300     12  345.0  345.7  345.0
  253.0  10879  -40.1  -51.1     30   0.14    302     13  345.1  345.7  345.2
  250.0  10960  -40.7                         305     14  345.4         345.4
  200.0  12440  -53.9                         325     17  347.2         347.2
  195.0  12597  -55.2                         330     17  347.8         347.8
  177.0  13196  -60.0                         300     25  349.6         349.6
  161.0  13782  -64.8                         305     33  351.2         351.2
  150.0  14220  -68.3                         295     31  352.2         352.2
  138.0  14704  -72.0                         275     25  354.2         354.2
  125.0  15279  -76.4                         295     21  356.4         356.4
  114.0  15815  -80.5                         278     28  358.3         358.3
  112.0  15914  -80.7                         275     29  359.8         359.8
  106.0  16224  -81.1                         265     16  364.6         364.6
  104.0  16331  -81.3                         247     14  366.3         366.3
  101.0  16494  -82.0                         220     12  367.9         367.9
  100.0  16550  -82.3                         215     12  368.5         368.5
   95.0  16836  -84.0                         195     12  370.6         370.6
   93.0  16955  -84.7                         180     10  371.5         371.5
   90.0  17139  -83.9                          75      4  376.6         376.6
   81.5  17694  -81.3                          33     24  392.7         392.7
   81.0  17730  -80.8                          30     25  394.4         394.4
   76.7  18042  -76.7                         341     24  409.1         409.1
   72.8  18343  -77.7                         295     24  413.2         413.2
   70.0  18570  -74.9                         260     23  423.8         423.8
   69.0  18654  -74.7                         255     23  426.0         426.0
   66.0  18912  -74.1                         250     14  432.7         432.7
   60.9  19379  -73.1                         293     15  445.0         445.0
   59.0  19564  -73.0                         310     16  449.2         449.2
   56.0  19869  -72.9                         285     17  456.2         456.2
   55.4  19932  -72.9                         267     14  457.7         457.7
   54.0  20083  -70.4                         225      8  466.9         466.9
   53.2  20171  -68.9                         200     10  472.3         472.3
   51.0  20422  -69.0                         130     14  477.7         477.7
   50.0  20540  -69.1                         125     17  480.2         480.2
   45.8  21065  -69.7                         101     36  491.0         491.0
   44.0  21310  -67.9                          90     45  501.0         501.0
   38.0  22206  -61.4                          90     60  539.1         539.1
   37.8  22238  -61.1                          90     60  540.5         540.5
   37.1  22352  -60.3                          88     60  545.5         545.5
   36.0  22542  -59.8                          85     60  551.5         551.5
   30.0  23690  -56.9                          85     56  588.9         588.9
   26.0  24611  -54.4                          90     52  620.5         620.5
   20.0  26300  -49.9                          90     52  682.7         682.7
   19.0  26637  -49.0                          85     52  695.6         695.6
   17.9  27028  -47.9                                     711.0         711.0
</PRE><H3>Station information and sounding indices</H3><PRE>
                         Station identifier: WIII
                             Station number: 96749
                           Observation time: 141116/0000
                           Station latitude: -6.11
                          Station longitude: 106.65
                          Station elevation: 8.0
                            Showalter index: 0.42
                               Lifted index: -1.88
    LIFT computed using virtual temperature: -2.08
                                SWEAT index: 204.41
                                    K index: 35.80
                         Cross totals index: 20.20
                      Vertical totals index: 23.30
                        Totals totals index: 43.50
      Convective Available Potential Energy: 451.76
             CAPE using virtual temperature: 532.03
                      Convective Inhibition: -51.40
             CINS using virtual temperature: -32.73
                           Equilibrum Level: 193.14
 Equilibrum Level using virtual temperature: 193.07
                   Level of Free Convection: 789.53
             LFCT using virtual temperature: 833.68
                     Bulk Richardson Number: 96.31
          Bulk Richardson Number using CAPV: 113.42
  Temp [K] of the Lifted Condensation Level: 293.58
Pres [hPa] of the Lifted Condensation Level: 929.37
   Equivalent potential temp [K] of the LCL: 348.41
     Mean mixed layer potential temperature: 299.81
              Mean mixed layer mixing ratio: 16.60
              1000 hPa to 500 hPa thickness: 5776.00
Precipitable water [mm] for entire sounding: 57.97
</PRE>
<P>Description of the 
<A HREF="/upperair/columns.html">data columns</A>
or <A HREF="/upperair/indices.html">sounding indices</A>.

<P>
<FORM>
<INPUT CLASS="button" TYPE="button" VALUE=" Close this window " 
 onClick="window.close();">
<INPUT CLASS="button" TYPE="button" VALUE=" Select another map " 
 onClick="window.blur();">
</FORM>
<HR SIZE="1">
<I>Interested in graduate studies in atmospheric science?
Check out our program at the
<a href="http://www.uwyo.edu/atsc/howtoapply/"
target=_top>University of Wyoming
</a></I>
<HR SIZE="1"><FONT SIZE="-1">
Questions about the weather data provided by this site can be
addressed to <A HREF="mailto:ldoolman@uwyo.edu">
Larry Oolman (ldoolman@uwyo.edu)</A></FONT>
<HR SIZE="1">
<SCRIPT TYPE="text/javascript">
<!--
window.focus();
// -->
</SCRIPT>
</BODY>
</HTML>
