2015-09-02 00
<HTML>
<TITLE>University of Wyoming - Radiosonde Data</TITLE>
<BODY BGCOLOR="white">
<H2>96749 WIII Jakarta Observations at 00Z 02 Sep 2015</H2>
<PRE>
-----------------------------------------------------------------------------
   PRES   HGHT   TEMP   DWPT   RELH   MIXR   DRCT   SKNT   THTA   THTE   THTV
    hPa     m      C      C      %    g/kg    deg   knot     K      K      K 
-----------------------------------------------------------------------------
 1011.0      8   23.2   20.3     84  15.07    250      2  295.4  338.9  298.1
 1000.0    109   23.6   18.6     74  13.67    220      4  296.8  336.4  299.2
  987.0    224   24.6   20.3     77  15.44    185      5  298.9  344.0  301.6
  978.0    304   24.1   19.7     76  15.00    160      6  299.1  343.1  301.8
  946.0    594   22.2   17.5     74  13.47    115     10  300.1  339.8  302.5
  925.0    790   21.0   16.0     73  12.51    105     16  300.8  337.8  303.0
  914.0    893   20.4   14.4     69  11.45    105     17  301.1  335.1  303.2
  901.0   1017   19.6   12.6     64  10.27    102     17  301.6  332.2  303.5
  850.0   1516   15.4   13.1     86  11.27     90     17  302.3  335.8  304.3
  822.0   1800   13.3   11.9     91  10.75     85     19  303.0  335.2  305.0
  820.0   1821   13.2   11.8     91  10.71     83     19  303.1  335.1  305.0
  794.0   2093   14.6   -0.4     36   4.70     61     17  307.4  322.1  308.2
  793.0   2103   14.7   -0.8     34   4.56     60     17  307.5  321.9  308.4
  790.0   2135   14.8   -2.2     31   4.14     59     17  308.0  321.1  308.8
  761.0   2451   13.4   -7.6     23   2.85     45     12  309.8  319.1  310.3
  739.0   2697   14.0  -16.0     11   1.49     35      8  313.1  318.2  313.4
  713.0   2998   12.6  -20.8      8   1.03    200      2  314.7  318.3  314.9
  700.0   3152   11.8  -23.2      7   0.85    225      4  315.5  318.6  315.7
  688.0   3296   10.7  -19.1     11   1.23    250      4  315.9  320.2  316.1
  666.0   3566    8.6  -11.4     23   2.41    333      4  316.4  324.6  316.9
  663.0   3603    8.3  -11.4     23   2.42    345      4  316.5  324.6  316.9
  616.0   4202    2.6  -11.8     34   2.52      5     10  316.7  325.2  317.2
  595.0   4484    0.0  -12.0     40   2.57      5      8  316.8  325.5  317.3
  594.0   4498    0.4  -16.1     28   1.84      5      8  317.4  323.8  317.8
  593.0   4511    0.8  -20.2     19   1.30      7      8  318.1  322.6  318.3
  572.0   4799   -0.2  -24.4     14   0.93     50      6  320.1  323.5  320.3
  530.0   5406   -2.4  -33.3      7   0.44     75      8  324.6  326.2  324.6
  500.0   5870   -4.1  -40.1      4   0.23     60     16  328.0  328.9  328.0
  491.0   6012   -4.8  -41.2      4   0.21     55     17  328.8  329.6  328.8
  457.0   6571   -7.7  -45.7      3   0.14     74     16  332.0  332.6  332.0
  455.0   6605   -7.9  -45.7      3   0.14     75     16  332.1  332.7  332.2
  405.0   7495  -14.1  -44.8      5   0.18     75     12  335.4  336.2  335.5
  400.0   7590  -14.7  -44.7      6   0.18     75     12  335.8  336.6  335.8
  374.0   8086  -18.1  -46.9      6   0.15     80      6  337.8  338.5  337.9
  359.0   8388  -20.1  -48.2      6   0.14    105      6  339.0  339.6  339.1
  345.0   8682  -22.1  -49.4      6   0.12    155      6  340.2  340.7  340.2
  317.0   9306  -26.4  -52.2      7   0.10    205     10  342.6  343.1  342.6
  304.0   9615  -28.5  -53.5      7   0.09    175     10  343.8  344.2  343.8
  300.0   9710  -29.5  -53.5      8   0.09    165     10  343.7  344.1  343.7
  292.0   9899  -31.4  -54.1      9   0.08    150     10  343.6  344.0  343.7
  268.0  10499  -37.4  -56.2     12   0.07    140     10  343.4  343.7  343.4
  258.0  10765  -40.1  -57.1     15   0.07    118     10  343.2  343.5  343.2
  250.0  10980  -41.9                         100     10  343.6         343.6
  245.0  11112  -43.1                          85     10  343.9         343.9
  234.0  11413  -45.7                          75     17  344.4         344.4
  204.0  12310  -53.6                         150     12  345.8         345.8
  200.0  12440  -54.7                         135     12  346.0         346.0
  195.0  12598  -55.8                         110     10  346.8         346.8
  177.0  13200  -60.0                         110      8  349.6         349.6
  169.0  13488  -62.0                          70     10  351.0         351.0
  161.0  13790  -64.0                         100     12  352.4         352.4
  150.0  14230  -67.1                          85     16  354.3         354.3
  146.0  14390  -68.2                          80     16  355.1         355.1
  139.0  14680  -70.2                          85     16  356.6         356.6
  125.0  15308  -74.6                          20     19  359.7         359.7
  124.0  15355  -74.9                          20     19  359.9         359.9
  119.0  15592  -75.7                          20     21  362.8         362.8
  113.0  15889  -76.6                         345     12  366.4         366.4
  107.0  16202  -77.6                         340      6  370.3         370.3
  102.0  16477  -78.5                         110      2  373.7         373.7
  101.0  16533  -78.4                         120      2  374.9         374.9
  100.0  16590  -78.3                         130      4  376.2         376.2
   91.0  17132  -77.5                         190     10  388.1         388.1
   82.0  17730  -76.6                         110      8  401.7         401.7
   79.4  17916  -76.3                         105     10  405.9         405.9
   70.7  18591  -73.1                          87     16  426.5         426.5
   70.0  18650  -71.7                          85     17  430.7         430.7
   68.7  18761  -69.3                          90     16  438.1         438.1
   61.0  19473  -68.4                         120     10  455.2         455.2
   58.0  19775  -68.0                          80     10  462.7         462.7
   56.8  19901  -67.9                          80     10  465.8         465.8
   55.0  20095  -67.0                          80     10  472.2         472.2
   52.7  20353  -65.7                          19     13  481.0         481.0
   51.8  20459  -60.3                         355     14  495.9         495.9
   50.0  20680  -59.9                         305     17  501.9         501.9
   47.0  21067  -59.9                         250     16  511.0         511.0
   45.0  21340  -59.8                         285     17  517.5         517.5
   39.0  22236  -59.7                         265     35  539.4         539.4
   36.0  22737  -59.6                         255     35  552.0         552.0
   34.0  23095  -59.6                         255     35  561.2         561.2
   31.1  23653  -59.5                         236     18  575.9         575.9
   31.0  23674  -59.4                         235     17  576.8         576.8
   30.0  23880  -57.9                         255     16  586.2         586.2
   28.0  24321  -54.1                         290     16  608.4         608.4
   27.1  24530  -52.3                         286     23  619.2         619.2
   26.0  24799  -52.2                         280     31  626.9         626.9
   24.0  25318  -52.0                         245     29  642.0         642.0
   23.0  25594  -51.9                         240     21  650.2         650.2
   21.0  26184  -51.6                         270     21  668.0         668.0
   20.0  26500  -51.5                         265     19  677.8         677.8
   18.0  27188  -50.2                         280     12  702.7         702.7
   17.0  27561  -49.5                         295     17  716.5         716.5
   16.0  27957  -48.7                                     731.5         731.5
</PRE><H3>Station information and sounding indices</H3><PRE>
                         Station identifier: WIII
                             Station number: 96749
                           Observation time: 150902/0000
                           Station latitude: -6.11
                          Station longitude: 106.65
                          Station elevation: 8.0
                            Showalter index: 4.56
                               Lifted index: 2.44
    LIFT computed using virtual temperature: 1.72
                                SWEAT index: 207.20
                                    K index: -2.40
                         Cross totals index: 17.20
                      Vertical totals index: 19.50
                        Totals totals index: 36.70
      Convective Available Potential Energy: 9.62
             CAPE using virtual temperature: 38.51
                      Convective Inhibition: -54.84
             CINS using virtual temperature: -40.76
                           Equilibrum Level: 584.77
 Equilibrum Level using virtual temperature: 551.70
                   Level of Free Convection: 846.12
             LFCT using virtual temperature: 855.89
                     Bulk Richardson Number: 0.91
          Bulk Richardson Number using CAPV: 3.64
  Temp [K] of the Lifted Condensation Level: 291.43
Pres [hPa] of the Lifted Condensation Level: 921.41
   Equivalent potential temp [K] of the LCL: 340.81
     Mean mixed layer potential temperature: 298.34
              Mean mixed layer mixing ratio: 14.59
              1000 hPa to 500 hPa thickness: 5761.00
Precipitable water [mm] for entire sounding: 31.67
</PRE>
<P>Description of the 
<A HREF="/upperair/columns.html">data columns</A>
or <A HREF="/upperair/indices.html">sounding indices</A>.

<P>
<FORM>
<INPUT CLASS="button" TYPE="button" VALUE=" Close this window " 
 onClick="window.close();">
<INPUT CLASS="button" TYPE="button" VALUE=" Select another map " 
 onClick="window.blur();">
</FORM>
<HR SIZE="1">
<I>Interested in graduate studies in atmospheric science?
Check out our program at the
<a href="http://www.uwyo.edu/atsc/howtoapply/"
target=_top>University of Wyoming
</a></I>
<HR SIZE="1"><FONT SIZE="-1">
Questions about the weather data provided by this site can be
addressed to <A HREF="mailto:ldoolman@uwyo.edu">
Larry Oolman (ldoolman@uwyo.edu)</A></FONT>
<HR SIZE="1">
<SCRIPT TYPE="text/javascript">
<!--
window.focus();
// -->
</SCRIPT>
</BODY>
</HTML>
