2015-11-22 12
<HTML>
<TITLE>University of Wyoming - Radiosonde Data</TITLE>
<BODY BGCOLOR="white">
<H2>96749 WIII Jakarta Observations at 00Z 22 Nov 2015</H2>
<PRE>
-----------------------------------------------------------------------------
   PRES   HGHT   TEMP   DWPT   RELH   MIXR   DRCT   SKNT   THTA   THTE   THTV
    hPa     m      C      C      %    g/kg    deg   knot     K      K      K 
-----------------------------------------------------------------------------
 1008.0      8   25.2   23.6     91  18.59    220      5  297.7  351.8  301.0
 1000.0     79   25.4   21.7     80  16.64    215      4  298.6  347.2  301.5
  988.0    186   27.0   22.0     74  17.17    205      4  301.2  351.9  304.3
  975.0    302   26.2   21.6     76  16.97    195      4  301.5  351.7  304.5
  943.0    596   24.0   20.6     81  16.47    120      6  302.2  351.1  305.2
  925.0    766   22.8   20.0     84  16.19    120      6  302.6  350.7  305.6
  911.0    898   22.0   19.3     85  15.70    125      6  303.1  349.9  305.9
  880.0   1198   20.1   17.6     86  14.64    110     10  304.1  348.0  306.8
  850.0   1498   18.2   16.0     87  13.64    120     10  305.2  346.2  307.7
  848.0   1518   18.4   15.8     85  13.49    119     10  305.6  346.3  308.1
  792.0   2102   15.8    7.6     58   8.34     95     10  308.9  334.6  310.4
  775.0   2287   15.0    5.0     51   7.10     89     11  309.9  332.1  311.2
  765.0   2397   14.9    2.0     42   5.79     85     12  310.9  329.3  312.0
  758.0   2475   14.8   -0.2     36   5.00     88     12  311.7  327.6  312.6
  713.0   2991   11.6    6.7     72   8.71    109     10  313.6  341.0  315.3
  700.0   3145   11.2    2.2     54   6.45    115     10  314.9  335.5  316.1
  687.0   3301   10.5    0.5     50   5.82    115     12  315.8  334.5  316.9
  674.0   3461    9.8   -1.2     46   5.23    116     11  316.7  333.7  317.7
  667.0   3548    9.2    0.2     53   5.86    117     11  317.0  335.9  318.1
  660.0   3635    9.6  -20.4     10   1.15    118     11  318.4  322.5  318.6
  639.0   3902    7.5   -9.6     29   2.89    120     10  318.9  328.7  319.5
  623.0   4111    5.8   -1.2     61   5.66    106     11  319.3  337.8  320.4
  616.0   4204    5.3   -3.3     54   4.89    100     12  319.8  336.0  320.8
  602.0   4392    4.4   -7.6     41   3.60    103     11  320.9  333.0  321.6
  556.0   5035    0.0   -4.8     70   4.84    114      8  323.0  339.2  324.0
  531.0   5401   -1.9   -6.8     69   4.34    120      6  325.0  339.6  325.8
  500.0   5880   -4.5   -9.5     68   3.74    100      6  327.5  340.3  328.2
  456.0   6596   -9.1  -14.1     67   2.85     65      6  330.5  340.6  331.1
  441.0   6857  -10.7  -15.7     67   2.57     74      2  331.6  340.7  332.1
  439.0   6891  -10.9  -15.8     68   2.57     75      2  331.8  340.9  332.3
  422.0   7193  -12.9  -16.3     76   2.56    305      2  332.9  342.1  333.4
  411.0   7394  -14.3  -16.6     83   2.56     44      3  333.7  342.9  334.2
  406.0   7487  -13.9  -24.5     40   1.30     90      4  335.4  340.3  335.7
  404.0   7525  -13.7  -27.7     30   0.98     88      4  336.1  339.9  336.3
  400.0   7600  -13.9  -29.9     25   0.80     85      4  336.8  339.9  337.0
  390.0   7791  -15.0  -29.1     29   0.88     80      6  337.8  341.2  338.0
  379.0   8007  -16.3  -28.3     35   0.99    109      7  338.9  342.7  339.1
  365.0   8289  -18.5  -42.5     10   0.25    146      8  339.6  340.7  339.7
  360.0   8390  -19.2  -42.3     11   0.26    160      8  340.0  341.1  340.0
  318.0   9300  -25.8  -40.4     24   0.35    150      6  343.1  344.6  343.2
  315.0   9370  -26.3  -40.3     26   0.36    156      6  343.4  344.9  343.4
  306.0   9578  -28.1  -37.9     38   0.48    175      4  343.7  345.7  343.8
  300.0   9720  -29.3  -36.3     51   0.57    165      4  344.0  346.3  344.1
  293.0   9887  -30.8  -38.2     48   0.49    150      6  344.2  346.2  344.3
  283.0  10133  -32.9  -40.9     45   0.38    104      6  344.6  346.2  344.7
  281.0  10182  -33.1  -48.1     21   0.18     95      6  345.0  345.8  345.0
  258.0  10773  -38.4  -50.4     27   0.15     70      8  345.7  346.4  345.8
  251.0  10963  -40.1  -51.1     30   0.14     79      6  345.9  346.5  345.9
  250.0  10990  -40.1                          80      6  346.3         346.3
  236.0  11372  -43.4                         110      2  347.1         347.1
  226.0  11659  -45.8                          75      2  347.7         347.7
  216.0  11960  -48.4                         105      4  348.3         348.3
  200.0  12470  -52.7                          45      6  349.1         349.1
  188.0  12855  -56.0                           0      8  350.1         350.1
  163.0  13743  -63.5                          75     10  352.0         352.0
  150.0  14260  -67.9                          85     10  352.9         352.9
  133.0  14966  -73.2                         115     17  355.8         355.8
  120.0  15570  -77.8                          75     23  358.0         358.0
  116.0  15769  -79.3                          76     23  358.7         358.7
  104.0  16388  -81.3                          80     25  366.3         366.3
  102.0  16498  -81.0                          80     25  368.9         368.9
  100.0  16610  -80.7                          70     25  371.6         371.6
   92.0  17079  -80.1                          30     19  381.6         381.6
   91.6  17104  -80.1                          24     19  382.2         382.2
   89.6  17229  -76.3                         355     17  392.2         392.2
   87.0  17397  -76.5                         315     14  395.0         395.0
   83.0  17666  -76.9                         270     14  399.6         399.6
   75.0  18246  -77.7                         230     17  409.6         409.6
   70.0  18640  -78.3                         245     17  416.6         416.6
   67.0  18893  -75.0                         245     16  428.9         428.9
   66.0  18979  -73.9                         225     13  433.2         433.2
   64.0  19159  -74.0                         185      8  436.9         436.9
   61.0  19438  -74.1                         165      2  442.7         442.7
   60.2  19515  -74.1                         172      2  444.3         444.3
   58.0  19736  -69.6                         190      2  459.1         459.1
   56.8  19860  -67.1                         131      2  467.6         467.6
   55.0  20054  -67.0                          40      2  472.3         472.3
   52.0  20393  -66.7                         180      2  480.5         480.5
   50.0  20630  -66.5                         200      8  486.4         486.4
   47.0  21006  -66.0                         160     12  496.2         496.2
   45.0  21271  -65.7                         175      8  503.2         503.2
   43.0  21550  -64.4                         260      4  512.8         512.8
   41.0  21843  -63.1                         255      2  523.1         523.1
   39.5  22072  -62.1                         292      5  531.3         531.3
   39.0  22151  -62.0                         305      6  533.5         533.5
   37.0  22479  -61.5                         325     12  542.8         542.8
   34.0  23005  -60.8                         285     17  558.0         558.0
   32.0  23383  -60.3                         300     12  569.1         569.1
   30.0  23790  -56.1                         255     12  591.1         591.1
   29.4  23918  -54.7                         243     11  598.4         598.4
   29.0  24005  -54.8                         235     10  600.4         600.4
   27.0  24457  -55.4                         275     17  611.2         611.2
   22.0  25753  -57.0                         245     17  643.1         643.1
   21.3  25958  -57.3                         269     15  648.3         648.3
   21.0  26048  -55.8                         280     14  655.4         655.4
   20.3  26264  -52.3                         280     19  672.5         672.5
   20.0  26360  -52.3                         280     21  675.3         675.3
   17.0  27412  -51.9                         270     25  708.6         708.6
   16.7  27527  -51.9                         254     21  712.3         712.3
   16.0  27807  -50.5                         215     12  725.6         725.6
   14.5  28451  -47.3                         211     25  757.1         757.1
   14.0  28683  -47.6                         210     29  763.6         763.6
   13.0  29171  -48.3                         160     21  777.7         777.7
   12.7  29325  -48.5                                     782.1         782.1
</PRE><H3>Station information and sounding indices</H3><PRE>
                         Station identifier: WIII
                             Station number: 96749
                           Observation time: 151122/0000
                           Station latitude: -6.11
                          Station longitude: 106.65
                          Station elevation: 8.0
                            Showalter index: -0.05
                               Lifted index: -1.72
    LIFT computed using virtual temperature: -2.14
                                SWEAT index: 218.01
                                    K index: 29.70
                         Cross totals index: 20.50
                      Vertical totals index: 22.70
                        Totals totals index: 43.20
      Convective Available Potential Energy: 453.30
             CAPE using virtual temperature: 579.54
                      Convective Inhibition: -94.34
             CINS using virtual temperature: -37.77
                           Equilibrum Level: 185.32
 Equilibrum Level using virtual temperature: 185.08
                   Level of Free Convection: 632.55
             LFCT using virtual temperature: 821.45
                     Bulk Richardson Number: 48.39
          Bulk Richardson Number using CAPV: 61.86
  Temp [K] of the Lifted Condensation Level: 293.87
Pres [hPa] of the Lifted Condensation Level: 922.75
   Equivalent potential temp [K] of the LCL: 350.76
     Mean mixed layer potential temperature: 300.71
              Mean mixed layer mixing ratio: 17.00
              1000 hPa to 500 hPa thickness: 5801.00
Precipitable water [mm] for entire sounding: 50.87
</PRE>
<P>Description of the 
<A HREF="/upperair/columns.html">data columns</A>
or <A HREF="/upperair/indices.html">sounding indices</A>.

<P>
<FORM>
<INPUT CLASS="button" TYPE="button" VALUE=" Close this window " 
 onClick="window.close();">
<INPUT CLASS="button" TYPE="button" VALUE=" Select another map " 
 onClick="window.blur();">
</FORM>
<HR SIZE="1">
<I>Interested in graduate studies in atmospheric science?
Check out our program at the
<a href="http://www.uwyo.edu/atsc/howtoapply/"
target=_top>University of Wyoming
</a></I>
<HR SIZE="1"><FONT SIZE="-1">
Questions about the weather data provided by this site can be
addressed to <A HREF="mailto:ldoolman@uwyo.edu">
Larry Oolman (ldoolman@uwyo.edu)</A></FONT>
<HR SIZE="1">
<SCRIPT TYPE="text/javascript">
<!--
window.focus();
// -->
</SCRIPT>
</BODY>
</HTML>
