2015-08-17 00
<HTML>
<TITLE>University of Wyoming - Radiosonde Data</TITLE>
<BODY BGCOLOR="white">
<H2>96749 WIII Jakarta Observations at 00Z 17 Aug 2015</H2>
<PRE>
-----------------------------------------------------------------------------
   PRES   HGHT   TEMP   DWPT   RELH   MIXR   DRCT   SKNT   THTA   THTE   THTV
    hPa     m      C      C      %    g/kg    deg   knot     K      K      K 
-----------------------------------------------------------------------------
 1013.0      8   25.6   23.3     87  18.15    250      2  297.6  350.5  300.9
 1000.0    124   25.4   21.5     79  16.44    210      2  298.6  346.6  301.5
  980.0    301   24.1   20.7     81  15.92    150      4  298.9  345.5  301.8
  947.0    600   21.8   19.3     86  15.08    100      6  299.5  343.8  302.2
  925.0    806   20.2   18.3     89  14.52    100      6  300.0  342.6  302.6
  915.0    899   19.6   17.9     90  14.29    100      6  300.2  342.3  302.8
  884.0   1195   17.5   16.5     94  13.57    205      4  301.1  341.2  303.5
  850.0   1532   15.2   15.0     99  12.77    195      8  302.1  340.0  304.4
  843.0   1602   14.6   14.4     99  12.38    190      9  302.1  338.9  304.4
  838.0   1653   14.6   11.0     79   9.93    186     10  302.6  332.4  304.5
  833.0   1704   17.4   13.5     78  11.81    182     11  306.1  341.9  308.3
  824.0   1796   17.1   10.5     65   9.76    175     12  306.7  336.4  308.5
  795.0   2101   15.9    0.6     35   5.05    130     12  308.6  324.5  309.6
  764.0   2439   14.6  -10.4     17   2.28     99     16  310.8  318.3  311.2
  741.0   2694   12.7   -9.5     20   2.52     75     19  311.4  319.8  311.9
  700.0   3170    9.2   -7.8     29   3.05     80     27  312.6  322.7  313.2
  640.0   3903    3.6  -18.1     19   1.45     85     21  314.4  319.4  314.6
  636.0   3954    3.2  -18.8     18   1.37     88     21  314.5  319.2  314.8
  617.0   4198    2.1  -22.0     15   1.07    100     19  315.9  319.7  316.2
  583.0   4654    0.0  -28.0     10   0.66     98     27  318.7  321.1  318.8
  542.0   5235   -2.1  -20.1     24   1.44     96     36  322.9  328.0  323.2
  531.0   5397   -3.6  -19.9     27   1.50     95     39  323.0  328.3  323.3
  523.0   5517   -4.7  -19.7     30   1.54     98     37  323.1  328.5  323.4
  504.0   5807   -4.7  -25.7     18   0.94    104     32  326.5  330.0  326.7
  500.0   5870   -5.1  -26.1     17   0.91    105     31  326.8  330.1  326.9
  473.0   6302   -7.8  -32.4     12   0.54    110     31  328.6  330.7  328.7
  442.0   6828  -11.1  -40.1      7   0.26     92     27  330.9  332.0  330.9
  438.0   6898  -11.4  -40.8      7   0.25     90     27  331.3  332.3  331.4
  400.0   7590  -14.9  -47.9      4   0.13     90     25  335.5  336.1  335.6
  374.0   8092  -18.5  -48.1      6   0.13    105     21  337.3  337.8  337.3
  355.0   8482  -21.3  -48.3      7   0.14    115     21  338.6  339.1  338.6
  345.0   8689  -23.0  -49.1      7   0.13    120     21  339.1  339.6  339.1
  305.0   9580  -30.1  -52.6      9   0.10     95     19  341.2  341.6  341.2
  300.0   9700  -31.1  -53.1     10   0.09     85     21  341.4  341.8  341.4
  280.0  10178  -35.1  -53.5     13   0.09     60     31  342.4  342.9  342.5
  257.0  10773  -40.1  -54.1     21   0.10     64     25  343.6  344.0  343.6
  250.0  10960  -41.7                          65     23  343.9         343.9
  224.0  11683  -47.9                          70     27  345.4         345.4
  200.0  12430  -54.3                          70     25  346.6         346.6
  161.0  13780  -64.9                          85     16  351.0         351.0
  150.0  14220  -68.3                          80     17  352.2         352.2
  126.0  15246  -75.3                          69     35  357.6         357.6
  119.0  15574  -77.0                          65     41  360.3         360.3
  112.0  15921  -78.9                          65     39  363.1         363.1
  107.0  16182  -76.4                          80     27  372.6         372.6
  106.0  16236  -75.9                          87     25  374.5         374.5
  101.0  16513  -77.7                         120     17  376.2         376.2
  100.0  16570  -78.1                         120     19  376.6         376.6
   96.0  16802  -78.9                         120     25  379.5         379.5
   90.8  17118  -79.9                          97     24  383.5         383.5
   88.3  17278  -74.9                          86     23  396.6         396.6
   87.0  17366  -74.4                          80     23  399.2         399.2
   74.0  18322  -69.3                         110     25  429.0         429.0
   70.0  18650  -67.5                          85     27  439.6         439.6
   67.0  18914  -67.1                          75     25  446.0         446.0
   66.9  18923  -67.1                          75     25  446.2         446.2
   61.0  19483  -66.1                          70     33  460.4         460.4
   55.0  20111  -65.0                          60      4  476.9         476.9
   53.0  20336  -64.5                         195     10  482.9         482.9
   50.0  20690  -63.9                         210     12  492.5         492.5
   49.5  20752  -63.5                         221     12  494.8         494.8
   48.0  20942  -62.4                         255     12  501.8         501.8
   45.4  21286  -60.5                         255     23  514.5         514.5
   45.0  21341  -60.5                         255     25  515.7         515.7
   41.0  21919  -60.9                         220     25  528.8         528.8
   39.0  22229  -61.0                         200     19  536.0         536.0
   38.0  22391  -61.1                         230     23  539.7         539.7
   36.2  22692  -61.3                         213     14  546.8         546.8
   34.0  23086  -57.5                         190      2  566.6         566.6
   33.1  23254  -55.9                         228      3  575.3         575.3
   32.0  23469  -55.7                         275      4  581.4         581.4
   31.0  23671  -55.5                         325     10  587.2         587.2
   30.0  23880  -55.3                         325     16  593.3         593.3
   28.0  24322  -54.8                         315     17  606.6         606.6
   27.0  24555  -54.5                         280     21  613.7         613.7
   25.0  25048  -53.9                         285     23  629.0         629.0
   22.0  25867  -52.9                         245     33  655.3         655.3
   20.8  26226  -52.5                         245     37  667.2         667.2
   20.0  26480  -51.3                         245     39  678.4         678.4
   19.0  26816  -50.7                         245     43  690.2         690.2
   17.0  27545  -49.5                         265     27  716.5         716.5
   16.0  27943  -48.8                         285     33  731.3         731.3
   15.0  28366  -48.0                         285     35  747.3         747.3
   14.0  28818  -47.3                         270     35  764.8         764.8
   13.8  28912  -47.1                                     768.5         768.5
</PRE><H3>Station information and sounding indices</H3><PRE>
                         Station identifier: WIII
                             Station number: 96749
                           Observation time: 150817/0000
                           Station latitude: -6.11
                          Station longitude: 106.65
                          Station elevation: 8.0
                            Showalter index: 1.80
                               Lifted index: -0.60
    LIFT computed using virtual temperature: -1.35
                                SWEAT index: 227.01
                                    K index: 18.30
                         Cross totals index: 20.10
                      Vertical totals index: 20.30
                        Totals totals index: 40.40
      Convective Available Potential Energy: 261.32
             CAPE using virtual temperature: 454.99
                      Convective Inhibition: -8.71
             CINS using virtual temperature: -5.60
                           Equilibrum Level: 233.42
 Equilibrum Level using virtual temperature: 233.68
                   Level of Free Convection: 905.73
             LFCT using virtual temperature: 915.32
                     Bulk Richardson Number: 10.43
          Bulk Richardson Number using CAPV: 18.16
  Temp [K] of the Lifted Condensation Level: 293.39
Pres [hPa] of the Lifted Condensation Level: 938.67
   Equivalent potential temp [K] of the LCL: 346.05
     Mean mixed layer potential temperature: 298.75
              Mean mixed layer mixing ratio: 16.21
              1000 hPa to 500 hPa thickness: 5746.00
Precipitable water [mm] for entire sounding: 36.21
</PRE>
<P>Description of the 
<A HREF="/upperair/columns.html">data columns</A>
or <A HREF="/upperair/indices.html">sounding indices</A>.

<P>
<FORM>
<INPUT CLASS="button" TYPE="button" VALUE=" Close this window " 
 onClick="window.close();">
<INPUT CLASS="button" TYPE="button" VALUE=" Select another map " 
 onClick="window.blur();">
</FORM>
<HR SIZE="1">
<I>Interested in graduate studies in atmospheric science?
Check out our program at the
<a href="http://www.uwyo.edu/atsc/howtoapply/"
target=_top>University of Wyoming
</a></I>
<HR SIZE="1"><FONT SIZE="-1">
Questions about the weather data provided by this site can be
addressed to <A HREF="mailto:ldoolman@uwyo.edu">
Larry Oolman (ldoolman@uwyo.edu)</A></FONT>
<HR SIZE="1">
<SCRIPT TYPE="text/javascript">
<!--
window.focus();
// -->
</SCRIPT>
</BODY>
</HTML>
