2015-06-14 12
<HTML>
<TITLE>University of Wyoming - Radiosonde Data</TITLE>
<BODY BGCOLOR="white">
<H2>96749 WIII Jakarta Observations at 00Z 14 Jun 2015</H2>
<PRE>
-----------------------------------------------------------------------------
   PRES   HGHT   TEMP   DWPT   RELH   MIXR   DRCT   SKNT   THTA   THTE   THTV
    hPa     m      C      C      %    g/kg    deg   knot     K      K      K 
-----------------------------------------------------------------------------
 1008.0      8   24.4   21.9     86  16.72    175      3  296.9  345.4  299.8
 1000.0     83   25.0   22.3     85  17.28    160      4  298.1  348.5  301.2
  992.0    154   25.8   21.9     79  16.99    147      5  299.6  349.5  302.7
  976.0    297   24.7   21.5     82  16.85    120      6  300.0  349.5  303.0
  943.0    599   22.5   20.7     90  16.56     80      8  300.6  349.4  303.6
  925.0    768   21.2   20.2     94  16.40    105      4  301.0  349.4  303.9
  911.0    901   21.2   16.0     72  12.72    120      2  302.3  340.1  304.6
  905.0    958   21.2   14.2     64  11.37    151      2  302.9  336.9  304.9
  880.0   1200   19.8   13.7     68  11.29    285      2  303.8  337.7  305.9
  850.0   1499   18.0   13.0     73  11.19    135      2  305.0  338.7  307.0
  838.0   1621   17.6   10.6     64   9.66    142      2  305.8  335.2  307.6
  810.0   1911   16.8    5.8     48   7.19    159      2  307.9  330.2  309.3
  792.0   2102   15.8    3.9     45   6.43    170      2  308.9  329.0  310.1
  791.0   2113   15.8    3.8     45   6.39    168      2  309.0  328.9  310.2
  773.0   2308   15.6   -6.4     21   3.08    126      6  310.8  320.8  311.4
  764.0   2407   14.9   -6.7     22   3.04    105      8  311.1  321.0  311.7
  738.0   2697   12.9   -7.7     23   2.91     90     12  312.0  321.6  312.5
  700.0   3140    9.8   -9.2     25   2.73    135     10  313.3  322.4  313.8
  686.0   3307    8.9  -11.2     23   2.37    150      6  314.1  322.1  314.6
  665.0   3564    7.6  -14.4     19   1.89    102      8  315.5  321.9  315.8
  662.0   3601    7.7  -15.4     18   1.76     95      8  316.0  322.0  316.3
  654.0   3702    8.0  -18.0     14   1.43     93     10  317.4  322.4  317.7
  638.0   3904    6.3  -18.9     14   1.36     90     14  317.8  322.5  318.0
  615.0   4205    3.8  -20.2     15   1.26    110     19  318.2  322.6  318.5
  594.0   4487    3.8  -25.2     10   0.84    110     24  321.4  324.4  321.6
  571.0   4805    1.5  -26.3     11   0.79    110     29  322.3  325.2  322.4
  557.0   5005    0.0  -27.0     11   0.76    101     27  322.9  325.7  323.0
  510.0   5704   -5.0  -31.9     10   0.52     70     21  325.1  327.1  325.2
  505.0   5782   -5.5  -32.5     10   0.50     63     19  325.3  327.2  325.4
  500.0   5860   -5.7  -32.7     10   0.49     55     17  326.0  327.9  326.1
  491.0   6000   -6.3  -34.4      9   0.42     40     16  326.9  328.6  327.0
  420.0   7204  -11.9  -49.1      3   0.10     80     19  334.7  335.1  334.7
  400.0   7580  -13.7  -53.7      2   0.06     85     14  337.1  337.4  337.1
  388.0   7808  -15.2  -50.9      3   0.09     95     10  338.1  338.5  338.1
  359.0   8391  -19.1  -43.7      9   0.22    135     10  340.5  341.4  340.6
  350.0   8581  -20.3  -41.3     14   0.29    129      9  341.3  342.5  341.4
  344.0   8706  -21.4  -41.4     15   0.30    125      8  341.5  342.8  341.6
  317.0   9300  -26.5  -41.7     22   0.31     50      6  342.5  343.8  342.6
  300.0   9700  -29.9  -41.9     30   0.32     55      4  343.1  344.5  343.2
  292.0   9889  -31.6  -42.9     32   0.30     60      4  343.4  344.7  343.5
  279.0  10207  -34.4  -44.6     35   0.26    105      6  343.9  345.0  344.0
  256.0  10807  -39.6  -47.8     41   0.20     90      8  344.7  345.5  344.7
  254.0  10862  -40.1  -48.1     42   0.19     85      8  344.7  345.6  344.8
  250.0  10970  -40.9                          75      8  345.1         345.1
  224.0  11698  -46.7                          10      8  347.2         347.2
  200.0  12450  -52.7                          10     19  349.1         349.1
  178.0  13175  -58.9                          25     21  350.9         350.9
  150.0  14240  -67.9                          15     12  352.9         352.9
  146.0  14397  -69.0                          15     12  353.8         353.8
  119.0  15581  -77.1                          45     17  360.1         360.1
  113.0  15881  -79.2                          75      8  361.6         361.6
  107.0  16197  -81.4                         130      8  363.2         363.2
  104.0  16361  -82.5                         140      8  364.0         364.0
  101.0  16525  -82.8                         130     10  366.5         366.5
  100.0  16580  -82.9                         125     10  367.3         367.3
   96.0  16809  -81.7                          95      8  374.1         374.1
   88.9  17241  -79.3                          85     11  387.1         387.1
   86.0  17428  -80.3                          80     12  388.8         388.8
   84.1  17554  -80.9                          99     12  390.0         390.0
   82.0  17698  -80.0                         120     12  394.7         394.7
   78.0  17981  -78.2                          95     14  404.2         404.2
   76.6  18084  -77.5                          94     15  407.6         407.6
   70.0  18600  -77.3                          90     17  418.7         418.7
   69.9  18608  -77.3                          90     17  418.9         418.9
   66.0  18943  -73.8                          80     16  433.4         433.4
   63.0  19215  -71.0                         110     17  445.4         445.4
   62.9  19224  -70.9                         110     17  445.8         445.8
   57.0  19808  -71.2                          85     27  457.9         457.9
   54.8  20041  -71.3                          81     30  462.8         462.8
   52.0  20359  -64.0                          75     35  486.8         486.8
   51.3  20441  -62.1                          77     34  493.1         493.1
   50.0  20600  -61.9                          80     31  497.2         497.2
   47.0  20985  -61.5                         115     31  507.1         507.1
   41.0  21836  -60.5                          90     37  529.7         529.7
   39.0  22148  -60.2                          95     29  538.2         538.2
   37.0  22475  -59.8                         125     16  547.3         547.3
   35.5  22733  -59.5                         132     18  554.5         554.5
   35.0  22823  -59.1                         135     19  557.9         557.9
   32.0  23391  -56.4                          65     27  579.5         579.5
   31.0  23592  -55.5                          90      8  587.3         587.3
   30.0  23800  -54.5                         115      8  595.5         595.5
   29.0  24017  -53.5                         165      8  604.0         604.0
   28.0  24241  -54.7                         305      8  606.7         606.7
   27.0  24473  -56.0                         275      8  609.5         609.5
   26.3  24641  -56.9                         244      8  611.5         611.5
   25.0  24963  -55.8                         185      8  623.7         623.7
   24.3  25143  -55.1                         150      9  630.7         630.7
   24.0  25223  -53.8                         135     10  636.8         636.8
   23.5  25359  -51.5                          56      9  647.3         647.3
   23.0  25499  -51.2                         335      8  652.1         652.1
   21.0  26092  -50.0                         295     33  673.0         673.0
   20.0  26410  -49.3                         295     41  684.5         684.5
   19.0  26749  -49.0                         285     51  695.5         695.5
   16.0  27883  -48.1                         255     39  733.6         733.6
   12.0  29783  -46.5                         280     37  802.0         802.0
   11.0  30358  -46.0                         290     29  823.9         823.9
   10.4  30728  -45.7                         293     29  838.4         838.4
   10.0  30990  -43.9                         295     29  854.5         854.5
    9.0  31705  -41.2                         295     27  890.9         890.9
    8.2  32336  -38.9                                     924.1         924.1
</PRE><H3>Station information and sounding indices</H3><PRE>
                         Station identifier: WIII
                             Station number: 96749
                           Observation time: 150614/0000
                           Station latitude: -6.11
                          Station longitude: 106.65
                          Station elevation: 8.0
                            Showalter index: 1.72
                               Lifted index: -2.28
    LIFT computed using virtual temperature: -3.18
                                SWEAT index: 177.00
                                    K index: 17.70
                         Cross totals index: 18.70
                      Vertical totals index: 23.70
                        Totals totals index: 42.40
      Convective Available Potential Energy: 284.17
             CAPE using virtual temperature: 501.90
                      Convective Inhibition: -84.19
             CINS using virtual temperature: -19.69
                           Equilibrum Level: 212.87
 Equilibrum Level using virtual temperature: 212.78
                   Level of Free Convection: 713.62
             LFCT using virtual temperature: 852.21
                     Bulk Richardson Number: 79.43
          Bulk Richardson Number using CAPV: 140.29
  Temp [K] of the Lifted Condensation Level: 294.03
Pres [hPa] of the Lifted Condensation Level: 937.74
   Equivalent potential temp [K] of the LCL: 348.98
     Mean mixed layer potential temperature: 299.50
              Mean mixed layer mixing ratio: 16.89
              1000 hPa to 500 hPa thickness: 5777.00
Precipitable water [mm] for entire sounding: 34.40
</PRE>
<P>Description of the 
<A HREF="/upperair/columns.html">data columns</A>
or <A HREF="/upperair/indices.html">sounding indices</A>.

<P>
<FORM>
<INPUT CLASS="button" TYPE="button" VALUE=" Close this window " 
 onClick="window.close();">
<INPUT CLASS="button" TYPE="button" VALUE=" Select another map " 
 onClick="window.blur();">
</FORM>
<HR SIZE="1">
<I>Interested in graduate studies in atmospheric science?
Check out our program at the
<a href="http://www.uwyo.edu/atsc/howtoapply/"
target=_top>University of Wyoming
</a></I>
<HR SIZE="1"><FONT SIZE="-1">
Questions about the weather data provided by this site can be
addressed to <A HREF="mailto:ldoolman@uwyo.edu">
Larry Oolman (ldoolman@uwyo.edu)</A></FONT>
<HR SIZE="1">
<SCRIPT TYPE="text/javascript">
<!--
window.focus();
// -->
</SCRIPT>
</BODY>
</HTML>
