2015-11-01 12
<HTML>
<TITLE>University of Wyoming - Radiosonde Data</TITLE>
<BODY BGCOLOR="white">
<H2>96749 WIII Jakarta Observations at 00Z 01 Nov 2015</H2>
<PRE>
-----------------------------------------------------------------------------
   PRES   HGHT   TEMP   DWPT   RELH   MIXR   DRCT   SKNT   THTA   THTE   THTV
    hPa     m      C      C      %    g/kg    deg   knot     K      K      K 
-----------------------------------------------------------------------------
 1011.0      8   27.0   23.7     82  18.65    210      2  299.2  353.9  302.5
 1000.0    103   26.4   23.7     85  18.86    210      2  299.6  354.9  302.9
  978.0    299   25.2   22.7     86  18.10    210      4  300.2  353.5  303.5
  925.0    789   22.2   20.1     88  16.29     95      2  302.0  350.3  304.9
  913.0    902   21.6   19.4     87  15.78    110      4  302.5  349.4  305.4
  882.0   1202   20.1   17.5     85  14.49    105      2  303.9  347.2  306.6
  852.0   1503   18.5   15.6     83  13.28    135      4  305.3  345.3  307.7
  850.0   1523   18.4   15.5     83  13.20    130      4  305.4  345.1  307.8
  794.0   2103   14.9    9.8     72   9.69     85     12  307.7  337.3  309.5
  771.0   2353   13.4    7.4     67   8.45     81     12  308.6  334.7  310.2
  766.0   2408   13.3    3.8     53   6.61     80     12  309.1  329.7  310.4
  761.0   2463   13.2    0.2     41   5.13     75     11  309.6  325.8  310.6
  713.0   3006    8.8    4.7     76   7.58     20      6  310.5  334.1  311.9
  701.0   3147    7.6    5.9     89   8.38     71      4  310.7  336.8  312.3
  700.0   3159    8.0    4.2     77   7.44     75      4  311.3  334.6  312.7
  695.0   3218   10.0  -13.0     18   2.03     94      4  314.2  321.0  314.6
  688.0   3302    9.5  -10.4     23   2.53    120      4  314.6  323.0  315.1
  668.0   3547    8.2   -2.8     46   4.68     92      6  315.7  330.9  316.6
  663.0   3608    7.8   -3.2     46   4.57     85      6  315.9  330.8  316.8
  617.0   4196    3.8   -7.2     44   3.62     75      6  317.9  329.9  318.6
  602.0   4398    2.4   -8.6     44   3.33     69      7  318.6  329.7  319.2
  580.0   4698    0.0   -6.0     64   4.23     59      9  319.1  333.2  320.0
  572.0   4809   -0.9   -5.9     69   4.31     55     10  319.3  333.6  320.2
  567.0   4879   -1.5   -5.9     72   4.37     58     11  319.5  333.9  320.3
  551.0   5108   -0.5  -18.5     24   1.62     68     16  323.3  329.0  323.6
  511.0   5707   -2.8  -34.1      7   0.42     95     27  327.5  329.1  327.6
  506.0   5786   -3.1  -36.1      6   0.35     97     28  328.1  329.4  328.1
  500.0   5880   -3.9  -34.9      7   0.40    100     29  328.2  329.8  328.3
  444.0   6803  -10.5  -34.5     12   0.46     96     42  331.2  333.0  331.3
  438.0   6907  -10.9  -35.6     11   0.42     95     43  332.1  333.7  332.1
  400.0   7600  -13.3  -43.3      6   0.21     95     35  337.6  338.5  337.7
  383.0   7929  -15.3  -46.3      5   0.16     95     32  339.2  339.9  339.2
  345.0   8695  -21.3  -50.1      6   0.11     95     25  341.4  341.9  341.4
  300.0   9720  -29.3  -55.3      6   0.07     85     17  344.0  344.3  344.0
  292.0   9910  -30.9  -56.3      6   0.06     90     16  344.3  344.6  344.3
  280.0  10205  -33.5  -57.9      7   0.05    110     12  344.8  345.1  344.8
  251.0  10973  -40.1  -62.1      8   0.04    100     10  345.9  346.1  345.9
  250.0  11000  -40.3                         100     10  346.0         346.0
  246.0  11107  -41.2                          95     10  346.3         346.3
  225.0  11699  -46.1                          85     14  347.6         347.6
  205.0  12316  -51.3                         120     14  348.9         348.9
  200.0  12480  -52.7                         115     14  349.1         349.1
  170.0  13491  -61.7                          80      8  350.8         350.8
  162.0  13791  -64.4                          50     10  351.1         351.1
  150.0  14270  -68.7                          60     14  351.6         351.6
  132.0  15022  -73.7                          70     17  355.7         355.7
  126.0  15296  -75.5                          55     17  357.2         357.2
  119.0  15622  -77.3                         345     12  359.8         359.8
  107.0  16228  -80.6                         250     12  364.6         364.6
  106.0  16282  -80.9                         240     12  365.1         365.1
  102.0  16498  -80.5                         135     10  369.8         369.8
  100.0  16610  -80.3                         150      8  372.3         372.3
   97.0  16782  -80.2                         190      6  375.7         375.7
   92.0  17081  -80.2                         205     12  381.6         381.6
   82.0  17732  -80.0                         145     17  394.7         394.7
   78.2  18000  -79.9                         102      7  400.3         400.3
   78.0  18015  -79.4                         100      6  401.6         401.6
   74.2  18305  -70.1                         261      8  426.9         426.9
   74.0  18321  -70.2                         270      8  427.1         427.1
   70.0  18650  -71.3                         255      8  431.5         431.5
   67.0  18910  -71.0                         235      8  437.6         437.6
   64.2  19163  -70.7                         310      8  443.6         443.6
   64.0  19182  -70.6                         315      8  444.3         444.3
   61.0  19469  -68.8                         310      8  454.3         454.3
   59.1  19658  -67.7                         272     11  461.0         461.0
   58.0  19772  -67.5                         250     12  463.9         463.9
   50.0  20670  -66.1                         240     17  487.3         487.3
   47.0  21045  -66.1                         245     12  496.0         496.0
   46.2  21149  -66.1                         273     12  498.4         498.4
   45.0  21310  -63.3                         315     12  508.9         508.9
   44.3  21406  -61.7                         312     14  515.2         515.2
   41.0  21888  -59.6                         295     25  531.9         531.9
   39.6  22104  -58.7                         281     24  539.5         539.5
   39.0  22200  -58.9                         275     23  541.4         541.4
   33.1  23223  -60.9                         258     21  562.0         562.0
   32.0  23435  -59.5                         255     21  571.3         571.3
   30.0  23840  -56.7                         230     14  589.5         589.5
   27.0  24515  -53.7                         195      8  615.9         615.9
   25.0  25009  -51.5                         315     14  635.9         635.9
   24.0  25272  -52.2                         320     10  641.5         641.5
   23.0  25547  -52.9                         290     12  647.3         647.3
   22.1  25805  -53.5                         326      7  652.8         652.8
   22.0  25834  -53.4                         330      6  653.9         653.9
   20.0  26450  -51.3                         340     17  678.4         678.4
   18.4  26994  -49.5                         312     33  700.4         700.4
   18.0  27137  -49.7                         305     37  704.2         704.2
   16.0  27906  -50.6                         275     41  725.2         725.2
   15.9  27947  -50.7                                     726.3         726.3
</PRE><H3>Station information and sounding indices</H3><PRE>
                         Station identifier: WIII
                             Station number: 96749
                           Observation time: 151101/0000
                           Station latitude: -6.11
                          Station longitude: 106.65
                          Station elevation: 8.0
                            Showalter index: 0.95
                               Lifted index: -2.09
    LIFT computed using virtual temperature: -3.13
                                SWEAT index: 223.00
                                    K index: 34.00
                         Cross totals index: 19.40
                      Vertical totals index: 22.30
                        Totals totals index: 41.70
      Convective Available Potential Energy: 1184.71
             CAPE using virtual temperature: 1439.43
                      Convective Inhibition: -17.70
             CINS using virtual temperature: -10.18
                           Equilibrum Level: 141.41
 Equilibrum Level using virtual temperature: 141.20
                   Level of Free Convection: 855.97
             LFCT using virtual temperature: 889.44
                     Bulk Richardson Number: 112.79
          Bulk Richardson Number using CAPV: 137.04
  Temp [K] of the Lifted Condensation Level: 295.37
Pres [hPa] of the Lifted Condensation Level: 946.07
   Equivalent potential temp [K] of the LCL: 353.60
     Mean mixed layer potential temperature: 300.10
              Mean mixed layer mixing ratio: 18.21
              1000 hPa to 500 hPa thickness: 5777.00
Precipitable water [mm] for entire sounding: 47.06
</PRE>
<P>Description of the 
<A HREF="/upperair/columns.html">data columns</A>
or <A HREF="/upperair/indices.html">sounding indices</A>.

<P>
<FORM>
<INPUT CLASS="button" TYPE="button" VALUE=" Close this window " 
 onClick="window.close();">
<INPUT CLASS="button" TYPE="button" VALUE=" Select another map " 
 onClick="window.blur();">
</FORM>
<HR SIZE="1">
<I>Interested in graduate studies in atmospheric science?
Check out our program at the
<a href="http://www.uwyo.edu/atsc/howtoapply/"
target=_top>University of Wyoming
</a></I>
<HR SIZE="1"><FONT SIZE="-1">
Questions about the weather data provided by this site can be
addressed to <A HREF="mailto:ldoolman@uwyo.edu">
Larry Oolman (ldoolman@uwyo.edu)</A></FONT>
<HR SIZE="1">
<SCRIPT TYPE="text/javascript">
<!--
window.focus();
// -->
</SCRIPT>
</BODY>
</HTML>
