2015-12-20 12
<HTML>
<TITLE>University of Wyoming - Radiosonde Data</TITLE>
<BODY BGCOLOR="white">
<H2>96749 WIII Jakarta Observations at 00Z 20 Dec 2015</H2>
<PRE>
-----------------------------------------------------------------------------
   PRES   HGHT   TEMP   DWPT   RELH   MIXR   DRCT   SKNT   THTA   THTE   THTV
    hPa     m      C      C      %    g/kg    deg   knot     K      K      K 
-----------------------------------------------------------------------------
 1010.0      8   24.4   23.7     96  18.67      0      0  296.7  350.8  300.0
 1000.0     97   25.6   23.1     86  18.17    295      4  298.8  351.9  302.0
  997.0    124   25.6   22.9     85  18.00    295      5  299.0  351.7  302.2
  977.0    301   24.4   22.4     88  17.76    295     10  299.6  351.7  302.7
  944.0    603   22.4   21.4     94  17.37    325     16  300.4  351.6  303.6
  925.0    781   21.2   20.9     98  17.14    325     17  301.0  351.6  304.1
  913.0    894   20.6   20.1     97  16.49    320     17  301.5  350.2  304.4
  854.0   1470   17.4   15.9     91  13.49    311     19  303.9  344.3  306.4
  850.0   1510   17.2   15.5     90  13.20    310     19  304.1  343.7  306.6
  794.0   2086   14.3   12.9     92  11.93    300     29  307.0  343.2  309.2
  716.0   2961    9.8    9.0     95  10.16    288     27  311.3  342.8  313.2
  709.0   3043    9.2    5.9     80   8.28    287     27  311.5  337.4  313.1
  700.0   3149    9.6    7.9     89   9.64    285     27  313.1  343.2  314.9
  688.0   3293    9.4    7.3     87   9.41    285     25  314.4  344.0  316.2
  685.0   3329    9.6    5.6     76   8.39    285     25  315.0  341.6  316.6
  617.0   4184    5.0   -1.0     65   5.80    290     27  319.2  338.2  320.4
  552.0   5093    0.0   -8.0     55   3.81    290     23  323.7  336.6  324.4
  540.0   5269   -1.1   -3.9     81   5.34    290     23  324.4  342.2  325.5
  512.0   5692   -3.7   -5.6     87   4.94    290     21  326.2  342.9  327.2
  500.0   5880   -4.9   -6.4     89   4.77    285     19  327.0  343.1  327.9
  474.0   6295   -7.2   -8.1     93   4.40    275     17  329.1  344.2  330.0
  440.0   6874  -10.5  -10.5    100   3.93    280     17  332.1  345.8  332.9
  439.0   6892  -10.6  -10.8     99   3.86    280     17  332.1  345.6  332.9
  417.0   7285  -13.5  -16.4     79   2.56    257     12  333.4  342.5  333.9
  406.0   7487  -14.7  -16.3     87   2.66    245     10  334.4  344.0  335.0
  400.0   7600  -15.3  -16.2     93   2.72    250      8  335.0  344.8  335.6
  374.0   8102  -19.1  -20.3     91   2.05    270     10  336.4  343.9  336.9
  360.0   8388  -21.3  -22.6     89   1.74    260     10  337.2  343.7  337.6
  345.0   8696  -23.4  -25.2     85   1.44    200      6  338.6  344.0  338.9
  300.0   9710  -30.1  -33.8     70   0.74    275      4  342.8  345.8  343.0
  294.0   9854  -31.5  -35.8     66   0.62    279      6  342.8  345.3  343.0
  292.0   9901  -31.9  -36.1     66   0.60    280      6  342.9  345.3  343.0
  268.0  10499  -37.1  -40.6     70   0.41    240      6  343.9  345.6  344.0
  255.0  10845  -40.1  -43.2     72   0.33    244      7  344.4  345.7  344.4
  250.0  10980  -41.3                         245      8  344.5         344.5
  246.0  11086  -42.2                         245      8  344.8         344.8
  214.0  12004  -49.8                         210      6  347.0         347.0
  205.0  12287  -52.1                         110      4  347.6         347.6
  200.0  12450  -53.5                         100      4  347.9         347.9
  178.0  13175  -59.8                          40     16  349.3         349.3
  150.0  14240  -69.1                          55     37  350.9         350.9
  121.0  15494  -78.1                          55     68  356.6         356.6
  119.0  15589  -78.1                          55     70  358.3         358.3
  107.0  16195  -78.1                          55     31  369.4         369.4
  104.0  16357  -78.1                          66     26  372.4         372.4
  100.0  16580  -79.7                          80     19  373.5         373.5
   96.0  16809  -81.1                          90     23  375.1         375.1
   91.0  17109  -83.0                         100     23  377.2         377.2
   87.5  17329  -84.3                          90     19  378.8         378.8
   86.0  17427  -82.4                          80     14  384.4         384.4
   82.0  17698  -77.3                         205     10  400.2         400.2
   79.9  17845  -74.5                         234     11  408.9         408.9
   78.0  17986  -74.1                         260     12  412.6         412.6
   70.0  18620  -72.3                         265     35  429.4         429.4
   60.0  19533  -70.2                         265     35  453.3         453.3
   55.1  20037  -69.1                         232     20  467.1         467.1
   52.0  20385  -67.7                         210     10  478.2         478.2
   50.0  20620  -66.7                         290      8  485.9         485.9
   49.0  20743  -66.1                         325      6  490.2         490.2
   45.0  21262  -63.5                         340     16  508.6         508.6
   43.6  21454  -62.5                         308     15  515.6         515.6
   41.0  21832  -62.6                         245     12  524.4         524.4
   39.0  22139  -62.8                         265     12  531.6         531.6
   35.0  22803  -63.0                         255     17  547.7         547.7
   32.0  23354  -63.2                         220     23  561.4         561.4
   30.5  23649  -63.3                         213     22  568.8         568.8
   30.0  23750  -62.7                         210     21  573.1         573.1
   25.0  24901  -57.8                         265     16  618.0         618.0
   23.0  25428  -55.5                         220     12  639.5         639.5
   22.0  25708  -54.3                         270      8  651.3         651.3
   20.0  26310  -51.7                         295     14  677.2         677.2
   19.0  26645  -50.0                         305      8  692.3         692.3
   18.8  26714  -49.7                         302      8  695.5         695.5
   17.0  27371  -50.7                         275     10  712.6         712.6
   16.6  27527  -50.9                         279      8  716.8         716.8
   16.0  27769  -50.1                         285      4  726.8         726.8
   15.0  28192  -48.8                         240     12  744.8         744.8
   14.5  28414  -48.1                         183     13  754.4         754.4
   14.0  28643  -49.2                         125     14  758.3         758.3
   13.0  29128  -51.5                         105     17  766.6         766.6
   12.5  29384  -52.7                         110     21  771.0         771.0
   11.2  30104  -46.3                         100     34  818.7         818.7
   10.0  30860  -45.1                          90     47  850.1         850.1
    8.8  31717  -43.1                          92     57  889.4         889.4
    7.6  32700  -45.3                          94     68  918.6         918.6
    7.0  33252  -43.3                          95     74  948.6         948.6
    6.6  33648  -41.9                                     970.7         970.7
</PRE><H3>Station information and sounding indices</H3><PRE>
                         Station identifier: WIII
                             Station number: 96749
                           Observation time: 151220/0000
                           Station latitude: -6.11
                          Station longitude: 106.65
                          Station elevation: 8.0
                            Showalter index: 0.52
                               Lifted index: -2.39
    LIFT computed using virtual temperature: -2.66
                                SWEAT index: 242.99
                                    K index: 35.90
                         Cross totals index: 20.40
                      Vertical totals index: 22.10
                        Totals totals index: 42.50
      Convective Available Potential Energy: 1039.72
             CAPE using virtual temperature: 1148.20
                      Convective Inhibition: -5.87
             CINS using virtual temperature: -5.27
                           Equilibrum Level: 146.89
 Equilibrum Level using virtual temperature: 146.55
                   Level of Free Convection: 909.11
             LFCT using virtual temperature: 914.37
                     Bulk Richardson Number: 43.03
          Bulk Richardson Number using CAPV: 47.51
  Temp [K] of the Lifted Condensation Level: 295.23
Pres [hPa] of the Lifted Condensation Level: 954.27
   Equivalent potential temp [K] of the LCL: 351.56
     Mean mixed layer potential temperature: 299.21
              Mean mixed layer mixing ratio: 17.89
              1000 hPa to 500 hPa thickness: 5783.00
Precipitable water [mm] for entire sounding: 62.31
</PRE>
<P>Description of the 
<A HREF="/upperair/columns.html">data columns</A>
or <A HREF="/upperair/indices.html">sounding indices</A>.

<P>
<FORM>
<INPUT CLASS="button" TYPE="button" VALUE=" Close this window " 
 onClick="window.close();">
<INPUT CLASS="button" TYPE="button" VALUE=" Select another map " 
 onClick="window.blur();">
</FORM>
<HR SIZE="1">
<I>Interested in graduate studies in atmospheric science?
Check out our program at the
<a href="http://www.uwyo.edu/atsc/howtoapply/"
target=_top>University of Wyoming
</a></I>
<HR SIZE="1"><FONT SIZE="-1">
Questions about the weather data provided by this site can be
addressed to <A HREF="mailto:ldoolman@uwyo.edu">
Larry Oolman (ldoolman@uwyo.edu)</A></FONT>
<HR SIZE="1">
<SCRIPT TYPE="text/javascript">
<!--
window.focus();
// -->
</SCRIPT>
</BODY>
</HTML>
