2015-08-02 12
<HTML>
<TITLE>University of Wyoming - Radiosonde Data</TITLE>
<BODY BGCOLOR="white">
<H2>96749 WIII Jakarta Observations at 00Z 02 Aug 2015</H2>
<PRE>
-----------------------------------------------------------------------------
   PRES   HGHT   TEMP   DWPT   RELH   MIXR   DRCT   SKNT   THTA   THTE   THTV
    hPa     m      C      C      %    g/kg    deg   knot     K      K      K 
-----------------------------------------------------------------------------
 1011.0      8   24.4   21.9     86  16.67    180      3  296.6  344.9  299.6
 1000.0    110   24.6   22.3     87  17.28    160      4  297.8  348.1  300.8
  995.0    154   25.6   22.5     83  17.59    151      5  299.2  350.7  302.3
  979.0    296   24.6   21.7     84  17.06    120      8  299.5  349.6  302.6
  946.0    597   22.4   20.1     87  15.97     95      8  300.3  347.3  303.2
  925.0    794   21.0   19.1     89  15.29    105     10  300.8  345.9  303.5
  914.0    897   20.4   18.7     90  15.12    105     10  301.2  345.9  303.9
  874.0   1283   18.2   17.4     95  14.52    105      6  302.8  346.0  305.4
  853.0   1492   17.5   15.0     85  12.76    105      4  304.2  342.4  306.5
  850.0   1522   17.4   14.7     84  12.52    105      4  304.4  341.9  306.6
  823.0   1797   16.1   12.0     77  10.79    135      6  305.8  338.4  307.8
  806.0   1976   15.2   10.2     72   9.78    141      7  306.7  336.5  308.5
  794.0   2102   14.9    3.5     46   6.22    145      8  307.7  327.1  308.9
  764.0   2428   14.2  -13.8     13   1.73    140     10  310.3  316.1  310.6
  740.0   2695   12.4  -11.2     18   2.20    135     12  311.2  318.5  311.6
  700.0   3159    9.2   -6.8     32   3.30    155      6  312.6  323.4  313.3
  688.0   3300    8.4   -6.6     34   3.42    165      6  313.3  324.4  313.9
  640.0   3891    4.9   -5.6     47   3.96    245      8  315.9  328.9  316.6
  617.0   4189    3.1   -5.1     55   4.27    275     10  317.2  331.2  318.0
  595.0   4486    1.4   -4.6     64   4.59    275     11  318.4  333.6  319.3
  590.0   4554    1.6  -12.4     35   2.51    275     11  319.4  328.0  319.9
  573.0   4788    0.0  -12.0     40   2.67    275     12  320.3  329.4  320.8
  572.0   4802   -0.0  -12.7     38   2.53    275     12  320.4  329.0  320.9
  551.0   5101   -0.8  -27.6     11   0.73    255      6  322.9  325.6  323.1
  542.0   5232   -1.1  -34.1      6   0.40    206      6  324.1  325.6  324.2
  531.0   5394   -2.0  -34.8      6   0.38    145      6  324.9  326.4  325.0
  500.0   5870   -4.7  -36.7      6   0.33    135     16  327.2  328.6  327.3
  492.0   5996   -5.6  -36.4      7   0.35    135     17  327.6  329.0  327.7
  468.0   6385   -8.5  -35.5      9   0.40    138     18  328.8  330.3  328.9
  456.0   6583   -9.9  -36.7      9   0.36    140     19  329.5  330.9  329.6
  405.0   7485  -16.2  -42.3      9   0.23    105     29  332.6  333.6  332.7
  400.0   7580  -16.9  -42.9      9   0.22    105     27  332.9  333.8  333.0
  374.0   8079  -20.3  -45.6      8   0.17    105     17  334.9  335.7  335.0
  359.0   8383  -22.3  -47.3      8   0.15     88     17  336.1  336.8  336.2
  350.0   8569  -23.1  -34.1     36   0.61     78     17  337.5  339.9  337.6
  331.0   8972  -26.1  -38.5     30   0.42     55     17  338.9  340.6  338.9
  300.0   9680  -31.3  -46.3     21   0.20     50     21  341.1  342.0  341.2
  295.0   9800  -32.3  -48.3     19   0.16     49     22  341.4  342.1  341.4
  261.0  10655  -40.1  -50.1     33   0.15     41     26  342.1  342.7  342.1
  256.0  10788  -41.1                          40     27  342.5         342.5
  250.0  10950  -42.3                          40     29  343.0         343.0
  234.0  11386  -45.7                          40     35  344.4         344.4
  214.0  11974  -50.4                          40     35  346.1         346.1
  200.0  12420  -53.9                          45     31  347.2         347.2
  177.0  13176  -59.7                          60     16  350.1         350.1
  169.0  13462  -61.9                          30     10  351.1         351.1
  161.0  13762  -64.2                          25      8  352.2         352.2
  153.0  14077  -66.6                         125      6  353.2         353.2
  150.0  14200  -67.5                         140      6  353.6         353.6
  145.0  14404  -68.7                         160      6  355.0         355.0
  144.0  14445  -68.9                         154      7  355.3         355.3
  138.0  14693  -70.2                         120     12  357.5         357.5
  125.0  15270  -73.0                         140     17  362.5         362.5
  119.0  15557  -74.5                         105     17  364.9         364.9
  113.0  15859  -76.0                          85     17  367.6         367.6
  107.0  16177  -77.6                          95     19  370.3         370.3
  101.0  16513  -79.3                          85     25  373.2         373.2
  100.0  16570  -79.1                          80     25  374.6         374.6
   96.0  16804  -77.2                          70     27  382.7         382.7
   91.6  17074  -75.1                          35     25  392.1         392.1
   91.0  17111  -75.2                          30     25  392.6         392.6
   87.0  17370  -75.8                          20     21  396.6         396.6
   82.0  17711  -76.5                         230      2  401.8         401.8
   78.0  17998  -77.1                         185     16  406.3         406.3
   72.3  18435  -78.1                         150     18  413.1         413.1
   70.0  18620  -77.1                         135     19  419.1         419.1
   65.3  19022  -74.5                          92     20  433.2         433.2
   63.0  19236  -69.0                          70     21  449.7         449.7
   61.0  19428  -64.1                          87     20  464.8         464.8
   60.0  19530  -64.0                          95     19  467.3         467.3
   57.0  19845  -63.5                         100     23  475.2         475.2
   52.0  20409  -62.8                          70     23  489.5         489.5
   50.0  20650  -62.5                          80     19  495.8         495.8
   47.0  21032  -62.2                          90     16  505.4         505.4
   46.4  21111  -62.1                          72     15  507.4         507.4
   45.0  21303  -59.0                          30     12  519.5         519.5
   44.2  21415  -57.1                         356     17  526.7         526.7
   43.0  21589  -57.3                         305     25  530.4         530.4
   39.4  22141  -57.9                         273     27  542.3         542.3
   38.1  22354  -54.9                         261     28  555.1         555.1
   37.0  22540  -55.5                         250     29  558.3         558.3
   34.0  23076  -57.2                         245     33  567.3         567.3
   32.3  23402  -58.3                         260     23  572.9         572.9
   31.0  23662  -56.4                         280     21  584.8         584.8
   30.0  23870  -54.9                         280     25  594.4         594.4
   28.0  24314  -52.5                         265     39  612.9         612.9
   27.7  24383  -52.1                         264     39  615.9         615.9
   27.0  24547  -52.7                         260     39  618.6         618.6
   23.0  25574  -56.7                         280     17  636.1         636.1
   22.6  25686  -57.1                         295     14  638.0         638.0
   22.0  25859  -55.9                         305     12  646.6         646.6
   20.1  26438  -51.7                         296     22  676.2         676.2
   20.0  26470  -51.7                         295     23  677.2         677.2
   19.0  26805  -50.8                         300     27  689.9         689.9
   16.0  27927  -47.8                         260     25  734.4         734.4
   15.9  27968  -47.7                         261     25  736.1         736.1
   11.0  30409  -45.6                         290     29  825.3         825.3
   10.0  31040  -45.1                         280     31  850.1         850.1
    9.0  31745  -44.6                         250     31  878.1         878.1
    8.0  32534  -44.0                         235     27  910.6         910.6
    7.6  32878  -43.7                                     925.1         925.1
</PRE><H3>Station information and sounding indices</H3><PRE>
                         Station identifier: WIII
                             Station number: 96749
                           Observation time: 150802/0000
                           Station latitude: -6.11
                          Station longitude: 106.65
                          Station elevation: 8.0
                            Showalter index: 1.41
                               Lifted index: -1.18
    LIFT computed using virtual temperature: -2.09
                                SWEAT index: 200.41
                                    K index: 20.80
                         Cross totals index: 19.40
                      Vertical totals index: 22.10
                        Totals totals index: 41.50
      Convective Available Potential Energy: 757.89
             CAPE using virtual temperature: 992.61
                      Convective Inhibition: -14.44
             CINS using virtual temperature: -10.42
                           Equilibrum Level: 192.09
 Equilibrum Level using virtual temperature: 191.89
                   Level of Free Convection: 881.05
             LFCT using virtual temperature: 892.53
                     Bulk Richardson Number: 898.45
          Bulk Richardson Number using CAPV: 1176.69
  Temp [K] of the Lifted Condensation Level: 294.25
Pres [hPa] of the Lifted Condensation Level: 945.29
   Equivalent potential temp [K] of the LCL: 348.69
     Mean mixed layer potential temperature: 299.03
              Mean mixed layer mixing ratio: 16.99
              1000 hPa to 500 hPa thickness: 5760.00
Precipitable water [mm] for entire sounding: 40.46
</PRE>
<P>Description of the 
<A HREF="/upperair/columns.html">data columns</A>
or <A HREF="/upperair/indices.html">sounding indices</A>.

<P>
<FORM>
<INPUT CLASS="button" TYPE="button" VALUE=" Close this window " 
 onClick="window.close();">
<INPUT CLASS="button" TYPE="button" VALUE=" Select another map " 
 onClick="window.blur();">
</FORM>
<HR SIZE="1">
<I>Interested in graduate studies in atmospheric science?
Check out our program at the
<a href="http://www.uwyo.edu/atsc/howtoapply/"
target=_top>University of Wyoming
</a></I>
<HR SIZE="1"><FONT SIZE="-1">
Questions about the weather data provided by this site can be
addressed to <A HREF="mailto:ldoolman@uwyo.edu">
Larry Oolman (ldoolman@uwyo.edu)</A></FONT>
<HR SIZE="1">
<SCRIPT TYPE="text/javascript">
<!--
window.focus();
// -->
</SCRIPT>
</BODY>
</HTML>
