2015-12-01 12
<HTML>
<TITLE>University of Wyoming - Radiosonde Data</TITLE>
<BODY BGCOLOR="white">
<H2>96749 WIII Jakarta Observations at 00Z 01 Dec 2015</H2>
<PRE>
-----------------------------------------------------------------------------
   PRES   HGHT   TEMP   DWPT   RELH   MIXR   DRCT   SKNT   THTA   THTE   THTV
    hPa     m      C      C      %    g/kg    deg   knot     K      K      K 
-----------------------------------------------------------------------------
 1008.0      8   24.4   23.0     92  17.91    220      2  296.9  348.8  300.1
 1007.0     17   25.6   22.5     83  17.37    225      2  298.2  348.8  301.2
 1000.0     82   25.6   22.1     81  17.07    260      2  298.8  348.6  301.8
  988.0    189   27.4   22.4     74  17.61    322      2  301.6  353.7  304.8
  976.0    297   26.7   21.7     74  17.10     25      2  302.0  352.7  305.1
  943.0    600   24.9   19.9     74  15.73    305      6  303.0  349.9  305.9
  925.0    770   23.8   18.8     74  15.00    300      4  303.6  348.4  306.4
  912.0    893   23.0   18.3     75  14.72    290      4  304.0  348.0  306.7
  881.0   1194   20.9   17.0     78  14.05    345      2  304.9  347.1  307.5
  851.0   1495   18.9   15.7     82  13.40    110      4  305.8  346.2  308.2
  850.0   1505   18.8   15.7     82  13.37    110      4  305.8  346.2  308.3
  822.0   1789   17.3   13.8     80  12.24     85     10  307.1  344.3  309.4
  793.0   2093   15.6   11.8     78  11.12     85     14  308.6  342.6  310.6
  713.0   2993   10.8    5.9     72   8.26     60     17  312.7  338.6  314.3
  701.0   3137   10.0    5.0     71   7.86     69     16  313.4  338.2  314.9
  700.0   3149   10.0    4.0     66   7.33     70     16  313.5  336.7  314.9
  688.0   3293    9.6    2.6     62   6.75     73     15  314.6  336.1  315.9
  683.0   3353    9.8   -3.2     40   4.44     75     15  315.5  330.0  316.4
  663.0   3599    8.5   -3.6     42   4.46     80     14  316.8  331.4  317.6
  661.0   3624    8.4   -3.6     43   4.46     80     14  316.9  331.5  317.8
  617.0   4185    4.8   -6.2     45   3.92     85     16  319.0  332.0  319.8
  579.0   4703    1.4   -8.6     47   3.47     90     16  320.9  332.6  321.6
  567.0   4872    0.2   -4.8     69   4.75     91     16  321.5  337.2  322.4
  564.0   4914    0.0   -6.0     64   4.36     91     16  321.7  336.2  322.6
  554.0   5057   -0.3  -13.3     37   2.49     93     16  323.0  331.6  323.5
  547.0   5159   -1.1   -9.1     55   3.53     94     16  323.2  335.2  323.9
  530.0   5410   -2.5  -13.5     43   2.56     96     16  324.5  333.4  325.0
  523.0   5515   -2.9   -9.9     59   3.47     97     16  325.2  337.1  325.9
  518.0   5591   -2.9  -16.9     33   1.98     97     16  326.1  333.1  326.5
  500.0   5870   -4.3  -16.3     39   2.15    100     16  327.7  335.4  328.2
  487.0   6078   -5.3  -17.3     38   2.03    100     15  329.0  336.2  329.4
  472.0   6323   -6.7  -18.7     38   1.86    100     15  330.2  336.9  330.6
  456.0   6591   -8.4  -18.4     45   1.98    100     14  331.3  338.4  331.7
  434.0   6976  -10.9  -17.9     56   2.17    109     14  332.9  340.7  333.3
  421.0   7209  -12.6  -17.5     67   2.32    115     14  333.6  341.9  334.1
  416.0   7301  -13.3  -17.3     72   2.38    114     14  333.9  342.4  334.3
  414.0   7337  -13.1  -25.1     36   1.21    113     13  334.6  339.1  334.8
  409.0   7430  -13.1  -27.1     30   1.02    112     13  335.7  339.6  335.9
  400.0   7600  -14.1  -21.1     55   1.79    110     12  336.6  343.2  336.9
  393.0   7734  -15.1  -21.1     60   1.82    113     11  337.0  343.7  337.3
  389.0   7811  -15.6  -22.9     53   1.57    115     10  337.3  343.2  337.7
  378.0   8028  -16.9  -27.9     38   1.03    122     10  338.4  342.3  338.6
  375.0   8088  -17.3  -24.3     54   1.44    124     10  338.6  344.0  338.9
  374.0   8108  -17.4  -25.2     50   1.32    125     10  338.8  343.8  339.0
  358.0   8435  -18.5  -40.5     13   0.31    109     11  341.5  342.8  341.6
  318.0   9303  -25.1  -41.7     20   0.31     65     12  344.2  345.5  344.2
  300.0   9730  -28.3  -42.3     25   0.31     80      8  345.4  346.7  345.4
  280.0  10214  -32.8  -43.4     34   0.29     80      6  345.9  347.1  345.9
  265.0  10600  -36.3  -44.3     43   0.28    115      5  346.1  347.3  346.2
  260.0  10732  -37.3  -42.3     60   0.36    128      4  346.6  348.1  346.6
  258.0  10785  -37.5  -47.5     34   0.20    133      4  347.0  347.9  347.1
  257.0  10811  -37.7  -47.5     35   0.21    135      4  347.1  348.0  347.1
  250.0  11000  -39.3  -47.3     42   0.22    145      6  347.5  348.4  347.6
  247.0  11083  -40.1  -47.1     47   0.22    144      6  347.5  348.5  347.6
  225.0  11705  -45.4                         140      6  348.8         348.8
  206.0  12293  -50.4                          95      6  349.8         349.8
  200.0  12490  -52.1                          75      4  350.1         350.1
  187.0  12908  -55.7                          45      8  351.0         351.0
  170.0  13501  -60.9                          50     12  352.1         352.1
  150.0  14280  -67.7                          35     14  353.3         353.3
  147.0  14397  -68.6                          30     14  353.7         353.7
  133.0  14976  -73.3                          55     16  355.7         355.7
  108.0  16181  -82.9                          45     33  359.3         359.3
  107.0  16232  -82.8                          45     33  360.6         360.6
  102.0  16499  -82.0                          40     23  366.9         366.9
  100.0  16610  -81.7                          25     17  369.6         369.6
   96.0  16839  -81.7                         355      6  374.0         374.0
   91.0  17139  -81.7                         130      6  379.7         379.7
   87.0  17392  -81.7                         115     12  384.6         384.6
   83.0  17656  -81.7                          87      7  389.8         389.8
   82.0  17724  -81.7                          80      6  391.1         391.1
   77.9  18012  -81.9                           3     10  396.6         396.6
   74.0  18304  -79.3                         285     14  407.9         407.9
   70.0  18620  -76.5                         255     10  420.4         420.4
   66.5  18918  -72.5                         248     11  435.3         435.3
   63.0  19238  -71.5                         240     12  444.2         444.2
   60.0  19526  -70.7                         290     10  452.4         452.4
   58.1  19717  -70.1                         306     14  457.8         457.8
   57.0  19831  -66.5                         315     16  468.5         468.5
   56.7  19863  -65.5                         314     16  471.5         471.5
   50.0  20630  -64.3                         280     19  491.5         491.5
   49.0  20754  -64.8                         275     19  493.2         493.2
   48.4  20829  -65.1                         275     19  494.2         494.2
   41.8  21717  -68.1                         275     14  507.9         507.9
   40.0  21985  -66.1                         275      8  519.3         519.3
   36.9  22477  -62.5                         248     15  540.7         540.7
   35.0  22804  -62.7                         230     19  548.6         548.6
   33.0  23167  -62.8                         225     17  557.4         557.4
   32.2  23318  -62.9                         216     16  561.1         561.1
   30.0  23760  -57.9                         190     12  586.2         586.2
   29.7  23824  -56.7                         187     13  591.2         591.2
   29.0  23975  -56.5                         180     14  595.9         595.9
   26.0  24670  -55.3                         225      4  617.9         617.9
   25.4  24818  -55.1                                     622.8         622.8
</PRE><H3>Station information and sounding indices</H3><PRE>
                         Station identifier: WIII
                             Station number: 96749
                           Observation time: 151201/0000
                           Station latitude: -6.11
                          Station longitude: 106.65
                          Station elevation: 8.0
                            Showalter index: 0.17
                               Lifted index: -1.74
    LIFT computed using virtual temperature: -2.43
                                SWEAT index: 212.41
                                    K index: 32.80
                         Cross totals index: 20.00
                      Vertical totals index: 23.10
                        Totals totals index: 43.10
      Convective Available Potential Energy: 452.32
             CAPE using virtual temperature: 618.60
                      Convective Inhibition: -72.27
             CINS using virtual temperature: -53.31
                           Equilibrum Level: 189.14
 Equilibrum Level using virtual temperature: 189.09
                   Level of Free Convection: 777.81
             LFCT using virtual temperature: 817.00
                     Bulk Richardson Number: 30.79
          Bulk Richardson Number using CAPV: 42.10
  Temp [K] of the Lifted Condensation Level: 293.79
Pres [hPa] of the Lifted Condensation Level: 917.07
   Equivalent potential temp [K] of the LCL: 351.38
     Mean mixed layer potential temperature: 301.17
              Mean mixed layer mixing ratio: 17.03
              1000 hPa to 500 hPa thickness: 5788.00
Precipitable water [mm] for entire sounding: 51.70
</PRE>
<P>Description of the 
<A HREF="/upperair/columns.html">data columns</A>
or <A HREF="/upperair/indices.html">sounding indices</A>.

<P>
<FORM>
<INPUT CLASS="button" TYPE="button" VALUE=" Close this window " 
 onClick="window.close();">
<INPUT CLASS="button" TYPE="button" VALUE=" Select another map " 
 onClick="window.blur();">
</FORM>
<HR SIZE="1">
<I>Interested in graduate studies in atmospheric science?
Check out our program at the
<a href="http://www.uwyo.edu/atsc/howtoapply/"
target=_top>University of Wyoming
</a></I>
<HR SIZE="1"><FONT SIZE="-1">
Questions about the weather data provided by this site can be
addressed to <A HREF="mailto:ldoolman@uwyo.edu">
Larry Oolman (ldoolman@uwyo.edu)</A></FONT>
<HR SIZE="1">
<SCRIPT TYPE="text/javascript">
<!--
window.focus();
// -->
</SCRIPT>
</BODY>
</HTML>
