2015-05-21 12
<HTML>
<TITLE>University of Wyoming - Radiosonde Data</TITLE>
<BODY BGCOLOR="white">
<H2>96749 WIII Jakarta Observations at 00Z 21 May 2015</H2>
<PRE>
-----------------------------------------------------------------------------
   PRES   HGHT   TEMP   DWPT   RELH   MIXR   DRCT   SKNT   THTA   THTE   THTV
    hPa     m      C      C      %    g/kg    deg   knot     K      K      K 
-----------------------------------------------------------------------------
 1012.0      8   24.2   21.9     87  16.65      0      0  296.3  344.5  299.3
 1011.0     17   26.0   22.5     81  17.30      8      0  298.2  348.7  301.3
 1000.0    111   26.2   21.4     75  16.33    100      4  299.4  347.2  302.3
  979.0    297   24.9   20.9     79  16.21    100     14  299.9  347.5  302.8
  925.0    796   21.4   19.7     90  15.88     90      8  301.2  348.1  304.1
  914.0    899   20.9   19.0     89  15.34     90      6  301.7  347.1  304.5
  883.0   1198   19.4   16.8     85  13.86    115      2  303.2  344.5  305.7
  852.0   1507   17.9   14.6     81  12.45    110      2  304.7  342.1  307.0
  850.0   1527   17.8   14.5     81  12.36    105      2  304.8  341.9  307.0
  832.0   1710   16.6   12.9     79  11.36    119      3  305.4  339.7  307.5
  795.0   2097   16.4    1.7     37   5.46    150      4  309.1  326.3  310.1
  767.0   2401   16.2   -7.2     19   2.93    170      8  312.1  321.7  312.7
  740.0   2706   16.0  -16.0     10   1.49    115      8  315.1  320.3  315.4
  715.0   2995   14.1  -16.6     10   1.47    120     10  316.2  321.3  316.5
  700.0   3174   13.0  -17.0     11   1.45    110      8  316.9  321.9  317.1
  689.0   3304   12.0  -16.9     12   1.48    100      8  317.2  322.3  317.5
  618.0   4198    5.2  -16.4     19   1.73     90     14  319.4  325.4  319.7
  569.0   4876    0.0  -16.0     29   1.94     68     15  320.9  327.6  321.3
  568.0   4891   -0.1  -16.1     29   1.93     67     16  320.9  327.6  321.3
  556.0   5062    0.8  -27.2     10   0.74     61     16  324.0  326.7  324.1
  553.0   5105    0.6  -27.6     10   0.72     60     16  324.2  326.9  324.4
  513.0   5705   -2.2  -34.0      7   0.42     70     16  327.9  329.6  328.0
  500.0   5910   -3.1  -36.1      6   0.35     65     17  329.2  330.6  329.3
  494.0   6004   -3.6  -36.2      6   0.35     60     19  329.7  331.1  329.8
  458.0   6596   -6.9  -37.0      7   0.35    115     17  332.8  334.2  332.8
  444.0   6839   -8.3  -37.3      8   0.35    115     18  334.0  335.4  334.1
  423.0   7211  -10.7  -41.1      6   0.25    115     19  335.6  336.6  335.6
  400.0   7640  -13.5  -45.5      5   0.16    140     16  337.4  338.1  337.4
  376.0   8104  -17.7  -47.4      6   0.14    160     17  337.9  338.5  337.9
  368.0   8266  -19.1  -48.1      6   0.13    147     16  338.0  338.6  338.1
  347.0   8693  -22.2  -48.0      8   0.14    110     14  339.6  340.2  339.6
  306.0   9606  -28.9  -47.9     14   0.16    170     14  342.6  343.4  342.7
  300.0   9750  -29.9  -47.9     16   0.17    175     16  343.1  343.8  343.2
  275.0  10363  -34.7  -54.7     11   0.08    182     22  344.8  345.2  344.8
  252.0  10966  -40.1  -57.1     15   0.07    189     28  345.5  345.8  345.5
  250.0  11020  -40.5                         190     29  345.7         345.7
  247.0  11100  -41.2                         190     29  345.9         345.9
  216.0  11990  -48.9                         170     12  347.5         347.5
  200.0  12500  -53.3                          90      8  348.2         348.2
  197.0  12595  -54.0                          75      8  348.6         348.6
  179.0  13194  -58.3                          50      4  351.2         351.2
  170.0  13517  -60.6                         335      6  352.6         352.6
  150.0  14300  -66.3                         340     19  355.7         355.7
  140.0  14700  -69.2                         335     17  357.7         357.7
  133.0  14997  -71.3                         325     16  359.1         359.1
  114.0  15891  -77.8                          10     19  363.3         363.3
  108.0  16204  -80.1                           5     19  364.7         364.7
  102.0  16535  -82.5                         340     16  366.1         366.1
  100.0  16650  -83.3                           0     16  366.5         366.5
   97.0  16820  -82.4                          25     16  371.5         371.5
   94.1  16989  -81.5                          71     15  376.5         376.5
   92.0  17114  -82.4                         105     14  377.2         377.2
   87.0  17423  -84.5                         145     16  378.9         378.9
   82.3  17730  -86.7                         160     27  380.6         380.6
   82.0  17750  -86.6                         160     27  381.1         381.1
   70.0  18620  -83.3                          95     25  405.9         405.9
   67.9  18789  -82.5                          99     27  411.1         411.1
   66.7  18890  -77.1                         101     28  424.9         424.9
   62.4  19277  -71.1                         110     31  446.4         446.4
   60.0  19511  -70.2                         115     33  453.5         453.5
   57.0  19817  -68.9                          90     35  463.0         463.0
   50.2  20576  -65.9                          85     43  487.2         487.2
   50.0  20600  -65.7                          85     43  488.2         488.2
   49.0  20726  -65.2                          80     43  492.1         492.1
   45.0  21255  -63.3                          70     43  508.9         508.9
   40.0  21988  -60.7                          85     43  532.9         532.9
   35.0  22818  -57.7                          85     47  561.5         561.5
   30.6  23654  -54.7                          98     24  591.6         591.6
   30.0  23780  -54.7                         100     21  594.9         594.9
   29.0  23998  -54.4                          80     16  601.7         601.7
   26.0  24700  -53.2                         115     19  623.9         623.9
   25.0  24952  -52.8                          95     21  632.1         632.1
   24.0  25215  -52.4                          45      4  640.8         640.8
   23.3  25405  -52.1                         304      5  647.1         647.1
   23.0  25489  -50.3                         260      6  654.7         654.7
   22.6  25604  -47.9                         274      5  665.1         665.1
   22.0  25781  -47.8                         295      4  670.5         670.5
   21.0  26088  -47.7                         255     17  680.0         680.0
   20.0  26410  -47.5                         260     14  690.0         690.0
   19.0  26748  -47.7                         260     10  699.6         699.6
   18.0  27103  -47.9                         305     14  709.9         709.9
   16.9  27518  -48.1                         299     19  722.1         722.1
   15.0  28318  -38.9                         287     29  777.7         777.7
   14.0  28791  -38.8                         280     35  793.4         793.4
   13.0  29298  -38.8                         280     43  810.5         810.5
   11.9  29903  -38.7                         267     46  831.6         831.6
   11.0  30436  -41.4                         255     49  840.7         840.7
   10.4  30816  -43.3                         265     43  847.2         847.2
   10.0  31080  -42.7                         265     41  859.0         859.0
    9.0  31796  -40.9                         265     41  892.2         892.2
    8.3  32346  -39.5                                     918.6         918.6
</PRE><H3>Station information and sounding indices</H3><PRE>
                         Station identifier: WIII
                             Station number: 96749
                           Observation time: 150521/0000
                           Station latitude: -6.11
                          Station longitude: 106.65
                          Station elevation: 8.0
                            Showalter index: 3.01
                               Lifted index: 0.86
    LIFT computed using virtual temperature: -0.02
                                SWEAT index: 195.00
                                    K index: 5.40
                         Cross totals index: 17.60
                      Vertical totals index: 20.90
                        Totals totals index: 38.50
      Convective Available Potential Energy: 46.60
             CAPE using virtual temperature: 119.72
                      Convective Inhibition: -235.90
             CINS using virtual temperature: -31.72
                           Equilibrum Level: 251.08
 Equilibrum Level using virtual temperature: 253.96
                   Level of Free Convection: 610.37
             LFCT using virtual temperature: 836.10
                     Bulk Richardson Number: 211.57
          Bulk Richardson Number using CAPV: 543.53
  Temp [K] of the Lifted Condensation Level: 293.35
Pres [hPa] of the Lifted Condensation Level: 928.75
   Equivalent potential temp [K] of the LCL: 347.49
     Mean mixed layer potential temperature: 299.62
              Mean mixed layer mixing ratio: 16.34
              1000 hPa to 500 hPa thickness: 5799.00
Precipitable water [mm] for entire sounding: 36.16
</PRE>
<P>Description of the 
<A HREF="/upperair/columns.html">data columns</A>
or <A HREF="/upperair/indices.html">sounding indices</A>.

<P>
<FORM>
<INPUT CLASS="button" TYPE="button" VALUE=" Close this window " 
 onClick="window.close();">
<INPUT CLASS="button" TYPE="button" VALUE=" Select another map " 
 onClick="window.blur();">
</FORM>
<HR SIZE="1">
<I>Interested in graduate studies in atmospheric science?
Check out our program at the
<a href="http://www.uwyo.edu/atsc/howtoapply/"
target=_top>University of Wyoming
</a></I>
<HR SIZE="1"><FONT SIZE="-1">
Questions about the weather data provided by this site can be
addressed to <A HREF="mailto:ldoolman@uwyo.edu">
Larry Oolman (ldoolman@uwyo.edu)</A></FONT>
<HR SIZE="1">
<SCRIPT TYPE="text/javascript">
<!--
window.focus();
// -->
</SCRIPT>
</BODY>
</HTML>
