2015-08-07 12
<HTML>
<TITLE>University of Wyoming - Radiosonde Data</TITLE>
<BODY BGCOLOR="white">
<H2>96749 WIII Jakarta Observations at 00Z 07 Aug 2015</H2>
<PRE>
-----------------------------------------------------------------------------
   PRES   HGHT   TEMP   DWPT   RELH   MIXR   DRCT   SKNT   THTA   THTE   THTV
    hPa     m      C      C      %    g/kg    deg   knot     K      K      K 
-----------------------------------------------------------------------------
 1010.0      8   23.4   22.0     92  16.79    200      3  295.7  344.1  298.7
 1000.0     93   24.0   21.7     87  16.64    185      4  297.1  345.5  300.1
  977.0    297   23.2   20.4     84  15.71    145      8  298.3  344.1  301.1
  944.0    597   22.0   18.5     81  14.40    120     12  300.0  342.4  302.6
  929.0    737   21.4   17.6     79  13.82    132     10  300.8  341.6  303.3
  925.0    775   21.2   17.6     80  13.88    135     10  301.0  342.0  303.5
  912.0    897   20.5   17.1     81  13.67    140      8  301.5  342.0  304.0
  860.0   1403   17.8   15.2     85  12.79    194      3  303.8  342.0  306.1
  850.0   1503   18.2    8.2     52   8.09    205      2  305.2  329.9  306.7
  848.0   1523   18.2    7.2     49   7.57    207      2  305.4  328.5  306.8
  794.0   2083   13.8   10.2     79   9.93    268     12  306.5  336.7  308.3
  792.0   2105   13.9    8.8     71   9.07    270     12  306.9  334.6  308.5
  779.0   2244   14.8   -0.2     36   4.86    268     14  309.2  324.6  310.2
  737.0   2710   11.7   -1.5     40   4.68    260     19  310.8  325.7  311.7
  733.0   2756   11.4   -1.6     40   4.66    262     19  311.0  325.9  311.8
  700.0   3139    8.2    2.2     66   6.45    280     21  311.5  331.9  312.8
  673.0   3463    5.4    2.6     82   6.91    301     18  311.9  333.6  313.2
  667.0   3536    7.0   -4.0     45   4.29    306     17  314.5  328.4  315.3
  658.0   3648    6.2    1.5     72   6.53    313     16  314.8  335.7  316.1
  638.0   3901    5.0    1.7     79   6.83    330     14  316.2  338.1  317.5
  629.0   4017    4.4    1.8     83   6.98    324     13  316.9  339.2  318.2
  620.0   4135    4.0   -3.0     60   4.97    318     12  317.7  333.9  318.7
  615.0   4201    3.7   -6.3     48   3.91    315     12  318.1  331.0  318.9
  610.0   4267    3.4   -9.6     38   3.04    313     12  318.5  328.7  319.1
  608.0   4294    3.8  -25.2     10   0.82    312     12  319.3  322.2  319.4
  592.0   4509    2.0  -13.0     32   2.39    306     12  319.6  327.8  320.1
  583.0   4633    2.6  -31.4      6   0.48    303     12  321.7  323.5  321.8
  576.0   4731    2.6  -31.4      6   0.48    300     12  322.8  324.7  322.9
  550.0   5102    0.3  -37.1      4   0.29    290     12  324.4  325.6  324.5
  546.0   5161    0.0  -38.0      4   0.27    283     11  324.7  325.8  324.8
  510.0   5703   -3.0  -41.8      3   0.19    220      6  327.4  328.2  327.5
  500.0   5860   -3.9  -42.9      3   0.17    185      6  328.2  328.9  328.2
  491.0   6003   -4.3  -44.5      3   0.15    155      6  329.5  330.1  329.5
  473.0   6297   -5.0  -47.7      2   0.11    150      8  332.1  332.6  332.1
  471.0   6331   -5.1  -48.1      2   0.10    143      8  332.4  332.8  332.4
  455.0   6597   -7.3  -46.9      3   0.12     90      4  333.0  333.5  333.0
  438.0   6890   -9.6  -45.5      4   0.15     80     10  333.6  334.2  333.6
  421.0   7196  -12.1  -44.1      5   0.18    105     16  334.2  335.0  334.3
  400.0   7590  -15.3  -42.3      8   0.23    110     16  335.0  336.0  335.1
  373.0   8102  -19.1  -44.0      9   0.21    140     19  336.7  337.6  336.8
  330.0   8998  -25.8  -46.9     12   0.17     90     23  339.6  340.3  339.6
  308.0   9503  -29.5  -48.5     14   0.15     97     23  341.1  341.8  341.1
  300.0   9690  -30.9  -42.9     30   0.29    100     23  341.7  342.9  341.8
  291.0   9901  -32.8  -43.6     33   0.28    105     25  342.0  343.1  342.0
  267.0  10499  -38.2  -45.4     46   0.25    115     19  342.6  343.7  342.7
  259.0  10710  -40.1  -46.1     53   0.24    106     18  342.8  343.8  342.9
  250.0  10950  -41.9                          95     17  343.6         343.6
  244.0  11110  -43.2                          90     14  344.1         344.1
  234.0  11386  -45.4                          60     16  344.9         344.9
  200.0  12420  -53.7                          40     29  347.6         347.6
  185.0  12905  -57.8                          30     31  348.7         348.7
  168.0  13505  -62.9                          15     27  350.0         350.0
  150.0  14210  -68.9                          25     37  351.2         351.2
  123.0  15370  -77.9                          55     70  355.3         355.3
  118.0  15610  -75.2                          55     70  364.4         364.4
  112.0  15913  -71.9                          47     43  376.2         376.2
  107.0  16182  -72.0                          40     19  380.9         380.9
  101.0  16521  -72.1                         270     10  387.1         387.1
  100.0  16580  -72.1                         265     12  388.2         388.2
   91.0  17125  -76.0                         250     16  391.0         391.0
   83.7  17609  -79.5                         240     16  393.4         393.4
   82.0  17727  -78.8                         235     10  397.2         397.2
   70.0  18640  -73.1                          75     25  427.7         427.7
   67.0  18900  -71.8                          75     21  435.8         435.8
   64.0  19172  -70.5                         115     27  444.5         444.5
   58.5  19705  -67.9                          92     32  461.9         461.9
   58.0  19757  -67.3                          90     33  464.3         464.3
   55.0  20083  -63.8                          60     14  479.5         479.5
   52.2  20402  -60.3                         332      5  494.8         494.8
   52.0  20426  -60.4                         325      4  495.1         495.1
   50.0  20670  -61.5                         325      8  498.1         498.1
   49.3  20757  -61.9                         311     10  499.2         499.2
   47.0  21058  -61.3                         265     17  507.5         507.5
   43.0  21617  -60.1                         270     19  523.4         523.4
   37.0  22562  -58.2                         195     19  551.3         551.3
   34.0  23093  -57.1                         335      6  567.7         567.7
   32.0  23474  -56.3                         290     10  579.7         579.7
   30.0  23880  -55.5                         290     12  592.7         592.7
   29.0  24099  -55.1                         295     12  599.7         599.7
   28.0  24325  -54.6                         325     12  607.0         607.0
   24.0  25319  -52.6                         270     23  640.0         640.0
   23.0  25593  -52.1                         269     23  649.5         649.5
   20.0  26510  -47.7                         265     21  689.4         689.4
   19.0  26849  -47.4                         275     19  700.6         700.6
   17.1  27544  -46.7                         268     25  724.1         724.1
   14.0  28874  -46.0                         255     35  769.3         769.3
   10.0  31110  -44.7                         290     23  851.6         851.6
    8.0  32611  -43.2                         225     21  913.4         913.4
    7.0  33509  -42.4                         295      4  952.5         952.5
    6.7  33803  -42.1                                     965.7         965.7
</PRE><H3>Station information and sounding indices</H3><PRE>
                         Station identifier: WIII
                             Station number: 96749
                           Observation time: 150807/0000
                           Station latitude: -6.11
                          Station longitude: 106.65
                          Station elevation: 8.0
                            Showalter index: 7.50
                               Lifted index: 1.32
    LIFT computed using virtual temperature: 0.50
                                SWEAT index: 108.40
                                    K index: 24.30
                         Cross totals index: 12.10
                      Vertical totals index: 22.10
                        Totals totals index: 34.20
      Convective Available Potential Energy: 20.87
             CAPE using virtual temperature: 59.54
                      Convective Inhibition: -109.48
             CINS using virtual temperature: -54.14
                           Equilibrum Level: 591.43
 Equilibrum Level using virtual temperature: 583.15
                   Level of Free Convection: 714.41
             LFCT using virtual temperature: 805.44
                     Bulk Richardson Number: 1.21
          Bulk Richardson Number using CAPV: 3.46
  Temp [K] of the Lifted Condensation Level: 293.17
Pres [hPa] of the Lifted Condensation Level: 944.79
   Equivalent potential temp [K] of the LCL: 344.17
     Mean mixed layer potential temperature: 297.98
              Mean mixed layer mixing ratio: 15.89
              1000 hPa to 500 hPa thickness: 5767.00
Precipitable water [mm] for entire sounding: 40.17
</PRE>
<P>Description of the 
<A HREF="/upperair/columns.html">data columns</A>
or <A HREF="/upperair/indices.html">sounding indices</A>.

<P>
<FORM>
<INPUT CLASS="button" TYPE="button" VALUE=" Close this window " 
 onClick="window.close();">
<INPUT CLASS="button" TYPE="button" VALUE=" Select another map " 
 onClick="window.blur();">
</FORM>
<HR SIZE="1">
<I>Interested in graduate studies in atmospheric science?
Check out our program at the
<a href="http://www.uwyo.edu/atsc/howtoapply/"
target=_top>University of Wyoming
</a></I>
<HR SIZE="1"><FONT SIZE="-1">
Questions about the weather data provided by this site can be
addressed to <A HREF="mailto:ldoolman@uwyo.edu">
Larry Oolman (ldoolman@uwyo.edu)</A></FONT>
<HR SIZE="1">
<SCRIPT TYPE="text/javascript">
<!--
window.focus();
// -->
</SCRIPT>
</BODY>
</HTML>
