2013-02-08 12
<HTML>
<TITLE>University of Wyoming - Radiosonde Data</TITLE>
<BODY BGCOLOR="white">
<H2>96749 WIII Jakarta Observations at 00Z 08 Feb 2013</H2>
<PRE>
-----------------------------------------------------------------------------
   PRES   HGHT   TEMP   DWPT   RELH   MIXR   DRCT   SKNT   THTA   THTE   THTV
    hPa     m      C      C      %    g/kg    deg   knot     K      K      K 
-----------------------------------------------------------------------------
 1009.0      8   24.0   23.5     97  18.45    170      4  296.4  349.8  299.6
 1000.0     87   25.0   22.7     87  17.72    175      4  298.1  349.8  301.3
  976.0    301   24.8   20.6     78  15.97    195      6  300.1  347.0  302.9
  972.0    337   24.8   20.3     76  15.69    203      6  300.4  346.6  303.2
  944.0    593   23.4   18.6     75  14.55    260      2  301.5  344.5  304.1
  925.0    771   22.4   17.5     74  13.79    350      4  302.2  343.2  304.7
  912.0    893   21.5   16.6     74  13.23     55      4  302.5  341.9  304.9
  850.0   1501   17.0   12.3     74  10.68     80     10  303.9  336.0  305.9
  834.0   1663   16.0   12.0     77  10.67     85     11  304.5  336.7  306.5
  812.0   1891   15.2   10.2     72   9.71     93     13  306.0  335.5  307.8
  792.0   2102   13.9    9.5     75   9.48    100     14  306.8  335.7  308.6
  782.0   2209   13.2    9.1     76   9.36     99     15  307.2  335.8  308.9
  763.0   2417   13.4    0.4     41   5.19     97     16  309.6  326.0  310.6
  758.0   2472   13.2    5.2     58   7.37     96     16  309.9  332.9  311.3
  755.0   2505   13.8   -1.2     36   4.66     96     16  310.9  325.8  311.8
  711.0   3009   11.2   -5.8     30   3.51     91     18  313.5  324.9  314.1
  700.0   3139   10.2   -1.8     43   4.81     90     19  313.8  329.3  314.7
  676.0   3428    8.8   -3.2     43   4.49     87     18  315.3  329.9  316.2
  636.0   3930    6.6   -9.4     31   2.96     83     15  318.4  328.3  318.9
  615.0   4202    4.3   -7.9     41   3.45     80     14  318.8  330.4  319.5
  577.0   4718    0.0   -5.0     69   4.60     72     13  319.6  334.8  320.5
  500.0   5850   -6.7  -13.7     57   2.67     55     12  324.8  334.1  325.3
  491.0   5992   -7.3  -16.5     48   2.15     55     14  325.8  333.3  326.2
  488.0   6040   -7.5  -17.5     45   1.99     56     14  326.1  333.1  326.5
  446.0   6738   -9.9  -28.9     20   0.79     77     15  331.6  334.6  331.7
  404.0   7494  -15.0  -36.7     14   0.41    100     16  334.5  336.1  334.6
  400.0   7570  -15.5  -37.5     13   0.38    100     17  334.8  336.3  334.8
  395.0   7665  -16.3  -34.3     20   0.53     99     17  334.9  337.0  335.0
  389.0   7780  -17.5  -28.5     38   0.94     98     17  334.8  338.4  335.0
  366.0   8234  -20.9  -35.9     25   0.49     94     18  336.2  338.1  336.3
  358.0   8397  -22.1  -46.1      9   0.17     93     18  336.7  337.4  336.7
  355.0   8459  -22.3  -29.3     53   0.96     92     18  337.2  340.9  337.4
  335.0   8884  -24.1  -35.1     36   0.58     89     19  340.4  342.7  340.5
  317.0   9284  -27.4  -42.6     22   0.28     85     19  341.3  342.4  341.3
  310.0   9446  -28.7  -45.7     18   0.21     91     20  341.6  342.5  341.6
  300.0   9680  -30.7  -40.7     37   0.37    100     21  342.0  343.5  342.1
  297.0   9751  -31.1  -38.1     50   0.48     98     21  342.4  344.4  342.5
  291.0   9894  -32.3  -39.5     48   0.43     95     21  342.7  344.5  342.8
  256.0  10787  -39.6  -48.5     38   0.18    115     14  344.6  345.4  344.7
  254.0  10842  -40.1  -49.1     38   0.17    118     14  344.7  345.5  344.8
  250.0  10950  -40.9                         125     14  345.1         345.1
  224.0  11673  -47.3                         145     10  346.3         346.3
  200.0  12420  -53.9                         130     10  347.2         347.2
  177.0  13176  -60.4                         120     10  348.9         348.9
  153.0  14077  -68.2                         135     21  350.4         350.4
  150.0  14200  -69.3                         135     21  350.5         350.5
  131.0  14990  -74.6                         110     23  354.8         354.8
  125.0  15264  -76.5                         115     25  356.2         356.2
  120.0  15502  -78.1                          90     24  357.5         357.5
  118.0  15596  -78.9                          80     23  357.8         357.8
  106.0  16196  -83.8                          70     21  359.6         359.6
  102.0  16411  -85.5                          75     21  360.2         360.2
  101.0  16465  -85.2                          75     23  361.8         361.8
  100.0  16520  -84.9                          70     23  363.4         363.4
   90.0  17108  -82.5                          20     12  379.4         379.4
   86.0  17362  -81.4                         210      8  386.4         386.4
   79.0  17836  -79.5                         314      6  399.9         399.9
   77.0  17981  -79.5                         345      6  402.8         402.8
   73.0  18283  -79.6                         275     12  408.8         408.8
   70.0  18520  -79.7                         300     12  413.6         413.6
   66.0  18854  -79.4                         345      4  421.3         421.3
   62.9  19128  -79.1                         100      4  427.7         427.7
   62.0  19210  -78.9                         135      4  429.9         429.9
   59.0  19494  -78.3                         180     12  437.5         437.5
   54.0  20000  -77.1                         114     23  451.4         451.4
   53.0  20108  -74.1                         100     25  460.7         460.7
   52.8  20130  -73.5                          99     25  462.6         462.6
   50.0  20450  -72.5                          85     31  472.2         472.2
   48.0  20692  -71.7                          90     35  479.6         479.6
   41.0  21628  -68.8                          95     54  509.0         509.0
   40.8  21657  -68.7                          95     54  510.0         510.0
   39.0  21930  -65.7                          90     54  524.1         524.1
   37.6  22152  -63.3                          90     54  535.8         535.8
   37.0  22251  -63.2                          90     54  538.5         538.5
   36.0  22420  -63.0                          90     54  543.2         543.2
   32.4  23069  -62.3                          84     36  561.7         561.7
   30.0  23550  -57.7                          80     23  586.8         586.8
   29.0  23766  -54.3                          75     17  601.8         601.8
   28.6  23854  -52.9                          91     14  608.1         608.1
   28.0  23991  -52.9                         115     10  611.9         611.9
   26.0  24468  -52.7                         125     25  625.5         625.5
   24.0  24984  -52.5                         125     19  640.5         640.5
   23.0  25259  -52.4                         185      8  648.7         648.7
   22.0  25545  -52.3                         210     14  657.3         657.3
   20.5  26000  -52.1                         151     24  671.2         671.2
   20.0  26160  -51.1                         130     27  679.0         679.0
   18.0  26849  -50.1                         110     29  702.9         702.9
   17.0  27223  -49.6                          65     12  716.2         716.2
   16.0  27619  -49.0                         330      2  730.6         730.6
   15.2  27954  -48.5                          34      7  743.0         743.0
   15.0  28042  -47.9                          50      8  747.7         747.7
   14.0  28499  -44.9                          75     19  772.8         772.8
   13.0  28994  -45.2                          10     12  788.5         788.5
   12.5  29256  -45.3                                     796.9         796.9
</PRE><H3>Station information and sounding indices</H3><PRE>
                         Station identifier: WIII
                             Station number: 96749
                           Observation time: 130208/0000
                           Station latitude: -6.11
                          Station longitude: 106.65
                          Station elevation: 8.0
                            Showalter index: 1.87
                               Lifted index: -2.75
    LIFT computed using virtual temperature: -3.25
                                SWEAT index: 179.61
                                    K index: 24.00
                         Cross totals index: 19.00
                      Vertical totals index: 23.70
                        Totals totals index: 42.70
      Convective Available Potential Energy: 370.86
             CAPE using virtual temperature: 521.58
                      Convective Inhibition: -46.79
             CINS using virtual temperature: -32.49
                           Equilibrum Level: 215.49
 Equilibrum Level using virtual temperature: 215.22
                   Level of Free Convection: 850.47
             LFCT using virtual temperature: 869.55
                     Bulk Richardson Number: 17.57
          Bulk Richardson Number using CAPV: 24.72
  Temp [K] of the Lifted Condensation Level: 293.49
Pres [hPa] of the Lifted Condensation Level: 932.37
   Equivalent potential temp [K] of the LCL: 347.50
     Mean mixed layer potential temperature: 299.44
              Mean mixed layer mixing ratio: 16.45
              1000 hPa to 500 hPa thickness: 5763.00
Precipitable water [mm] for entire sounding: 43.62
</PRE>
<P>Description of the 
<A HREF="/upperair/columns.html">data columns</A>
or <A HREF="/upperair/indices.html">sounding indices</A>.

<P>
<FORM>
<INPUT CLASS="button" TYPE="button" VALUE=" Close this window " 
 onClick="window.close();">
<INPUT CLASS="button" TYPE="button" VALUE=" Select another map " 
 onClick="window.blur();">
</FORM>
<HR SIZE="1">
<I>Interested in graduate studies in atmospheric science?
Check out our program at the
<a href="http://www.uwyo.edu/atsc/howtoapply/"
target=_top>University of Wyoming
</a></I>
<HR SIZE="1"><FONT SIZE="-1">
Questions about the weather data provided by this site can be
addressed to <A HREF="mailto:ldoolman@uwyo.edu">
Larry Oolman (ldoolman@uwyo.edu)</A></FONT>
<HR SIZE="1">
<SCRIPT TYPE="text/javascript">
<!--
window.focus();
// -->
</SCRIPT>
</BODY>
</HTML>
