2015-12-26 12
<HTML>
<TITLE>University of Wyoming - Radiosonde Data</TITLE>
<BODY BGCOLOR="white">
<H2>96749 WIII Jakarta Observations at 00Z 26 Dec 2015</H2>
<PRE>
-----------------------------------------------------------------------------
   PRES   HGHT   TEMP   DWPT   RELH   MIXR   DRCT   SKNT   THTA   THTE   THTV
    hPa     m      C      C      %    g/kg    deg   knot     K      K      K 
-----------------------------------------------------------------------------
 1010.0      8   25.8   24.4     92  19.49    265      2  298.1  355.0  301.6
 1000.0    101   25.6   23.3     87  18.39    265      2  298.8  352.6  302.0
  978.0    297   25.1   21.7     82  17.05    275      4  300.2  350.3  303.2
  956.0    498   24.6   20.1     76  15.75    252      7  301.6  348.2  304.4
  945.0    599   23.9   19.6     77  15.48    240      8  301.9  347.8  304.7
  925.0    787   22.6   18.8     79  15.00    240      6  302.4  346.9  305.1
  913.0    900   22.0   18.3     80  14.71    245      6  302.9  346.7  305.6
  852.0   1500   18.7   15.6     82  13.25    295     10  305.5  345.4  308.0
  850.0   1520   18.6   15.5     82  13.20    295     10  305.6  345.4  308.0
  794.0   2098   15.3   11.4     77  10.77    285     10  308.1  341.0  310.1
  732.0   2788   11.4    6.5     72   8.36    277     12  311.1  337.1  312.6
  713.0   3008   11.3    1.9     53   6.20    275     12  313.3  333.0  314.5
  702.0   3138   11.2   -0.8     43   5.17    262     10  314.6  331.3  315.6
  700.0   3162   11.0   -1.0     43   5.11    260     10  314.6  331.1  315.6
  664.0   3598    7.5   -3.3     46   4.55    235      8  315.5  330.3  316.4
  641.0   3889    5.2   -4.8     48   4.20    249      9  316.1  329.8  316.9
  617.0   4200    3.9  -12.9     28   2.31    265     10  318.0  325.8  318.4
  599.0   4441    2.8  -19.2     18   1.41    260     10  319.5  324.4  319.7
  574.0   4784    0.0  -12.0     40   2.67    252     10  320.1  329.2  320.6
  570.0   4840   -0.3  -15.3     31   2.05    251     10  320.4  327.5  320.8
  559.0   4996    0.2  -31.8      7   0.48    248     10  322.8  324.6  322.9
  551.0   5111   -0.8  -24.9     14   0.92    245     10  322.9  326.3  323.1
  533.0   5375   -3.1   -9.1     63   3.62    236     10  323.2  335.5  323.9
  531.0   5405   -3.1  -10.3     58   3.31    235     10  323.6  334.9  324.2
  528.0   5450   -3.1  -12.1     50   2.88    229     10  324.1  334.0  324.7
  525.0   5495   -3.1  -21.1     23   1.36    223     11  324.6  329.5  324.9
  515.0   5647   -3.9  -18.9     30   1.68    203     12  325.5  331.4  325.8
  511.0   5709   -4.2  -20.3     27   1.50    195     12  325.8  331.2  326.1
  500.0   5880   -5.1  -24.1     21   1.10    195     14  326.8  330.8  327.0
  497.0   5927   -5.5  -25.5     19   0.97    197     14  326.8  330.4  327.0
  478.0   6232   -8.1  -18.1     44   1.94    207     15  327.3  334.2  327.7
  460.0   6529   -9.5  -23.5     31   1.26    217     16  329.1  333.8  329.4
  457.0   6580   -9.7  -18.7     48   1.92    219     16  329.5  336.4  329.9
  455.0   6614   -9.8  -19.6     45   1.79    220     16  329.8  336.2  330.1
  419.0   7247  -12.3  -36.3     12   0.41    216     12  334.4  336.1  334.5
  408.0   7450  -14.1  -23.1     46   1.47    215     10  334.7  340.1  335.0
  405.0   7506  -14.2  -24.4     42   1.32    215     10  335.2  340.1  335.5
  400.0   7600  -14.5  -26.5     35   1.10    210     10  336.1  340.2  336.3
  399.0   7619  -14.5  -27.5     32   1.01    209     10  336.3  340.1  336.5
  396.0   7676  -14.7  -19.5     67   2.07    205     11  336.8  344.4  337.2
  389.0   7811  -15.2  -28.1     33   0.98    195     12  337.8  341.6  338.0
  388.0   7831  -15.3  -29.3     29   0.88    195     12  337.9  341.3  338.1
  373.0   8128  -17.3  -33.3     24   0.62    195     11  339.1  341.6  339.2
  359.0   8410  -19.6  -33.3     29   0.65    195     10  339.7  342.3  339.8
  322.0   9212  -26.3  -33.3     52   0.72    135     11  341.2  344.1  341.4
  305.0   9601  -29.2  -33.5     67   0.75    105     12  342.5  345.4  342.6
  300.0   9720  -30.1  -33.5     72   0.76    100     12  342.8  345.8  343.0
  290.0   9960  -31.3  -34.1     76   0.74    102     10  344.5  347.4  344.6
  280.0  10206  -33.3  -40.8     47   0.39    105      8  345.1  346.7  345.2
  271.0  10435  -35.1  -47.1     28   0.20    116      9  345.7  346.6  345.7
  257.0  10800  -38.4                         135     10  346.1         346.1
  250.0  10990  -40.1                         115      8  346.3         346.3
  246.0  11097  -41.0                         100      8  346.6         346.6
  205.0  12306  -51.1                          65     16  349.2         349.2
  200.0  12470  -52.5                          70     17  349.5         349.5
  170.0  13481  -61.3                         105     27  351.5         351.5
  150.0  14260  -68.1                          90     27  352.6         352.6
  139.0  14708  -71.8                          80     33  353.9         353.9
  124.0  15381  -77.3                          84     48  355.6         355.6
  119.0  15616  -78.2                          85     54  358.2         358.2
  114.0  15862  -79.1                          85     43  360.9         360.9
  107.0  16224  -78.5                         105     33  368.6         368.6
  105.0  16332  -78.3                         103     28  371.0         371.0
  102.0  16497  -78.9                         100     21  372.9         372.9
  100.0  16610  -79.3                         115     17  374.3         374.3
   97.0  16782  -79.5                         140      8  377.2         377.2
   87.0  17395  -80.0                         165      4  388.1         388.1
   82.0  17728  -80.2                         290     12  394.1         394.1
   74.0  18307  -80.8                         255     14  404.8         404.8
   71.7  18484  -80.9                         204     11  408.2         408.2
   70.0  18620  -78.3                         165      8  416.6         416.6
   67.0  18875  -75.7                          75      8  427.5         427.5
   60.0  19518  -69.1                          95      6  455.9         455.9
   54.0  20149  -67.7                         285      8  473.0         473.0
   50.0  20610  -66.7                         280     21  485.9         485.9
   45.0  21252  -65.0                         275     23  504.9         504.9
   40.0  21969  -63.0                         260     17  527.0         527.0
   38.2  22249  -62.3                         269     17  535.9         535.9
   37.0  22446  -62.1                         275     17  541.2         541.2
   33.0  23152  -61.6                         240     25  560.7         560.7
   30.0  23740  -61.1                         240     25  577.5         577.5
   27.0  24392  -61.7                         260     27  593.4         593.4
   25.3  24795  -62.1                         228     21  603.4         603.4
   23.0  25393  -59.3                         180     12  628.4         628.4
   20.0  26270  -55.1                         165     10  666.8         666.8
   19.0  26603  -53.8                         100      8  680.5         680.5
   17.0  27326  -51.1                          70     10  711.3         711.3
   14.7  28271  -47.5                          85     29  753.5         753.5
   14.0  28592  -47.7                          90     35  763.4         763.4
   11.0  30182  -48.7                          80     41  814.2         814.2
   10.0  30810  -47.9                          95     56  839.6         839.6
    9.4  31220  -46.1                          92     57  861.5         861.5
    9.0  31511  -44.6                          90     58  877.9         877.9
    8.3  32054  -41.9                                     909.1         909.1
</PRE><H3>Station information and sounding indices</H3><PRE>
                         Station identifier: WIII
                             Station number: 96749
                           Observation time: 151226/0000
                           Station latitude: -6.11
                          Station longitude: 106.65
                          Station elevation: 8.0
                            Showalter index: -0.34
                               Lifted index: -2.32
    LIFT computed using virtual temperature: -3.17
                                SWEAT index: 220.01
                                    K index: 27.20
                         Cross totals index: 20.60
                      Vertical totals index: 23.70
                        Totals totals index: 44.30
      Convective Available Potential Energy: 633.67
             CAPE using virtual temperature: 827.22
                      Convective Inhibition: -56.80
             CINS using virtual temperature: -39.32
                           Equilibrum Level: 188.04
 Equilibrum Level using virtual temperature: 187.26
                   Level of Free Convection: 796.03
             LFCT using virtual temperature: 826.28
                     Bulk Richardson Number: 250.14
          Bulk Richardson Number using CAPV: 326.54
  Temp [K] of the Lifted Condensation Level: 294.46
Pres [hPa] of the Lifted Condensation Level: 938.36
   Equivalent potential temp [K] of the LCL: 350.77
     Mean mixed layer potential temperature: 299.88
              Mean mixed layer mixing ratio: 17.38
              1000 hPa to 500 hPa thickness: 5779.00
Precipitable water [mm] for entire sounding: 48.31
</PRE>
<P>Description of the 
<A HREF="/upperair/columns.html">data columns</A>
or <A HREF="/upperair/indices.html">sounding indices</A>.

<P>
<FORM>
<INPUT CLASS="button" TYPE="button" VALUE=" Close this window " 
 onClick="window.close();">
<INPUT CLASS="button" TYPE="button" VALUE=" Select another map " 
 onClick="window.blur();">
</FORM>
<HR SIZE="1">
<I>Interested in graduate studies in atmospheric science?
Check out our program at the
<a href="http://www.uwyo.edu/atsc/howtoapply/"
target=_top>University of Wyoming
</a></I>
<HR SIZE="1"><FONT SIZE="-1">
Questions about the weather data provided by this site can be
addressed to <A HREF="mailto:ldoolman@uwyo.edu">
Larry Oolman (ldoolman@uwyo.edu)</A></FONT>
<HR SIZE="1">
<SCRIPT TYPE="text/javascript">
<!--
window.focus();
// -->
</SCRIPT>
</BODY>
</HTML>
