2015-12-22 00
<HTML>
<TITLE>University of Wyoming - Radiosonde Data</TITLE>
<BODY BGCOLOR="white">
<H2>96749 WIII Jakarta Observations at 00Z 22 Dec 2015</H2>
<PRE>
-----------------------------------------------------------------------------
   PRES   HGHT   TEMP   DWPT   RELH   MIXR   DRCT   SKNT   THTA   THTE   THTV
    hPa     m      C      C      %    g/kg    deg   knot     K      K      K 
-----------------------------------------------------------------------------
 1010.0      8   25.0   23.1     89  17.98    270      4  297.3  349.6  300.5
 1000.0     98   24.8   21.9     84  16.85    260      8  297.9  347.1  300.9
  977.0    302   24.1   20.6     81  15.89    235     19  299.2  345.8  302.1
  938.0    660   22.8   18.3     76  14.32    250     19  301.4  343.8  304.0
  925.0    782   22.0   18.0     78  14.24    255     19  301.8  344.0  304.4
  913.0    895   21.3   17.5     79  14.00    260     17  302.2  343.8  304.8
  868.0   1332   18.6   15.7     83  13.09    282     18  303.8  342.9  306.2
  852.0   1492   18.4   14.3     77  12.15    290     19  305.2  341.8  307.4
  850.0   1512   18.4   14.1     76  12.04    290     19  305.4  341.7  307.6
  794.0   2087   15.0    8.6     66   8.90    270     16  307.8  335.1  309.4
  713.0   2996    9.6   -0.1     51   5.36    240     19  311.4  328.4  312.4
  705.0   3091    9.0   -1.0     50   5.07    243     17  311.8  328.0  312.7
  700.0   3150    8.6   -0.4     53   5.34    245     16  312.0  329.0  313.0
  687.0   3305    7.2    1.2     66   6.11    249     16  312.1  331.4  313.2
  685.0   3329    7.0    5.1     88   8.10    250     16  312.1  337.5  313.7
  636.0   3938    4.6    2.6     87   7.31    268     16  316.1  339.4  317.5
  616.0   4197    3.5    0.2     79   6.33    275     16  317.8  338.2  319.0
  565.0   4898    0.6   -6.4     59   4.22    290     17  322.2  336.4  323.1
  560.0   4969    0.0   -3.0     80   5.51    291     17  322.4  340.6  323.4
  531.0   5394   -2.9   -3.6     95   5.55    300     17  323.8  342.3  324.9
  527.0   5454   -3.3   -3.7     97   5.56    299     17  324.0  342.5  325.1
  500.0   5870   -4.9   -8.0     79   4.21    295     16  327.0  341.4  327.8
  492.0   5997   -5.9   -8.5     82   4.11    290     14  327.3  341.3  328.1
  474.0   6284   -7.6  -10.1     83   3.78    315     17  328.6  341.7  329.4
  421.0   7196  -13.1  -15.1     85   2.84    325     23  332.9  343.0  333.5
  400.0   7590  -15.5  -17.2     87   2.50    310     17  334.8  343.7  335.3
  384.0   7897  -17.5  -19.4     85   2.16    310     15  336.1  343.9  336.5
  359.0   8393  -21.1  -22.2     91   1.80    310     12  337.7  344.4  338.1
  345.0   8687  -23.2  -23.9     94   1.62    325     10  338.7  344.8  339.1
  332.0   8970  -25.3  -25.5     98   1.46    297      6  339.6  345.1  339.9
  331.0   8992  -25.0  -26.6     87   1.33    295      6  340.3  345.4  340.6
  330.0   9014  -24.7  -27.6     77   1.21    300      6  341.0  345.7  341.3
  318.0   9280  -26.6  -30.2     72   0.98      5      2  342.0  345.8  342.2
  305.0   9581  -28.8  -33.1     66   0.77    135      4  343.0  346.1  343.2
  300.0   9700  -29.7  -34.3     64   0.70    140      6  343.4  346.2  343.6
  280.0  10181  -33.8  -38.5     63   0.49    180      8  344.3  346.3  344.4
  252.0  10916  -40.1  -44.9     60   0.28    138     12  345.5  346.7  345.6
  250.0  10970  -40.5                         135     12  345.7         345.7
  246.0  11077  -41.4                         135     12  345.9         345.9
  200.0  12450  -53.3                         105     21  348.2         348.2
  196.0  12575  -54.4                         105     21  348.5         348.5
  150.0  14230  -68.7                         115     27  351.6         351.6
  146.0  14388  -70.0                         115     27  352.1         352.1
  123.0  15392  -78.1                          85     58  354.9         354.9
  119.0  15580  -78.4                          80     66  357.8         357.8
  115.0  15776  -78.7                          77     54  360.7         360.7
  111.0  15980  -72.9                          73     41  375.3         375.3
  102.0  16475  -74.3                          65     10  381.7         381.7
  101.0  16532  -74.5                          45     10  382.4         382.4
  100.0  16590  -75.1                          25     10  382.4         382.4
   97.0  16765  -76.2                         290      8  383.5         383.5
   87.0  17388  -80.3                         235     17  387.3         387.3
   86.2  17441  -80.7                         235     17  387.7         387.7
   82.4  17698  -77.1                         240     26  400.0         400.0
   82.0  17726  -77.2                         240     27  400.4         400.4
   78.0  18013  -78.5                         225     27  403.5         403.5
   77.9  18020  -78.5                         226     27  403.6         403.6
   71.0  18558  -73.8                         270     16  424.4         424.4
   70.0  18640  -73.1                         270     16  427.7         427.7
   68.2  18793  -71.7                         277     20  433.9         433.9
   64.0  19165  -72.2                         295     29  440.7         440.7
   55.0  20052  -73.4                         265     27  457.5         457.5
   51.7  20414  -73.9                         291     17  464.5         464.5
   50.0  20610  -70.7                         305     12  476.5         476.5
   47.9  20866  -67.3                         319      6  490.4         490.4
   47.0  20980  -67.4                         325      4  492.8         492.8
   45.0  21241  -67.7                         305      4  498.3         498.3
   40.0  21948  -68.4                         190      6  513.6         513.6
   38.0  22256  -68.7                         190      8  520.3         520.3
   37.0  22416  -68.9                         145      8  523.9         523.9
   33.1  23097  -59.9                         133     18  564.7         564.7
   32.0  23308  -60.1                         130     21  569.6         569.6
   30.0  23710  -60.5                         145      6  579.1         579.1
   29.9  23731  -60.5                         148      6  579.7         579.7
   29.0  23926  -59.5                         180      8  587.5         587.5
   27.0  24382  -57.2                         200      2  606.1         606.1
   26.0  24623  -56.0                         315      6  616.1         616.1
   25.0  24873  -54.7                         280     17  626.7         626.7
   23.0  25405  -52.0                         250     25  649.8         649.8
   22.1  25659  -50.7                         256     27  661.1         661.1
   20.0  26310  -51.3                         270     31  678.4         678.4
   18.0  26993  -51.8                         245     23  697.5         697.5
   17.0  27363  -52.1                         215      8  708.2         708.2
   16.9  27402  -52.1                         207      8  709.3         709.3
   16.0  27758  -51.3                         135      4  723.1         723.1
   14.0  28629  -49.3                          95     37  757.8         757.8
   13.4  28915  -48.7                          65     31  769.5         769.5
   13.0  29113  -48.9                          45     27  775.6         775.6
   11.0  30207  -49.9                          65     19  810.0         810.0
   10.2  30701  -50.3                          97     38  826.0         826.0
   10.0  30830  -50.3                         105     43  830.7         830.7
    9.0  31517  -50.3                          96     58  856.1         856.1
    8.1  32212  -45.7                          86     72  900.5         900.5
    8.0  32294  -45.6                          85     74  903.9         903.9
    7.5  32725  -45.4                          85     74  921.9         921.9
    7.1  33090  -45.1                          85     74  937.5         937.5
    7.0                                        85     74                     
</PRE><H3>Station information and sounding indices</H3><PRE>
                         Station identifier: WIII
                             Station number: 96749
                           Observation time: 151222/0000
                           Station latitude: -6.11
                          Station longitude: 106.65
                          Station elevation: 8.0
                            Showalter index: 1.30
                               Lifted index: -0.43
    LIFT computed using virtual temperature: -0.65
                                SWEAT index: 223.20
                                    K index: 28.40
                         Cross totals index: 19.00
                      Vertical totals index: 23.30
                        Totals totals index: 42.30
      Convective Available Potential Energy: 159.56
             CAPE using virtual temperature: 228.20
                      Convective Inhibition: -91.91
             CINS using virtual temperature: -64.50
                           Equilibrum Level: 330.96
 Equilibrum Level using virtual temperature: 330.81
                   Level of Free Convection: 745.02
             LFCT using virtual temperature: 788.26
                     Bulk Richardson Number: 26.15
          Bulk Richardson Number using CAPV: 37.40
  Temp [K] of the Lifted Condensation Level: 293.30
Pres [hPa] of the Lifted Condensation Level: 935.94
   Equivalent potential temp [K] of the LCL: 346.13
     Mean mixed layer potential temperature: 298.92
              Mean mixed layer mixing ratio: 16.18
              1000 hPa to 500 hPa thickness: 5772.00
Precipitable water [mm] for entire sounding: 53.98
</PRE>
<P>Description of the 
<A HREF="/upperair/columns.html">data columns</A>
or <A HREF="/upperair/indices.html">sounding indices</A>.

<P>
<FORM>
<INPUT CLASS="button" TYPE="button" VALUE=" Close this window " 
 onClick="window.close();">
<INPUT CLASS="button" TYPE="button" VALUE=" Select another map " 
 onClick="window.blur();">
</FORM>
<HR SIZE="1">
<I>Interested in graduate studies in atmospheric science?
Check out our program at the
<a href="http://www.uwyo.edu/atsc/howtoapply/"
target=_top>University of Wyoming
</a></I>
<HR SIZE="1"><FONT SIZE="-1">
Questions about the weather data provided by this site can be
addressed to <A HREF="mailto:ldoolman@uwyo.edu">
Larry Oolman (ldoolman@uwyo.edu)</A></FONT>
<HR SIZE="1">
<SCRIPT TYPE="text/javascript">
<!--
window.focus();
// -->
</SCRIPT>
</BODY>
</HTML>
