2015-07-30 00
<HTML>
<TITLE>University of Wyoming - Radiosonde Data</TITLE>
<BODY BGCOLOR="white">
<H2>96749 WIII Jakarta Observations at 00Z 30 Jul 2015</H2>
<PRE>
-----------------------------------------------------------------------------
   PRES   HGHT   TEMP   DWPT   RELH   MIXR   DRCT   SKNT   THTA   THTE   THTV
    hPa     m      C      C      %    g/kg    deg   knot     K      K      K 
-----------------------------------------------------------------------------
 1011.0      8   24.6   21.5     83  16.25    180      3  296.8  343.9  299.7
 1000.0    108   24.6   22.1     86  17.07    155      4  297.8  347.4  300.8
  979.0    294   23.7   20.8     84  16.04    100      8  298.6  345.5  301.5
  925.0    791   21.2   17.2     78  13.53     90     14  301.0  341.0  303.4
  914.0    894   20.6   16.7     78  13.26     90     14  301.4  340.7  303.8
  879.0   1232   18.6   15.1     80  12.43     87     17  302.7  339.7  305.0
  850.0   1520   16.8   13.9     83  11.88     85     19  303.7  339.3  305.9
  823.0   1794   15.1   12.6     85  11.24     75     21  304.7  338.5  306.8
  798.0   2056   13.4   11.3     87  10.65     66     21  305.6  337.8  307.6
  794.0   2099   13.5    9.8     78   9.67     65     21  306.2  335.6  308.0
  786.0   2184   13.8    6.8     63   7.94     65     20  307.4  331.8  308.9
  751.0   2568   12.4    2.4     50   6.09     65     17  309.9  329.0  311.0
  744.0   2646   13.4   -5.6     26   3.40     65     16  311.8  322.9  312.5
  740.0   2691   13.1   -5.7     27   3.40     65     16  312.0  323.1  312.6
  700.0   3156   10.4   -6.6     30   3.35     85     14  314.0  325.0  314.6
  640.0   3893    5.3   -8.9     35   3.07    110     12  316.3  326.5  316.9
  617.0   4194    3.2   -9.8     38   2.96     80     12  317.2  327.1  317.8
  595.0   4488    1.4   -4.6     64   4.59     63     14  318.4  333.6  319.3
  581.0   4680    0.0   -4.6     71   4.70     52     15  319.0  334.5  319.9
  572.0   4804   -0.8   -5.7     69   4.39     45     16  319.5  334.0  320.3
  519.0   5577   -5.7  -12.7     58   2.79     62     11  322.6  332.1  323.1
  511.0   5699   -5.5  -20.9     29   1.42     65     10  324.2  329.3  324.5
  502.0   5839   -5.3  -30.3     12   0.62     94     12  326.1  328.5  326.3
  500.0   5870   -5.3  -31.3     11   0.56    100     12  326.5  328.7  326.6
  492.0   5994   -6.1  -32.1     11   0.53    125     14  327.0  329.0  327.1
  455.0   6593  -10.2  -35.8     10   0.40    130     17  329.3  330.9  329.4
  421.0   7188  -14.2  -39.5     10   0.30     75     19  331.5  332.7  331.6
  400.0   7580  -16.9  -41.9      9   0.24     70     21  332.9  333.9  333.0
  358.0   8401  -23.5  -38.5     24   0.39     45     16  334.8  336.4  334.9
  347.0   8628  -25.1  -37.1     32   0.46     44     16  335.6  337.5  335.7
  333.0   8926  -27.1  -43.1     20   0.26     43     16  336.9  337.9  336.9
  316.0   9302  -29.5  -42.5     27   0.29     41     16  338.6  339.8  338.7
  300.0   9670  -32.3  -46.3     24   0.20     40     16  339.7  340.6  339.8
  291.0   9881  -33.9  -48.5     22   0.16     50     10  340.5  341.2  340.5
  279.0  10173  -36.0  -51.5     19   0.12    305      2  341.4  342.0  341.5
  267.0  10478  -38.3  -54.6     16   0.09    245     10  342.4  342.8  342.5
  258.0  10716  -40.1  -57.1     15   0.07    240     14  343.2  343.5  343.2
  250.0  10930  -41.7                         235     17  343.9         343.9
  204.0  12270  -52.5                         210     17  347.6         347.6
  200.0  12400  -53.5                         205     17  347.9         347.9
  185.0  12885  -57.3                         180     16  349.6         349.6
  150.0  14190  -67.5                         155     25  353.6         353.6
  138.0  14684  -70.7                         145     19  356.5         356.5
  125.0  15270  -74.5                         105     14  359.9         359.9
  123.0  15365  -75.1                          94     15  360.4         360.4
  118.0  15605  -75.6                          65     16  363.8         363.8
  112.0  15906  -76.3                          50     25  368.0         368.0
  103.0  16391  -77.3                          50     27  374.9         374.9
  101.0  16503  -77.8                          50     27  376.0         376.0
  100.0  16560  -78.1                          50     29  376.6         376.6
   96.0  16793  -78.9                          45     35  379.5         379.5
   95.8  16805  -78.9                          45     35  379.7         379.7
   91.0  17102  -74.3                          76     28  394.4         394.4
   82.0  17707  -75.7                         140     14  403.5         403.5
   79.4  17895  -76.1                         111     13  406.4         406.4
   78.0  17998  -75.6                          95     12  409.4         409.4
   74.0  18306  -74.2                          80      4  418.6         418.6
   70.0  18630  -72.7                          25      4  428.5         428.5
   68.6  18749  -72.3                          80      4  431.9         431.9
   67.0  18887  -72.6                         145      4  434.1         434.1
   63.0  19248  -73.5                          90      6  439.8         439.8
   60.5  19485  -74.1                          82     13  443.6         443.6
   60.0  19533  -73.9                          80     14  445.2         445.2
   56.4  19896  -72.3                          76     25  456.7         456.7
   55.0  20048  -69.2                          75     29  467.0         467.0
   52.0  20389  -62.4                          70     27  490.5         490.5
   50.7  20543  -59.3                          89     20  501.3         501.3
   50.0  20630  -59.7                         100     16  502.4         502.4
   47.0  21021  -58.9                         130     25  513.2         513.2
   41.0  21885  -57.1                         125      6  538.1         538.1
   39.0  22201  -56.5                         220      8  547.4         547.4
   37.0  22534  -55.8                         215     12  557.5         557.5
   34.0  23069  -54.7                         260     10  574.0         574.0
   32.0  23452  -53.9                         260      8  586.1         586.1
   31.0  23653  -53.5                         315     14  592.5         592.5
   30.0  23860  -53.1                         325     16  599.3         599.3
   29.0  24079  -52.7                         335     16  606.1         606.1
   27.0  24541  -52.0                         290     39  620.8         620.8
   24.0  25302  -50.7                         295     21  645.8         645.8
   23.0  25577  -50.2                         270     27  655.0         655.0
   20.0  26480  -48.7                         260     31  686.3         686.3
   18.8  26885  -49.5                         263     32  696.1         696.1
   18.0  27171  -49.3                         265     33  705.5         705.5
   15.0  28368  -48.4                         270     23  746.3         746.3
   13.0  29309  -47.6                         250     17  779.9         779.9
   12.0  29834  -47.2                         265     16  799.4         799.4
   11.7  30001  -47.1                         264     17  805.7         805.7
   10.0  31040  -46.1                         260     25  846.4         846.4
    9.0  31743  -45.1                         235     23  876.1         876.1
    8.1  32447  -44.1                         262     15  906.8         906.8
    8.0                                       265     14                     
</PRE><H3>Station information and sounding indices</H3><PRE>
                         Station identifier: WIII
                             Station number: 96749
                           Observation time: 150730/0000
                           Station latitude: -6.11
                          Station longitude: 106.65
                          Station elevation: 8.0
                            Showalter index: 1.88
                               Lifted index: -0.54
    LIFT computed using virtual temperature: -1.32
                                SWEAT index: 216.80
                                    K index: 19.00
                         Cross totals index: 19.20
                      Vertical totals index: 22.10
                        Totals totals index: 41.30
      Convective Available Potential Energy: 387.57
             CAPE using virtual temperature: 524.43
                      Convective Inhibition: -40.77
             CINS using virtual temperature: -27.67
                           Equilibrum Level: 253.25
 Equilibrum Level using virtual temperature: 252.75
                   Level of Free Convection: 834.11
             LFCT using virtual temperature: 852.99
                     Bulk Richardson Number: 37.66
          Bulk Richardson Number using CAPV: 50.95
  Temp [K] of the Lifted Condensation Level: 293.35
Pres [hPa] of the Lifted Condensation Level: 942.04
   Equivalent potential temp [K] of the LCL: 345.35
     Mean mixed layer potential temperature: 298.41
              Mean mixed layer mixing ratio: 16.12
              1000 hPa to 500 hPa thickness: 5762.00
Precipitable water [mm] for entire sounding: 42.29
</PRE>
<P>Description of the 
<A HREF="/upperair/columns.html">data columns</A>
or <A HREF="/upperair/indices.html">sounding indices</A>.

<P>
<FORM>
<INPUT CLASS="button" TYPE="button" VALUE=" Close this window " 
 onClick="window.close();">
<INPUT CLASS="button" TYPE="button" VALUE=" Select another map " 
 onClick="window.blur();">
</FORM>
<HR SIZE="1">
<I>Interested in graduate studies in atmospheric science?
Check out our program at the
<a href="http://www.uwyo.edu/atsc/howtoapply/"
target=_top>University of Wyoming
</a></I>
<HR SIZE="1"><FONT SIZE="-1">
Questions about the weather data provided by this site can be
addressed to <A HREF="mailto:ldoolman@uwyo.edu">
Larry Oolman (ldoolman@uwyo.edu)</A></FONT>
<HR SIZE="1">
<SCRIPT TYPE="text/javascript">
<!--
window.focus();
// -->
</SCRIPT>
</BODY>
</HTML>
