2014-09-09 12
<HTML>
<TITLE>University of Wyoming - Radiosonde Data</TITLE>
<BODY BGCOLOR="white">
<H2>96749 WIII Jakarta Observations at 00Z 09 Sep 2014</H2>
<PRE>
-----------------------------------------------------------------------------
   PRES   HGHT   TEMP   DWPT   RELH   MIXR   DRCT   SKNT   THTA   THTE   THTV
    hPa     m      C      C      %    g/kg    deg   knot     K      K      K 
-----------------------------------------------------------------------------
 1012.0      8   23.8   21.9     89  16.65    220      6  295.9  344.0  298.9
 1000.0    112   24.4   21.3     83  16.23    200      6  297.6  344.8  300.4
  988.0    218   25.0   20.7     77  15.82    183      6  299.2  345.5  302.0
  979.0    298   24.7   20.0     75  15.30    170      6  299.7  344.6  302.4
  946.0    598   23.6   17.5     69  13.45    120      6  301.4  341.3  303.9
  925.0    795   22.8   15.8     65  12.35    110     10  302.6  339.4  304.9
  914.0    899   22.1   15.3     65  12.07    100     12  302.9  339.0  305.1
  854.0   1487   18.2   12.2     68  10.56    114     10  304.8  336.6  306.7
  850.0   1527   17.8   11.8     68  10.33    115     10  304.8  336.0  306.7
  823.0   1800   16.0    9.8     66   9.29    130      6  305.7  334.0  307.4
  794.0   2104   14.1    7.5     65   8.24    160      6  306.8  332.0  308.3
  767.0   2397   12.1    5.3     63   7.32    195      4  307.8  330.4  309.1
  754.0   2541   11.2    4.2     62   6.90    158      5  308.2  329.7  309.5
  723.0   2891   10.0   -6.0     32   3.39     66      7  310.6  321.6  311.3
  713.0   3007    9.3   -5.4     35   3.60     35      8  311.1  322.8  311.8
  700.0   3159    8.4   -4.6     39   3.90     30     10  311.8  324.4  312.5
  688.0   3301    7.6   -5.4     39   3.74     25     10  312.4  324.5  313.1
  639.0   3906    4.2   -8.8     38   3.09     85     23  315.2  325.5  315.8
  634.0   3970    4.8  -24.2     10   0.86     88     23  316.6  319.7  316.8
  616.0   4203    3.7  -22.6     13   1.01    100     25  317.9  321.5  318.1
  594.0   4497    2.2  -20.7     17   1.25    130     25  319.6  324.0  319.8
  576.0   4746    1.0  -19.0     21   1.49    120     23  320.9  326.2  321.2
  550.0   5116    0.0  -23.0     16   1.10    106     20  324.0  328.0  324.2
  531.0   5394   -2.1  -22.9     19   1.15     95     17  324.8  329.0  325.0
  500.0   5870   -5.7  -22.7     25   1.24    100     21  326.0  330.5  326.3
  483.0   6140   -8.1  -22.1     31   1.36     94     19  326.3  331.2  326.6
  473.0   6301   -9.3  -20.7     39   1.56     90     17  326.8  332.4  327.1
  444.0   6788  -12.9  -16.6     74   2.36     74     23  328.2  336.5  328.7
  436.0   6927  -13.5  -20.5     56   1.73     69     24  329.1  335.4  329.5
  410.0   7394  -14.7  -21.7     55   1.65     54     30  333.4  339.5  333.8
  404.0   7505  -15.7  -22.1     58   1.63     50     31  333.6  339.6  333.9
  400.0   7580  -16.3  -22.3     60   1.61     55     31  333.7  339.6  334.0
  381.0   7945  -18.5  -25.5     54   1.27     63     33  335.5  340.2  335.8
  379.0   7984  -18.5  -26.5     49   1.16     64     33  336.0  340.4  336.2
  371.0   8143  -17.7  -38.7     14   0.36     67     34  339.1  340.6  339.2
  344.0   8693  -22.5  -42.4     15   0.27     80     37  340.1  341.2  340.1
  300.0   9690  -31.1  -49.1     15   0.15     95     33  341.4  342.1  341.5
  267.0  10499  -38.2  -52.3     21   0.11    100     37  342.6  343.1  342.6
  259.0  10710  -40.1  -53.1     24   0.11     93     39  342.8  343.3  342.9
  250.0  10950  -41.9                          85     41  343.6         343.6
  203.0  12322  -53.9                          55     37  345.9         345.9
  200.0  12420  -54.7                          55     39  346.0         346.0
  176.0  13211  -61.5                          55     49  347.8         347.8
  168.0  13499  -63.9                          70     49  348.3         348.3
  150.0  14200  -69.9                          75     35  349.5         349.5
  131.0  14992  -75.4                          85     39  353.4         353.4
  127.0  15173  -76.7                          82     38  354.2         354.2
  118.0  15598  -75.8                          75     37  363.5         363.5
  112.0  15899  -75.1                          65     16  370.1         370.1
  110.0  16003  -74.9                          94     13  372.5         372.5
  106.0  16216  -76.5                         155      6  373.3         373.3
  101.0  16493  -78.7                         155     12  374.4         374.4
  100.0  16550  -79.1                         155     12  374.6         374.6
   96.8  16734  -80.5                         135     14  375.4         375.4
   95.0  16840  -79.7                         125     12  379.0         379.0
   92.8  16972  -78.7                         218     11  383.5         383.5
   91.7  17041  -74.9                         265     10  392.4         392.4
   91.0  17085  -74.8                         295     10  393.4         393.4
   86.0  17416  -74.0                         255     25  401.5         401.5
   78.0  17987  -72.5                         245     19  415.9         415.9
   70.0  18620  -70.9                         245     17  432.4         432.4
   69.2  18688  -70.5                         246     15  434.7         434.7
   67.0  18880  -68.9                         250     10  442.1         442.1
   64.5  19107  -67.1                         284     14  450.9         450.9
   63.0  19248  -67.4                         305     16  453.3         453.3
   57.0  19846  -68.6                         280     14  463.7         463.7
   54.7  20093  -69.1                         247     15  468.1         468.1
   50.0  20630  -67.1                         175     17  484.9         484.9
   47.0  21010  -66.1                         135     16  496.0         496.0
   45.0  21278  -65.4                         105     21  504.0         504.0
   37.0  22481  -62.1                          80     41  541.2         541.2
   30.0  23770  -58.7                          90     52  584.0         584.0
   28.3  24137  -56.5                          88     54  599.9         599.9
   25.0  24924  -56.1                          85     58  622.6         622.6
   20.0  26340  -55.5                          90     56  665.5         665.5
   19.1  26634  -54.7                          91     57  676.8         676.8
   16.4  27631  -52.3                          95     60  714.8         714.8
   16.0  27792  -51.9                          95     60  721.2         721.2
   12.0  29674  -47.3                         100     52  799.2         799.2
   10.2  30737  -44.7                         100     56  846.8         846.8
   10.0                                       100     56                     
</PRE><H3>Station information and sounding indices</H3><PRE>
                         Station identifier: WIII
                             Station number: 96749
                           Observation time: 140909/0000
                           Station latitude: -6.11
                          Station longitude: 106.65
                          Station elevation: 8.0
                            Showalter index: 2.91
                               Lifted index: -0.47
    LIFT computed using virtual temperature: -1.11
                                SWEAT index: 182.61
                                    K index: 22.30
                         Cross totals index: 17.50
                      Vertical totals index: 23.50
                        Totals totals index: 41.00
      Convective Available Potential Energy: 111.65
             CAPE using virtual temperature: 246.15
                      Convective Inhibition: -112.27
             CINS using virtual temperature: -81.35
                           Equilibrum Level: 380.55
 Equilibrum Level using virtual temperature: 379.24
                   Level of Free Convection: 775.07
             LFCT using virtual temperature: 806.97
                     Bulk Richardson Number: 8.13
          Bulk Richardson Number using CAPV: 17.93
  Temp [K] of the Lifted Condensation Level: 292.41
Pres [hPa] of the Lifted Condensation Level: 925.42
   Equivalent potential temp [K] of the LCL: 344.12
     Mean mixed layer potential temperature: 298.98
              Mean mixed layer mixing ratio: 15.47
              1000 hPa to 500 hPa thickness: 5758.00
Precipitable water [mm] for entire sounding: 38.81
</PRE>
<P>Description of the 
<A HREF="/upperair/columns.html">data columns</A>
or <A HREF="/upperair/indices.html">sounding indices</A>.

<P>
<FORM>
<INPUT CLASS="button" TYPE="button" VALUE=" Close this window " 
 onClick="window.close();">
<INPUT CLASS="button" TYPE="button" VALUE=" Select another map " 
 onClick="window.blur();">
</FORM>
<HR SIZE="1">
<I>Interested in graduate studies in atmospheric science?
Check out our program at the
<a href="http://www.uwyo.edu/atsc/howtoapply/"
target=_top>University of Wyoming
</a></I>
<HR SIZE="1"><FONT SIZE="-1">
Questions about the weather data provided by this site can be
addressed to <A HREF="mailto:ldoolman@uwyo.edu">
Larry Oolman (ldoolman@uwyo.edu)</A></FONT>
<HR SIZE="1">
<SCRIPT TYPE="text/javascript">
<!--
window.focus();
// -->
</SCRIPT>
</BODY>
</HTML>
