2013-02-20 12
<HTML>
<TITLE>University of Wyoming - Radiosonde Data</TITLE>
<BODY BGCOLOR="white">
<H2>96749 WIII Jakarta Observations at 00Z 20 Feb 2013</H2>
<PRE>
-----------------------------------------------------------------------------
   PRES   HGHT   TEMP   DWPT   RELH   MIXR   DRCT   SKNT   THTA   THTE   THTV
    hPa     m      C      C      %    g/kg    deg   knot     K      K      K 
-----------------------------------------------------------------------------
 1006.0      8   25.2   24.3     95  19.45    250      4  297.8  354.5  301.3
 1000.0     62   26.0   23.1     84  18.17    260      6  299.1  352.4  302.4
  996.0     97   26.0   22.9     83  18.02    265      7  299.5  352.4  302.7
  973.0    302   24.5   21.9     85  17.32    295     16  300.0  350.9  303.1
  925.0    746   21.2   19.7     91  15.88    295     16  301.0  347.9  303.8
  909.0    897   20.4   18.6     89  15.02    290     16  301.7  346.2  304.4
  896.0   1022   19.8   17.6     87  14.34    288     19  302.3  344.9  304.9
  850.0   1476   17.6   13.9     79  11.88    280     29  304.6  340.3  306.7
  818.0   1799   15.8   11.9     78  10.84    275     27  306.0  338.9  308.0
  790.0   2093   14.2   10.2     77   9.96    280     29  307.4  337.8  309.2
  700.0   3112    8.6    4.0     73   7.33    270     35  312.0  335.0  313.4
  699.0   3124    8.4    3.8     73   7.24    270     35  311.9  334.6  313.2
  689.0   3243    7.8    0.8     61   5.92    270     32  312.5  331.3  313.6
  686.0   3279    7.8    4.7     81   7.87    270     31  312.9  337.6  314.4
  685.0   3291    7.8    4.4     79   7.70    270     31  313.0  337.3  314.5
  680.0   3351    7.8    2.8     71   6.93    269     29  313.7  335.6  315.0
  670.0   3474    8.4   -3.6     43   4.40    267     26  315.7  330.0  316.5
  637.0   3886    5.4   -2.8     56   4.93    260     16  316.8  332.9  317.8
  614.0   4187    3.2   -2.1     68   5.36    225     10  317.6  335.1  318.7
  602.0   4348    2.0   -1.8     76   5.60    233     10  318.1  336.3  319.2
  599.0   4388    2.4   -3.6     65   4.92    235     10  319.0  335.2  319.9
  574.0   4732    0.0   -1.1     92   6.19    252     10  320.1  340.3  321.3
  570.0   4788   -0.2   -1.4     91   6.08    255     10  320.5  340.4  321.7
  539.0   5235   -1.5   -4.2     82   5.23    249      8  324.1  341.6  325.1
  500.0   5830   -4.9   -6.6     88   4.69    240      6  327.0  342.9  327.9
  454.0   6574   -9.3  -12.1     80   3.35    235     12  330.6  342.3  331.3
  436.0   6886  -11.2  -14.4     77   2.89    245     10  332.1  342.4  332.7
  403.0   7492  -14.8  -18.9     71   2.15    225     14  335.0  342.8  335.4
  400.0   7550  -15.1  -19.3     70   2.09    215     12  335.3  342.9  335.7
  390.0   7741  -15.7  -20.7     65   1.90    190      9  336.9  343.9  337.3
  388.0   7778  -16.0  -20.9     66   1.87    185      8  337.1  343.9  337.4
  358.0   8367  -20.3  -24.8     67   1.44    175      8  339.1  344.5  339.4
  343.0   8680  -22.6  -26.9     68   1.24    140      6  340.1  344.8  340.3
  330.0   8963  -24.7  -28.7     69   1.09    145      6  341.0  345.2  341.2
  316.0   9280  -27.1  -30.8     71   0.93     35      4  342.0  345.6  342.2
  303.0   9587  -29.4  -32.8     72   0.80     15      4  342.9  346.1  343.1
  300.0   9660  -29.9  -33.3     72   0.77     35      4  343.1  346.2  343.3
  297.0   9732  -30.5  -34.1     71   0.72     52      5  343.3  346.1  343.4
  291.0   9875  -31.6  -35.3     70   0.66     85      6  343.8  346.4  343.9
  250.0  10940  -39.5  -44.2     61   0.30     90     12  347.2  348.5  347.3
  248.0  10995  -40.1  -44.9     60   0.28     90     13  347.1  348.3  347.2
  224.0  11669  -46.4                          85     21  347.8         347.8
  200.0  12420  -53.3                          80     21  348.2         348.2
  169.0  13462  -62.9                          80     35  349.4         349.4
  150.0  14200  -69.7                          85     39  349.8         349.8
  118.0  15591  -79.9                          93     63  355.9         355.9
  112.0  15884  -80.7                          95     68  359.8         359.8
  106.0  16193  -81.5                          85     72  364.0         364.0
  100.0  16520  -82.3                          75     64  368.5         368.5
   95.0  16809  -80.8                          75     47  376.9         376.9
   90.0  17115  -79.2                          75     23  386.0         386.0
   86.0  17371  -77.8                          80     21  393.8         393.8
   81.8  17654  -76.3                          62     22  402.5         402.5
   77.0  18000  -76.8                          40     23  408.4         408.4
   74.7  18173  -77.1                          68     23  411.4         411.4
   73.6  18259  -73.9                          82     23  419.9         419.9
   73.0  18306  -73.8                          90     23  421.2         421.2
   70.0  18550  -73.1                          90     17  427.7         427.7
   66.0  18895  -73.3                         110      4  434.5         434.5
   63.0  19168  -73.5                         170     12  439.9         439.9
   58.7  19582  -73.7                         181     20  448.4         448.4
   57.0  19755  -73.3                         185     23  453.0         453.0
   54.0  20072  -72.7                         120     27  461.5         461.5
   51.2  20388  -69.3                          96     20  476.5         476.5
   50.0  20530  -69.9                          85     17  478.4         478.4
   49.0  20650  -70.0                          80     19  480.9         480.9
   43.0  21424  -70.5                          88     36  497.9         497.9
   41.8  21593  -66.9                          90     39  510.9         510.9
   36.0  22502  -64.6                         100     58  539.1         539.1
   31.8  23256  -62.7                          97     41  563.7         563.7
   30.6  23496  -57.9                          96     36  582.9         582.9
   30.0  23620  -58.1                          95     33  585.7         585.7
   28.0  24055  -57.5                         100     19  598.9         598.9
   27.0  24284  -57.2                         110     21  606.0         606.0
   25.9  24547  -56.9                         101     27  614.2         614.2
   24.9  24799  -51.9                          92     32  635.5         635.5
   23.0  25317  -50.3                          75     43  654.8         654.8
   22.0  25607  -49.4                          65     31  665.8         665.8
   21.0  25910  -48.5                          80     19  677.5         677.5
   20.6  26036  -48.1                          47     15  682.4         682.4
   20.0  26230  -48.9                         355      8  685.7         685.7
   18.8  26635  -50.7                          48     13  692.4         692.4
   17.0  27295  -49.1                         135     21  717.7         717.7
   16.6  27451  -48.7                         113     17  723.9         723.9
   16.0  27697  -46.5                          80     12  738.8         738.8
   15.0  28128  -42.5                           5     10  765.7         765.7
   14.8  28218  -41.7                         358      8  771.3         771.3
   14.0  28592  -42.1                         330      2  782.1         782.1
   13.0  29092  -42.8                         265     25  796.8         796.8
   12.0  29631  -43.4                         220     25  812.9         812.9
   11.0  30218  -44.1                         220     16  830.8         830.8
   10.0  30860  -44.9                         180     16  850.8         850.8
    9.9  30927  -44.9                                     853.3         853.3
</PRE><H3>Station information and sounding indices</H3><PRE>
                         Station identifier: WIII
                             Station number: 96749
                           Observation time: 130220/0000
                           Station latitude: -6.11
                          Station longitude: 106.65
                          Station elevation: 8.0
                            Showalter index: 1.88
                               Lifted index: -2.26
    LIFT computed using virtual temperature: -2.54
                                SWEAT index: 230.81
                                    K index: 31.80
                         Cross totals index: 18.80
                      Vertical totals index: 22.50
                        Totals totals index: 41.30
      Convective Available Potential Energy: 875.77
             CAPE using virtual temperature: 1017.35
                      Convective Inhibition: -6.41
             CINS using virtual temperature: -3.46
                           Equilibrum Level: 142.98
 Equilibrum Level using virtual temperature: 142.27
                   Level of Free Convection: 893.17
             LFCT using virtual temperature: 919.64
                     Bulk Richardson Number: 99.86
          Bulk Richardson Number using CAPV: 116.00
  Temp [K] of the Lifted Condensation Level: 294.70
Pres [hPa] of the Lifted Condensation Level: 942.33
   Equivalent potential temp [K] of the LCL: 351.19
     Mean mixed layer potential temperature: 299.76
              Mean mixed layer mixing ratio: 17.54
              1000 hPa to 500 hPa thickness: 5768.00
Precipitable water [mm] for entire sounding: 55.45
</PRE>
<P>Description of the 
<A HREF="/upperair/columns.html">data columns</A>
or <A HREF="/upperair/indices.html">sounding indices</A>.

<P>
<FORM>
<INPUT CLASS="button" TYPE="button" VALUE=" Close this window " 
 onClick="window.close();">
<INPUT CLASS="button" TYPE="button" VALUE=" Select another map " 
 onClick="window.blur();">
</FORM>
<HR SIZE="1">
<I>Interested in graduate studies in atmospheric science?
Check out our program at the
<a href="http://www.uwyo.edu/atsc/howtoapply/"
target=_top>University of Wyoming
</a></I>
<HR SIZE="1"><FONT SIZE="-1">
Questions about the weather data provided by this site can be
addressed to <A HREF="mailto:ldoolman@uwyo.edu">
Larry Oolman (ldoolman@uwyo.edu)</A></FONT>
<HR SIZE="1">
<SCRIPT TYPE="text/javascript">
<!--
window.focus();
// -->
</SCRIPT>
</BODY>
</HTML>
