2013-03-29 00
<HTML>
<TITLE>University of Wyoming - Radiosonde Data</TITLE>
<BODY BGCOLOR="white">
<H2>96749 WIII Jakarta Observations at 00Z 29 Mar 2013</H2>
<PRE>
-----------------------------------------------------------------------------
   PRES   HGHT   TEMP   DWPT   RELH   MIXR   DRCT   SKNT   THTA   THTE   THTV
    hPa     m      C      C      %    g/kg    deg   knot     K      K      K 
-----------------------------------------------------------------------------
 1007.0      8   25.4   24.0     92  19.08    200      4  298.0  353.6  301.4
 1000.0     72   25.8   22.3     81  17.28    210      6  298.9  349.5  302.0
  982.0    233   26.0   22.5     81  17.83    232     10  300.7  353.3  303.9
  975.0    296   25.7   21.9     80  17.31    240     12  301.0  352.1  304.1
  925.0    760   23.6   17.6     69  13.88    250     12  303.4  344.9  306.0
  850.0   1495   19.0   14.5     75  12.36    270     14  306.0  343.4  308.3
  849.0   1505   18.9   14.4     75  12.34    270     14  306.1  343.4  308.4
  792.0   2095   15.9   11.7     76  11.05    270     12  309.0  342.9  311.1
  712.0   2998   11.3    7.6     78   9.26    280      6  313.5  342.5  315.2
  700.0   3142   10.6    6.9     78   8.99    275      6  314.2  342.5  315.9
  680.0   3383    9.6    6.0     78   8.70    275      8  315.7  343.2  317.3
  663.0   3594    9.0    1.3     58   6.37    275     10  317.3  337.9  318.6
  662.0   3606    9.0    1.0     57   6.25    275     10  317.4  337.6  318.6
  616.0   4193    5.3   -1.9     60   5.44    290      8  319.8  337.6  320.8
  556.0   5028    0.0   -6.0     64   4.42    304      8  323.0  337.8  323.9
  531.0   5394   -2.2   -9.8     56   3.45    310      8  324.7  336.5  325.4
  525.0   5485   -2.7  -10.7     54   3.24    316      7  325.1  336.2  325.8
  511.0   5699   -3.9  -14.9     42   2.37    330      6  326.2  334.5  326.6
  500.0   5870   -4.7  -16.7     39   2.08    330      6  327.2  334.6  327.7
  486.0   6094   -6.1  -20.1     32   1.60    335      7  328.2  334.0  328.5
  482.0   6159   -6.5  -15.5     49   2.39    336      7  328.5  336.9  328.9
  480.0   6192   -6.5  -23.5     25   1.20    336      7  328.9  333.3  329.1
  455.0   6609   -9.4  -25.4     26   1.07    345      8  330.3  334.3  330.5
  454.0   6627   -9.5  -25.5     26   1.06    345      8  330.4  334.3  330.6
  445.0   6782  -10.3  -23.3     34   1.32    345      9  331.3  336.1  331.5
  421.0   7207  -12.6  -28.2     26   0.90    345     10  333.6  337.0  333.8
  405.0   7505  -14.2  -31.6     21   0.68    330      6  335.3  337.9  335.4
  400.0   7600  -14.7  -32.7     20   0.61    335      6  335.8  338.2  335.9
  389.0   7809  -16.2  -33.5     21   0.58    350      6  336.5  338.8  336.6
  374.0   8104  -18.4  -34.7     22   0.54    340      8  337.4  339.6  337.6
  369.0   8205  -19.1  -35.1     23   0.53    326      7  337.8  339.9  337.9
  354.0   8512  -21.5  -29.5     48   0.94    282      5  338.6  342.2  338.8
  345.0   8701  -22.9  -34.3     34   0.61    255      4  339.2  341.6  339.3
  341.0   8786  -23.5  -36.5     29   0.50    255      4  339.5  341.5  339.6
  337.0   8872  -24.3  -31.3     52   0.84    254      5  339.6  342.8  339.7
  322.0   9203  -26.1  -35.1     43   0.60    252      6  341.5  343.9  341.6
  305.0   9592  -29.3  -39.1     38   0.43    250      8  342.3  344.1  342.4
  300.0   9710  -30.3  -40.3     37   0.38    260      8  342.6  344.1  342.6
  292.0   9900  -31.9  -42.1     36   0.32    275      6  343.0  344.3  343.0
  268.0  10502  -36.9  -47.9     31   0.19    260      6  344.2  345.0  344.2
  267.0  10528  -37.1  -48.1     31   0.18    266      6  344.2  345.0  344.3
  257.0  10791  -39.1  -46.8     44   0.22    330      6  345.1  346.0  345.1
  252.0  10926  -40.1  -46.1     53   0.24    337      6  345.5  346.6  345.6
  250.0  10980  -40.3                         340      6  346.0         346.0
  246.0  11087  -41.2                         345      6  346.2         346.2
  215.0  11980  -48.8                         335      4  348.0         348.0
  205.0  12296  -51.5                         345      2  348.6         348.6
  200.0  12460  -52.9                         335      4  348.8         348.8
  196.0  12585  -54.0                         330      4  349.1         349.1
  178.0  13181  -59.1                         145      6  350.4         350.4
  170.0  13466  -61.6                         130      4  351.0         351.0
  162.0  13764  -64.2                         250      4  351.5         351.5
  154.0  14077  -66.9                         335      4  352.0         352.0
  150.0  14240  -68.3                           5      6  352.2         352.2
  146.0  14396  -69.5                          30      6  353.0         353.0
  126.0  15247  -75.7                          40     12  356.8         356.8
  119.0  15577  -78.2                          35      8  358.2         358.2
  107.0  16191  -82.7                         150      2  360.7         360.7
  105.0  16300  -83.5                         164      2  361.1         361.1
  102.0  16460  -84.1                         185      2  362.9         362.9
  100.0  16570  -84.5                         155      4  364.2         364.2
   96.0  16795  -85.4                          80      8  366.7         366.7
   93.0  16970  -86.1                          65     12  368.7         368.7
   91.0  17089  -86.2                          50     14  370.9         370.9
   86.0  17398  -86.3                          60     10  376.7         376.7
   82.0  17659  -86.4                         110      8  381.6         381.6
   78.8  17877  -86.5                          72     15  385.8         385.8
   77.0  18006  -81.9                          50     19  397.9         397.9
   75.7  18102  -78.5                          42     18  406.9         406.9
   73.0  18310  -77.8                          25     16  412.5         412.5
   70.0  18550  -77.1                          60     17  419.1         419.1
   61.1  19338  -74.9                         109     29  440.6         440.6
   60.0  19445  -74.1                         115     31  444.6         444.6
   51.2  20386  -67.5                         102     41  480.7         480.7
   50.0  20530  -66.9                         100     43  485.4         485.4
   46.0  21042  -65.1                          85     54  501.6         501.6
   38.0  22216  -60.9                          85     33  540.4         540.4
   35.4  22652  -59.3                          68     15  555.5         555.5
   35.0  22723  -59.3                          65     12  557.4         557.4
   33.0  23091  -59.1                          80     23  567.1         567.1
   32.2  23245  -59.1                          71     21  571.3         571.3
   30.0  23690  -57.1                          45     14  588.4         588.4
   27.0  24364  -54.6                          35      6  613.4         613.4
   26.0  24606  -53.7                         205      8  622.6         622.6
   24.0  25118  -51.8                         105     23  642.5         642.5
   23.3  25308  -51.1                          53     15  650.0         650.0
   23.0  25393  -50.2                          30     12  655.0         655.0
   22.3  25594  -48.1                         317     15  667.1         667.1
   22.0  25683  -48.1                         285     17  669.6         669.6
   20.0  26310  -48.3                         230     14  687.6         687.6
   18.0  27010  -47.4                         180     14  711.3         711.3
   17.0  27390  -47.0                         150     17  724.5         724.5
   16.0  27793  -46.5                         105      2  738.8         738.8
   15.0  28222  -45.9                          95      6  754.3         754.3
   14.0  28681  -45.4                         145      4  771.2         771.2
   13.0  29174  -44.8                          15      8  789.9         789.9
   12.9  29225  -44.7                           7      9  791.8         791.8
   12.0  29712  -44.0                         295     17  810.8         810.8
   11.0  30298  -43.2                         280     10  834.1         834.1
   10.0  30940  -42.3                          80     12  860.5         860.5
    9.2  31506  -40.5                                     888.1         888.1
</PRE><H3>Station information and sounding indices</H3><PRE>
                         Station identifier: WIII
                             Station number: 96749
                           Observation time: 130329/0000
                           Station latitude: -6.11
                          Station longitude: 106.65
                          Station elevation: 8.0
                            Showalter index: 0.83
                               Lifted index: -2.01
    LIFT computed using virtual temperature: -2.71
                                SWEAT index: 208.01
                                    K index: 34.50
                         Cross totals index: 19.20
                      Vertical totals index: 23.70
                        Totals totals index: 42.90
      Convective Available Potential Energy: 672.37
             CAPE using virtual temperature: 808.23
                      Convective Inhibition: -91.60
             CINS using virtual temperature: -56.51
                           Equilibrum Level: 173.66
 Equilibrum Level using virtual temperature: 173.55
                   Level of Free Convection: 719.00
             LFCT using virtual temperature: 778.22
                     Bulk Richardson Number: 142.33
          Bulk Richardson Number using CAPV: 171.10
  Temp [K] of the Lifted Condensation Level: 294.11
Pres [hPa] of the Lifted Condensation Level: 927.47
   Equivalent potential temp [K] of the LCL: 351.03
     Mean mixed layer potential temperature: 300.52
              Mean mixed layer mixing ratio: 17.19
              1000 hPa to 500 hPa thickness: 5798.00
Precipitable water [mm] for entire sounding: 52.86
</PRE>
<P>Description of the 
<A HREF="/upperair/columns.html">data columns</A>
or <A HREF="/upperair/indices.html">sounding indices</A>.

<P>
<FORM>
<INPUT CLASS="button" TYPE="button" VALUE=" Close this window " 
 onClick="window.close();">
<INPUT CLASS="button" TYPE="button" VALUE=" Select another map " 
 onClick="window.blur();">
</FORM>
<HR SIZE="1">
<I>Interested in graduate studies in atmospheric science?
Check out our program at the
<a href="http://www.uwyo.edu/atsc/howtoapply/"
target=_top>University of Wyoming
</a></I>
<HR SIZE="1"><FONT SIZE="-1">
Questions about the weather data provided by this site can be
addressed to <A HREF="mailto:ldoolman@uwyo.edu">
Larry Oolman (ldoolman@uwyo.edu)</A></FONT>
<HR SIZE="1">
<SCRIPT TYPE="text/javascript">
<!--
window.focus();
// -->
</SCRIPT>
</BODY>
</HTML>
