2013-10-05 00
<HTML>
<TITLE>University of Wyoming - Radiosonde Data</TITLE>
<BODY BGCOLOR="white">
<H2>96749 WIII Jakarta Observations at 00Z 05 Oct 2013</H2>
<PRE>
-----------------------------------------------------------------------------
   PRES   HGHT   TEMP   DWPT   RELH   MIXR   DRCT   SKNT   THTA   THTE   THTV
    hPa     m      C      C      %    g/kg    deg   knot     K      K      K 
-----------------------------------------------------------------------------
 1011.0      8   24.6   22.9     90  17.74    240      4  296.8  348.3  300.0
 1009.0     26   24.4   21.5     84  16.29    235      4  296.8  344.0  299.7
 1000.0    105   24.8   21.1     80  16.03    215      6  297.9  344.6  300.8
  978.0    301   25.1   19.6     71  14.87    165     12  300.2  343.9  302.9
  973.0    346   25.2   19.2     69  14.61    168     12  300.7  343.8  303.3
  925.0    790   22.4   16.4     69  12.84    195      8  302.2  340.4  304.5
  913.0    903   21.7   15.7     69  12.45    205      6  302.6  339.8  304.9
  882.0   1202   19.9   13.9     68  11.46    195      4  303.8  338.1  305.9
  852.0   1501   18.1   12.1     68  10.53    125      2  304.9  336.7  306.8
  850.0   1521   18.0   12.0     68  10.47    120      2  305.0  336.6  306.9
  794.0   2101   14.3    8.3     67   8.73     95     14  307.0  333.8  308.7
  775.0   2306   13.0    7.0     67   8.17     91     15  307.8  332.9  309.3
  767.0   2394   13.8   -5.2     26   3.40     90     15  309.5  320.5  310.2
  756.0   2515   13.4   -9.6     19   2.45     87     16  310.4  318.5  310.9
  726.0   2855   11.0    1.0     50   5.70     81     18  311.4  329.4  312.4
  700.0   3158    9.0   -8.0     29   3.00     75     19  312.4  322.3  313.0
  691.0   3265    8.0   -8.0     31   3.04     79     19  312.5  322.4  313.0
  688.0   3301    7.7   -7.5     33   3.18     80     19  312.5  322.9  313.1
  673.0   3482    6.2   -4.8     45   4.00     87     15  312.8  325.8  313.6
  669.0   3531    6.8  -11.2     26   2.44     89     14  314.0  322.2  314.5
  639.0   3902    4.4  -15.0     23   1.87    105      6  315.4  321.8  315.8
  616.0   4199    2.5  -18.1     20   1.50     65      2  316.5  321.7  316.8
  588.0   4576    0.0  -22.0     17   1.12    114      4  317.9  321.9  318.1
  571.0   4809   -1.0  -24.8     15   0.90    145      6  319.4  322.7  319.6
  550.0   5105   -2.2  -28.3     11   0.68     95      6  321.4  323.9  321.6
  530.0   5399   -3.4  -31.8      9   0.51     75     10  323.4  325.3  323.5
  510.0   5703   -4.7  -35.4      7   0.37     85      4  325.5  326.9  325.5
  500.0   5860   -5.3  -37.3      6   0.31     60      4  326.5  327.7  326.6
  491.0   6003   -6.4  -33.6     10   0.46     40      4  326.9  328.6  326.9
  487.0   6067   -6.9  -31.9     12   0.55     44      5  327.0  329.1  327.1
  441.0   6837  -11.5  -24.5     33   1.20     91     13  330.6  335.0  330.9
  437.0   6907  -11.9  -27.3     27   0.94     95     14  331.0  334.5  331.1
  431.0   7013  -12.5  -31.5     19   0.64     95     14  331.5  334.0  331.6
  416.0   7283  -14.7  -26.7     35   1.04     95     14  332.1  335.9  332.3
  400.0   7580  -16.3  -35.3     18   0.48     95     14  333.7  335.6  333.8
  343.0   8704  -24.3  -48.7      9   0.13     90     25  337.8  338.4  337.8
  318.0   9257  -28.3  -55.3      6   0.07     96     27  339.7  340.0  339.7
  300.0   9670  -31.9  -54.9      8   0.07    100     29  340.3  340.6  340.3
  290.0   9906  -33.9  -55.0     10   0.08     90     27  340.8  341.1  340.8
  261.0  10637  -40.1  -55.1     19   0.08     72     30  342.1  342.4  342.1
  250.0  10930  -42.3                          65     31  343.0         343.0
  244.0  11090  -43.6                          65     31  343.5         343.5
  213.0  11985  -50.6                          65     35  346.1         346.1
  200.0  12400  -53.9                          75     39  347.2         347.2
  152.0  14108  -67.8                          85     39  351.7         351.7
  150.0  14190  -68.5                          85     39  351.9         351.9
  131.0  14991  -74.1                          65     58  355.8         355.8
  112.0  15892  -78.5                          85     35  363.8         363.8
  109.0  16048  -79.3                          80     27  365.2         365.2
  106.0  16208  -78.7                          75     12  369.2         369.2
  101.0  16483  -77.7                         260      8  376.3         376.3
  100.0  16540  -77.5                         255      8  377.7         377.7
   96.0  16773  -78.8                         225      6  379.6         379.6
   91.0  17077  -80.5                          10      2  382.1         382.1
   89.4  17179  -81.1                          20      2  382.9         382.9
   86.0  17402  -79.8                         340      6  389.8         389.8
   82.0  17677  -78.1                         200      6  398.5         398.5
   77.0  18040  -76.0                         150      4  410.2         410.2
   73.0  18348  -74.1                         270     17  420.4         420.4
   70.0  18590  -72.7                         255     16  428.5         428.5
   66.0  18941  -70.0                         220     14  441.6         441.6
   63.0  19218  -67.9                         265     14  452.2         452.2
   59.8  19529  -65.5                         270     24  464.4         464.4
   57.0  19819  -66.0                         275     33  469.6         469.6
   52.0  20373  -67.0                         250     35  479.8         479.8
   50.5  20550  -67.3                         254     28  483.1         483.1
   50.0  20610  -66.9                         255     25  485.4         485.4
   47.0  20993  -65.7                         275     19  497.0         497.0
   45.0  21262  -64.8                         265     21  505.3         505.3
   41.0  21838  -63.0                         305     27  523.4         523.4
   35.0  22816  -59.9                         280     23  555.7         555.7
   30.0  23770  -56.9                         305     25  588.9         588.9
   29.0  23986  -56.1                         300     27  597.0         597.0
   26.8  24487  -54.1                         288     27  616.1         616.1
   20.0  26350  -56.7                         245     29  661.9         661.9
   19.1  26642  -56.5                         232     24  671.3         671.3
   19.0  26676  -56.2                         230     23  673.0         673.0
   18.0  27024  -53.7                         260     12  691.6         691.6
   17.0  27393  -51.0                         265     19  711.8         711.8
   16.7  27507  -50.1                         273     17  718.1         718.1
   15.0  28211  -49.7                         320      4  741.8         741.8
   14.0  28663  -49.5                          35     10  757.4         757.4
   13.0  29148  -49.2                          50     17  774.5         774.5
   12.6  29353  -49.1                          39     16  781.8         781.8
   11.0  30256  -45.7                         350     14  825.1         825.1
   10.0  30890  -43.3                          10     17  856.8         856.8
    9.0  31603  -42.0                          65     10  887.8         887.8
    8.0  32400  -40.6                          85     17  923.7         923.7
    7.9  32486  -40.5                                     927.6         927.6
</PRE><H3>Station information and sounding indices</H3><PRE>
                         Station identifier: WIII
                             Station number: 96749
                           Observation time: 131005/0000
                           Station latitude: -6.11
                          Station longitude: 106.65
                          Station elevation: 8.0
                            Showalter index: 3.03
                               Lifted index: 0.04
    LIFT computed using virtual temperature: -0.75
                                SWEAT index: 152.00
                                    K index: 18.30
                         Cross totals index: 17.30
                      Vertical totals index: 23.30
                        Totals totals index: 40.60
      Convective Available Potential Energy: 111.91
             CAPE using virtual temperature: 268.17
                      Convective Inhibition: -143.52
             CINS using virtual temperature: -82.55
                           Equilibrum Level: 268.97
 Equilibrum Level using virtual temperature: 260.84
                   Level of Free Convection: 694.90
             LFCT using virtual temperature: 788.25
                     Bulk Richardson Number: 9.86
          Bulk Richardson Number using CAPV: 23.63
  Temp [K] of the Lifted Condensation Level: 291.94
Pres [hPa] of the Lifted Condensation Level: 915.25
   Equivalent potential temp [K] of the LCL: 343.83
     Mean mixed layer potential temperature: 299.44
              Mean mixed layer mixing ratio: 15.18
              1000 hPa to 500 hPa thickness: 5755.00
Precipitable water [mm] for entire sounding: 36.12
</PRE>
<P>Description of the 
<A HREF="/upperair/columns.html">data columns</A>
or <A HREF="/upperair/indices.html">sounding indices</A>.

<P>
<FORM>
<INPUT CLASS="button" TYPE="button" VALUE=" Close this window " 
 onClick="window.close();">
<INPUT CLASS="button" TYPE="button" VALUE=" Select another map " 
 onClick="window.blur();">
</FORM>
<HR SIZE="1">
<I>Interested in graduate studies in atmospheric science?
Check out our program at the
<a href="http://www.uwyo.edu/atsc/howtoapply/"
target=_top>University of Wyoming
</a></I>
<HR SIZE="1"><FONT SIZE="-1">
Questions about the weather data provided by this site can be
addressed to <A HREF="mailto:ldoolman@uwyo.edu">
Larry Oolman (ldoolman@uwyo.edu)</A></FONT>
<HR SIZE="1">
<SCRIPT TYPE="text/javascript">
<!--
window.focus();
// -->
</SCRIPT>
</BODY>
</HTML>
