2013-10-31 12
<HTML>
<TITLE>University of Wyoming - Radiosonde Data</TITLE>
<BODY BGCOLOR="white">
<H2>96749 WIII Jakarta Observations at 00Z 31 Oct 2013</H2>
<PRE>
-----------------------------------------------------------------------------
   PRES   HGHT   TEMP   DWPT   RELH   MIXR   DRCT   SKNT   THTA   THTE   THTV
    hPa     m      C      C      %    g/kg    deg   knot     K      K      K 
-----------------------------------------------------------------------------
 1011.0      8   25.6   23.7     89  18.65    240      2  297.8  352.1  301.1
 1000.0    104   25.6   21.7     79  16.64    250      2  298.8  347.4  301.7
  978.0    300   24.7   21.1     81  16.45    270      4  299.7  348.0  302.6
  945.0    602   23.2   20.3     84  16.14     35      2  301.2  348.9  304.1
  925.0    789   21.8   19.7     88  15.88     50      4  301.6  348.6  304.5
  913.0    902   21.2   18.4     84  14.80     55      6  302.1  346.1  304.8
  850.0   1520   18.2   11.2     64   9.92     70     14  305.2  335.2  307.0
  795.0   2089   14.2    8.8     70   9.05     90     16  306.8  334.4  308.4
  785.0   2197   13.4    8.4     72   8.89     91     15  307.1  334.3  308.7
  700.0   3154    8.0    3.0     71   6.83     95     10  311.3  332.8  312.6
  698.0   3178    7.8    3.1     72   6.90     96     10  311.3  333.0  312.6
  688.0   3295    7.1    2.7     73   6.80    100     10  311.9  333.3  313.1
  639.0   3898    3.6    0.6     81   6.29    155      6  314.6  334.6  315.7
  616.0   4197    1.9   -0.5     84   6.04    255      2  315.9  335.3  317.0
  594.0   4493    0.2   -1.5     89   5.80    305      4  317.2  335.9  318.3
  592.0   4521    0.0   -1.6     89   5.78    306      4  317.3  336.0  318.4
  572.0   4793   -1.4   -2.9     90   5.43    315      6  318.7  336.4  319.8
  551.0   5090   -3.0   -4.3     91   5.07    250      4  320.3  337.0  321.3
  510.0   5703   -6.3   -7.2     93   4.38    220      2  323.5  338.2  324.4
  500.0   5860   -7.1   -8.0     93   4.21      0      0  324.3  338.5  325.1
  472.0   6302   -9.6  -11.5     86   3.37    235      4  326.6  338.2  327.3
  427.0   7069  -13.9  -17.7     73   2.24    231      9  330.6  338.6  331.1
  420.0   7194  -14.8  -18.3     74   2.16    230     10  331.1  338.8  331.5
  404.0   7485  -16.8  -19.8     77   1.98    255     10  332.1  339.3  332.5
  400.0   7560  -17.3  -20.2     78   1.93    265     10  332.4  339.4  332.8
  395.0   7655  -18.1  -20.7     80   1.87    279      9  332.6  339.4  332.9
  388.0   7789  -16.5  -22.5     60   1.63    300      8  336.4  342.4  336.7
  358.0   8381  -20.9  -28.5     51   1.02    230      6  338.2  342.2  338.4
  330.0   8980  -25.4  -34.6     42   0.62    240      6  340.0  342.5  340.2
  300.0   9680  -30.7  -41.7     33   0.33    270     10  342.0  343.4  342.1
  291.0   9895  -32.5  -43.5     33   0.28    285     12  342.4  343.6  342.5
  258.0  10727  -40.1  -48.1     42   0.19    290     10  343.2  344.0  343.2
  255.0  10806  -40.7                         290     10  343.5         343.5
  250.0  10940  -41.7                         295     10  343.9         343.9
  233.0  11404  -45.6                         310      8  345.0         345.0
  200.0  12410  -54.1                         215      8  346.9         346.9
  194.0  12598  -55.7                         205     10  347.4         347.4
  185.0  12892  -58.3                         205      4  348.0         348.0
  176.0  13201  -60.9                         130      6  348.6         348.6
  168.0  13489  -63.4                          85      4  349.1         349.1
  152.0  14108  -68.8                          60     14  350.1         350.1
  150.0  14190  -69.5                          65     16  350.2         350.2
  145.0  14388  -70.8                          75     17  351.4         351.4
  131.0  14982  -74.6                          65     27  354.8         354.8
  126.0  15209  -76.1                          83     30  356.1         356.1
  124.0  15301  -76.7                          90     31  356.7         356.7
  117.0  15632  -78.9                          95     27  358.6         358.6
  112.0  15882  -77.8                          90     31  365.1         365.1
  106.0  16196  -76.5                          70     23  373.4         373.4
  105.0  16250  -76.3                          59     22  374.8         374.8
  100.0  16530  -76.3                           5     14  380.1         380.1
   91.0  17071  -77.3                         275     17  388.4         388.4
   84.6  17490  -78.1                         237     11  395.0         395.0
   81.0  17742  -76.6                         215      8  403.1         403.1
   77.0  18036  -74.8                         280     10  412.7         412.7
   74.0  18267  -73.4                         300     12  420.3         420.3
   70.1  18582  -71.5                         285     19  430.9         430.9
   70.0  18590  -71.5                         285     19  431.1         431.1
   54.0  20140  -68.3                         260     23  471.7         471.7
   50.0  20600  -67.3                         280     21  484.5         484.5
   48.2  20821  -67.1                         283     17  490.1         490.1
   45.0  21240  -64.2                         290     10  506.8         506.8
   42.8  21546  -62.1                         273     15  519.3         519.3
   40.0  21963  -62.3                         250     21  529.0         529.0
   35.0  22786  -62.6                         265     19  548.6         548.6
   32.0  23338  -62.9                         265     17  562.1         562.1
   31.9  23358  -62.9                         264     18  562.6         562.6
   30.0  23740  -57.7                         245     29  586.8         586.8
   29.0  23956  -57.0                         240     37  594.2         594.2
   25.0  24901  -54.2                         245     27  628.2         628.2
   23.6  25268  -53.1                         280     28  641.8         641.8
   23.0  25436  -49.0                         295     29  658.6         658.6
   22.9  25464  -48.3                         295     30  661.5         661.5
   21.0  26031  -49.8                         305     41  673.4         673.4
   20.0  26350  -50.7                         300     37  680.2         680.2
   18.0  27034  -51.9                         275     31  697.4         697.4
   17.6  27180  -52.1                         276     31  701.1         701.1
   13.0  29162  -49.3                         285     27  774.2         774.2
   11.0  30255  -47.8                         300     14  817.6         817.6
   10.7  30436  -47.5                         342     14  825.0         825.0
   10.3  30690  -42.7                          40     14  851.8         851.8
   10.0  30890  -41.7                          85     14  862.8         862.8
    9.0  31606  -40.5                                     893.7         893.7
</PRE><H3>Station information and sounding indices</H3><PRE>
                         Station identifier: WIII
                             Station number: 96749
                           Observation time: 131031/0000
                           Station latitude: -6.11
                          Station longitude: 106.65
                          Station elevation: 8.0
                            Showalter index: 1.83
                               Lifted index: -3.42
    LIFT computed using virtual temperature: -3.70
                                SWEAT index: 162.41
                                    K index: 31.50
                         Cross totals index: 18.30
                      Vertical totals index: 25.30
                        Totals totals index: 43.60
      Convective Available Potential Energy: 836.56
             CAPE using virtual temperature: 954.77
                      Convective Inhibition: -52.78
             CINS using virtual temperature: -34.04
                           Equilibrum Level: 186.67
 Equilibrum Level using virtual temperature: 186.64
                   Level of Free Convection: 815.27
             LFCT using virtual temperature: 844.24
                     Bulk Richardson Number: 110.95
          Bulk Richardson Number using CAPV: 126.63
  Temp [K] of the Lifted Condensation Level: 293.78
Pres [hPa] of the Lifted Condensation Level: 935.55
   Equivalent potential temp [K] of the LCL: 348.25
     Mean mixed layer potential temperature: 299.44
              Mean mixed layer mixing ratio: 16.68
              1000 hPa to 500 hPa thickness: 5756.00
Precipitable water [mm] for entire sounding: 53.04
</PRE>
<P>Description of the 
<A HREF="/upperair/columns.html">data columns</A>
or <A HREF="/upperair/indices.html">sounding indices</A>.

<P>
<FORM>
<INPUT CLASS="button" TYPE="button" VALUE=" Close this window " 
 onClick="window.close();">
<INPUT CLASS="button" TYPE="button" VALUE=" Select another map " 
 onClick="window.blur();">
</FORM>
<HR SIZE="1">
<I>Interested in graduate studies in atmospheric science?
Check out our program at the
<a href="http://www.uwyo.edu/atsc/howtoapply/"
target=_top>University of Wyoming
</a></I>
<HR SIZE="1"><FONT SIZE="-1">
Questions about the weather data provided by this site can be
addressed to <A HREF="mailto:ldoolman@uwyo.edu">
Larry Oolman (ldoolman@uwyo.edu)</A></FONT>
<HR SIZE="1">
<SCRIPT TYPE="text/javascript">
<!--
window.focus();
// -->
</SCRIPT>
</BODY>
</HTML>
