2014-09-21 12
<HTML>
<TITLE>University of Wyoming - Radiosonde Data</TITLE>
<BODY BGCOLOR="white">
<H2>96749 WIII Jakarta Observations at 00Z 21 Sep 2014</H2>
<PRE>
-----------------------------------------------------------------------------
   PRES   HGHT   TEMP   DWPT   RELH   MIXR   DRCT   SKNT   THTA   THTE   THTV
    hPa     m      C      C      %    g/kg    deg   knot     K      K      K 
-----------------------------------------------------------------------------
 1012.0      8   24.2   22.6     91  17.40    210      3  296.3  346.7  299.4
 1000.0    114   25.2   21.9     82  16.85    195      4  298.4  347.5  301.4
  979.0    301   24.9   21.5     81  16.78    170      4  299.9  349.2  302.9
  970.0    382   24.8   21.3     81  16.74    152      3  300.6  349.9  303.6
  946.0    602   23.4   18.6     74  14.42    105      2  301.3  343.9  303.9
  926.0    789   22.2   16.2     69  12.66      5      0  301.9  339.5  304.2
  925.0    798   22.0   16.0     69  12.51      0      0  301.8  339.0  304.1
  914.0    902   21.4   16.5     74  13.10      0      0  302.2  341.1  304.6
  885.0   1182   19.8   17.9     89  14.81    234      6  303.4  347.5  306.1
  883.0   1201   19.7   17.7     88  14.62    225      6  303.5  347.1  306.1
  853.0   1500   18.3   14.1     76  11.97    160     10  305.0  341.1  307.2
  850.0   1530   18.2   13.7     75  11.72    160     10  305.2  340.5  307.4
  824.0   1796   17.8    7.8     52   8.12    155     13  307.5  332.5  309.0
  795.0   2097   15.3    6.8     57   7.85    150     17  308.0  332.2  309.4
  740.0   2698   10.3    4.8     69   7.32    170     19  308.9  331.6  310.3
  700.0   3164    6.4    3.2     80   6.93    155     19  309.5  331.1  310.8
  697.0   3199    6.4    3.2     80   6.96    154     19  309.9  331.6  311.2
  651.0   3757    3.0   -6.0     52   3.77    144     17  312.2  324.4  312.9
  616.0   4203    0.3  -12.3     38   2.43    135     16  314.1  322.2  314.5
  612.0   4255    0.0  -13.0     37   2.31    134     16  314.3  322.0  314.7
  608.0   4308   -0.3  -14.3     34   2.09    133     16  314.5  321.6  314.9
  605.0   4348    2.6  -27.4      9   0.67    133     16  318.3  320.8  318.5
  585.0   4620    4.0  -38.0      3   0.25    128     16  323.0  324.0  323.1
  571.0   4817    3.4  -37.6      3   0.27    125     16  324.6  325.6  324.6
  551.0   5102    1.6  -41.5      2   0.18    120     16  325.8  326.5  325.8
  511.0   5706   -2.2  -49.9      1   0.08     85     10  328.2  328.6  328.3
  500.0   5880   -3.3  -52.3      1   0.06     90     12  328.9  329.2  329.0
  492.0   6007   -4.2  -50.4      1   0.08     90     12  329.4  329.8  329.4
  469.0   6383   -6.7  -44.7      3   0.15    125     10  330.8  331.4  330.8
  438.0   6906  -11.2  -48.0      3   0.11    175      6  331.6  332.0  331.6
  421.0   7209  -13.9  -49.9      3   0.10    160      6  332.0  332.4  332.0
  405.0   7505  -16.5  -51.7      3   0.08    100      8  332.3  332.7  332.3
  400.0   7600  -17.3  -52.3      3   0.08     95     10  332.4  332.7  332.4
  389.0   7807  -18.6  -50.0      4   0.10     75     12  333.3  333.7  333.3
  376.0   8059  -20.3  -47.3      7   0.14     97     12  334.4  335.0  334.4
  374.0   8098  -20.6  -47.4      7   0.14    100     12  334.5  335.1  334.6
  318.0   9276  -28.5  -49.5     11   0.13     61     17  339.4  340.0  339.4
  317.0   9298  -28.6  -49.8     11   0.13     60     17  339.6  340.1  339.6
  300.0   9690  -30.3  -55.3      7   0.07     75     16  342.6  342.9  342.6
  295.0   9809  -31.1  -58.1      5   0.05     78     16  343.1  343.3  343.1
  255.0  10824  -39.9  -57.1     14   0.07    100     16  344.7  345.0  344.7
  254.0  10852  -40.1  -57.1     15   0.07     96     16  344.7  345.1  344.8
  250.0  10960  -40.9                          80     14  345.1         345.1
  244.0  11120  -42.3                          65     12  345.5         345.5
  234.0  11396  -44.6                          70     14  346.1         346.1
  213.0  12015  -49.9                          30     10  347.2         347.2
  200.0  12430  -53.5                          25     10  347.9         347.9
  153.0  14097  -67.5                          30     41  351.7         351.7
  150.0  14220  -68.5                          30     43  351.9         351.9
  118.0  15619  -78.9                          45     72  357.7         357.7
  115.0  15766  -77.1                          46     63  363.7         363.7
  101.0  16503  -80.4                          50     19  371.0         371.0
  100.0  16560  -80.7                          55     19  371.6         371.6
   96.0  16791  -79.8                          75     19  377.7         377.7
   93.1  16964  -79.1                          18     14  382.4         382.4
   91.0  17097  -78.1                         335     10  386.8         386.8
   86.0  17425  -75.7                         260     19  398.0         398.0
   82.0  17703  -73.6                         245     10  407.7         407.7
   74.0  18300  -69.2                         255     27  429.1         429.1
   73.8  18316  -69.1                         254     27  429.7         429.7
   70.0  18630  -70.3                         240     23  433.7         433.7
   67.0  18890  -70.2                         245     16  439.2         439.2
   60.7  19478  -70.1                         267     28  452.1         452.1
   60.0  19547  -69.9                         270     29  454.0         454.0
   52.0  20405  -67.7                         275     14  478.1         478.1
   50.0  20640  -67.1                         290      4  484.9         484.9
   49.0  20763  -66.7                         290      2  488.7         488.7
   47.0  21016  -65.8                          60      6  496.6         496.6
   45.0  21280  -65.0                          70     14  505.0         505.0
   41.9  21714  -63.5                          55     16  519.0         519.0
   41.0  21847  -63.6                          50     16  522.0         522.0
   39.0  22153  -63.8                          80     25  528.9         528.9
   32.4  23286  -64.7                          99     52  555.3         555.3
   32.0  23363  -64.0                         100     54  559.1         559.1
   30.0  23760  -60.5                          90     58  579.1         579.1
   29.7  23823  -59.9                          90     58  582.4         582.4
   24.0  25163  -58.7                          95     66  622.4         622.4
   20.0  26310  -57.7                          90     72  658.8         658.8
   16.0  27736  -54.4                          85     58  712.9         712.9
   14.0  28590  -52.4                          95     58  747.3         747.3
   13.5  28822  -51.9                                     757.0         757.0
</PRE><H3>Station information and sounding indices</H3><PRE>
                         Station identifier: WIII
                             Station number: 96749
                           Observation time: 140921/0000
                           Station latitude: -6.11
                          Station longitude: 106.65
                          Station elevation: 8.0
                            Showalter index: 3.37
                               Lifted index: 0.42
    LIFT computed using virtual temperature: -0.52
                                SWEAT index: 196.41
                                    K index: 32.00
                         Cross totals index: 17.00
                      Vertical totals index: 21.50
                        Totals totals index: 38.50
      Convective Available Potential Energy: 593.97
             CAPE using virtual temperature: 756.03
                      Convective Inhibition: -76.26
             CINS using virtual temperature: -45.12
                           Equilibrum Level: 209.73
 Equilibrum Level using virtual temperature: 209.62
                   Level of Free Convection: 781.48
             LFCT using virtual temperature: 805.42
                     Bulk Richardson Number: 65.19
          Bulk Richardson Number using CAPV: 82.98
  Temp [K] of the Lifted Condensation Level: 293.83
Pres [hPa] of the Lifted Condensation Level: 937.38
   Equivalent potential temp [K] of the LCL: 348.14
     Mean mixed layer potential temperature: 299.32
              Mean mixed layer mixing ratio: 16.69
              1000 hPa to 500 hPa thickness: 5766.00
Precipitable water [mm] for entire sounding: 40.95
</PRE>
<P>Description of the 
<A HREF="/upperair/columns.html">data columns</A>
or <A HREF="/upperair/indices.html">sounding indices</A>.

<P>
<FORM>
<INPUT CLASS="button" TYPE="button" VALUE=" Close this window " 
 onClick="window.close();">
<INPUT CLASS="button" TYPE="button" VALUE=" Select another map " 
 onClick="window.blur();">
</FORM>
<HR SIZE="1">
<I>Interested in graduate studies in atmospheric science?
Check out our program at the
<a href="http://www.uwyo.edu/atsc/howtoapply/"
target=_top>University of Wyoming
</a></I>
<HR SIZE="1"><FONT SIZE="-1">
Questions about the weather data provided by this site can be
addressed to <A HREF="mailto:ldoolman@uwyo.edu">
Larry Oolman (ldoolman@uwyo.edu)</A></FONT>
<HR SIZE="1">
<SCRIPT TYPE="text/javascript">
<!--
window.focus();
// -->
</SCRIPT>
</BODY>
</HTML>
