2013-07-27 00
<HTML>
<TITLE>University of Wyoming - Radiosonde Data</TITLE>
<BODY BGCOLOR="white">
<H2>96749 WIII Jakarta Observations at 00Z 27 Jul 2013</H2>
<PRE>
-----------------------------------------------------------------------------
   PRES   HGHT   TEMP   DWPT   RELH   MIXR   DRCT   SKNT   THTA   THTE   THTV
    hPa     m      C      C      %    g/kg    deg   knot     K      K      K 
-----------------------------------------------------------------------------
 1010.0      8   25.8   22.9     84  17.76    180      2  298.1  349.9  301.3
 1000.0     99   25.4   23.1     87  18.17    160      4  298.6  351.6  301.8
  978.0    294   24.7   22.0     85  17.34    105      8  299.8  350.7  302.9
  945.0    596   23.7   20.3     81  16.11     85     12  301.6  349.3  304.6
  925.0    784   23.0   19.2     79  15.38     85     14  302.8  348.6  305.6
  913.0    898   22.4   17.8     75  14.29     90     16  303.4  346.0  306.0
  865.0   1367   20.2   12.2     60  10.42     79     11  305.8  337.4  307.7
  850.0   1518   19.0   13.0     68  11.19     75     10  306.0  339.9  308.1
  795.0   2086   15.3   10.8     75  10.37     65     10  308.0  339.7  309.9
  767.0   2390   13.4    9.7     78   9.94     75     10  309.1  339.6  310.9
  732.0   2786   10.8    8.2     84   9.41     62      7  310.4  339.5  312.2
  714.0   2993    9.6    7.0     84   8.86     55      6  311.3  338.9  312.9
  700.0   3158    8.6    6.0     84   8.45     55      6  312.0  338.4  313.6
  667.0   3557    6.8    4.8     87   8.15     78      4  314.3  340.0  315.8
  664.0   3594    6.6    4.6     87   8.07     80      4  314.5  340.0  316.0
  617.0   4190    3.2    1.1     86   6.78     40      2  317.3  339.1  318.6
  595.0   4485    1.6   -0.6     86   6.20    345      2  318.6  338.8  319.8
  575.0   4763    0.0   -2.2     85   5.69     44      6  319.9  338.6  321.0
  573.0   4791   -0.2   -2.3     85   5.66     50      6  320.1  338.6  321.1
  533.0   5367   -3.7   -5.2     89   4.90     76      6  322.5  338.8  323.5
  512.0   5683   -5.3   -9.0     76   3.81     90      6  324.3  337.2  325.0
  500.0   5870   -6.3  -11.2     68   3.27     85      4  325.3  336.5  325.9
  495.0   5949   -6.7  -11.6     68   3.20     83      5  325.7  336.7  326.4
  438.0   6890  -13.2  -19.0     62   1.96     65     16  329.1  336.1  329.4
  423.0   7158  -15.1  -21.1     60   1.69     78     18  330.0  336.1  330.3
  405.0   7486  -16.3  -23.1     56   1.48     95     21  332.5  337.9  332.8
  400.0   7580  -16.7  -23.7     55   1.42     95     21  333.2  338.4  333.5
  385.0   7867  -18.5  -24.5     59   1.37     95     21  334.5  339.6  334.8
  374.0   8083  -19.3  -23.9     67   1.50     95     21  336.2  341.8  336.5
  371.0   8143  -19.5  -23.7     69   1.53     94     21  336.7  342.4  337.0
  344.0   8695  -23.4  -28.7     62   1.04     80     23  338.8  342.8  339.0
  307.0   9525  -29.3  -36.3     51   0.56     80     35  341.7  344.0  341.8
  300.0   9690  -30.7  -38.7     45   0.45     80     37  342.0  343.8  342.1
  291.0   9904  -32.3  -42.3     36   0.32     79     36  342.7  344.0  342.8
  287.0  10001  -32.9  -48.9     19   0.16     78     36  343.2  343.9  343.2
  267.0  10499  -37.5  -51.5     22   0.12     75     35  343.7  344.3  343.8
  256.0  10789  -40.1  -53.1     24   0.11     75     32  344.0  344.4  344.0
  250.0  10950  -41.5                          75     31  344.2         344.2
  200.0  12420  -54.1                          70     41  346.9         346.9
  195.0  12578  -55.4                          70     41  347.4         347.4
  161.0  13770  -65.1                          85     33  350.6         350.6
  150.0  14210  -68.7                          85     37  351.6         351.6
  131.0  15008  -74.6                          90     39  354.8         354.8
  129.0  15099  -75.3                          83     40  355.2         355.2
  125.0  15279  -76.1                          70     43  356.9         356.9
  107.0  16169  -80.3                          74     36  365.2         365.2
  101.0  16494  -81.7                          75     33  368.6         368.6
  100.0  16550  -81.9                          75     31  369.2         369.2
   98.9  16612  -82.1                          75     35  370.0         370.0
   96.0  16781  -80.2                          80     25  376.9         376.9
   91.0  17085  -76.7                         125     21  389.6         389.6
   86.8  17354  -73.7                         134     14  401.0         401.0
   82.0  17683  -74.7                         145      6  405.4         405.4
   77.7  17994  -75.7                          85      5  409.7         409.7
   72.7  18384  -68.3                          12      4  433.2         433.2
   70.0  18610  -67.7                         330      4  439.2         439.2
   67.0  18877  -67.1                         190      4  446.0         446.0
   64.0  19156  -66.5                         280      6  453.3         453.3
   60.0  19549  -65.6                         300     16  463.7         463.7
   50.0  20660  -63.1                         265     25  494.4         494.4
   47.0  21041  -62.8                         260     23  503.9         503.9
   46.0  21174  -62.7                         270     24  507.2         507.2
   45.0  21311  -61.2                         280     25  514.0         514.0
   41.2  21865  -55.3                         262     30  541.9         541.9
   39.0  22213  -56.0                         250     33  548.7         548.7
   35.2  22865  -57.3                         257     26  561.6         561.6
   34.0  23085  -56.9                         260     23  568.3         568.3
   32.0  23470  -56.1                         280     19  580.3         580.3
   30.0  23880  -55.3                         270     23  593.3         593.3
   28.0  24323  -55.0                         265     25  606.0         606.0
   24.0  25313  -54.3                         285     33  635.3         635.3
   22.1  25842  -53.9                         263     32  651.6         651.6
   21.0  26174  -52.4                         250     31  665.8         665.8
   20.0  26490  -50.9                         255     29  679.6         679.6
   19.0  26824  -49.3                         285     27  694.5         694.5
   18.5  26998  -48.5                         282     27  702.4         702.4
   15.0  28383  -47.4                         260     31  749.4         749.4
   12.0  29856  -46.2                         265     35  802.9         802.9
   11.0  30431  -45.8                         280     41  824.7         824.7
   10.0  31060  -45.3                         285     41  849.3         849.3
    9.0  31764  -44.8                         275     33  877.1         877.1
    8.0  32552  -44.3                         300     27  909.2         909.2
    7.0  33450  -42.9                         305     27  950.2         950.2
    6.7  33744  -42.5                                     964.0         964.0
</PRE><H3>Station information and sounding indices</H3><PRE>
                         Station identifier: WIII
                             Station number: 96749
                           Observation time: 130727/0000
                           Station latitude: -6.11
                          Station longitude: 106.65
                          Station elevation: 8.0
                            Showalter index: 0.62
                               Lifted index: -3.46
    LIFT computed using virtual temperature: -3.95
                                SWEAT index: 180.01
                                    K index: 35.70
                         Cross totals index: 19.30
                      Vertical totals index: 25.30
                        Totals totals index: 44.60
      Convective Available Potential Energy: 1153.01
             CAPE using virtual temperature: 1270.15
                      Convective Inhibition: -77.10
             CINS using virtual temperature: -49.88
                           Equilibrum Level: 162.79
 Equilibrum Level using virtual temperature: 162.60
                   Level of Free Convection: 795.83
             LFCT using virtual temperature: 825.22
                     Bulk Richardson Number: 551.64
          Bulk Richardson Number using CAPV: 607.68
  Temp [K] of the Lifted Condensation Level: 294.63
Pres [hPa] of the Lifted Condensation Level: 943.89
   Equivalent potential temp [K] of the LCL: 350.59
     Mean mixed layer potential temperature: 299.55
              Mean mixed layer mixing ratio: 17.43
              1000 hPa to 500 hPa thickness: 5771.00
Precipitable water [mm] for entire sounding: 55.89
</PRE>
<P>Description of the 
<A HREF="/upperair/columns.html">data columns</A>
or <A HREF="/upperair/indices.html">sounding indices</A>.

<P>
<FORM>
<INPUT CLASS="button" TYPE="button" VALUE=" Close this window " 
 onClick="window.close();">
<INPUT CLASS="button" TYPE="button" VALUE=" Select another map " 
 onClick="window.blur();">
</FORM>
<HR SIZE="1">
<I>Interested in graduate studies in atmospheric science?
Check out our program at the
<a href="http://www.uwyo.edu/atsc/howtoapply/"
target=_top>University of Wyoming
</a></I>
<HR SIZE="1"><FONT SIZE="-1">
Questions about the weather data provided by this site can be
addressed to <A HREF="mailto:ldoolman@uwyo.edu">
Larry Oolman (ldoolman@uwyo.edu)</A></FONT>
<HR SIZE="1">
<SCRIPT TYPE="text/javascript">
<!--
window.focus();
// -->
</SCRIPT>
</BODY>
</HTML>
