2015-03-21 00
<HTML>
<TITLE>University of Wyoming - Radiosonde Data</TITLE>
<BODY BGCOLOR="white">
<H2>96749 WIII Jakarta Observations at 00Z 21 Mar 2015</H2>
<PRE>
-----------------------------------------------------------------------------
   PRES   HGHT   TEMP   DWPT   RELH   MIXR   DRCT   SKNT   THTA   THTE   THTV
    hPa     m      C      C      %    g/kg    deg   knot     K      K      K 
-----------------------------------------------------------------------------
 1011.0      8   24.4   23.4     94  18.30    130      2  296.6  349.6  299.9
 1005.0     61   24.2   22.1     88  16.98    130      2  296.9  346.2  299.9
 1000.0    106   24.4   21.9     86  16.85    130      2  297.6  346.6  300.6
  983.0    257   24.8   21.1     80  16.31    134      2  299.4  347.2  302.3
  978.0    302   24.6   21.0     81  16.27    135      2  299.6  347.4  302.5
  945.0    603   22.9   20.2     85  16.03     10      6  300.8  348.1  303.7
  925.0    790   21.8   19.7     88  15.88      5      4  301.6  348.6  304.5
  914.0    894   21.3   19.1     87  15.48      5      4  302.1  348.0  304.9
  883.0   1192   19.8   17.4     86  14.36    195      2  303.6  346.4  306.2
  850.0   1522   18.2   15.5     84  13.20    185      4  305.2  344.9  307.6
  823.0   1795   16.6   14.0     85  12.38    185      4  306.4  343.8  308.6
  794.0   2098   14.8   12.4     85  11.52    160      6  307.6  342.7  309.8
  767.0   2390   13.2   10.8     86  10.74    145      4  308.8  341.8  310.8
  740.0   2693   11.4    9.2     86   9.97     85      6  310.1  340.9  312.0
  714.0   2996    9.6    7.6     87   9.24    100      8  311.3  340.1  313.1
  705.0   3103    9.0    7.0     87   8.99     90      7  311.8  339.8  313.5
  700.0   3162    9.0    6.6     85   8.81     85      6  312.4  340.0  314.1
  688.0   3304    8.3    6.0     85   8.57     75      6  313.2  340.1  314.8
  640.0   3898    5.4    3.2     86   7.61    100     10  316.4  340.7  317.9
  617.0   4198    4.0    1.9     86   7.16     90     10  318.1  341.1  319.5
  579.0   4720    1.4   -0.5     87   6.41     99     13  320.9  341.9  322.2
  573.0   4804    0.8   -1.4     85   6.08    100     14  321.2  341.2  322.4
  564.0   4932    0.0   -2.7     82   5.59     98     14  321.7  340.2  322.8
  531.0   5411   -3.0   -5.5     83   4.81     90     16  323.8  339.9  324.7
  500.0   5890   -5.9   -8.3     83   4.11    100     16  325.8  339.8  326.6
  474.0   6303   -8.5  -10.4     87   3.69    110     14  327.6  340.2  328.3
  446.0   6774  -11.5  -12.7     91   3.25    100     11  329.5  340.9  330.2
  422.0   7195  -13.8  -14.5     94   2.95     90      8  331.8  342.3  332.4
  415.0   7322  -14.5  -15.1     95   2.87     93      8  332.5  342.7  333.1
  400.0   7600  -15.7  -16.3     95   2.69    100      8  334.5  344.1  335.0
  392.0   7752  -16.1  -19.4     76   2.11    106     10  335.9  343.6  336.3
  388.0   7830  -16.3  -21.3     65   1.81    109     11  336.6  343.3  337.0
  386.0   7869  -16.1  -26.1     42   1.19    111     11  337.4  341.9  337.6
  374.0   8105  -18.0  -28.0     41   1.03    120     14  338.0  341.9  338.2
  367.0   8247  -19.1  -29.1     41   0.94    119     13  338.3  341.9  338.5
  354.0   8514  -20.9  -23.4     80   1.65    117     10  339.4  345.6  339.7
  345.0   8704  -21.9  -26.3     68   1.31    115      8  340.5  345.5  340.8
  328.0   9075  -23.9  -31.9     48   0.81    133     10  342.7  345.9  342.9
  305.0   9601  -28.1  -34.5     54   0.68    160     12  344.0  346.7  344.1
  300.0   9720  -29.1  -35.1     56   0.65    160     10  344.2  346.9  344.4
  278.0  10257  -34.1  -41.1     49   0.38    126     11  344.6  346.2  344.7
  268.0  10511  -36.0  -44.5     41   0.27    110     12  345.5  346.7  345.6
  259.0  10748  -37.7  -47.7     34   0.20    112     13  346.4  347.2  346.4
  250.0  10990  -39.9  -47.9     42   0.20    115     14  346.6  347.5  346.6
  215.0  11997  -48.3                         135     16  348.9         348.9
  200.0  12480  -52.3                         110      6  349.8         349.8
  187.0  12898  -55.8                          90      4  350.9         350.9
  178.0  13205  -58.4                         150      4  351.7         351.7
  170.0  13491  -60.8                         190      4  352.4         352.4
  162.0  13791  -63.3                         190      2  353.0         353.0
  150.0  14270  -67.3                          60      4  354.0         354.0
  147.0  14388  -68.2                          40      6  354.4         354.4
  133.0  14971  -72.7                          50     10  356.7         356.7
  120.0  15570  -77.4                          70     12  358.8         358.8
  113.0  15920  -80.1                          45      8  359.9         359.9
  111.0  16024  -80.9                          63     12  360.3         360.3
  108.0  16179  -80.8                          90     17  363.3         363.3
  106.0  16284  -80.7                          90     18  365.4         365.4
  100.0  16610  -83.3                          90     23  366.5         366.5
   97.0  16778  -84.0                          80     27  368.4         368.4
   92.0  17069  -85.3                          70     23  371.5         371.5
   90.3  17171  -85.7                          65     21  372.6         372.6
   82.0  17705  -82.7                         100     23  389.2         389.2
   78.0  17982  -81.1                         140     10  398.0         398.0
   77.9  17989  -81.1                         140     10  398.2         398.2
   74.0  18277  -80.4                         145     17  405.6         405.6
   70.4  18558  -79.7                         123     24  412.9         412.9
   70.0  18590  -78.7                         120     25  415.7         415.7
   68.5  18714  -75.1                         112     25  426.0         426.0
   63.0  19208  -73.2                          80     25  440.4         440.4
   51.0  20453  -68.5                          75     33  478.8         478.8
   50.0  20570  -68.1                          80     37  482.6         482.6
   47.0  20941  -68.0                          90     39  491.4         491.4
   43.9  21351  -67.9                          94     41  501.4         501.4
   40.0  21920  -62.4                         100     43  528.6         528.6
   38.6  22138  -60.3                          99     47  539.4         539.4
   32.1  23280  -62.7                          96     65  562.2         562.2
   30.0  23700  -59.1                          95     72  582.9         582.9
   29.0  23920  -57.6                         100     74  592.7         592.7
   28.5  24033  -56.9                         100     74  597.8         597.8
   22.0  25712  -45.5                          95     54  677.5         677.5
   20.0  26330  -41.3                          95     23  709.0         709.0
   19.0  26675  -42.6                         110      4  715.5         715.5
   18.0  27038  -43.9                         285     10  722.5         722.5
   17.0  27422  -45.3                         310     12  729.9         729.9
   16.0  27829  -46.8                          55     14  737.8         737.8
   15.8  27913  -47.1                          48     15  739.4         739.4
   15.0  28264  -40.4                          20     21  772.8         772.8
   14.9  28309  -39.5                          15     21  777.2         777.2
   13.0  29243  -39.6                         275     21  807.6         807.6
   12.0  29791  -39.7                         310     21  826.0         826.0
   11.0  30387  -39.8                         270     17  846.5         846.5
   10.0  31040  -39.9                         290     16  869.5         869.5
    9.4  31464  -38.5                         271     19  890.3         890.3
    8.0  32572  -38.1                         220     25  933.9         933.9
    7.5  33015  -39.7                         210     17  944.8         944.8
    7.0  33492  -35.5                         200      8  981.0         981.0
    6.8  33693  -33.7                                     996.5         996.5
</PRE><H3>Station information and sounding indices</H3><PRE>
                         Station identifier: WIII
                             Station number: 96749
                           Observation time: 150321/0000
                           Station latitude: -6.11
                          Station longitude: 106.65
                          Station elevation: 8.0
                            Showalter index: -0.95
                               Lifted index: -1.84
    LIFT computed using virtual temperature: -2.10
                                SWEAT index: 210.01
                                    K index: 37.20
                         Cross totals index: 21.40
                      Vertical totals index: 24.10
                        Totals totals index: 45.50
      Convective Available Potential Energy: 249.51
             CAPE using virtual temperature: 303.28
                      Convective Inhibition: -72.74
             CINS using virtual temperature: -61.85
                           Equilibrum Level: 351.08
 Equilibrum Level using virtual temperature: 349.25
                   Level of Free Convection: 767.88
             LFCT using virtual temperature: 787.03
                     Bulk Richardson Number: 97.46
          Bulk Richardson Number using CAPV: 118.47
  Temp [K] of the Lifted Condensation Level: 293.75
Pres [hPa] of the Lifted Condensation Level: 941.15
   Equivalent potential temp [K] of the LCL: 347.21
     Mean mixed layer potential temperature: 298.91
              Mean mixed layer mixing ratio: 16.54
              1000 hPa to 500 hPa thickness: 5784.00
Precipitable water [mm] for entire sounding: 60.54
</PRE>
<P>Description of the 
<A HREF="/upperair/columns.html">data columns</A>
or <A HREF="/upperair/indices.html">sounding indices</A>.

<P>
<FORM>
<INPUT CLASS="button" TYPE="button" VALUE=" Close this window " 
 onClick="window.close();">
<INPUT CLASS="button" TYPE="button" VALUE=" Select another map " 
 onClick="window.blur();">
</FORM>
<HR SIZE="1">
<I>Interested in graduate studies in atmospheric science?
Check out our program at the
<a href="http://www.uwyo.edu/atsc/howtoapply/"
target=_top>University of Wyoming
</a></I>
<HR SIZE="1"><FONT SIZE="-1">
Questions about the weather data provided by this site can be
addressed to <A HREF="mailto:ldoolman@uwyo.edu">
Larry Oolman (ldoolman@uwyo.edu)</A></FONT>
<HR SIZE="1">
<SCRIPT TYPE="text/javascript">
<!--
window.focus();
// -->
</SCRIPT>
</BODY>
</HTML>
