2014-10-18 00
<HTML>
<TITLE>University of Wyoming - Radiosonde Data</TITLE>
<BODY BGCOLOR="white">
<H2>96749 WIII Jakarta Observations at 00Z 18 Oct 2014</H2>
<PRE>
-----------------------------------------------------------------------------
   PRES   HGHT   TEMP   DWPT   RELH   MIXR   DRCT   SKNT   THTA   THTE   THTV
    hPa     m      C      C      %    g/kg    deg   knot     K      K      K 
-----------------------------------------------------------------------------
 1009.0      8   26.0   22.5     81  17.34    160      3  298.4  349.0  301.5
 1000.0     87   25.8   22.1     80  17.07    155      4  298.9  348.9  302.0
  976.0    301   24.8   20.7     78  16.02    140     10  300.0  347.1  302.9
  943.0    603   23.4   18.7     75  14.62    100     14  301.6  344.8  304.2
  925.0    773   22.6   17.6     73  13.88    105     16  302.4  343.7  304.9
  912.0    896   22.0   17.2     74  13.71    105     17  303.0  343.9  305.5
  900.0   1012   21.4   16.8     75  13.56    103     19  303.6  344.1  306.0
  850.0   1505   17.6   11.6     68  10.19     95     27  304.6  335.3  306.4
  828.0   1729   16.8    9.8     63   9.27     87     25  306.0  334.2  307.7
  793.0   2096   15.2    5.7     53   7.31     75     21  308.1  330.7  309.5
  759.0   2468   13.6    1.6     44   5.69     81     18  310.3  328.2  311.3
  733.0   2760   11.6    2.6     54   6.34     86     16  311.2  331.1  312.4
  724.0   2864   11.8   -6.2     28   3.34     88     15  312.5  323.4  313.1
  712.0   3003   11.1   -7.9     26   2.98     90     14  313.2  323.1  313.8
  700.0   3145   10.4   -9.6     23   2.65     80     14  314.0  322.8  314.5
  662.0   3603    7.3  -10.9     26   2.52     70     17  315.5  324.0  316.0
  617.0   4181    3.4  -12.6     30   2.37     94     10  317.5  325.5  317.9
  615.0   4208    3.2   -7.8     44   3.47     95     10  317.5  329.1  318.2
  594.0   4489    2.0  -10.0     41   3.03     95      8  319.3  329.5  319.9
  593.0   4502    1.9   -9.9     41   3.06     95      8  319.4  329.7  319.9
  570.0   4821    0.0   -7.0     59   3.99    124      6  320.7  334.1  321.5
  557.0   5005   -1.1   -5.7     71   4.51    141      5  321.6  336.6  322.4
  550.0   5106   -1.4  -10.3     51   3.18    150      4  322.4  333.2  323.0
  542.0   5223   -1.7  -15.7     34   2.09    136      3  323.4  330.6  323.8
  530.0   5400   -2.8  -16.3     35   2.04    115      2  324.1  331.2  324.5
  510.0   5704   -4.7  -17.2     37   1.96    285      2  325.4  332.3  325.8
  500.0   5860   -5.7  -17.7     38   1.91    310      4  326.0  332.8  326.4
  480.0   6180   -7.3  -25.3     22   1.02    356      7  327.9  331.7  328.1
  472.0   6310   -8.1  -26.2     22   0.96     15      8  328.5  332.0  328.7
  426.0   7102  -12.9  -31.9     19   0.62    353     10  332.1  334.5  332.2
  420.0   7209  -13.6  -31.9     20   0.63    350     10  332.5  335.0  332.7
  404.0   7504  -15.6  -32.1     23   0.65    300      6  333.7  336.2  333.8
  400.0   7580  -16.1  -32.1     24   0.65    310      6  334.0  336.5  334.1
  373.0   8094  -19.1  -38.5     16   0.37     50      4  336.7  338.2  336.8
  358.0   8397  -20.9  -42.3     13   0.26    110      4  338.3  339.3  338.3
  344.0   8690  -22.7  -45.9     10   0.18     80      2  339.8  340.6  339.8
  330.0   8996  -24.5  -49.8      8   0.12      0      8  341.4  341.9  341.4
  312.0   9409  -26.9  -54.9      5   0.07    345      8  343.5  343.8  343.5
  300.0   9690  -29.5  -45.5     20   0.22    335      8  343.7  344.6  343.7
  253.0  10879  -40.1  -54.1     21   0.10    288     12  345.1  345.6  345.1
  250.0  10960  -40.7                         285     12  345.4         345.4
  245.0  11094  -41.9                         285     12  345.7         345.7
  214.0  11991  -49.6                         315     17  347.2         347.2
  200.0  12440  -53.5                         320     17  347.9         347.9
  150.0  14230  -68.5                         330     14  351.9         351.9
  146.0  14385  -69.8                         330     16  352.5         352.5
  131.0  15006  -74.7                         315     21  354.6         354.6
  118.0  15605  -79.6                         345     25  356.5         356.5
  112.0  15904  -82.0                         340     27  357.4         357.4
  106.0  16219  -84.5                         355     19  358.2         358.2
  101.0  16485  -84.2                          25      4  363.8         363.8
  100.0  16540  -84.1                          25      4  365.0         365.0
   95.0  16823  -84.1                          35      4  370.4         370.4
   90.0  17122  -84.1                          65      6  376.1         376.1
   88.8  17198  -77.9                          22      6  390.0         390.0
   86.0  17382  -75.2                         280      6  399.0         399.0
   85.5  17416  -74.7                         286      7  400.7         400.7
   81.0  17728  -75.2                         340     14  405.8         405.8
   73.0  18328  -76.3                         275     12  415.9         415.9
   70.0  18570  -76.7                         265     19  420.0         420.0
   68.3  18712  -75.7                         260     17  425.1         425.1
   63.0  19186  -73.5                         245     12  439.8         439.8
   60.0  19472  -72.2                         305      4  448.8         448.8
   57.9  19681  -71.3                         303     12  455.6         455.6
   54.0  20099  -69.2                         300     27  469.6         469.6
   51.0  20441  -67.5                         310     17  481.3         481.3
   50.0  20560  -66.9                         345     12  485.4         485.4
   49.0  20682  -66.3                          20      6  489.6         489.6
   47.0  20934  -65.1                          69     13  498.4         498.4
   46.0  21066  -65.0                          95     16  501.8         501.8
   40.0  21921  -64.2                         100     39  524.2         524.2
   36.0  22565  -63.6                          90     49  541.8         541.8
   30.0  23680  -62.5                         100     62  573.7         573.7
   24.2  25016  -59.9                          91     67  617.5         617.5
   23.4  25229  -59.2                          90     68  625.5         625.5
   23.0  25338  -58.9                          90     68  629.5         629.5
   20.0  26220  -56.1                          90     64  663.7         663.7
   18.6  26681  -55.1                          86     62  680.7         680.7
   17.0  27266  -49.5                          80     60  716.4         716.4
   16.2  27579  -46.5                          80     59  736.1         736.1
   12.2  29446  -49.3                          80     55  788.3         788.3
   10.7  30308  -47.3                          80     53  825.8         825.8
   10.0  30760  -42.1                          80     52  861.3         861.3
    9.0  31481  -36.5                                     909.1         909.1
</PRE><H3>Station information and sounding indices</H3><PRE>
                         Station identifier: WIII
                             Station number: 96749
                           Observation time: 141018/0000
                           Station latitude: -6.11
                          Station longitude: 106.65
                          Station elevation: 8.0
                            Showalter index: 3.19
                               Lifted index: -1.69
    LIFT computed using virtual temperature: -2.32
                                SWEAT index: 197.20
                                    K index: 14.90
                         Cross totals index: 17.30
                      Vertical totals index: 23.30
                        Totals totals index: 40.60
      Convective Available Potential Energy: 256.80
             CAPE using virtual temperature: 417.64
                      Convective Inhibition: -102.18
             CINS using virtual temperature: -45.95
                           Equilibrum Level: 243.70
 Equilibrum Level using virtual temperature: 243.78
                   Level of Free Convection: 673.25
             LFCT using virtual temperature: 853.25
                     Bulk Richardson Number: 24.33
          Bulk Richardson Number using CAPV: 39.57
  Temp [K] of the Lifted Condensation Level: 293.17
Pres [hPa] of the Lifted Condensation Level: 925.04
   Equivalent potential temp [K] of the LCL: 347.36
     Mean mixed layer potential temperature: 299.79
              Mean mixed layer mixing ratio: 16.24
              1000 hPa to 500 hPa thickness: 5773.00
Precipitable water [mm] for entire sounding: 40.03
</PRE>
<P>Description of the 
<A HREF="/upperair/columns.html">data columns</A>
or <A HREF="/upperair/indices.html">sounding indices</A>.

<P>
<FORM>
<INPUT CLASS="button" TYPE="button" VALUE=" Close this window " 
 onClick="window.close();">
<INPUT CLASS="button" TYPE="button" VALUE=" Select another map " 
 onClick="window.blur();">
</FORM>
<HR SIZE="1">
<I>Interested in graduate studies in atmospheric science?
Check out our program at the
<a href="http://www.uwyo.edu/atsc/howtoapply/"
target=_top>University of Wyoming
</a></I>
<HR SIZE="1"><FONT SIZE="-1">
Questions about the weather data provided by this site can be
addressed to <A HREF="mailto:ldoolman@uwyo.edu">
Larry Oolman (ldoolman@uwyo.edu)</A></FONT>
<HR SIZE="1">
<SCRIPT TYPE="text/javascript">
<!--
window.focus();
// -->
</SCRIPT>
</BODY>
</HTML>
