2014-05-09 00
<HTML>
<TITLE>University of Wyoming - Radiosonde Data</TITLE>
<BODY BGCOLOR="white">
<H2>96749 WIII Jakarta Observations at 00Z 09 May 2014</H2>
<PRE>
-----------------------------------------------------------------------------
   PRES   HGHT   TEMP   DWPT   RELH   MIXR   DRCT   SKNT   THTA   THTE   THTV
    hPa     m      C      C      %    g/kg    deg   knot     K      K      K 
-----------------------------------------------------------------------------
 1010.0      8   26.0   24.0     89  19.02    210      4  298.3  353.8  301.7
 1000.0     98   25.6   23.5     88  18.63    195      4  298.8  353.2  302.1
  977.0    304   25.6   22.0     80  17.34    160      4  300.7  351.9  303.9
  964.0    422   25.6   21.1     76  16.64    144      5  301.9  351.2  304.9
  945.0    597   24.5   19.8     75  15.64    120      6  302.5  349.0  305.4
  925.0    785   23.4   18.4     74  14.62    115      8  303.2  346.8  305.9
  913.0    898   22.7   17.5     73  13.98    115      8  303.6  345.4  306.1
  850.0   1519   18.6   12.6     68  10.90    115      8  305.6  338.6  307.6
  803.0   2006   15.6   10.8     73  10.23    111     10  307.4  338.6  309.3
  794.0   2101   15.0    9.8     71   9.67    110     10  307.8  337.4  309.6
  776.0   2296   13.8    7.8     67   8.63    104     10  308.5  335.1  310.1
  717.0   2960   10.4    7.5     82   9.15     82     12  311.8  340.3  313.5
  700.0   3160    9.6    6.5     81   8.75     75     12  313.1  340.5  314.7
  664.0   3592    7.4    3.6     76   7.50     60     12  315.4  339.3  316.8
  617.0   4192    4.4   -0.5     70   6.02     75     17  318.6  338.2  319.8
  573.0   4797    1.4   -4.6     64   4.77     85     18  321.9  337.8  322.8
  571.0   4825    1.4   -5.6     60   4.44     85     18  322.2  337.0  323.1
  568.0   4867    1.6  -12.4     35   2.61     86     18  322.9  331.9  323.4
  552.0   5096    0.3  -14.6     32   2.25     90     19  324.0  331.8  324.4
  549.0   5140    0.0  -15.0     31   2.18     89     19  324.2  331.8  324.6
  513.0   5678   -3.9  -17.9     33   1.83     75     19  325.8  332.3  326.2
  512.0   5694   -4.0  -17.6     34   1.88     75     19  325.9  332.5  326.2
  500.0   5880   -5.3  -14.3     49   2.54     85     17  326.5  335.4  327.0
  496.0   5943   -5.7  -15.7     45   2.28     87     17  326.8  334.8  327.2
  489.0   6055   -6.1  -21.1     29   1.46     89     18  327.6  332.9  327.9
  478.0   6233   -6.9  -21.9     29   1.39     93     19  328.8  333.8  329.0
  474.0   6298   -7.5  -15.5     53   2.43     95     19  328.8  337.4  329.3
  470.0   6364   -7.1  -18.1     41   1.97     94     19  330.1  337.2  330.5
  468.0   6398   -7.3  -14.3     57   2.72     94     19  330.3  339.8  330.8
  422.0   7193  -13.9  -17.4     75   2.32     85     16  331.7  340.0  332.2
  413.0   7359  -15.3  -18.1     79   2.24     87     18  332.0  340.0  332.4
  402.0   7562  -16.7  -23.7     55   1.41     90     21  332.7  337.9  333.0
  400.0   7600  -16.3  -28.3     35   0.93     90     21  333.7  337.3  333.9
  391.0   7772  -17.1  -20.8     73   1.88     94     26  334.9  341.7  335.2
  390.0   7791  -17.0  -22.8     61   1.57     95     27  335.2  341.0  335.5
  388.0   7830  -16.9  -26.9     42   1.10     94     28  335.9  340.0  336.1
  378.0   8026  -17.9  -46.9      6   0.15     89     31  337.0  337.7  337.1
  362.0   8349  -20.3  -38.3     18   0.39     81     36  338.0  339.6  338.1
  360.0   8390  -20.5  -38.0     19   0.40     80     37  338.2  339.9  338.3
  347.0   8662  -22.1  -36.1     27   0.51     84     36  339.7  341.7  339.8
  327.0   9097  -24.9  -57.9      3   0.05     92     34  341.7  341.9  341.7
  318.0   9299  -26.3  -59.0      3   0.04     95     33  342.4  342.6  342.4
  300.0   9720  -29.3  -61.3      3   0.03     90     31  344.0  344.1  344.0
  269.0  10482  -35.6  -55.9     11   0.07     90     29  345.6  346.0  345.7
  256.0  10828  -38.5  -53.5     19   0.10    104     25  346.3  346.8  346.4
  250.0  10990  -39.7  -52.7     24   0.12    110     23  346.9  347.4  346.9
  248.0  11045  -40.1  -54.1     21   0.10    111     23  347.1  347.6  347.1
  225.0  11690  -45.6                         125     23  348.4         348.4
  200.0  12470  -52.3                         115     25  349.8         349.8
  196.0  12596  -53.4                         110     25  350.1         350.1
  170.0  13487  -61.0                         105     23  352.0         352.0
  150.0  14270  -67.7                         110     23  353.3         353.3
  133.0  14965  -72.9                         100     16  356.4         356.4
  126.0  15277  -75.2                         130     14  357.7         357.7
  107.0  16221  -82.3                         130     27  361.4         361.4
  105.0  16330  -83.1                         122     28  361.9         361.9
  100.0  16600  -83.9                         100     31  365.4         365.4
   96.9  16775  -84.3                          85     33  367.9         367.9
   91.0  17128  -82.7                          75     27  377.8         377.8
   87.0  17380  -81.5                          40     14  385.1         385.1
   82.0  17713  -79.9                         330     19  394.8         394.8
   78.2  17979  -78.7                         296     18  402.8         402.8
   70.0  18610  -79.3                         215     16  414.4         414.4
   67.4  18825  -77.5                         232      9  422.8         422.8
   67.0  18859  -77.1                         235      8  424.4         424.4
   63.0  19215  -72.8                         315     14  441.4         441.4
   62.9  19224  -72.7                         314     14  441.8         441.8
   61.4  19367  -66.3                         297     15  459.1         459.1
   60.0  19506  -66.5                         280     16  461.7         461.7
   57.0  19813  -67.0                         290     19  467.5         467.5
   52.0  20365  -67.8                         250     27  478.0         478.0
   50.0  20600  -68.1                         260     25  482.6         482.6
   47.4  20922  -67.7                         263     21  491.0         491.0
   45.0  21240  -67.0                         265     17  499.9         499.9
   38.0  22275  -64.8                         250     21  530.2         530.2
   37.0  22438  -64.5                         220     12  535.2         535.2
   35.0  22778  -63.8                         145     12  545.6         545.6
   33.0  23138  -63.0                         170     14  556.9         556.9
   32.0  23326  -62.6                          80      8  562.9         562.9
   31.7  23384  -62.5                          80      9  564.7         564.7
   30.3  23667  -57.5                          80     15  585.6         585.6
   30.0  23730  -57.7                          80     16  586.8         586.8
   26.0  24628  -58.4                          80     35  609.2         609.2
   25.0  24874  -58.6                         105     31  615.6         615.6
   23.5  25262  -58.9                          94     37  625.6         625.6
   21.0  25977  -53.3                          75     49  663.0         663.0
   20.5  26131  -52.1                          77     48  671.2         671.2
   20.0  26290  -52.1                          80     47  675.9         675.9
   19.0  26629  -51.2                          95     45  688.6         688.6
   16.0  27764  -48.3                          85     62  732.8         732.8
   15.6  27931  -47.9                          85     62  739.6         739.6
   12.8  29238  -44.5                          87     54  794.3         794.3
   10.0  30900  -43.5                          90     45  856.0         856.0
    9.3  31388  -43.1                                     875.5         875.5
</PRE><H3>Station information and sounding indices</H3><PRE>
                         Station identifier: WIII
                             Station number: 96749
                           Observation time: 140509/0000
                           Station latitude: -6.11
                          Station longitude: 106.65
                          Station elevation: 8.0
                            Showalter index: 2.18
                               Lifted index: -2.97
    LIFT computed using virtual temperature: -3.62
                                SWEAT index: 184.20
                                    K index: 33.40
                         Cross totals index: 17.90
                      Vertical totals index: 23.90
                        Totals totals index: 41.80
      Convective Available Potential Energy: 870.65
             CAPE using virtual temperature: 1044.29
                      Convective Inhibition: -56.83
             CINS using virtual temperature: -35.98
                           Equilibrum Level: 173.44
 Equilibrum Level using virtual temperature: 173.16
                   Level of Free Convection: 825.85
             LFCT using virtual temperature: 861.64
                     Bulk Richardson Number: 60.49
          Bulk Richardson Number using CAPV: 72.56
  Temp [K] of the Lifted Condensation Level: 294.67
Pres [hPa] of the Lifted Condensation Level: 936.21
   Equivalent potential temp [K] of the LCL: 352.06
     Mean mixed layer potential temperature: 300.29
              Mean mixed layer mixing ratio: 17.63
              1000 hPa to 500 hPa thickness: 5782.00
Precipitable water [mm] for entire sounding: 51.92
</PRE>
<P>Description of the 
<A HREF="/upperair/columns.html">data columns</A>
or <A HREF="/upperair/indices.html">sounding indices</A>.

<P>
<FORM>
<INPUT CLASS="button" TYPE="button" VALUE=" Close this window " 
 onClick="window.close();">
<INPUT CLASS="button" TYPE="button" VALUE=" Select another map " 
 onClick="window.blur();">
</FORM>
<HR SIZE="1">
<I>Interested in graduate studies in atmospheric science?
Check out our program at the
<a href="http://www.uwyo.edu/atsc/howtoapply/"
target=_top>University of Wyoming
</a></I>
<HR SIZE="1"><FONT SIZE="-1">
Questions about the weather data provided by this site can be
addressed to <A HREF="mailto:ldoolman@uwyo.edu">
Larry Oolman (ldoolman@uwyo.edu)</A></FONT>
<HR SIZE="1">
<SCRIPT TYPE="text/javascript">
<!--
window.focus();
// -->
</SCRIPT>
</BODY>
</HTML>
