2014-07-17 00
<HTML>
<TITLE>University of Wyoming - Radiosonde Data</TITLE>
<BODY BGCOLOR="white">
<H2>96749 WIII Jakarta Observations at 00Z 17 Jul 2014</H2>
<PRE>
-----------------------------------------------------------------------------
   PRES   HGHT   TEMP   DWPT   RELH   MIXR   DRCT   SKNT   THTA   THTE   THTV
    hPa     m      C      C      %    g/kg    deg   knot     K      K      K 
-----------------------------------------------------------------------------
 1009.0      8   23.6   22.4     93  17.23      0      0  296.0  345.8  299.0
 1000.0     88   25.2   21.3     79  16.23    100      2  298.4  345.7  301.2
  993.0    150   25.6   20.6     74  15.64    100      3  299.4  345.2  302.1
  986.0    212   25.6   21.1     76  16.26    100      4  300.0  347.8  302.9
  976.0    302   25.1   20.6     76  15.96    100      6  300.3  347.2  303.1
  944.0    595   23.3   19.1     77  14.99    125      4  301.4  345.7  304.1
  925.0    773   22.2   18.2     78  14.43    185      6  302.0  344.8  304.6
  912.0    895   21.5   17.5     78  14.01    225      8  302.5  344.1  305.0
  850.0   1504   18.0   14.1     78  12.04    240     14  305.0  341.2  307.2
  830.0   1708   17.0   12.0     72  10.72    249     15  306.0  338.5  308.0
  793.0   2093   15.2    9.6     70   9.58    265     16  308.1  337.4  309.9
  700.0   3147   10.2    3.2     62   6.93    250      6  313.8  335.7  315.1
  694.0   3219   10.0    3.0     62   6.89    248      5  314.3  336.2  315.6
  687.0   3302    9.5    2.2     61   6.59    245      4  314.6  335.6  315.9
  637.0   3925    5.6   -3.4     52   4.70    259     11  317.1  332.4  318.0
  629.0   4028    4.8    0.0     71   6.12    261     12  317.3  337.1  318.5
  626.0   4067    4.6   -4.4     52   4.43    262     13  317.5  332.1  318.4
  616.0   4197    3.8   -5.0     53   4.30    265     14  318.1  332.3  318.9
  569.0   4837    0.0   -8.0     55   3.70    289     12  320.9  333.3  321.6
  530.0   5401   -3.3  -11.3     54   3.05    310     10  323.5  333.9  324.1
  519.0   5567   -4.3  -12.3     54   2.88    324     10  324.3  334.2  324.8
  510.0   5705   -5.2  -12.3     58   2.93    335     10  324.8  334.9  325.3
  500.0   5860   -6.3  -12.3     62   2.99    335     10  325.3  335.6  325.9
  454.0   6610  -11.1  -18.8     53   1.93    340      4  328.4  335.2  328.8
  445.0   6766  -12.1  -20.1     51   1.75    348      4  329.0  335.3  329.4
  443.0   6801  -12.1  -23.1     40   1.35    350      4  329.4  334.4  329.7
  437.0   6905  -12.8  -20.6     52   1.71    355      4  329.8  335.9  330.1
  427.0   7082  -14.1  -16.4     83   2.50    297      3  330.4  339.2  330.9
  422.0   7172  -14.5  -16.9     82   2.43    267      2  330.9  339.6  331.4
  420.0   7208  -14.5  -17.2     79   2.37    255      2  331.5  339.9  331.9
  413.0   7336  -14.3  -18.4     71   2.18    231      4  333.3  341.1  333.7
  410.0   7392  -14.1  -22.1     51   1.60    221      4  334.2  340.1  334.5
  404.0   7504  -14.7  -26.3     37   1.11    200      6  334.9  339.0  335.1
  400.0   7580  -15.1  -29.1     29   0.87    200      6  335.3  338.6  335.4
  398.0   7618  -15.1  -34.1     18   0.54    200      7  335.8  337.9  335.9
  344.0   8696  -21.8  -54.0      4   0.07    195     21  340.9  341.3  340.9
  330.0   9003  -23.7  -59.6      2   0.04    170     17  342.4  342.6  342.4
  312.0   9418  -26.3  -67.3      1   0.01    158     14  344.3  344.4  344.3
  300.0   9700  -28.9  -68.9      1   0.01    150     12  344.5  344.6  344.5
  279.0  10206  -33.5  -67.0      2   0.02    140     14  345.2  345.3  345.2
  251.0  10943  -40.1  -64.1      6   0.03    140     16  345.9  346.1  345.9
  250.0  10970  -40.3                         140     16  346.0         346.0
  214.0  12001  -49.2                         130     12  347.9         347.9
  205.0  12286  -51.7                         110      8  348.3         348.3
  200.0  12450  -53.1                          90      8  348.5         348.5
  195.0  12608  -54.3                          65     10  349.1         349.1
  161.0  13800  -63.7                          45     43  353.0         353.0
  153.0  14117  -66.1                          50     56  353.9         353.9
  150.0  14240  -67.1                          50     56  354.3         354.3
  146.0  14398  -68.2                          50     56  355.1         355.1
  119.0  15592  -76.8                          85     14  360.7         360.7
  110.0  16051  -80.1                         145     12  362.7         362.7
  107.0  16207  -79.9                         155     16  365.9         365.9
  102.0  16478  -79.6                         130      6  371.5         371.5
  100.0  16590  -79.5                         175      8  373.9         373.9
   97.5  16734  -77.9                         240     13  379.7         379.7
   96.0  16823  -77.2                         280     16  382.8         382.8
   94.6  16908  -76.5                         275     18  385.7         385.7
   91.0  17128  -78.1                         260     23  386.8         386.8
   82.0  17718  -82.5                         305     14  389.6         389.6
   81.2  17774  -82.9                         317     15  389.8         389.8
   78.0  18001  -80.4                           5     19  399.6         399.6
   75.0  18223  -77.9                         317     25  409.3         409.3
   74.0  18301  -74.3                         300     27  418.3         418.3
   73.1  18372  -71.1                         293     27  426.6         426.6
   70.0  18630  -68.9                         270     25  436.6         436.6
   67.0  18890  -69.2                         245     23  441.5         441.5
   60.0  19547  -69.9                         285     21  454.1         454.1
   58.2  19728  -70.1                         278     23  457.6         457.6
   55.0  20070  -66.4                         265     27  473.5         473.5
   51.2  20503  -61.7                         269     22  494.3         494.3
   50.0  20650  -61.3                         270     21  498.6         498.6
   47.0  21034  -61.3                         250     19  507.6         507.6
   41.0  21883  -61.2                         130     12  528.0         528.0
   39.0  22194  -61.1                         100     17  535.7         535.7
   37.5  22437  -61.1                          99     23  541.8         541.8
   31.0  23625  -59.6                          95     51  576.2         576.2
   30.0  23830  -59.3                          95     52  582.4         582.4
   25.0  24978  -57.6                         100     51  618.4         618.4
   23.2  25449  -56.9                          95     51  633.8         633.8
   20.0  26400  -51.7                          85     51  677.2         677.2
   19.0  26735  -51.4                          90     51  688.1         688.1
   13.0  29210  -49.2                          80     47  774.5         774.5
   11.9  29786  -48.7                          80     51  796.1         796.1
   10.0  30940  -44.1                          80     60  853.8         853.8
    9.7  31145  -43.3                                     864.3         864.3
</PRE><H3>Station information and sounding indices</H3><PRE>
                         Station identifier: WIII
                             Station number: 96749
                           Observation time: 140717/0000
                           Station latitude: -6.11
                          Station longitude: 106.65
                          Station elevation: 8.0
                            Showalter index: 0.09
                               Lifted index: -1.94
    LIFT computed using virtual temperature: -2.37
                                SWEAT index: 207.21
                                    K index: 31.40
                         Cross totals index: 20.40
                      Vertical totals index: 24.30
                        Totals totals index: 44.70
      Convective Available Potential Energy: 203.90
             CAPE using virtual temperature: 280.12
                      Convective Inhibition: -123.63
             CINS using virtual temperature: -71.51
                           Equilibrum Level: 398.16
 Equilibrum Level using virtual temperature: 377.82
                   Level of Free Convection: 646.97
             LFCT using virtual temperature: 683.13
                     Bulk Richardson Number: 11.57
          Bulk Richardson Number using CAPV: 15.89
  Temp [K] of the Lifted Condensation Level: 292.89
Pres [hPa] of the Lifted Condensation Level: 923.47
   Equivalent potential temp [K] of the LCL: 346.41
     Mean mixed layer potential temperature: 299.64
              Mean mixed layer mixing ratio: 15.97
              1000 hPa to 500 hPa thickness: 5772.00
Precipitable water [mm] for entire sounding: 48.83
</PRE>
<P>Description of the 
<A HREF="/upperair/columns.html">data columns</A>
or <A HREF="/upperair/indices.html">sounding indices</A>.

<P>
<FORM>
<INPUT CLASS="button" TYPE="button" VALUE=" Close this window " 
 onClick="window.close();">
<INPUT CLASS="button" TYPE="button" VALUE=" Select another map " 
 onClick="window.blur();">
</FORM>
<HR SIZE="1">
<I>Interested in graduate studies in atmospheric science?
Check out our program at the
<a href="http://www.uwyo.edu/atsc/howtoapply/"
target=_top>University of Wyoming
</a></I>
<HR SIZE="1"><FONT SIZE="-1">
Questions about the weather data provided by this site can be
addressed to <A HREF="mailto:ldoolman@uwyo.edu">
Larry Oolman (ldoolman@uwyo.edu)</A></FONT>
<HR SIZE="1">
<SCRIPT TYPE="text/javascript">
<!--
window.focus();
// -->
</SCRIPT>
</BODY>
</HTML>
