2013-12-16 12
<HTML>
<TITLE>University of Wyoming - Radiosonde Data</TITLE>
<BODY BGCOLOR="white">
<H2>96749 WIII Jakarta Observations at 00Z 16 Dec 2013</H2>
<PRE>
-----------------------------------------------------------------------------
   PRES   HGHT   TEMP   DWPT   RELH   MIXR   DRCT   SKNT   THTA   THTE   THTV
    hPa     m      C      C      %    g/kg    deg   knot     K      K      K 
-----------------------------------------------------------------------------
 1008.0      8   25.0   22.9     88  17.80    160      3  297.5  349.2  300.6
 1000.0     77   24.2   21.9     87  16.85    165      4  297.4  346.3  300.4
  975.0    299   23.4   20.6     84  15.95    185      4  298.7  345.4  301.6
  930.0    712   22.0   18.2     79  14.35    270      2  301.3  343.8  303.9
  925.0    759   21.6   18.2     81  14.43    280      2  301.4  344.1  304.0
  910.0    901   20.9   17.6     81  14.15    350      4  302.1  344.1  304.7
  850.0   1491   18.2   15.3     83  13.03     15      6  305.2  344.4  307.6
  849.0   1501   18.1   15.2     83  12.99     15      6  305.2  344.3  307.6
  819.0   1806   16.8   13.2     80  11.82      5      4  306.9  342.8  309.1
  791.0   2101   15.4   11.3     77  10.77    310      4  308.5  341.5  310.5
  764.0   2396   14.0    9.4     74   9.80    300      8  310.1  340.4  312.0
  711.0   3006   11.2    5.5     68   8.00    340     14  313.5  338.7  315.0
  700.0   3138   10.6    4.6     66   7.65    330     14  314.2  338.4  315.6
  684.0   3330    9.4    4.4     71   7.72    321     14  314.9  339.4  316.4
  638.0   3898    6.0    2.5     78   7.24    295     14  317.4  340.6  318.8
  615.0   4198    4.2    1.5     83   6.99    330     14  318.6  341.2  320.0
  571.0   4804    0.5   -0.5     93   6.50    335     16  321.2  342.4  322.4
  565.0   4890    0.0   -0.8     94   6.43    334     16  321.6  342.6  322.8
  500.0   5860   -5.3   -7.1     87   4.52    325     12  326.5  341.8  327.4
  437.0   6898  -11.6  -13.1     89   3.22    305      8  331.4  342.7  332.0
  404.0   7503  -15.2  -16.6     90   2.61     80      4  334.1  343.5  334.7
  400.0   7580  -15.7  -17.0     90   2.54     90      4  334.5  343.6  335.0
  388.0   7809  -17.1  -18.5     89   2.31    135      4  335.6  344.0  336.1
  374.0   8084  -18.7  -20.3     87   2.05     85      3  337.0  344.5  337.4
  358.0   8403  -21.0  -22.8     86   1.72     25      2  338.1  344.5  338.5
  330.0   8996  -25.4  -27.4     83   1.23     80      6  340.1  344.8  340.3
  317.0   9289  -27.6  -29.7     82   1.04     95      4  341.0  345.0  341.2
  300.0   9690  -30.5  -32.8     80   0.81    155      6  342.3  345.5  342.4
  295.0   9809  -31.5  -33.9     79   0.74    174      6  342.5  345.4  342.7
  291.0   9906  -32.3  -36.7     65   0.57    190      6  342.7  345.0  342.8
  284.0  10077  -33.7  -41.7     44   0.35    191      7  343.1  344.5  343.2
  251.0  10933  -40.1  -48.1     42   0.20    195     12  345.9  346.8  346.0
  250.0  10960  -40.3                         195     12  346.0         346.0
  245.0  11094  -41.4                         190     14  346.3         346.3
  200.0  12440  -52.9                         170     16  348.8         348.8
  169.0  13489  -62.4                         155     17  350.3         350.3
  153.0  14108  -68.0                         165     16  350.8         350.8
  151.0  14190  -68.7                         165     15  350.9         350.9
  150.0  14230  -68.9                         165     14  351.2         351.2
  138.0  14711  -72.3                         125     17  353.7         353.7
  125.0  15282  -76.4                          90     21  356.5         356.5
  118.0  15614  -78.7                          85     21  358.0         358.0
  104.0  16343  -83.9                         113     32  361.3         361.3
  101.0  16505  -84.9                         120     35  362.3         362.3
  100.0  16560  -85.3                         120     35  362.7         362.7
   93.3  16938  -88.1                         105     33  364.4         364.4
   86.2  17374  -84.8                         110     37  379.5         379.5
   84.4  17487  -83.9                         111     32  383.5         383.5
   83.1  17574  -77.1                         112     29  399.1         399.1
   77.4  17983  -76.7                         115     12  408.1         408.1
   73.4  18288  -76.4                         250      8  415.0         415.0
   70.0  18560  -76.1                         250     14  421.3         421.3
   66.1  18893  -74.5                         250     14  431.7         431.7
   66.0  18898  -74.5                         250     14  431.9         431.9
   62.8  19202  -72.4                         265     14  442.8         442.8
   56.7  19812  -68.2                         220     12  465.4         465.4
   53.9  20117  -66.1                         210     12  477.0         477.0
   51.6  20377  -64.3                         248      9  487.1         487.1
   51.2  20422  -64.4                         255      8  487.9         487.9
   50.0  20570  -64.7                         260     21  490.6         490.6
   48.7  20726  -65.1                         275     17  493.2         493.2
   47.1  20933  -65.7                         255     21  496.6         496.6
   46.4  21031  -65.0                         245     23  500.6         500.6
   42.9  21504  -61.7                         253     21  519.9         519.9
   42.0  21641  -61.8                         255     21  522.9         522.9
   38.0  22250  -62.5                         220     21  536.3         536.3
   36.2  22555  -62.8                         220     17  543.1         543.1
   35.6  22652  -62.9                         228     15  545.3         545.3
   34.4  22860  -61.4                         245     12  554.4         554.4
   32.8  23165  -59.2                         305     10  568.0         568.0
   31.4  23432  -57.3                         314     10  580.2         580.2
   31.2  23470  -57.2                         315     10  581.4         581.4
   30.0  23720  -56.9                         235     14  588.9         588.9
   29.8  23774  -56.9                         285     19  590.5         590.5
   28.4  24079  -56.7                         235     14  599.1         599.1
   25.8  24689  -56.3                         270     10  616.9         616.9
   24.6  24994  -56.1                         245      6  625.9         625.9
   23.4  25298  -55.9                         290      8  635.1         635.1
   22.3  25603  -55.7                         300     12  644.4         644.4
   21.3  25908  -55.5                         275      8  653.9         653.9
   21.1  25957  -55.5                         277      8  655.4         655.4
   20.3  26213  -54.5                         290     10  666.1         666.1
   20.0  26300  -54.1                         230     17  669.8         669.8
   18.4  26822  -53.5                         215     19  687.5         687.5
   17.6  27127  -53.1                         210     19  698.0         698.0
   16.0  27737  -52.4                         135     17  719.5         719.5
   15.0  28151  -51.9                         117     27  734.5         734.5
   13.9  28651  -49.3                          95     39  759.5         759.5
   12.7  29240  -46.3                          93     42  789.8         789.8
   11.5  29895  -48.5                          92     46  804.6         804.6
   10.5  30480  -46.2                          90     49  833.6         833.6
   10.0  30820  -44.9                         100     58  850.8         850.8
    9.8  30955  -44.8                         100     62  856.1         856.1
    9.6  31093  -44.7                                     861.6         861.6
</PRE><H3>Station information and sounding indices</H3><PRE>
                         Station identifier: WIII
                             Station number: 96749
                           Observation time: 131216/0000
                           Station latitude: -6.11
                          Station longitude: 106.65
                          Station elevation: 8.0
                            Showalter index: -0.16
                               Lifted index: -0.65
    LIFT computed using virtual temperature: -0.80
                                SWEAT index: 207.61
                                    K index: 32.80
                         Cross totals index: 20.60
                      Vertical totals index: 23.50
                        Totals totals index: 44.10
      Convective Available Potential Energy: 79.67
             CAPE using virtual temperature: 99.06
                      Convective Inhibition: -167.71
             CINS using virtual temperature: -127.77
                           Equilibrum Level: 331.82
 Equilibrum Level using virtual temperature: 326.90
                   Level of Free Convection: 611.73
             LFCT using virtual temperature: 631.77
                     Bulk Richardson Number: 5.11
          Bulk Richardson Number using CAPV: 6.36
  Temp [K] of the Lifted Condensation Level: 293.40
Pres [hPa] of the Lifted Condensation Level: 941.58
   Equivalent potential temp [K] of the LCL: 345.64
     Mean mixed layer potential temperature: 298.51
              Mean mixed layer mixing ratio: 16.18
              1000 hPa to 500 hPa thickness: 5783.00
Precipitable water [mm] for entire sounding: 58.34
</PRE>
<P>Description of the 
<A HREF="/upperair/columns.html">data columns</A>
or <A HREF="/upperair/indices.html">sounding indices</A>.

<P>
<FORM>
<INPUT CLASS="button" TYPE="button" VALUE=" Close this window " 
 onClick="window.close();">
<INPUT CLASS="button" TYPE="button" VALUE=" Select another map " 
 onClick="window.blur();">
</FORM>
<HR SIZE="1">
<I>Interested in graduate studies in atmospheric science?
Check out our program at the
<a href="http://www.uwyo.edu/atsc/howtoapply/"
target=_top>University of Wyoming
</a></I>
<HR SIZE="1"><FONT SIZE="-1">
Questions about the weather data provided by this site can be
addressed to <A HREF="mailto:ldoolman@uwyo.edu">
Larry Oolman (ldoolman@uwyo.edu)</A></FONT>
<HR SIZE="1">
<SCRIPT TYPE="text/javascript">
<!--
window.focus();
// -->
</SCRIPT>
</BODY>
</HTML>
