2013-06-09 12
<HTML>
<TITLE>University of Wyoming - Radiosonde Data</TITLE>
<BODY BGCOLOR="white">
<H2>96749 WIII Jakarta Observations at 00Z 09 Jun 2013</H2>
<PRE>
-----------------------------------------------------------------------------
   PRES   HGHT   TEMP   DWPT   RELH   MIXR   DRCT   SKNT   THTA   THTE   THTV
    hPa     m      C      C      %    g/kg    deg   knot     K      K      K 
-----------------------------------------------------------------------------
 1006.0      8   25.2   24.2     94  19.33      0      0  297.8  354.2  301.3
 1000.0     66   25.6   23.1     86  18.17    240      4  298.8  351.9  302.0
  974.0    299   26.0   20.1     70  15.47    240     16  301.4  347.2  304.2
  973.0    308   26.0   20.0     70  15.37    240     16  301.5  347.0  304.3
  956.0    464   26.4   18.4     61  14.13    235     18  303.4  345.6  306.0
  941.0    604   25.2   18.2     65  14.19    230     19  303.6  346.0  306.2
  925.0    755   24.0   18.0     69  14.24    235     17  303.8  346.4  306.4
  910.0    898   23.3   16.7     67  13.34    240     16  304.5  344.5  306.9
  897.0   1023   22.6   15.6     65  12.58    240     14  305.1  342.9  307.4
  890.0   1092   23.4   14.4     57  11.72    240     12  306.6  342.1  308.8
  879.0   1200   22.6   13.6     57  11.29    240     10  306.9  341.2  309.0
  850.0   1491   20.6   11.6     56  10.19    220     14  307.7  338.9  309.6
  820.0   1796   18.6   10.5     59   9.81    210     16  308.8  338.9  310.6
  792.0   2091   16.7    9.4     62   9.44    205     14  309.9  339.0  311.6
  712.0   2994   10.9    6.1     72   8.38    190     12  313.0  339.3  314.6
  700.0   3138   10.0    5.6     74   8.21    180     12  313.5  339.4  315.1
  687.0   3292    9.0    5.2     77   8.11    165     12  314.1  339.7  315.6
  638.0   3902    5.0    3.4     89   7.72    195     10  316.3  340.9  317.8
  619.0   4151    3.4    2.7     95   7.57    191      8  317.2  341.4  318.6
  615.0   4204    3.1    2.5     95   7.49    190      8  317.4  341.5  318.9
  572.0   4790    0.0   -0.1     99   6.69    190      8  320.4  342.2  321.7
  571.0   4804   -0.0   -0.2     99   6.64    190      8  320.5  342.2  321.8
  546.0   5163   -1.1   -3.1     86   5.61    164      8  323.4  342.0  324.5
  513.0   5658   -5.3   -5.8     96   4.86    128      8  324.1  340.4  325.1
  510.0   5704   -5.3   -6.0     95   4.81    125      8  324.7  340.8  325.6
  500.0   5860   -5.3   -6.8     89   4.62    125     10  326.5  342.2  327.4
  491.0   6002   -5.7   -8.3     82   4.19    119     11  327.7  342.0  328.6
  472.0   6306   -7.5  -10.1     81   3.78    105     14  329.2  342.3  330.0
  454.0   6605   -9.2  -11.9     81   3.41    105     14  330.7  342.6  331.4
  437.0   6899  -10.9  -13.6     80   3.07     90     14  332.2  343.0  332.8
  420.0   7205  -12.7  -15.5     80   2.75    115     12  333.7  343.5  334.2
  404.0   7503  -14.4  -17.2     79   2.46    115     12  335.2  344.1  335.7
  400.0   7580  -14.9  -17.7     79   2.39    110     12  335.5  344.2  336.0
  382.0   7928  -16.7  -22.7     60   1.63     87     15  337.6  343.7  337.9
  373.0   8103  -18.0  -23.8     60   1.51     75     17  338.2  343.9  338.6
  314.0   9372  -27.1  -31.8     64   0.85     92     16  342.6  345.9  342.8
  304.0   9605  -28.7  -35.7     51   0.60     95     16  343.6  346.0  343.7
  300.0   9700  -29.3  -37.3     46   0.52     90     16  344.0  346.1  344.1
  272.0  10390  -35.3  -41.3     54   0.38     82     19  345.0  346.6  345.1
  251.0  10943  -40.1  -46.1     53   0.24     75     21  345.9  347.0  346.0
  250.0  10970  -40.3                          75     21  346.0         346.0
  200.0  12450  -52.9                          65     27  348.8         348.8
  169.0  13498  -61.6                          50     41  351.6         351.6
  161.0  13800  -64.1                          45     41  352.3         352.3
  150.0  14240  -67.7                          50     37  353.3         353.3
  107.0  16185  -82.1                         110     23  361.9         361.9
  102.0  16461  -84.1                         131     21  362.9         362.9
  101.0  16515  -84.3                         135     21  363.6         363.6
  100.0  16570  -84.5                         130     21  364.2         364.2
   96.0  16795  -85.4                         120     23  366.7         366.7
   94.7  16871  -85.7                         115     21  367.6         367.6
   87.3  17318  -85.5                          79     22  376.6         376.6
   85.8  17415  -81.3                          71     22  387.0         387.0
   84.8  17482  -74.7                          66     22  401.6         401.6
   81.0  17752  -73.8                          45     23  408.8         408.8
   74.0  18283  -72.0                          95     27  423.2         423.2
   70.0  18610  -70.9                         100     25  432.4         432.4
   68.6  18730  -71.1                         107     28  434.4         434.4
   67.0  18869  -71.2                         115     31  437.1         437.1
   60.3  19493  -71.7                          77     27  449.4         449.4
   60.0  19523  -71.1                          75     27  451.4         451.4
   57.8  19747  -66.5                          86     31  466.6         466.6
   57.0  19831  -66.3                          90     33  469.0         469.0
   54.0  20161  -65.5                          75     29  478.2         478.2
   52.0  20391  -64.9                         355      8  484.7         484.7
   50.0  20630  -64.3                         315     10  491.5         491.5
   49.0  20753  -64.5                         295     10  494.0         494.0
   47.6  20929  -64.7                         292     13  497.5         497.5
   47.0  21007  -63.4                         290     14  502.5         502.5
   45.9  21152  -60.9                         276     20  511.9         511.9
   45.0  21276  -60.4                         265     25  516.1         516.1
   41.2  21826  -57.9                         259     27  535.4         535.4
   39.0  22168  -58.4                         255     29  542.6         542.6
   34.0  23025  -59.7                         250     23  561.0         561.0
   32.4  23326  -60.1                         270     28  567.6         567.6
   32.0  23404  -59.3                         275     29  571.9         571.9
   30.0  23810  -54.9                         265     35  594.4         594.4
   29.5  23918  -53.1                         260     36  602.2         602.2
   29.0  24029  -52.9                         255     37  605.6         605.6
   27.0  24492  -52.2                         275     37  620.1         620.1
   24.0  25257  -51.0                         260     37  644.9         644.9
   22.0  25821  -50.1                         270     47  663.8         663.8
   21.0  26123  -49.6                         265     47  674.1         674.1
   20.0  26440  -49.1                         260     41  685.1         685.1
   17.0  27516  -48.1                         260     31  721.0         721.0
   15.0  28344  -47.2                         260     29  749.9         749.9
   14.0  28801  -46.8                         270     23  766.4         766.4
   13.0  29291  -46.3                         295     29  784.4         784.4
   11.0  30397  -45.3                         260     37  826.7         826.7
   10.4  30768  -44.9                         266     36  841.3         841.3
   10.0  31030  -45.1                         270     35  850.1         850.1
    9.0  31736  -43.8                         305     21  881.1         881.1
    8.8  31886  -43.5                         295     21  887.9         887.9
    8.1  32452  -36.5                         260     23  936.9         936.9
    8.0  32539  -36.1                         255     23  941.8         941.8
    7.2  33274  -32.7                                     984.5         984.5
</PRE><H3>Station information and sounding indices</H3><PRE>
                         Station identifier: WIII
                             Station number: 96749
                           Observation time: 130609/0000
                           Station latitude: -6.11
                          Station longitude: 106.65
                          Station elevation: 8.0
                            Showalter index: 2.06
                               Lifted index: -1.62
    LIFT computed using virtual temperature: -1.83
                                SWEAT index: 177.21
                                    K index: 33.10
                         Cross totals index: 16.90
                      Vertical totals index: 25.90
                        Totals totals index: 42.80
      Convective Available Potential Energy: 263.98
             CAPE using virtual temperature: 318.20
                      Convective Inhibition: -206.63
             CINS using virtual temperature: -155.86
                           Equilibrum Level: 237.60
 Equilibrum Level using virtual temperature: 238.34
                   Level of Free Convection: 699.52
             LFCT using virtual temperature: 722.61
                     Bulk Richardson Number: 47.37
          Bulk Richardson Number using CAPV: 57.11
  Temp [K] of the Lifted Condensation Level: 292.71
Pres [hPa] of the Lifted Condensation Level: 907.70
   Equivalent potential temp [K] of the LCL: 348.24
     Mean mixed layer potential temperature: 300.94
              Mean mixed layer mixing ratio: 16.13
              1000 hPa to 500 hPa thickness: 5794.00
Precipitable water [mm] for entire sounding: 54.96
</PRE>
<P>Description of the 
<A HREF="/upperair/columns.html">data columns</A>
or <A HREF="/upperair/indices.html">sounding indices</A>.

<P>
<FORM>
<INPUT CLASS="button" TYPE="button" VALUE=" Close this window " 
 onClick="window.close();">
<INPUT CLASS="button" TYPE="button" VALUE=" Select another map " 
 onClick="window.blur();">
</FORM>
<HR SIZE="1">
<I>Interested in graduate studies in atmospheric science?
Check out our program at the
<a href="http://www.uwyo.edu/atsc/howtoapply/"
target=_top>University of Wyoming
</a></I>
<HR SIZE="1"><FONT SIZE="-1">
Questions about the weather data provided by this site can be
addressed to <A HREF="mailto:ldoolman@uwyo.edu">
Larry Oolman (ldoolman@uwyo.edu)</A></FONT>
<HR SIZE="1">
<SCRIPT TYPE="text/javascript">
<!--
window.focus();
// -->
</SCRIPT>
</BODY>
</HTML>
