2015-06-10 12
<HTML>
<TITLE>University of Wyoming - Radiosonde Data</TITLE>
<BODY BGCOLOR="white">
<H2>96749 WIII Jakarta Observations at 00Z 10 Jun 2015</H2>
<PRE>
-----------------------------------------------------------------------------
   PRES   HGHT   TEMP   DWPT   RELH   MIXR   DRCT   SKNT   THTA   THTE   THTV
    hPa     m      C      C      %    g/kg    deg   knot     K      K      K 
-----------------------------------------------------------------------------
 1010.0      8   24.2   24.0     99  19.02    170      2  296.5  351.6  299.9
 1000.0     93   25.4   22.1     82  17.07    150      4  298.6  348.4  301.6
  977.0    298   25.2   20.7     76  16.00     95      8  300.3  347.5  303.2
  944.0    600   23.2   20.3     84  16.18    100     10  301.3  349.1  304.2
  925.0    778   22.0   20.1     89  16.29     85     14  301.8  350.0  304.7
  912.0    901   21.5   19.2     87  15.59     75     16  302.5  348.8  305.3
  854.0   1471   19.0   14.9     77  12.63     89     10  305.6  343.7  307.9
  851.0   1501   19.0   14.8     76  12.55     90     10  305.9  343.8  308.2
  850.0   1511   19.0   14.7     76  12.52     90     10  306.0  343.9  308.3
  822.0   1795   17.5   13.1     75  11.65     70     14  307.4  342.9  309.6
  794.0   2089   16.0   11.4     74  10.80     80     14  308.8  341.9  310.8
  739.0   2698   12.8    8.0     73   9.19     95     14  311.8  340.4  313.5
  700.0   3158   10.4    5.4     71   8.10     70     12  314.0  339.5  315.5
  617.0   4197    4.4    1.4     81   6.92     20      4  318.6  341.0  320.0
  609.0   4304    3.8    1.0     82   6.80     34      5  319.1  341.1  320.4
  594.0   4506    2.6   -0.0     83   6.48     60      8  320.0  341.1  321.2
  564.0   4924    0.0   -2.1     86   5.85     55      7  321.7  341.0  322.9
  531.0   5403   -2.5   -4.7     85   5.10     50      6  324.3  341.3  325.3
  512.0   5692   -4.1   -6.3     84   4.68    120      6  325.8  341.6  326.7
  502.0   5849   -4.9   -7.2     84   4.46    120      4  326.6  341.8  327.5
  500.0   5880   -5.1   -7.2     85   4.48    120      4  326.8  342.0  327.6
  492.0   6005   -6.0   -7.8     86   4.33    125      4  327.2  342.0  328.1
  474.0   6295   -7.9   -9.3     90   4.00     85      6  328.3  342.0  329.1
  456.0   6596  -10.0  -10.9     93   3.68     70      6  329.4  342.1  330.1
  438.0   6909  -12.1  -12.5     97   3.36     96      6  330.5  342.2  331.2
  422.0   7192  -13.4  -15.5     84   2.72    120      6  332.3  342.0  332.9
  405.0   7505  -14.9  -18.9     71   2.14     95     10  334.4  342.1  334.8
  400.0   7600  -15.3  -19.9     68   1.98    100     10  335.0  342.2  335.4
  383.0   7928  -16.9  -22.9     60   1.59    119      9  337.1  343.0  337.4
  374.0   8107  -18.7  -21.1     81   1.91    130      8  337.0  344.1  337.4
  372.0   8147  -18.7  -25.7     54   1.28    128      8  337.5  342.3  337.8
  351.0   8579  -21.3  -31.3     40   0.80    104     10  339.7  342.8  339.8
  335.0   8922  -24.5  -27.7     75   1.18     85     12  339.9  344.4  340.1
  331.0   9009  -25.1  -28.8     71   1.07     80     12  340.2  344.4  340.4
  302.0   9672  -29.5  -37.5     46   0.51     57     10  343.0  345.1  343.1
  300.0   9720  -29.7  -37.7     46   0.50     55     10  343.4  345.4  343.5
  292.0   9908  -31.3  -39.1     46   0.44     55      8  343.8  345.6  343.9
  257.0  10798  -38.7  -45.9     47   0.25     95      4  345.6  346.7  345.7
  251.0  10963  -40.1  -47.1     47   0.22     86      6  345.9  346.9  346.0
  250.0  10990  -40.3                          85      6  346.0         346.0
  235.0  11400  -43.7                          55      8  347.0         347.0
  225.0  11689  -46.1                          60     10  347.6         347.6
  215.0  11990  -48.7                         100      8  348.2         348.2
  200.0  12470  -52.7                          75      8  349.1         349.1
  196.0  12596  -53.7                          75      8  349.6         349.6
  170.0  13481  -60.7                           5      8  352.4         352.4
  162.0  13781  -63.1                           5      6  353.3         353.3
  154.0  14096  -65.6                         135      8  354.2         354.2
  150.0  14260  -66.9                         150     14  354.6         354.6
  146.0  14418  -68.0                         160     17  355.4         355.4
  139.0  14704  -70.1                         150     12  356.9         356.9
  126.0  15277  -74.1                          80      8  359.7         359.7
  119.0  15610  -76.5                          75     10  361.3         361.3
  113.0  15912  -78.7                          35     12  362.6         362.6
  107.0  16230  -80.9                          40      6  364.1         364.1
  106.0  16284  -81.3                          69      6  364.3         364.3
  102.0  16499  -82.8                         190      4  365.5         365.5
  100.0  16610  -83.5                         195      4  366.2         366.2
   96.0  16834  -84.4                         205      4  368.7         368.7
   91.0  17127  -85.6                          20      2  372.1         372.1
   87.2  17360  -86.5                         115      4  374.8         374.8
   86.0  17436  -85.9                         125      6  377.4         377.4
   82.7  17650  -84.3                         129     16  384.9         384.9
   80.2  17821  -78.7                         132     24  399.9         399.9
   78.0  17979  -78.9                         135     31  402.7         402.7
   70.0  18590  -79.5                          90     35  414.0         414.0
   69.8  18606  -79.5                          90     35  414.3         414.3
   68.2  18740  -73.5                          91     36  430.0         430.0
   60.0  19495  -70.4                          95     43  452.9         452.9
   59.2  19574  -70.1                          93     43  455.4         455.4
   56.9  19812  -65.5                          87     41  471.0         471.0
   54.0  20131  -65.2                          80     39  478.8         478.8
   50.0  20600  -64.7                          95     47  490.6         490.6
   47.0  20982  -63.5                          95     51  502.1         502.1
   39.0  22135  -60.0                          95     31  538.6         538.6
   38.8  22167  -59.9                          96     30  539.6         539.6
   35.0  22818  -56.3                         125     16  565.1         565.1
   33.6  23076  -54.9                          94     19  575.4         575.4
   33.0  23191  -55.0                          80     21  578.2         578.2
   32.0  23388  -55.2                          65     14  582.8         582.8
   30.0  23800  -55.5                         340      4  592.7         592.7
   29.0  24016  -55.1                         215     10  599.7         599.7
   28.6  24105  -54.9                         229     12  602.5         602.5
   28.0  24240  -54.8                         250     14  606.6         606.6
   26.0  24715  -54.2                         175     10  621.1         621.1
   25.0  24966  -54.0                         235      8  628.8         628.8
   24.0  25228  -53.7                         240     17  637.0         637.0
   23.0  25501  -53.4                         195      8  645.7         645.7
   22.7  25585  -53.3                         229      9  648.4         648.4
   22.0  25788  -49.6                         310     12  665.1         665.1
   21.9  25818  -49.1                         310     13  667.6         667.6
   21.0  26091  -49.8                         305     21  673.4         673.4
   20.0  26410  -50.7                         270     27  680.2         680.2
   16.8  27548  -49.7                         264     29  718.2         718.2
   15.0  28300  -48.4                         260     31  746.3         746.3
   13.0  29249  -46.6                         285     35  783.4         783.4
   11.0  30358  -44.6                         255     54  828.9         828.9
   10.0  30990  -43.5                         260     51  856.0         856.0
    9.0  31712  -41.5                         270     39  889.9         889.9
    7.0  33434  -36.7                         235     31  975.9         975.9
    6.3  34155  -34.7                                    1014.3        1014.3
</PRE><H3>Station information and sounding indices</H3><PRE>
                         Station identifier: WIII
                             Station number: 96749
                           Observation time: 150610/0000
                           Station latitude: -6.11
                          Station longitude: 106.65
                          Station elevation: 8.0
                            Showalter index: 0.24
                               Lifted index: -1.41
    LIFT computed using virtual temperature: -1.64
                                SWEAT index: 200.41
                                    K index: 33.80
                         Cross totals index: 19.80
                      Vertical totals index: 24.10
                        Totals totals index: 43.90
      Convective Available Potential Energy: 296.32
             CAPE using virtual temperature: 353.34
                      Convective Inhibition: -120.50
             CINS using virtual temperature: -86.30
                           Equilibrum Level: 240.29
 Equilibrum Level using virtual temperature: 240.42
                   Level of Free Convection: 668.17
             LFCT using virtual temperature: 710.91
                     Bulk Richardson Number: 93.74
          Bulk Richardson Number using CAPV: 111.78
  Temp [K] of the Lifted Condensation Level: 293.66
Pres [hPa] of the Lifted Condensation Level: 932.44
   Equivalent potential temp [K] of the LCL: 348.22
     Mean mixed layer potential temperature: 299.60
              Mean mixed layer mixing ratio: 16.61
              1000 hPa to 500 hPa thickness: 5787.00
Precipitable water [mm] for entire sounding: 58.96
</PRE>
<P>Description of the 
<A HREF="/upperair/columns.html">data columns</A>
or <A HREF="/upperair/indices.html">sounding indices</A>.

<P>
<FORM>
<INPUT CLASS="button" TYPE="button" VALUE=" Close this window " 
 onClick="window.close();">
<INPUT CLASS="button" TYPE="button" VALUE=" Select another map " 
 onClick="window.blur();">
</FORM>
<HR SIZE="1">
<I>Interested in graduate studies in atmospheric science?
Check out our program at the
<a href="http://www.uwyo.edu/atsc/howtoapply/"
target=_top>University of Wyoming
</a></I>
<HR SIZE="1"><FONT SIZE="-1">
Questions about the weather data provided by this site can be
addressed to <A HREF="mailto:ldoolman@uwyo.edu">
Larry Oolman (ldoolman@uwyo.edu)</A></FONT>
<HR SIZE="1">
<SCRIPT TYPE="text/javascript">
<!--
window.focus();
// -->
</SCRIPT>
</BODY>
</HTML>
