2014-03-11 00
<HTML>
<TITLE>University of Wyoming - Radiosonde Data</TITLE>
<BODY BGCOLOR="white">
<H2>96749 WIII Jakarta Observations at 00Z 11 Mar 2014</H2>
<PRE>
-----------------------------------------------------------------------------
   PRES   HGHT   TEMP   DWPT   RELH   MIXR   DRCT   SKNT   THTA   THTE   THTV
    hPa     m      C      C      %    g/kg    deg   knot     K      K      K 
-----------------------------------------------------------------------------
 1011.0      8   24.8   23.9     95  18.88     55      3  297.0  351.8  300.4
 1000.0    103   24.8   23.6     93  18.74     55      2  297.9  352.6  301.3
  978.0    298   23.7   22.8     94  18.18     50      2  298.8  351.9  302.0
  932.0    721   21.4   20.9     97  17.01    341      7  300.5  350.6  303.6
  925.0    787   21.0   20.5     97  16.71    330      8  300.8  350.0  303.8
  913.0    899   20.3   19.8     97  16.19    305     10  301.2  349.0  304.1
  882.0   1197   18.4   17.9     97  14.87    320     10  302.2  346.3  304.9
  852.0   1495   16.5   16.0     97  13.63    295      8  303.2  343.9  305.7
  850.0   1515   16.4   15.9     97  13.55    295      8  303.3  343.7  305.8
  794.0   2091   13.9   13.1     95  12.09    325      6  306.6  343.2  308.8
  766.0   2394   12.5   11.7     94  11.37      5      8  308.3  343.0  310.4
  716.0   2964   10.0    8.9     93  10.09    358     11  311.5  342.8  313.4
  700.0   3152    9.4    7.7     89   9.51    355     12  312.9  342.6  314.6
  663.0   3596    6.8    4.2     84   7.89      0     12  314.8  339.8  316.3
  616.0   4197    3.3   -0.4     77   6.06     45     12  317.5  337.1  318.6
  575.0   4760    0.0   -4.8     70   4.68     22      8  319.9  335.4  320.9
  572.0   4802   -0.2   -4.8     71   4.72     20      8  320.2  335.8  321.1
  545.0   5189   -1.9   -4.4     83   5.09     16     13  322.6  339.5  323.6
  530.0   5411   -3.3   -7.8     71   4.03     14     15  323.5  337.1  324.3
  520.0   5561   -3.9  -21.9     23   1.28     13     17  324.6  329.2  324.8
  512.0   5684   -4.7  -21.7     25   1.32     12     19  325.0  329.8  325.3
  500.0   5870   -6.1   -9.8     75   3.65     10     21  325.5  338.0  326.3
  487.0   6075   -6.3  -29.3     14   0.70      8     20  327.8  330.4  327.9
  473.0   6301   -7.7  -28.2     18   0.80      5     19  328.7  331.7  328.9
  454.0   6618   -9.7  -26.7     24   0.95    357     15  330.1  333.7  330.3
  437.0   6910  -11.7  -21.0     46   1.64    350     12  331.2  337.2  331.6
  427.0   7087  -12.9  -17.6     68   2.26    316     11  331.9  340.0  332.3
  421.0   7194  -13.6  -18.1     69   2.19    295     10  332.3  340.2  332.8
  404.0   7505  -15.6  -19.7     71   1.99    350     16  333.7  340.9  334.1
  400.0   7580  -16.1  -20.1     71   1.95    345     17  334.0  341.1  334.4
  373.0   8095  -19.8  -23.8     70   1.52    325     16  335.9  341.5  336.2
  344.0   8691  -24.0  -28.0     70   1.12    335     14  338.0  342.2  338.2
  316.0   9316  -28.4  -32.4     68   0.80    305     12  340.1  343.2  340.3
  312.0   9410  -29.1  -33.1     68   0.76    306     13  340.4  343.4  340.6
  300.0   9690  -31.5  -35.8     66   0.60    310     16  340.9  343.3  341.0
  291.0   9901  -33.2  -37.4     66   0.53    320     14  341.4  343.6  341.5
  267.0  10498  -38.0  -42.0     66   0.36    345     12  343.0  344.4  343.0
  257.0  10763  -40.1  -44.0     66   0.30    333      9  343.6  344.9  343.6
  250.0  10950  -41.5                         325      6  344.2         344.2
  244.0  11110  -42.9                         320      6  344.6         344.6
  234.0  11386  -45.2                         335      4  345.1         345.1
  223.0  11703  -48.0                         300      4  345.8         345.8
  204.0  12290  -53.0                          55      8  346.7         346.7
  200.0  12420  -54.1                          50      8  346.9         346.9
  194.0  12608  -55.7                          40     10  347.4         347.4
  186.0  12869  -57.9                          60      8  348.1         348.1
  168.0  13499  -63.2                          35     16  349.5         349.5
  153.0  14077  -68.1                          50     23  350.6         350.6
  150.0  14200  -69.1                          50     25  350.9         350.9
  131.0  14994  -74.7                          50     47  354.7         354.7
  123.0  15363  -77.3                          44     23  356.4         356.4
  118.0  15599  -78.1                          40      8  359.3         359.3
  112.0  15896  -79.0                          85      4  362.9         362.9
  101.0  16484  -80.9                         235     10  370.1         370.1
  100.0  16540  -81.3                         235     10  370.4         370.4
   96.4  16745  -82.5                         240     10  372.0         372.0
   91.0  17068  -81.7                         270      8  379.7         379.7
   86.0  17385  -80.9                          15      8  387.5         387.5
   81.0  17721  -80.1                          70     19  395.9         395.9
   78.9  17868  -79.7                          49     17  399.7         399.7
   72.9  18323  -73.3                         347     13  422.3         422.3
   70.0  18560  -72.7                         315     10  428.5         428.5
   57.0  19781  -70.4                         215     31  459.7         459.7
   50.0  20560  -68.9                         230     17  480.7         480.7
   49.0  20682  -68.5                         230     17  484.5         484.5
   46.0  21062  -67.2                         205     10  496.4         496.4
   44.0  21329  -66.3                         230      6  505.0         505.0
   42.8  21495  -65.7                         263     10  510.4         510.4
   42.0  21609  -65.7                         285     12  513.1         513.1
   38.0  22216  -66.0                         255     19  527.4         527.4
   36.0  22543  -66.1                         265     17  535.4         535.4
   35.4  22645  -66.1                         232     12  537.8         537.8
   35.0  22714  -64.8                         210      8  542.9         542.9
   34.1  22873  -61.9                         241     12  554.6         554.6
   33.0  23077  -61.1                         280     17  562.0         562.0
   30.0  23670  -58.7                         255     19  584.0         584.0
   29.0  23884  -58.5                         260     17  590.4         590.4
   25.0  24821  -57.4                           0     12  619.1         619.1
   20.0  26230  -55.7                         335     10  664.9         664.9
   19.0  26560  -54.7                          15      4  677.8         677.8
   18.0  26907  -53.7                          75     16  691.6         691.6
   16.9  27312  -52.5                          94     28  708.0         708.0
   16.0  27670  -48.2                         110     39  733.2         733.2
   15.9  27711  -47.7                         109     39  736.1         736.1
   14.4  28365  -48.9                         100     47  753.2         753.2
   13.0  29048  -47.0                          90     54  782.1         782.1
   10.0  30800  -42.1                          90     70  861.3         861.3
    9.4  31220  -41.4                          90     78  879.3         879.3
    9.0  31514  -40.9                                     892.2         892.2
</PRE><H3>Station information and sounding indices</H3><PRE>
                         Station identifier: WIII
                             Station number: 96749
                           Observation time: 140311/0000
                           Station latitude: -6.11
                          Station longitude: 106.65
                          Station elevation: 8.0
                            Showalter index: -0.70
                               Lifted index: -3.71
    LIFT computed using virtual temperature: -4.18
                                SWEAT index: 227.80
                                    K index: 36.70
                         Cross totals index: 22.00
                      Vertical totals index: 22.50
                        Totals totals index: 44.50
      Convective Available Potential Energy: 1468.26
             CAPE using virtual temperature: 1611.65
                      Convective Inhibition: -1.66
             CINS using virtual temperature: -1.11
                           Equilibrum Level: 145.09
 Equilibrum Level using virtual temperature: 144.84
                   Level of Free Convection: 928.47
             LFCT using virtual temperature: 933.11
                     Bulk Richardson Number: 259.67
          Bulk Richardson Number using CAPV: 285.03
  Temp [K] of the Lifted Condensation Level: 295.83
Pres [hPa] of the Lifted Condensation Level: 968.82
   Equivalent potential temp [K] of the LCL: 351.93
     Mean mixed layer potential temperature: 298.54
              Mean mixed layer mixing ratio: 18.29
              1000 hPa to 500 hPa thickness: 5767.00
Precipitable water [mm] for entire sounding: 59.77
</PRE>
<P>Description of the 
<A HREF="/upperair/columns.html">data columns</A>
or <A HREF="/upperair/indices.html">sounding indices</A>.

<P>
<FORM>
<INPUT CLASS="button" TYPE="button" VALUE=" Close this window " 
 onClick="window.close();">
<INPUT CLASS="button" TYPE="button" VALUE=" Select another map " 
 onClick="window.blur();">
</FORM>
<HR SIZE="1">
<I>Interested in graduate studies in atmospheric science?
Check out our program at the
<a href="http://www.uwyo.edu/atsc/howtoapply/"
target=_top>University of Wyoming
</a></I>
<HR SIZE="1"><FONT SIZE="-1">
Questions about the weather data provided by this site can be
addressed to <A HREF="mailto:ldoolman@uwyo.edu">
Larry Oolman (ldoolman@uwyo.edu)</A></FONT>
<HR SIZE="1">
<SCRIPT TYPE="text/javascript">
<!--
window.focus();
// -->
</SCRIPT>
</BODY>
</HTML>
