2014-01-03 12
<HTML>
<TITLE>University of Wyoming - Radiosonde Data</TITLE>
<BODY BGCOLOR="white">
<H2>96749 WIII Jakarta Observations at 00Z 03 Jan 2014</H2>
<PRE>
-----------------------------------------------------------------------------
   PRES   HGHT   TEMP   DWPT   RELH   MIXR   DRCT   SKNT   THTA   THTE   THTV
    hPa     m      C      C      %    g/kg    deg   knot     K      K      K 
-----------------------------------------------------------------------------
 1009.0      8   24.2   23.0     93  17.89    150      2  296.6  348.4  299.8
 1000.0     90   25.4   22.9     86  17.94    190      4  298.6  351.0  301.8
  977.0    295   24.6   21.1     81  16.39    290      6  299.8  347.9  302.7
  925.0    776   22.8   16.8     69  13.18    250      8  302.6  341.9  305.0
  914.0    880   22.8   15.8     65  12.50    246     10  303.6  341.1  305.9
  912.0    899   22.6   15.7     65  12.48    245     10  303.7  341.0  305.9
  851.0   1497   17.5   13.7     79  11.74    230     10  304.4  339.6  306.5
  850.0   1507   17.4   13.7     79  11.72    230     10  304.4  339.6  306.5
  809.0   1929   15.2   12.2     82  11.15    237      9  306.4  340.2  308.4
  793.0   2097   14.6   10.2     75   9.98    240      8  307.5  338.0  309.3
  765.0   2400   13.6    6.7     63   8.13    220      8  309.5  334.7  311.0
  720.0   2912   11.8    0.8     47   5.66    234      9  313.0  331.1  314.1
  701.0   3135   10.4    1.4     54   6.08    240     10  313.8  333.2  315.0
  700.0   3147   10.2    1.2     54   6.00    240     10  313.8  332.9  314.9
  639.0   3892    5.3   -1.4     62   5.43    250     10  316.5  334.1  317.6
  616.0   4191    3.4   -2.5     65   5.21    245     12  317.6  334.6  318.6
  593.0   4502    1.4   -3.6     70   4.98    240     10  318.7  335.1  319.7
  578.0   4711    0.0   -4.3     73   4.84    215      7  319.5  335.4  320.4
  573.0   4781    0.0   -9.0     51   3.40    207      6  320.3  331.7  320.9
  572.0   4795   -0.0  -11.0     43   2.90    205      6  320.4  330.2  320.9
  569.0   4837   -0.1  -17.1     27   1.77    192      6  320.8  327.0  321.1
  551.0   5093   -2.1   -7.3     68   4.04    115      8  321.3  334.8  322.1
  548.0   5137   -2.5   -5.6     79   4.62    116      8  321.4  336.8  322.3
  530.0   5400   -3.7   -6.6     80   4.42    120      6  323.1  337.9  323.9
  510.0   5704   -5.0   -7.8     81   4.19     70      6  325.0  339.2  325.9
  500.0   5860   -5.7   -8.4     81   4.08     70      4  326.0  339.9  326.8
  473.0   6292   -8.3  -11.2     80   3.47     70      8  328.1  340.0  328.7
  445.0   6767  -11.1  -14.2     78   2.88    101     10  330.3  340.4  330.8
  437.0   6906  -12.0  -15.1     78   2.72    110     10  330.9  340.5  331.4
  421.0   7190  -13.8  -17.0     77   2.42    110      8  332.1  340.7  332.6
  404.0   7504  -15.8  -19.0     76   2.12    145     10  333.4  341.1  333.8
  400.0   7580  -16.3  -19.5     76   2.05    150      8  333.7  341.2  334.1
  388.0   7803  -17.9  -21.5     73   1.77    160      6  334.6  341.1  334.9
  373.0   8092  -19.9  -24.2     69   1.46     35      4  335.7  341.1  336.0
  330.0   8990  -26.2  -32.4     56   0.77     30     12  339.0  342.0  339.1
  317.0   9284  -28.3  -35.0     52   0.62     60     14  340.0  342.4  340.1
  312.0   9401  -29.1  -36.1     51   0.56     62     13  340.4  342.7  340.5
  310.0   9447  -29.3  -33.5     67   0.73     63     13  340.8  343.6  340.9
  304.0   9586  -30.2  -36.7     53   0.54     65     12  341.3  343.5  341.4
  300.0   9680  -30.9  -38.9     45   0.44     55     14  341.7  343.5  341.8
  298.0   9728  -31.3  -40.3     41   0.38     52     14  341.8  343.4  341.9
  291.0   9894  -32.7  -40.9     44   0.37     40     16  342.2  343.7  342.2
  257.0  10761  -39.9  -44.0     65   0.30     64     16  343.9  345.1  343.9
  256.0  10788  -40.1                          65     16  343.9         343.9
  250.0  10950  -41.5                          65     16  344.2         344.2
  224.0  11673  -47.8                          50      8  345.5         345.5
  200.0  12420  -54.3                          65      6  346.6         346.6
  177.0  13172  -60.9                          95     17  348.1         348.1
  153.0  14068  -68.8                          70     19  349.4         349.4
  150.0  14190  -69.9                          65     21  349.5         349.5
  138.0  14673  -73.8                          50     33  351.1         351.1
  117.0  15628  -81.5                          65     52  353.8         353.8
  112.0  15875  -79.1                          60     54  362.7         362.7
  110.0  15979  -75.7                          55     46  371.0         371.0
  106.0  16193  -75.5                          45     29  375.2         375.2
  105.0  16248  -75.5                          47     26  376.3         376.3
  101.0  16472  -76.3                          55     12  379.0         379.0
  100.0  16530  -76.5                          60     12  379.7         379.7
   96.0  16762  -78.0                         115      8  381.2         381.2
   91.0  17066  -80.0                         140     16  383.1         383.1
   87.9  17263  -81.3                         125     19  384.3         384.3
   81.0  17729  -79.3                          90     25  397.5         397.5
   77.0  18017  -78.0                          40     14  405.9         405.9
   70.0  18560  -75.7                          65      8  422.1         422.1
   66.4  18867  -74.1                          52     10  432.0         432.0
   66.0  18902  -73.8                          50     10  433.4         433.4
   60.9  19376  -70.1                         321     12  451.7         451.7
   60.0  19466  -69.8                         305     12  454.2         454.2
   57.0  19774  -69.0                         250     10  462.9         462.9
   54.0  20098  -68.0                         260     12  472.3         472.3
   51.0  20441  -67.0                         220     16  482.4         482.4
   50.0  20560  -66.7                         220     12  485.9         485.9
   49.0  20683  -66.4                         220      8  489.4         489.4
   47.0  20938  -65.8                         275     12  496.8         496.8
   44.0  21341  -64.8                         250     10  508.6         508.6
   40.0  21924  -63.4                         255     16  526.3         526.3
   37.3  22351  -62.3                         289     18  539.6         539.6
   35.0  22745  -61.8                         320     19  550.8         550.8
   32.0  23301  -61.1                         250     19  566.9         566.9
   30.0  23700  -62.7                         250     17  573.1         573.1
   29.0  23909  -63.0                         230     21  578.0         578.0
   27.0  24349  -63.5                         185     16  588.5         588.5
   26.9  24372  -63.5                         184     16  589.0         589.0
   26.0  24581  -63.4                         170     12  595.0         595.0
   25.0  24822  -63.3                         190      6  602.0         602.0
   24.7  24897  -63.3                         174      6  604.1         604.1
   24.0  25078  -61.8                         135      6  613.6         613.6
   22.0  25626  -57.1                         100      4  642.8         642.8
   21.0  25919  -54.6                         250      4  658.9         658.9
   20.4  26102  -53.1                         191      6  669.1         669.1
   20.0  26230  -52.7                         150      8  674.1         674.1
   19.0  26562  -52.6                          60     14  684.4         684.4
   18.0  26911  -52.5                          40     17  695.4         695.4
   16.0  27673  -52.2                          60     31  720.0         720.0
   15.0  28090  -52.1                         100     31  733.9         733.9
   14.0  28536  -52.0                          85     35  749.0         749.0
   13.7  28676  -51.9                                     753.8         753.8
</PRE><H3>Station information and sounding indices</H3><PRE>
                         Station identifier: WIII
                             Station number: 96749
                           Observation time: 140103/0000
                           Station latitude: -6.11
                          Station longitude: 106.65
                          Station elevation: 8.0
                            Showalter index: 1.37
                               Lifted index: -1.95
    LIFT computed using virtual temperature: -2.24
                                SWEAT index: 188.41
                                    K index: 27.80
                         Cross totals index: 19.40
                      Vertical totals index: 23.10
                        Totals totals index: 42.50
      Convective Available Potential Energy: 603.51
             CAPE using virtual temperature: 717.43
                      Convective Inhibition: -65.01
             CINS using virtual temperature: -46.47
                           Equilibrum Level: 182.49
 Equilibrum Level using virtual temperature: 182.11
                   Level of Free Convection: 824.54
             LFCT using virtual temperature: 856.32
                     Bulk Richardson Number: 324.34
          Bulk Richardson Number using CAPV: 385.56
  Temp [K] of the Lifted Condensation Level: 293.73
Pres [hPa] of the Lifted Condensation Level: 935.18
   Equivalent potential temp [K] of the LCL: 348.06
     Mean mixed layer potential temperature: 299.42
              Mean mixed layer mixing ratio: 16.65
              1000 hPa to 500 hPa thickness: 5770.00
Precipitable water [mm] for entire sounding: 50.56
</PRE>
<P>Description of the 
<A HREF="/upperair/columns.html">data columns</A>
or <A HREF="/upperair/indices.html">sounding indices</A>.

<P>
<FORM>
<INPUT CLASS="button" TYPE="button" VALUE=" Close this window " 
 onClick="window.close();">
<INPUT CLASS="button" TYPE="button" VALUE=" Select another map " 
 onClick="window.blur();">
</FORM>
<HR SIZE="1">
<I>Interested in graduate studies in atmospheric science?
Check out our program at the
<a href="http://www.uwyo.edu/atsc/howtoapply/"
target=_top>University of Wyoming
</a></I>
<HR SIZE="1"><FONT SIZE="-1">
Questions about the weather data provided by this site can be
addressed to <A HREF="mailto:ldoolman@uwyo.edu">
Larry Oolman (ldoolman@uwyo.edu)</A></FONT>
<HR SIZE="1">
<SCRIPT TYPE="text/javascript">
<!--
window.focus();
// -->
</SCRIPT>
</BODY>
</HTML>
