2015-06-04 00
<HTML>
<TITLE>University of Wyoming - Radiosonde Data</TITLE>
<BODY BGCOLOR="white">
<H2>96749 WIII Jakarta Observations at 00Z 04 Jun 2015</H2>
<PRE>
-----------------------------------------------------------------------------
   PRES   HGHT   TEMP   DWPT   RELH   MIXR   DRCT   SKNT   THTA   THTE   THTV
    hPa     m      C      C      %    g/kg    deg   knot     K      K      K 
-----------------------------------------------------------------------------
 1008.0      8   24.8   23.8     94  18.82      0      0  297.3  352.0  300.6
 1006.0     26   27.0   25.8     93  21.34     24      1  299.6  362.4  303.4
 1000.0     82   27.0   25.4     91  20.95     95      4  300.1  361.9  303.9
  976.0    298   25.9   24.3     91  20.03     95     17  301.1  360.4  304.7
  962.0    426   25.2   23.6     91  19.50     95     18  301.7  359.5  305.2
  925.0    771   23.2   20.3     84  16.50     95     21  303.0  352.1  306.0
  912.0    895   22.7   19.2     80  15.59     95     21  303.8  350.3  306.6
  903.0    981   22.4   18.4     78  14.98     94     21  304.3  349.1  307.0
  850.0   1506   18.8   17.1     90  14.65     90     21  305.8  350.0  308.5
  816.0   1856   17.0   13.5     80  12.06     84     18  307.5  344.2  309.7
  793.0   2099   15.8   12.0     78  11.26     80     16  308.8  343.2  310.9
  726.0   2847   12.2    7.5     73   9.04     92     16  312.7  341.0  314.4
  713.0   2998   11.6    5.8     67   8.16     95     16  313.6  339.4  315.2
  700.0   3152   11.0    4.0     62   7.33    105     14  314.6  337.9  316.0
  659.0   3654    7.6   -3.4     46   4.54    112     14  316.3  331.1  317.1
  640.0   3895    6.4   -4.6     45   4.27    115     14  317.6  331.6  318.4
  625.0   4089    5.2   -5.8     45   3.99    112     13  318.4  331.6  319.1
  617.0   4194    4.6   -7.7     40   3.48    110     12  318.9  330.5  319.5
  573.0   4794    1.2  -18.8     21   1.52     98     14  321.7  327.0  322.0
  559.0   4993    0.0  -17.0     27   1.82     94     14  322.5  328.9  322.9
  500.0   5880   -4.5  -24.5     19   1.06     75     17  327.5  331.4  327.7
  495.0   5959   -4.7  -23.7     21   1.15     75     16  328.2  332.4  328.4
  493.0   5990   -4.9  -23.4     22   1.18     75     16  328.3  332.7  328.6
  474.0   6295   -6.8  -20.8     32   1.55     80     10  329.7  335.3  330.0
  456.0   6596   -8.6  -18.2     46   2.01     55      8  331.0  338.3  331.4
  446.0   6768   -9.7  -16.7     57   2.33     84      6  331.8  340.2  332.3
  439.0   6890  -10.2  -17.7     54   2.18    105      4  332.7  340.6  333.1
  422.0   7192  -11.4  -20.1     49   1.84    110      2  334.9  341.7  335.3
  418.0   7265  -11.7  -20.7     47   1.77    106      2  335.4  342.0  335.8
  400.0   7600  -13.9  -23.9     43   1.40     90      2  336.8  342.1  337.1
  390.0   7788  -15.3  -25.4     42   1.25    145      4  337.4  342.1  337.7
  375.0   8078  -17.5  -27.8     40   1.04    180      8  338.3  342.3  338.5
  346.0   8675  -22.0  -32.6     38   0.71    140      8  340.1  342.9  340.2
  318.0   9300  -26.8  -37.7     35   0.47     75      4  341.8  343.7  341.9
  315.0   9370  -27.3  -38.3     34   0.45     71      4  342.0  343.8  342.1
  300.0   9720  -30.5  -39.5     41   0.41     50      2  342.3  344.0  342.4
  281.0  10178  -34.3  -43.3     40   0.30     30      4  343.3  344.6  343.4
  262.0  10669  -38.3  -47.3     38   0.21    284      4  344.3  345.2  344.4
  257.0  10801  -39.3  -48.8     36   0.18    255      4  344.8  345.5  344.8
  253.0  10909  -40.1  -50.1     33   0.15    249      6  345.1  345.8  345.2
  250.0  10990  -40.7                         245      8  345.4         345.4
  235.0  11398  -44.2                         235     17  346.2         346.2
  200.0  12460  -53.5                         245     14  347.9         347.9
  178.0  13185  -59.3                         240     12  350.1         350.1
  170.0  13471  -61.6                         260     14  350.9         350.9
  154.0  14086  -66.6                         240     19  352.5         352.5
  150.0  14250  -67.9                         245     17  352.9         352.9
  132.0  14994  -72.9                         270     23  357.1         357.1
  113.0  15898  -79.0                         250     29  361.9         361.9
  110.0  16055  -80.1                         250     31  362.7         362.7
  104.0  16370  -81.3                         250     35  366.3         366.3
  102.0  16479  -81.3                         250     37  368.3         368.3
  100.0  16590  -81.3                         250     33  370.4         370.4
   91.0  17116  -83.8                         270     14  375.6         375.6
   88.6  17265  -84.5                         255      8  377.0         377.0
   87.0  17366  -83.8                         230      2  380.3         380.3
   82.9  17635  -82.1                           5     13  389.2         389.2
   82.0  17697  -79.6                          35     16  395.5         395.5
   81.6  17724  -78.5                          37     16  398.3         398.3
   78.0  17979  -79.8                          55     14  400.9         400.9
   74.0  18277  -81.2                          50     16  403.8         403.8
   71.2  18495  -82.3                          71     21  406.0         406.0
   70.0  18590  -80.9                          80     23  411.0         411.0
   65.2  18998  -73.3                          97     30  436.0         436.0
   63.0  19201  -72.6                         105     33  441.8         441.8
   50.0  20570  -68.1                          80     47  482.6         482.6
   47.0  20945  -66.8                          75     45  494.4         494.4
   42.0  21627  -64.4                         100     51  516.5         516.5
   41.5  21700  -64.1                          99     49  518.9         518.9
   35.0  22768  -53.9                          80     23  571.4         571.4
   33.0  23146  -53.3                         120     21  582.6         582.6
   32.0  23344  -53.0                         135     16  588.6         588.6
   31.1  23528  -52.7                         139     13  594.2         594.2
   30.0  23760  -53.5                         145     10  598.2         598.2
   29.0  23977  -54.4                         245      4  601.5         601.5
   27.0  24434  -56.3                         297     13  608.6         608.6
   26.0  24677  -55.4                         325     17  617.6         617.6
   24.0  25194  -53.6                         240     19  637.2         637.2
   23.0  25468  -52.7                         230     14  647.8         647.8
   22.0  25755  -51.7                         265     14  659.1         659.1
   20.0  26370  -49.5                         275     25  683.9         683.9
   17.4  27286  -47.3                         266     34  718.6         718.6
   16.0  27843  -46.6                         260     39  738.3         738.3
   13.2  29121  -45.1                         279     48  785.2         785.2
   13.0  29223  -45.3                         280     49  788.1         788.1
   11.0  30333  -47.2                         265     62  819.6         819.6
   10.9  30393  -47.3                         265     62  821.4         821.4
   10.3  30771  -43.3                         268     65  849.6         849.6
   10.0  30970  -42.7                         270     66  859.0         859.0
    9.7  31177  -42.4                         265     72  867.9         867.9
    8.0  32484  -40.1                                     925.9         925.9
</PRE><H3>Station information and sounding indices</H3><PRE>
                         Station identifier: WIII
                             Station number: 96749
                           Observation time: 150604/0000
                           Station latitude: -6.11
                          Station longitude: 106.65
                          Station elevation: 8.0
                            Showalter index: -1.42
                               Lifted index: -4.84
    LIFT computed using virtual temperature: -5.98
                                SWEAT index: 264.19
                                    K index: 33.40
                         Cross totals index: 21.60
                      Vertical totals index: 23.30
                        Totals totals index: 44.90
      Convective Available Potential Energy: 2758.31
             CAPE using virtual temperature: 3038.06
                      Convective Inhibition: -8.66
             CINS using virtual temperature: -2.31
                           Equilibrum Level: 119.38
 Equilibrum Level using virtual temperature: 119.10
                   Level of Free Convection: 889.61
             LFCT using virtual temperature: 930.23
                     Bulk Richardson Number: 1650.25
          Bulk Richardson Number using CAPV: 1817.61
  Temp [K] of the Lifted Condensation Level: 297.19
Pres [hPa] of the Lifted Condensation Level: 958.09
   Equivalent potential temp [K] of the LCL: 360.28
     Mean mixed layer potential temperature: 300.86
              Mean mixed layer mixing ratio: 20.14
              1000 hPa to 500 hPa thickness: 5798.00
Precipitable water [mm] for entire sounding: 53.55
</PRE>
<P>Description of the 
<A HREF="/upperair/columns.html">data columns</A>
or <A HREF="/upperair/indices.html">sounding indices</A>.

<P>
<FORM>
<INPUT CLASS="button" TYPE="button" VALUE=" Close this window " 
 onClick="window.close();">
<INPUT CLASS="button" TYPE="button" VALUE=" Select another map " 
 onClick="window.blur();">
</FORM>
<HR SIZE="1">
<I>Interested in graduate studies in atmospheric science?
Check out our program at the
<a href="http://www.uwyo.edu/atsc/howtoapply/"
target=_top>University of Wyoming
</a></I>
<HR SIZE="1"><FONT SIZE="-1">
Questions about the weather data provided by this site can be
addressed to <A HREF="mailto:ldoolman@uwyo.edu">
Larry Oolman (ldoolman@uwyo.edu)</A></FONT>
<HR SIZE="1">
<SCRIPT TYPE="text/javascript">
<!--
window.focus();
// -->
</SCRIPT>
</BODY>
</HTML>
