2015-08-20 12
<HTML>
<TITLE>University of Wyoming - Radiosonde Data</TITLE>
<BODY BGCOLOR="white">
<H2>96749 WIII Jakarta Observations at 00Z 20 Aug 2015</H2>
<PRE>
-----------------------------------------------------------------------------
   PRES   HGHT   TEMP   DWPT   RELH   MIXR   DRCT   SKNT   THTA   THTE   THTV
    hPa     m      C      C      %    g/kg    deg   knot     K      K      K 
-----------------------------------------------------------------------------
 1011.0      8   24.8   22.9     89  17.74    170      2  297.0  348.5  300.2
 1000.0    107   25.6   22.9     85  17.94    145      4  298.8  351.2  301.9
  992.0    178   25.6   22.5     83  17.64    125      5  299.4  351.2  302.6
  978.0    303   24.8   22.0     85  17.32     90      8  299.8  350.7  302.9
  945.0    604   22.7   20.7     89  16.55    110      4  300.7  349.4  303.6
  925.0    792   21.4   19.9     91  16.09    110      2  301.2  348.7  304.1
  913.0    905   20.8   19.2     91  15.60      0      0  301.6  347.8  304.5
  882.0   1203   19.0   17.4     90  14.35    325      2  302.9  345.6  305.5
  852.0   1502   17.3   15.5     89  13.19    315      2  304.1  343.6  306.5
  850.0   1522   17.2   15.4     89  13.11    305      2  304.1  343.4  306.5
  826.0   1767   15.6   14.3     92  12.56    185      2  305.0  342.7  307.3
  823.0   1798   15.6   13.2     86  11.74    170      2  305.3  340.7  307.5
  794.0   2103   16.1    2.7     41   5.88    150      6  308.9  327.3  310.0
  772.0   2342   16.4   -5.6     22   3.28    162      8  311.8  322.5  312.4
  767.0   2397   16.1   -6.7     20   3.02    165      8  312.1  322.0  312.6
  740.0   2699   14.7  -12.9     14   1.92    130     14  313.7  320.2  314.0
  700.0   3167   12.4  -22.6      7   0.89    120     23  316.2  319.4  316.4
  627.0   4078    6.2  -28.8      6   0.57    111     25  319.2  321.3  319.3
  618.0   4195    5.5  -27.4      7   0.66    110     25  319.7  322.1  319.8
  579.0   4725    2.2  -20.8     16   1.27    108     25  321.9  326.4  322.1
  555.0   5065    0.0  -24.0     14   1.00    107     25  323.2  326.8  323.4
  512.0   5703   -5.0  -27.5     15   0.79    105     25  324.6  327.6  324.8
  500.0   5890   -6.5  -28.5     16   0.73    100     25  325.1  327.8  325.2
  473.0   6321   -9.1  -34.1     11   0.45    102     25  327.0  328.8  327.1
  421.0   7213  -13.6  -40.6      8   0.26    105     25  332.3  333.4  332.4
  420.0   7232  -13.7  -40.7      8   0.26    105     25  332.4  333.5  332.5
  400.0   7600  -16.5  -44.5      7   0.18    115     27  333.5  334.2  333.5
  389.0   7809  -18.0  -45.6      7   0.17    115     29  334.2  334.9  334.2
  374.0   8103  -20.1  -47.1      7   0.15    105     29  335.1  335.8  335.2
  359.0   8402  -22.0  -48.8      7   0.13     95     29  336.6  337.1  336.6
  331.0   8993  -25.6  -52.1      7   0.09     95     25  339.5  339.9  339.5
  300.0   9710  -30.1  -56.1      6   0.06     85     25  342.8  343.1  342.9
  294.0   9853  -31.3  -55.3      8   0.07     85     24  343.1  343.4  343.1
  256.0  10809  -39.9  -52.2     26   0.12     85     19  344.3  344.9  344.4
  255.0  10836  -40.1  -52.1     27   0.12     86     19  344.4  344.9  344.4
  250.0  10970  -41.3                          90     17  344.5         344.5
  224.0  11698  -47.6                          85     17  345.9         345.9
  200.0  12450  -54.1                          60     25  346.9         346.9
  195.0  12610  -55.5                          55     25  347.3         347.3
  179.0  13150  -60.1                          52     41  348.3         348.3
  169.0  13506  -61.2                          50     51  352.3         352.3
  161.0  13806  -62.1                          65     51  355.7         355.7
  159.0  13884  -62.3                          68     49  356.6         356.6
  150.0  14240  -65.1                          80     39  357.7         357.7
  139.0  14689  -68.7                          90     31  359.3         359.3
  114.0  15856  -78.1                          75     29  362.8         362.8
  113.0  15907  -77.9                          75     29  364.1         364.1
  102.0  16496  -75.0                          80      2  380.3         380.3
  100.0  16610  -74.5                         115      4  383.5         383.5
   97.0  16786  -75.1                         185      8  385.7         385.7
   92.0  17092  -76.2                         245      8  389.5         389.5
   87.0  17415  -77.3                         265      8  393.5         393.5
   83.0  17686  -78.2                         125      4  397.0         397.0
   82.6  17714  -78.3                         130      4  397.3         397.3
   75.0  18275  -73.6                          45     17  418.4         418.4
   72.8  18448  -72.1                          45     13  425.0         425.0
   71.0  18596  -72.1                          45     10  428.1         428.1
   70.0  18680  -72.1                          55     10  429.8         429.8
   67.0  18937  -72.0                          85      8  435.4         435.4
   64.0  19207  -71.9                          78     12  441.4         441.4
   61.0  19495  -65.7                          70     16  461.3         461.3
   59.8  19615  -63.1                          40     12  469.7         469.7
   58.0  19803  -62.7                         355      6  474.8         474.8
   55.0  20131  -61.9                         260     19  483.9         483.9
   50.0  20720  -60.5                         225     27  500.5         500.5
   48.0  20975  -60.4                         215     21  506.5         506.5
   46.0  21240  -60.4                         235     12  512.9         512.9
   43.0  21661  -60.2                         255     23  523.2         523.2
   38.0  22432  -60.0                         245     27  542.6         542.6
   36.1  22752  -59.9                         266     20  550.9         550.9
   34.4  23056  -55.7                         285     14  569.5         569.5
   34.0  23131  -55.6                         290     12  571.7         571.7
   33.0  23321  -55.3                         300     19  577.3         577.3
   30.0  23930  -54.5                         280     21  595.5         595.5
   25.0  25097  -53.6                         290     19  629.7         629.7
   22.2  25857  -53.1                         304     26  653.1         653.1
   22.0  25915  -52.9                         305     27  655.3         655.3
   20.0  26530  -51.1                         285     33  679.0         679.0
   18.0  27215  -51.0                         275     27  700.1         700.1
   17.0  27587  -50.9                         290     23  711.9         711.9
   16.7  27703  -50.9                                     715.5         715.5
</PRE><H3>Station information and sounding indices</H3><PRE>
                         Station identifier: WIII
                             Station number: 96749
                           Observation time: 150820/0000
                           Station latitude: -6.11
                          Station longitude: 106.65
                          Station elevation: 8.0
                            Showalter index: -0.98
                               Lifted index: -3.59
    LIFT computed using virtual temperature: -4.49
                                SWEAT index: 213.80
                                    K index: 4.10
                         Cross totals index: 21.90
                      Vertical totals index: 23.70
                        Totals totals index: 45.60
      Convective Available Potential Energy: 890.90
             CAPE using virtual temperature: 1092.45
                      Convective Inhibition: -13.92
             CINS using virtual temperature: -10.34
                           Equilibrum Level: 174.36
 Equilibrum Level using virtual temperature: 174.32
                   Level of Free Convection: 882.35
             LFCT using virtual temperature: 897.33
                     Bulk Richardson Number: 118.67
          Bulk Richardson Number using CAPV: 145.52
  Temp [K] of the Lifted Condensation Level: 294.67
Pres [hPa] of the Lifted Condensation Level: 946.01
   Equivalent potential temp [K] of the LCL: 350.41
     Mean mixed layer potential temperature: 299.39
              Mean mixed layer mixing ratio: 17.43
              1000 hPa to 500 hPa thickness: 5783.00
Precipitable water [mm] for entire sounding: 37.00
</PRE>
<P>Description of the 
<A HREF="/upperair/columns.html">data columns</A>
or <A HREF="/upperair/indices.html">sounding indices</A>.

<P>
<FORM>
<INPUT CLASS="button" TYPE="button" VALUE=" Close this window " 
 onClick="window.close();">
<INPUT CLASS="button" TYPE="button" VALUE=" Select another map " 
 onClick="window.blur();">
</FORM>
<HR SIZE="1">
<I>Interested in graduate studies in atmospheric science?
Check out our program at the
<a href="http://www.uwyo.edu/atsc/howtoapply/"
target=_top>University of Wyoming
</a></I>
<HR SIZE="1"><FONT SIZE="-1">
Questions about the weather data provided by this site can be
addressed to <A HREF="mailto:ldoolman@uwyo.edu">
Larry Oolman (ldoolman@uwyo.edu)</A></FONT>
<HR SIZE="1">
<SCRIPT TYPE="text/javascript">
<!--
window.focus();
// -->
</SCRIPT>
</BODY>
</HTML>
