2015-10-05 00
<HTML>
<TITLE>University of Wyoming - Radiosonde Data</TITLE>
<BODY BGCOLOR="white">
<H2>96749 WIII Jakarta Observations at 00Z 05 Oct 2015</H2>
<PRE>
-----------------------------------------------------------------------------
   PRES   HGHT   TEMP   DWPT   RELH   MIXR   DRCT   SKNT   THTA   THTE   THTV
    hPa     m      C      C      %    g/kg    deg   knot     K      K      K 
-----------------------------------------------------------------------------
 1013.0      8   26.0   23.1     84  17.93    180      4  298.1  350.3  301.2
 1000.0    127   25.6   21.9     80  16.85    155      6  298.8  348.0  301.8
  981.0    295   24.4   21.3     83  16.54    115     10  299.1  347.6  302.1
  925.0    810   20.6   19.4     93  15.58     85     16  300.4  346.2  303.2
  915.0    904   20.0   18.9     93  15.26     85     17  300.7  345.7  303.4
  905.0    999   19.4   18.4     94  14.95     86     17  301.0  345.1  303.7
  891.0   1134   19.6   13.6     68  11.10     87     16  302.6  335.7  304.6
  850.0   1539   17.4   12.4     72  10.75     90     14  304.4  336.7  306.3
  826.0   1784   16.8    8.8     59   8.68     99     11  306.2  332.7  307.8
  795.0   2105   14.5    7.5     63   8.24    110      6  307.1  332.4  308.6
  767.0   2407   12.3    6.3     67   7.85     75      2  307.9  332.1  309.4
  741.0   2697   10.2    5.1     70   7.48    295      2  308.7  331.9  310.1
  726.0   2869    9.0    4.4     73   7.27    299      4  309.2  331.8  310.5
  710.0   3053    8.4   -0.6     53   5.19    303      7  310.5  326.9  311.5
  706.0   3100    8.6   -7.4     31   3.12    304      7  311.2  321.4  311.8
  700.0   3170    8.2   -6.8     34   3.30    305      8  311.5  322.3  312.2
  689.0   3300    7.2   -5.0     42   3.84    305     10  311.8  324.2  312.5
  673.0   3493    5.6   -2.4     56   4.79    319     12  312.1  327.5  313.1
  670.0   3530    5.4   -1.6     61   5.11    322     12  312.3  328.6  313.3
  658.0   3678    7.0  -15.0     19   1.82    333     14  315.7  322.0  316.1
  640.0   3906    6.5  -19.1     14   1.33    350     16  317.7  322.4  318.0
  617.0   4206    5.9  -24.5      9   0.86    355     16  320.3  323.4  320.5
  614.0   4245    5.8  -25.2      9   0.81    355     16  320.7  323.6  320.8
  575.0   4778    1.2   -6.8     55   4.02      2     16  321.3  334.8  322.1
  559.0   5005    0.0  -13.0     37   2.53      5     17  322.5  331.2  323.0
  532.0   5399   -2.5  -12.5     46   2.78     10     17  324.2  333.7  324.7
  515.0   5657   -4.1  -12.1     54   2.95     10     17  325.2  335.4  325.8
  500.0   5890   -4.7  -17.7     35   1.91     10     17  327.2  334.1  327.6
  478.0   6243   -6.1  -21.1     29   1.49     17     19  329.8  335.2  330.1
  474.0   6309   -5.1  -33.1      9   0.50     19     19  331.8  333.7  331.9
  456.0   6608   -7.2  -33.1     11   0.52     25     21  332.9  334.9  333.0
  439.0   6902   -9.2  -33.1     12   0.54     30     12  334.0  336.1  334.1
  406.0   7505  -13.3  -33.1     17   0.58    175      6  336.2  338.5  336.3
  400.0   7620  -14.1  -33.1     18   0.59    165      6  336.6  338.9  336.7
  390.0   7811  -15.9  -34.9     18   0.51    145      7  336.7  338.7  336.8
  375.0   8100  -18.1  -37.3     17   0.42    115      8  337.6  339.2  337.6
  320.0   9269  -26.9  -46.9     13   0.18     87     12  341.0  341.8  341.0
  300.0   9730  -31.3  -48.3     17   0.16     75     14  341.1  341.8  341.2
  280.0  10208  -35.2  -51.8     17   0.12     70     16  342.3  342.8  342.3
  257.0  10803  -40.1  -56.1     16   0.07     66     21  343.6  343.9  343.6
  250.0  10990  -41.7                          65     23  343.9         343.9
  200.0  12470  -53.5                          50     23  347.9         347.9
  196.0  12596  -54.4                          50     25  348.4         348.4
  178.0  13195  -58.9                          40     39  350.8         350.8
  150.0  14260  -66.9                          85     21  354.6         354.6
  146.0  14419  -68.1                          90     19  355.3         355.3
  132.0  15010  -72.6                         165     19  357.7         357.7
  119.0  15618  -77.2                         155     21  360.0         360.0
  116.0  15767  -78.3                         130     14  360.6         360.6
  113.0  15918  -76.3                         100     10  367.1         367.1
  111.0  16021  -74.9                         152      9  371.5         371.5
  107.0  16231  -76.2                         260      8  373.0         373.0
  100.0  16620  -78.5                         195     14  375.8         375.8
   92.3  17074  -80.7                         130      8  380.2         380.2
   92.0  17092  -80.7                         120      8  380.5         380.5
   87.0  17407  -80.5                          55     12  387.0         387.0
   85.6  17498  -80.5                          60     19  388.9         388.9
   83.0  17677  -77.3                          70     31  398.9         398.9
   76.9  18120  -69.3                          78     14  424.2         424.2
   75.0  18269  -69.4                          80      8  427.0         427.0
   71.4  18562  -69.7                          58     10  432.5         432.5
   71.0  18595  -69.2                          55     10  434.1         434.1
   70.0  18680  -68.1                          40      8  438.4         438.4
   68.0  18856  -66.5                         345      2  445.4         445.4
   65.0  19129  -64.1                         271      8  456.5         456.5
   64.0  19223  -64.4                         245     10  457.8         457.8
   58.0  19821  -66.5                         215      4  466.2         466.2
   56.3  20002  -67.1                         225      5  468.8         468.8
   53.0  20367  -66.4                         245      6  478.6         478.6
   50.1  20708  -65.7                         308      8  488.0         488.0
   50.0  20720  -65.3                         310      8  489.2         489.2
   49.3  20806  -62.9                         310     10  496.8         496.8
   48.0  20973  -62.6                         310     14  501.3         501.3
   43.0  21658  -61.5                         260     14  520.1         520.1
   31.0  23696  -58.0                         220     14  580.4         580.4
   30.0  23900  -57.7                         230     17  586.8         586.8
   29.0  24116  -57.1                         235     19  594.2         594.2
   28.0  24340  -56.4                         220     19  602.0         602.0
   23.0  25595  -52.8                         275     23  647.5         647.5
   22.9  25623  -52.7                         275     24  648.5         648.5
   20.0  26500  -50.7                         270     45  680.2         680.2
   19.0  26834  -50.8                         265     47  689.9         689.9
   16.0  27951  -51.2                         235     25  723.2         723.2
   15.7  28074  -51.3                                     727.0         727.0
</PRE><H3>Station information and sounding indices</H3><PRE>
                         Station identifier: WIII
                             Station number: 96749
                           Observation time: 151005/0000
                           Station latitude: -6.11
                          Station longitude: 106.65
                          Station elevation: 8.0
                            Showalter index: 3.58
                               Lifted index: -0.87
    LIFT computed using virtual temperature: -1.50
                                SWEAT index: 193.81
                                    K index: 19.50
                         Cross totals index: 17.10
                      Vertical totals index: 22.10
                        Totals totals index: 39.20
      Convective Available Potential Energy: 334.09
             CAPE using virtual temperature: 500.25
                      Convective Inhibition: -26.04
             CINS using virtual temperature: -7.03
                           Equilibrum Level: 210.09
 Equilibrum Level using virtual temperature: 210.04
                   Level of Free Convection: 800.53
             LFCT using virtual temperature: 910.37
                     Bulk Richardson Number: 25.84
          Bulk Richardson Number using CAPV: 38.69
  Temp [K] of the Lifted Condensation Level: 293.92
Pres [hPa] of the Lifted Condensation Level: 941.77
   Equivalent potential temp [K] of the LCL: 347.83
     Mean mixed layer potential temperature: 299.02
              Mean mixed layer mixing ratio: 16.71
              1000 hPa to 500 hPa thickness: 5763.00
Precipitable water [mm] for entire sounding: 42.70
</PRE>
<P>Description of the 
<A HREF="/upperair/columns.html">data columns</A>
or <A HREF="/upperair/indices.html">sounding indices</A>.

<P>
<FORM>
<INPUT CLASS="button" TYPE="button" VALUE=" Close this window " 
 onClick="window.close();">
<INPUT CLASS="button" TYPE="button" VALUE=" Select another map " 
 onClick="window.blur();">
</FORM>
<HR SIZE="1">
<I>Interested in graduate studies in atmospheric science?
Check out our program at the
<a href="http://www.uwyo.edu/atsc/howtoapply/"
target=_top>University of Wyoming
</a></I>
<HR SIZE="1"><FONT SIZE="-1">
Questions about the weather data provided by this site can be
addressed to <A HREF="mailto:ldoolman@uwyo.edu">
Larry Oolman (ldoolman@uwyo.edu)</A></FONT>
<HR SIZE="1">
<SCRIPT TYPE="text/javascript">
<!--
window.focus();
// -->
</SCRIPT>
</BODY>
</HTML>
