2015-11-02 12
<HTML>
<TITLE>University of Wyoming - Radiosonde Data</TITLE>
<BODY BGCOLOR="white">
<H2>96749 WIII Jakarta Observations at 00Z 02 Nov 2015</H2>
<PRE>
-----------------------------------------------------------------------------
   PRES   HGHT   TEMP   DWPT   RELH   MIXR   DRCT   SKNT   THTA   THTE   THTV
    hPa     m      C      C      %    g/kg    deg   knot     K      K      K 
-----------------------------------------------------------------------------
 1010.0      8   24.4   23.0     92  17.87      0      0  296.7  348.5  299.9
 1008.0     25   26.4   23.3     83  18.25     19      0  298.9  352.3  302.1
 1000.0     93   26.2   22.9     82  17.94     95      2  299.4  352.0  302.6
  977.0    298   25.1   21.5     80  16.83     95      6  300.3  349.8  303.3
  945.0    592   23.6   19.5     78  15.34    101      7  301.6  347.0  304.4
  925.0    779   23.2   14.2     57  11.12    105      8  303.0  336.3  305.1
  921.0    817   23.0   14.0     57  11.02    107      8  303.2  336.2  305.2
  912.0    902   22.4   14.4     60  11.45    110      8  303.5  337.8  305.6
  873.0   1282   20.0   16.3     79  13.53    113      8  304.8  345.4  307.2
  851.0   1503   20.0   13.0     64  11.18    115      8  307.0  341.0  309.0
  850.0   1513   20.0   13.0     64  11.19    115      8  307.1  341.1  309.1
  794.0   2095   16.5    5.9     50   7.41    125      8  309.4  332.4  310.7
  757.0   2502   14.0    1.0     41   5.46     88     11  310.9  328.2  311.9
  739.0   2704   12.9   -6.3     26   3.24     70     12  311.9  322.4  312.5
  734.0   2761   12.6   -8.4     22   2.78     72     12  312.1  321.3  312.7
  715.0   2980   11.2  -10.8     20   2.36     79     10  312.9  320.8  313.4
  700.0   3157   10.0    0.0     50   5.50     85      8  313.5  331.1  314.6
  696.0   3205    9.6    0.6     53   5.78     86      7  313.6  332.0  314.7
  685.0   3337   10.2   -7.8     27   3.12     89      6  315.7  326.1  316.3
  663.0   3607    8.5   -8.2     30   3.12     95      2  316.7  327.1  317.3
  652.0   3746    7.6   -8.4     31   3.13    113      5  317.2  327.7  317.8
  641.0   3886    6.6   -3.4     49   4.67    132      7  317.6  332.9  318.6
  639.0   3911    6.8   -8.8     32   3.09    135      8  318.1  328.5  318.7
  636.0   3950    7.0  -17.0     16   1.60    127      7  318.8  324.4  319.1
  616.0   4209    5.2  -17.7     17   1.56     75      4  319.7  325.2  320.0
  594.0   4505    3.2  -18.4     19   1.51     80      2  320.7  326.0  321.0
  572.0   4811    1.1  -19.2     20   1.47    110      4  321.7  326.9  322.0
  567.0   4882    0.6  -19.4     21   1.46    109      5  321.9  327.1  322.2
  562.0   4953    0.0  -12.0     40   2.73    107      5  322.0  331.4  322.6
  543.0   5228   -2.5   -7.2     70   4.12    102      7  322.2  336.1  323.0
  537.0   5316   -2.9   -7.9     68   3.95    101      8  322.8  336.1  323.6
  533.0   5375   -2.1  -24.1     17   1.03    100      8  324.4  328.2  324.6
  500.0   5880   -5.3  -28.3     15   0.75     90     12  326.5  329.3  326.7
  473.0   6311   -7.8  -32.4     12   0.54     80     10  328.7  330.7  328.8
  451.0   6682   -9.9  -35.9     10   0.40     80     20  330.5  332.1  330.6
  442.0   6837   -9.3  -31.3     15   0.64     80     24  333.2  335.6  333.3
  405.0   7505  -14.2  -38.8     10   0.33     80     43  335.2  336.6  335.3
  400.0   7600  -14.9  -39.9     10   0.30     75     41  335.5  336.8  335.6
  302.0   9672  -29.1  -55.1      6   0.07     90     20  343.6  343.9  343.6
  300.0   9720  -29.5  -55.5      6   0.07     90     19  343.7  344.0  343.7
  292.0   9907  -31.3  -56.4      7   0.06     95     19  343.8  344.1  343.9
  257.0  10792  -39.6  -60.8      9   0.04    105     19  344.3  344.5  344.4
  255.0  10846  -40.1  -61.1      9   0.04    104     19  344.4  344.5  344.4
  250.0  10980  -41.1                         100     19  344.8         344.8
  205.0  12296  -52.3                         105     19  347.3         347.3
  200.0  12460  -53.7                          95     19  347.6         347.6
  161.0  13810  -64.3                          35     16  352.0         352.0
  150.0  14250  -67.7                          40     14  353.3         353.3
  146.0  14410  -68.7                          50     12  354.3         354.3
  139.0  14702  -70.4                          70     17  356.2         356.2
  132.0  15008  -72.3                          60     17  358.2         358.2
  125.0  15323  -73.5                          80      4  361.6         361.6
  119.0  15607  -74.6                         135      6  364.7         364.7
  113.0  15906  -75.8                         120     10  367.9         367.9
  107.0  16222  -77.0                          35     10  371.4         371.4
  103.0  16442  -77.9                          31      7  373.8         373.8
  102.0  16498  -78.4                          30      6  373.9         373.9
  100.0  16610  -79.3                         355      4  374.3         374.3
   92.0  17078  -81.9                         175      4  378.2         378.2
   87.8  17339  -83.3                         110      6  380.4         380.4
   82.0  17721  -81.1                          10     10  392.4         392.4
   80.4  17832  -80.5                         309      8  395.9         395.9
   78.2  17990  -73.9                         223      4  412.7         412.7
   78.0  18005  -73.8                         215      4  413.1         413.1
   74.0  18314  -72.5                         185     14  422.1         422.1
   70.4  18606  -71.3                         243      9  430.8         430.8
   70.0  18640  -70.5                         250      8  433.2         433.2
   67.0  18903  -69.4                         235     10  441.1         441.1
   64.0  19177  -68.2                         295      4  449.5         449.5
   59.8  19584  -66.5                         319     11  462.1         462.1
   58.0  19769  -66.3                         330     14  466.6         466.6
   50.0  20670  -65.3                         290     12  489.2         489.2
   49.6  20719  -64.9                         289     13  491.2         491.2
   46.4  21130  -60.7                         283     18  510.8         510.8
   45.0  21320  -60.7                         280     21  515.4         515.4
   37.0  22539  -60.4                         260     27  545.7         545.7
   34.8  22920  -60.3                         224     26  555.6         555.6
   34.0  23066  -60.0                         210     25  560.2         560.2
   32.0  23445  -59.0                         200     16  572.5         572.5
   31.7  23503  -58.9                                     574.4         574.4
</PRE><H3>Station information and sounding indices</H3><PRE>
                         Station identifier: WIII
                             Station number: 96749
                           Observation time: 151102/0000
                           Station latitude: -6.11
                          Station longitude: 106.65
                          Station elevation: 8.0
                            Showalter index: 1.13
                               Lifted index: -2.27
    LIFT computed using virtual temperature: -3.16
                                SWEAT index: 184.01
                                    K index: 28.30
                         Cross totals index: 18.30
                      Vertical totals index: 25.30
                        Totals totals index: 43.60
      Convective Available Potential Energy: 564.01
             CAPE using virtual temperature: 775.68
                      Convective Inhibition: -119.04
             CINS using virtual temperature: -62.70
                           Equilibrum Level: 181.05
 Equilibrum Level using virtual temperature: 180.15
                   Level of Free Convection: 719.17
             LFCT using virtual temperature: 786.57
                     Bulk Richardson Number: 714.64
          Bulk Richardson Number using CAPV: 982.83
  Temp [K] of the Lifted Condensation Level: 294.09
Pres [hPa] of the Lifted Condensation Level: 932.67
   Equivalent potential temp [K] of the LCL: 350.06
     Mean mixed layer potential temperature: 300.02
              Mean mixed layer mixing ratio: 17.06
              1000 hPa to 500 hPa thickness: 5787.00
Precipitable water [mm] for entire sounding: 38.60
</PRE>
<P>Description of the 
<A HREF="/upperair/columns.html">data columns</A>
or <A HREF="/upperair/indices.html">sounding indices</A>.

<P>
<FORM>
<INPUT CLASS="button" TYPE="button" VALUE=" Close this window " 
 onClick="window.close();">
<INPUT CLASS="button" TYPE="button" VALUE=" Select another map " 
 onClick="window.blur();">
</FORM>
<HR SIZE="1">
<I>Interested in graduate studies in atmospheric science?
Check out our program at the
<a href="http://www.uwyo.edu/atsc/howtoapply/"
target=_top>University of Wyoming
</a></I>
<HR SIZE="1"><FONT SIZE="-1">
Questions about the weather data provided by this site can be
addressed to <A HREF="mailto:ldoolman@uwyo.edu">
Larry Oolman (ldoolman@uwyo.edu)</A></FONT>
<HR SIZE="1">
<SCRIPT TYPE="text/javascript">
<!--
window.focus();
// -->
</SCRIPT>
</BODY>
</HTML>
