2013-05-25 12
<HTML>
<TITLE>University of Wyoming - Radiosonde Data</TITLE>
<BODY BGCOLOR="white">
<H2>96749 WIII Jakarta Observations at 00Z 25 May 2013</H2>
<PRE>
-----------------------------------------------------------------------------
   PRES   HGHT   TEMP   DWPT   RELH   MIXR   DRCT   SKNT   THTA   THTE   THTV
    hPa     m      C      C      %    g/kg    deg   knot     K      K      K 
-----------------------------------------------------------------------------
 1008.0      8   25.8   24.9     95  20.15    230      4  298.3  357.1  301.9
 1000.0     84   26.4   23.5     84  18.63    235      4  299.6  354.2  302.9
  976.0    298   25.4   22.2     83  17.59    240      6  300.6  352.4  303.8
  927.0    753   23.2   19.4     79  15.55    250     12  302.8  349.1  305.7
  925.0    772   23.0   19.2     79  15.38    250     12  302.8  348.6  305.6
  912.0    895   22.2   18.8     81  15.16    250     12  303.2  348.4  306.0
  850.0   1505   18.2   16.5     90  14.09    270      8  305.2  347.6  307.8
  793.0   2093   15.0   13.0     88  12.00    290      4  307.9  344.5  310.1
  713.0   2993   10.2    7.6     84   9.28    195      2  312.1  341.0  313.8
  710.0   3029   10.0    7.4     84   9.18    194      2  312.3  340.9  314.0
  700.0   3147   10.2    5.2     71   7.98    190      4  313.8  338.9  315.3
  663.0   3596    7.8    2.2     68   6.81    170      6  315.9  337.7  317.2
  639.0   3901    6.1    0.2     66   6.10    175      8  317.4  337.1  318.6
  637.0   3927    6.0    0.0     65   6.04    172      8  317.5  337.1  318.7
  616.0   4199    4.2   -0.6     71   5.97    145      8  318.5  337.9  319.7
  572.0   4801    0.2   -2.0     85   5.80    150      4  320.6  339.6  321.8
  570.0   4829    0.0   -2.1     86   5.79    149      4  320.7  339.7  321.9
  531.0   5392   -3.0   -6.4     77   4.48    125      6  323.7  338.8  324.6
  511.0   5697   -4.6   -8.8     73   3.88     85      8  325.4  338.5  326.1
  500.0   5870   -5.5  -10.1     70   3.57     80      6  326.3  338.5  327.0
  473.0   6302   -7.7  -13.8     61   2.79     80      4  328.8  338.6  329.4
  455.0   6603   -9.2  -16.4     55   2.34    120      4  330.6  338.9  331.1
  444.0   6794  -10.1  -18.1     52   2.08    123      5  331.7  339.2  332.1
  438.0   6897  -10.7  -18.9     51   1.98    125      6  332.2  339.4  332.6
  405.0   7495  -14.3  -23.2     47   1.47     90      6  335.1  340.5  335.4
  400.0   7590  -14.9  -23.9     46   1.40     70      6  335.5  340.7  335.8
  389.0   7799  -16.5  -25.5     46   1.24     20      4  336.1  340.8  336.4
  374.0   8093  -18.8  -27.8     45   1.05     80      6  336.9  340.9  337.1
  362.0   8337  -20.7  -29.7     44   0.91     72      7  337.5  341.0  337.7
  331.0   8987  -25.4  -34.4     43   0.63     50     10  339.8  342.3  340.0
  304.0   9604  -29.8  -38.8     41   0.44     70     19  341.9  343.7  342.0
  300.0   9700  -30.5  -39.5     41   0.41     70     19  342.3  344.0  342.4
  253.0  10889  -40.1  -53.1     24   0.11     65     21  345.1  345.6  345.2
  250.0  10970  -40.7                          65     21  345.4         345.4
  245.0  11104  -41.8                          60     23  345.7         345.7
  200.0  12450  -53.3                          40     25  348.2         348.2
  186.0  12899  -57.1                          30     25  349.4         349.4
  150.0  14230  -68.3                          10     27  352.2         352.2
  139.0  14677  -71.6                          10     27  354.3         354.3
  121.0  15492  -77.5                          37     31  357.7         357.7
  119.0  15587  -77.9                          40     31  358.6         358.6
  113.0  15881  -79.3                          60     16  361.4         361.4
  108.0  16139  -80.5                         106     11  363.9         363.9
  107.0  16191  -80.9                         115     10  364.1         364.1
  100.0  16570  -83.9                         145      8  365.4         365.4
   96.0  16794  -85.7                         175      4  366.2         366.2
   95.9  16800  -85.7                         180      4  366.3         366.3
   91.0  17091  -82.1                         250     12  378.9         378.9
   88.4  17252  -80.1                         245      9  386.1         386.1
   86.0  17408  -79.7                         240      6  389.9         389.9
   78.0  17962  -78.4                         130     21  403.6         403.6
   72.8  18354  -77.5                         111     21  413.6         413.6
   71.4  18465  -74.7                         105     21  421.9         421.9
   70.0  18580  -74.9                         100     21  423.8         423.8
   64.4  19065  -73.1                         108     31  438.0         438.0
   63.0  19197  -72.3                         110     33  442.5         442.5
   57.0  19796  -68.6                          80     29  463.8         463.8
   52.0  20345  -65.2                          95     19  484.1         484.1
   50.0  20580  -63.7                          85     16  492.9         492.9
   49.3  20667  -63.3                          82     15  495.9         495.9
   49.0  20705  -62.8                          80     14  497.9         497.9
   47.0  20963  -59.7                         315     12  511.4         511.4
   46.9  20976  -59.5                         314     12  512.1         512.1
   41.0  21814  -60.5                         255     19  529.8         529.8
   39.0  22126  -60.8                         275     17  536.5         536.5
   35.5  22712  -61.5                         264     16  549.3         549.3
   33.0  23171  -59.2                         255     16  567.1         567.1
   32.0  23364  -58.2                         215     12  574.8         574.8
   30.0  23770  -56.1                         220     16  591.1         591.1
   26.0  24697  -52.2                         245     17  626.9         626.9
   25.0  24951  -51.1                         270     16  637.0         637.0
   22.0  25779  -47.6                         285     19  671.1         671.1
   20.5  26236  -45.7                         281     34  690.6         690.6
   20.0  26400  -45.9                         280     39  694.9         694.9
   17.0  27473  -48.1                         275     49  720.7         720.7
   16.1  27832  -48.9                         275     45  729.6         729.6
   14.0  28764  -46.5                         275     35  767.2         767.2
   12.0  29793  -44.0                         290     45  811.0         811.0
   11.0  30374  -42.5                         270     51  836.7         836.7
   10.0  31010  -40.9                         280     45  865.7         865.7
    9.3  31505  -39.7                         283     51  888.4         888.4
    9.0  31729  -39.6                         285     54  897.1         897.1
    8.0  32535  -39.4                         265     70  928.7         928.7
    7.5  32977  -39.3                         265     70  946.5         946.5
    7.0  33449  -39.1                         260     49  966.0         966.0
    6.3  34171  -38.9                                     996.4         996.4
</PRE><H3>Station information and sounding indices</H3><PRE>
                         Station identifier: WIII
                             Station number: 96749
                           Observation time: 130525/0000
                           Station latitude: -6.11
                          Station longitude: 106.65
                          Station elevation: 8.0
                            Showalter index: -1.55
                               Lifted index: -3.44
    LIFT computed using virtual temperature: -3.95
                                SWEAT index: 220.01
                                    K index: 35.20
                         Cross totals index: 22.00
                      Vertical totals index: 23.70
                        Totals totals index: 45.70
      Convective Available Potential Energy: 1269.73
             CAPE using virtual temperature: 1414.20
                      Convective Inhibition: -34.80
             CINS using virtual temperature: -25.08
                           Equilibrum Level: 147.26
 Equilibrum Level using virtual temperature: 147.16
                   Level of Free Convection: 853.81
             LFCT using virtual temperature: 866.69
                     Bulk Richardson Number: 1242.13
          Bulk Richardson Number using CAPV: 1383.46
  Temp [K] of the Lifted Condensation Level: 294.93
Pres [hPa] of the Lifted Condensation Level: 938.48
   Equivalent potential temp [K] of the LCL: 352.85
     Mean mixed layer potential temperature: 300.34
              Mean mixed layer mixing ratio: 17.88
              1000 hPa to 500 hPa thickness: 5786.00
Precipitable water [mm] for entire sounding: 58.50
</PRE>
<P>Description of the 
<A HREF="/upperair/columns.html">data columns</A>
or <A HREF="/upperair/indices.html">sounding indices</A>.

<P>
<FORM>
<INPUT CLASS="button" TYPE="button" VALUE=" Close this window " 
 onClick="window.close();">
<INPUT CLASS="button" TYPE="button" VALUE=" Select another map " 
 onClick="window.blur();">
</FORM>
<HR SIZE="1">
<I>Interested in graduate studies in atmospheric science?
Check out our program at the
<a href="http://www.uwyo.edu/atsc/howtoapply/"
target=_top>University of Wyoming
</a></I>
<HR SIZE="1"><FONT SIZE="-1">
Questions about the weather data provided by this site can be
addressed to <A HREF="mailto:ldoolman@uwyo.edu">
Larry Oolman (ldoolman@uwyo.edu)</A></FONT>
<HR SIZE="1">
<SCRIPT TYPE="text/javascript">
<!--
window.focus();
// -->
</SCRIPT>
</BODY>
</HTML>
