2015-09-27 12
<HTML>
<TITLE>University of Wyoming - Radiosonde Data</TITLE>
<BODY BGCOLOR="white">
<H2>96749 WIII Jakarta Observations at 00Z 27 Sep 2015</H2>
<PRE>
-----------------------------------------------------------------------------
   PRES   HGHT   TEMP   DWPT   RELH   MIXR   DRCT   SKNT   THTA   THTE   THTV
    hPa     m      C      C      %    g/kg    deg   knot     K      K      K 
-----------------------------------------------------------------------------
 1010.0      8   24.6   21.1     81  15.86    195      3  296.9  342.9  299.7
 1000.0     96   25.2   20.2     74  15.14    170      4  298.4  342.6  301.1
  984.0    238   25.0   20.0     74  15.20    132      7  299.5  344.1  302.2
  977.0    301   24.6   19.7     74  15.02    115      8  299.7  343.8  302.4
  944.0    601   22.6   18.2     77  14.18     80     14  300.6  342.5  303.2
  925.0    779   21.4   17.4     78  13.70     80     16  301.2  341.7  303.7
  919.0    835   21.0   17.0     78  13.44     80     16  301.3  341.1  303.8
  912.0    901   20.6   16.8     79  13.36     80     17  301.6  341.2  304.0
  881.0   1199   18.9   15.8     82  12.99    100     12  302.9  341.6  305.2
  851.0   1498   17.3   14.8     86  12.62     80     10  304.1  341.9  306.4
  850.0   1508   17.2   14.8     86  12.61     85     10  304.1  341.9  306.4
  822.0   1791   15.8   13.3     85  11.81    100      4  305.6  341.2  307.7
  793.0   2094   14.2   11.7     85  11.00    270      2  307.1  340.6  309.1
  739.0   2690   11.3    8.5     83   9.54    295      8  310.1  339.6  311.9
  714.0   2981    9.8    7.0     83   8.88    295      8  311.5  339.2  313.2
  706.0   3075   10.4    2.4     58   6.49    295      8  313.2  333.8  314.4
  700.0   3146    9.8    3.8     66   7.23    295      8  313.3  336.2  314.7
  691.0   3254    9.4    4.8     73   7.86    296      9  314.0  338.9  315.5
  685.0   3326    9.8   -3.2     40   4.43    296      9  315.2  329.7  316.1
  639.0   3897    5.7   -1.6     60   5.37    300     14  316.9  334.3  317.9
  619.0   4159    3.8   -0.8     72   5.87    278     11  317.6  336.6  318.8
  616.0   4198    3.6   -1.4     69   5.62    275     10  317.9  336.1  318.9
  598.0   4438    2.6   -5.4     56   4.30    246     10  319.4  333.6  320.2
  594.0   4493    3.1  -18.1     20   1.56    240     10  320.5  326.0  320.8
  591.0   4534    3.4  -27.6      8   0.67    239     10  321.4  323.9  321.5
  577.0   4728    2.6  -25.4     11   0.85    232     10  322.7  325.8  322.8
  543.0   5216    0.0  -12.0     40   2.82    216     10  325.2  335.0  325.8
  512.0   5682   -3.8  -13.6     46   2.62    200     10  326.1  335.3  326.7
  500.0   5870   -5.3  -14.3     49   2.54    220     12  326.5  335.4  327.0
  493.0   5981   -6.0  -16.0     45   2.24    230     12  327.0  334.9  327.4
  486.0   6093   -6.7  -17.7     41   1.97    222     11  327.4  334.4  327.8
  456.0   6584   -9.5  -27.0     23   0.92    185      6  330.0  333.4  330.2
  438.0   6895  -11.2  -33.0     15   0.55     90     10  331.6  333.7  331.7
  416.0   7292  -13.5  -40.5      8   0.27    133      7  333.6  334.7  333.6
  405.0   7496  -14.3  -38.6     11   0.34    155      6  335.1  336.5  335.2
  400.0   7590  -14.7  -37.7     12   0.37    155      6  335.8  337.3  335.9
  389.0   7796  -16.2  -38.6     13   0.35    160      6  336.5  337.9  336.6
  359.0   8388  -20.6  -41.2     14   0.29    210      4  338.5  339.7  338.5
  345.0   8682  -22.7  -42.5     15   0.26    340      2  339.4  340.5  339.5
  331.0   8987  -25.0  -43.9     15   0.24     50      6  340.4  341.4  340.4
  317.0   9306  -27.3  -45.3     16   0.21     58      6  341.4  342.3  341.4
  305.0   9582  -29.7  -50.5     11   0.12     65      6  341.8  342.4  341.8
  300.0   9700  -30.7  -52.7     10   0.10     70      6  342.0  342.4  342.0
  292.0   9889  -32.3  -52.3     12   0.10     80      6  342.4  342.8  342.4
  256.0  10808  -40.1  -50.1     33   0.15     50     15  344.0  344.6  344.0
  250.0  10970  -41.5                          45     17  344.2         344.2
  235.0  11378  -45.0                          35     21  345.1         345.1
  200.0  12440  -54.1                          30     23  346.9         346.9
  178.0  13161  -60.2                          35     37  348.7         348.7
  150.0  14220  -69.1                          40     47  350.9         350.9
  135.0  14844  -73.7                          52     58  353.4         353.4
  132.0  14974  -74.4                          55     60  354.4         354.4
  116.0  15721  -78.5                          63     49  360.2         360.2
  113.0  15872  -74.3                          65     47  370.7         370.7
  109.0  16082  -74.3                          73     41  374.6         374.6
  101.0  16523  -77.8                          90     27  376.0         376.0
  100.0  16580  -78.3                          95     27  376.2         376.2
   93.8  16943  -81.3                         115     25  377.2         377.2
   91.0  17116  -77.0                         125     21  389.0         389.0
   90.8  17128  -76.7                         125     21  389.9         389.9
   78.0  18017  -73.3                         125      6  414.2         414.2
   71.0  18567  -71.2                         320      4  429.9         429.9
   70.0  18650  -70.9                         320      6  432.4         432.4
   69.9  18658  -70.9                         320      6  432.6         432.6
   67.0  18910  -70.3                         310     16  439.2         439.2
   64.0  19181  -69.6                         280     21  446.4         446.4
   58.0  19765  -68.2                         295      6  462.4         462.4
   56.9  19878  -67.9                         304      6  465.6         465.6
   55.0  20084  -66.5                         320      6  473.2         473.2
   50.0  20660  -62.7                         295     21  495.3         495.3
   46.9  21057  -61.3                         284     26  507.8         507.8
   43.0  21593  -63.8                         270     33  514.5         514.5
   42.2  21709  -64.3                         258     30  515.9         515.9
   41.0  21888  -63.8                         240     25  521.4         521.4
   36.0  22697  -61.7                         280     10  546.6         546.6
   34.0  23052  -60.8                         285     19  558.1         558.1
   31.0  23626  -59.2                         250     23  577.1         577.1
   30.0  23830  -58.7                         250     21  584.0         584.0
   24.0  25252  -53.1                         265     27  638.6         638.6
   23.4  25413  -52.5                         268     33  645.1         645.1
   22.0  25813  -52.2                         275     47  657.5         657.5
   20.0  26430  -51.7                         265     49  677.2         677.2
   17.0  27492  -50.4                         275     35  713.4         713.4
   13.0  29244  -48.4                         295     45  777.4         777.4
   12.9  29294  -48.3                                     779.3         779.3
</PRE><H3>Station information and sounding indices</H3><PRE>
                         Station identifier: WIII
                             Station number: 96749
                           Observation time: 150927/0000
                           Station latitude: -6.11
                          Station longitude: 106.65
                          Station elevation: 8.0
                            Showalter index: 0.81
                               Lifted index: 0.27
    LIFT computed using virtual temperature: -0.14
                                SWEAT index: 209.61
                                    K index: 31.30
                         Cross totals index: 20.10
                      Vertical totals index: 22.50
                        Totals totals index: 42.60
      Convective Available Potential Energy: 0.00
             CAPE using virtual temperature: 7.10
                      Convective Inhibition: 0.00
             CINS using virtual temperature: -105.58
 Equilibrum Level using virtual temperature: 446.48
             LFCT using virtual temperature: 627.75
                     Bulk Richardson Number: 0.00
          Bulk Richardson Number using CAPV: 1.25
  Temp [K] of the Lifted Condensation Level: 291.83
Pres [hPa] of the Lifted Condensation Level: 916.12
   Equivalent potential temp [K] of the LCL: 343.24
     Mean mixed layer potential temperature: 299.24
              Mean mixed layer mixing ratio: 15.04
              1000 hPa to 500 hPa thickness: 5774.00
Precipitable water [mm] for entire sounding: 47.70
</PRE>
<P>Description of the 
<A HREF="/upperair/columns.html">data columns</A>
or <A HREF="/upperair/indices.html">sounding indices</A>.

<P>
<FORM>
<INPUT CLASS="button" TYPE="button" VALUE=" Close this window " 
 onClick="window.close();">
<INPUT CLASS="button" TYPE="button" VALUE=" Select another map " 
 onClick="window.blur();">
</FORM>
<HR SIZE="1">
<I>Interested in graduate studies in atmospheric science?
Check out our program at the
<a href="http://www.uwyo.edu/atsc/howtoapply/"
target=_top>University of Wyoming
</a></I>
<HR SIZE="1"><FONT SIZE="-1">
Questions about the weather data provided by this site can be
addressed to <A HREF="mailto:ldoolman@uwyo.edu">
Larry Oolman (ldoolman@uwyo.edu)</A></FONT>
<HR SIZE="1">
<SCRIPT TYPE="text/javascript">
<!--
window.focus();
// -->
</SCRIPT>
</BODY>
</HTML>
