2014-07-01 00
<HTML>
<TITLE>University of Wyoming - Radiosonde Data</TITLE>
<BODY BGCOLOR="white">
<H2>96749 WIII Jakarta Observations at 00Z 01 Jul 2014</H2>
<PRE>
-----------------------------------------------------------------------------
   PRES   HGHT   TEMP   DWPT   RELH   MIXR   DRCT   SKNT   THTA   THTE   THTV
    hPa     m      C      C      %    g/kg    deg   knot     K      K      K 
-----------------------------------------------------------------------------
 1012.0      8   23.8   22.4     92  17.18    130      4  295.9  345.6  299.0
 1011.0     17   25.0   22.5     86  17.30    130      4  297.2  347.5  300.3
 1000.0    116   25.8   21.7     78  16.64    125      6  298.9  347.7  301.9
  992.0    187   26.4   21.8     76  16.89    123      7  300.2  349.9  303.3
  979.0    303   25.5   21.2     77  16.48    120      8  300.4  348.9  303.4
  947.0    595   23.1   19.7     81  15.48    100      8  300.9  346.6  303.7
  925.0    801   21.4   18.6     84  14.80    105      6  301.2  344.9  303.9
  915.0    895   20.8   18.0     84  14.42    110      6  301.5  344.2  304.1
  853.0   1500   16.8   14.3     85  12.14    170      4  303.4  339.7  305.6
  850.0   1530   16.6   14.1     85  12.04    165      4  303.5  339.5  305.7
  832.0   1712   15.6   12.0     79  10.70    124      4  304.3  336.5  306.3
  824.0   1794   15.4   10.1     70   9.47    105      4  305.0  333.7  306.8
  795.0   2097   14.9    2.8     44   5.93    135     12  307.6  326.1  308.7
  758.0   2500   14.2   -6.8     23   3.04    132     25  311.0  321.0  311.6
  740.0   2701   13.1   -8.8     21   2.66    130     31  311.9  320.7  312.4
  700.0   3166   10.4  -13.6     17   1.92    140     23  314.0  320.5  314.3
  659.0   3665    7.8  -13.2     21   2.11    157     20  316.5  323.7  316.9
  617.0   4201    3.7  -14.6     25   2.02    175     17  317.8  324.8  318.2
  598.0   4455    1.8  -15.2     27   1.97    175     15  318.5  325.2  318.8
  594.0   4509    1.6  -16.0     26   1.86    175     14  318.9  325.3  319.2
  559.0   4996    0.0  -23.0     16   1.08    134      6  322.5  326.4  322.7
  552.0   5096   -0.5  -24.5     14   0.96    125      4  323.1  326.6  323.3
  531.0   5403   -2.1  -29.2     10   0.65    235      2  324.8  327.2  324.9
  511.0   5708   -3.6  -33.9      8   0.43    120      4  326.5  328.2  326.6
  500.0   5880   -4.5  -36.5      6   0.34    115      6  327.5  328.8  327.6
  474.0   6292   -7.0  -38.0      6   0.31    100     10  329.4  330.7  329.5
  456.0   6590   -8.8  -39.1      7   0.28     85     12  330.9  332.0  330.9
  439.0   6883  -10.6  -40.2      7   0.26    100     10  332.2  333.3  332.3
  400.0   7600  -14.9  -42.9      7   0.22     90     21  335.5  336.4  335.6
  390.0   7792  -16.1  -44.8      7   0.18     85     25  336.4  337.2  336.4
  385.0   7889  -16.7  -45.7      6   0.17     86     25  336.9  337.6  336.9
  375.0   8087  -18.3  -31.3     31   0.75     89     25  337.3  340.2  337.4
  371.0   8168  -17.9  -45.9      7   0.17     90     26  338.9  339.6  338.9
  331.0   9001  -25.1  -46.1     12   0.19    100     27  340.2  341.0  340.2
  300.0   9720  -31.3  -46.3     21   0.20    100     29  341.1  342.0  341.2
  257.0  10793  -40.1  -54.1     21   0.10     90     21  343.6  344.0  343.6
  250.0  10980  -41.7                          80     23  343.9         343.9
  215.0  11974  -50.1                          50     29  346.1         346.1
  200.0  12450  -54.1                          55     27  346.9         346.9
  169.0  13492  -62.2                          75     39  350.6         350.6
  150.0  14230  -67.9                         100     25  352.9         352.9
  139.0  14680  -70.8                         120     19  355.5         355.5
  132.0  14985  -72.8                          85     17  357.3         357.3
  120.0  15547  -76.5                          90     17  360.4         360.4
  119.0  15596  -76.5                          90     17  361.3         361.3
  107.0  16210  -76.3                           5     16  372.7         372.7
  104.0  16374  -76.3                         338     17  375.8         375.8
  102.0  16486  -77.2                         320     17  376.2         376.2
  100.0  16600  -78.1                         325     16  376.6         376.6
   97.6  16738  -79.1                         320     16  377.3         377.3
   97.0  16774  -79.0                         330     12  378.1         378.1
   83.0  17668  -76.2                         220     14  401.1         401.1
   79.1  17944  -75.3                         218     14  408.4         408.4
   75.1  18245  -75.1                         216     14  415.0         415.0
   74.0  18332  -73.7                         215     14  419.6         419.6
   71.0  18576  -69.8                         280     19  432.9         432.9
   70.0  18660  -68.5                         275     21  437.5         437.5
   68.9  18755  -67.5                         270     24  441.6         441.6
   67.0  18924  -67.5                         260     29  445.1         445.1
   61.0  19490  -67.6                         285     29  457.1         457.1
   50.0  20690  -67.7                         260     29  483.5         483.5
   48.0  20936  -67.4                         260     23  489.9         489.9
   45.0  21326  -67.0                         260     14  500.1         500.1
   43.0  21601  -66.6                         160      6  507.4         507.4
   41.0  21888  -66.3                         120     10  515.2         515.2
   35.0  22843  -65.2                          90     35  541.9         541.9
   34.5  22930  -65.1                          90     37  544.4         544.4
   31.5  23498  -53.3                          90     48  590.5         590.5
   30.0  23810  -55.5                          90     54  592.7         592.7
   28.2  24202  -58.1                          95     54  596.1         596.1
   27.0  24477  -57.8                         100     54  604.4         604.4
   23.0  25491  -56.8                         100     52  635.7         635.7
   22.7  25574  -56.7                         100     52  638.4         638.4
   21.2  26012  -52.3                          97     52  664.2         664.2
   20.0  26390  -51.1                          95     52  679.0         679.0
   16.2  27773  -46.3                          89     56  736.7         736.7
   14.0  28743  -45.9                          85     58  769.3         769.3
   10.0  30980  -45.1                          70     45  850.1         850.1
    9.0  31684  -44.9                          60     52  876.7         876.7
    8.8  31834  -44.9                                     882.5         882.5
    8.5  32068  -38.9                                     914.7         914.7
</PRE><H3>Station information and sounding indices</H3><PRE>
                         Station identifier: WIII
                             Station number: 96749
                           Observation time: 140701/0000
                           Station latitude: -6.11
                          Station longitude: 106.65
                          Station elevation: 8.0
                            Showalter index: 2.59
                               Lifted index: -0.84
    LIFT computed using virtual temperature: -1.74
                                SWEAT index: 183.21
                                    K index: 11.20
                         Cross totals index: 18.60
                      Vertical totals index: 21.10
                        Totals totals index: 39.70
      Convective Available Potential Energy: 414.70
             CAPE using virtual temperature: 646.62
                      Convective Inhibition: -19.95
             CINS using virtual temperature: -13.44
                           Equilibrum Level: 192.21
 Equilibrum Level using virtual temperature: 191.86
                   Level of Free Convection: 875.43
             LFCT using virtual temperature: 891.07
                     Bulk Richardson Number: 107.90
          Bulk Richardson Number using CAPV: 168.24
  Temp [K] of the Lifted Condensation Level: 293.53
Pres [hPa] of the Lifted Condensation Level: 928.74
   Equivalent potential temp [K] of the LCL: 348.30
     Mean mixed layer potential temperature: 299.82
              Mean mixed layer mixing ratio: 16.54
              1000 hPa to 500 hPa thickness: 5764.00
Precipitable water [mm] for entire sounding: 36.56
</PRE>
<P>Description of the 
<A HREF="/upperair/columns.html">data columns</A>
or <A HREF="/upperair/indices.html">sounding indices</A>.

<P>
<FORM>
<INPUT CLASS="button" TYPE="button" VALUE=" Close this window " 
 onClick="window.close();">
<INPUT CLASS="button" TYPE="button" VALUE=" Select another map " 
 onClick="window.blur();">
</FORM>
<HR SIZE="1">
<I>Interested in graduate studies in atmospheric science?
Check out our program at the
<a href="http://www.uwyo.edu/atsc/howtoapply/"
target=_top>University of Wyoming
</a></I>
<HR SIZE="1"><FONT SIZE="-1">
Questions about the weather data provided by this site can be
addressed to <A HREF="mailto:ldoolman@uwyo.edu">
Larry Oolman (ldoolman@uwyo.edu)</A></FONT>
<HR SIZE="1">
<SCRIPT TYPE="text/javascript">
<!--
window.focus();
// -->
</SCRIPT>
</BODY>
</HTML>
