2014-10-20 00
<HTML>
<TITLE>University of Wyoming - Radiosonde Data</TITLE>
<BODY BGCOLOR="white">
<H2>96749 WIII Jakarta Observations at 00Z 20 Oct 2014</H2>
<PRE>
-----------------------------------------------------------------------------
   PRES   HGHT   TEMP   DWPT   RELH   MIXR   DRCT   SKNT   THTA   THTE   THTV
    hPa     m      C      C      %    g/kg    deg   knot     K      K      K 
-----------------------------------------------------------------------------
 1009.0      8   24.2   22.5     90  17.34    180      2  296.6  346.8  299.7
 1008.0     17   25.6   21.3     77  16.10    177      2  298.1  345.0  300.9
 1000.0     91   25.2   20.7     76  15.63    155      2  298.4  344.0  301.1
  977.0    295   24.5   19.8     75  15.15     95      4  299.6  344.1  302.3
  925.0    776   22.8   17.8     73  14.06    100     14  302.6  344.4  305.2
  912.0    899   22.1   16.2     69  12.86    105     14  303.1  341.5  305.4
  896.0   1054   21.2   14.2     64  11.49     95     18  303.7  338.2  305.8
  881.0   1199   20.2   13.9     67  11.44     85     21  304.2  338.6  306.3
  850.0   1509   18.2   13.2     73  11.34     95     25  305.2  339.4  307.3
  812.0   1900   15.8   12.0     78  10.96     92     25  306.7  340.0  308.7
  801.0   2016   15.6    7.6     59   8.24     91     25  307.6  333.0  309.2
  793.0   2100   15.0    7.5     61   8.27     90     25  307.9  333.4  309.4
  765.0   2402   12.9    7.2     68   8.39     75     21  308.8  334.7  310.4
  723.0   2877    9.6    6.7     82   8.58     97     18  310.2  336.8  311.8
  702.0   3122   10.0    4.0     66   7.31    109     17  313.3  336.4  314.6
  700.0   3146   10.0    4.0     66   7.33    110     17  313.5  336.7  314.9
  639.0   3894    5.9   -3.4     51   4.67    135     14  317.1  332.4  318.0
  616.0   4195    4.2   -6.4     46   3.86    135     16  318.6  331.4  319.3
  610.0   4276    3.8   -7.2     44   3.67    132     15  319.0  331.2  319.7
  602.0   4383    3.2  -10.8     35   2.80    129     15  319.5  329.0  320.0
  594.0   4491    2.4   -8.6     44   3.38    125     14  319.8  331.1  320.4
  593.0   4504    2.3   -8.7     44   3.36    125     14  319.8  331.1  320.5
  572.0   4794    0.7  -10.3     44   3.06    150     14  321.2  331.6  321.8
  564.0   4907    0.0  -11.0     43   2.94    144     13  321.7  331.7  322.3
  530.0   5400   -2.6  -25.6     15   0.91    115      6  324.4  327.7  324.6
  511.0   5689   -4.1  -34.1      8   0.42     39      8  325.9  327.6  326.0
  510.0   5705   -4.2  -33.1      8   0.46     35      8  326.0  327.8  326.1
  500.0   5860   -5.3  -23.3     23   1.18     30     10  326.5  330.8  326.8
  489.0   6035   -6.5  -28.5     16   0.75     26     10  327.1  329.9  327.3
  486.0   6083   -6.5  -20.5     32   1.55     25     10  327.7  333.3  328.0
  484.0   6115   -6.5  -16.5     45   2.19     24     10  328.1  335.8  328.5
  473.0   6296   -6.5  -34.8      9   0.42     20     10  330.2  331.9  330.3
  472.0   6312   -6.5  -36.5      7   0.36     19     10  330.4  331.9  330.5
  465.0   6429   -7.5  -22.5     29   1.36      9      9  330.6  335.6  330.9
  444.0   6789   -9.9  -20.9     40   1.64    339      5  332.0  338.0  332.3
  439.0   6876  -10.5  -18.5     52   2.04    331      4  332.3  339.6  332.7
  438.0   6894  -10.6  -18.8     51   2.00    330      4  332.4  339.6  332.8
  421.0   7197  -12.1  -23.3     39   1.40     45      2  334.2  339.4  334.5
  400.0   7590  -14.1  -29.1     27   0.87     80     10  336.6  339.9  336.8
  395.0   7686  -14.1  -37.1     12   0.40     92     11  337.8  339.4  337.9
  374.0   8088  -17.4  -37.6     15   0.41    145     16  338.8  340.4  338.9
  345.0   8682  -22.2  -38.3     22   0.41    145     10  340.2  341.8  340.2
  331.0   8986  -24.6  -38.6     26   0.41    185      8  340.8  342.5  340.9
  317.0   9304  -27.2  -39.0     32   0.41    265      8  341.5  343.2  341.6
  304.0   9613  -29.7  -39.4     39   0.41    290      8  342.1  343.8  342.2
  300.0   9710  -30.5  -39.5     41   0.41    290      8  342.3  344.0  342.4
  288.0   9997  -33.1  -42.1     40   0.33    296     10  342.6  343.9  342.6
  256.0  10809  -40.1  -50.1     33   0.15    312     15  344.0  344.6  344.0
  250.0  10970  -41.5                         315     16  344.2         344.2
  235.0  11378  -45.0                         315     16  345.0         345.0
  200.0  12440  -54.3                         315     19  346.6         346.6
  186.0  12889  -58.1                         305     19  347.8         347.8
  153.0  14097  -68.3                         295     16  350.3         350.3
  150.0  14220  -69.3                         305     16  350.5         350.5
  146.0  14376  -70.5                         320     14  351.2         351.2
  138.0  14703  -72.9                           5     16  352.6         352.6
  125.0  15276  -77.3                          45     16  354.8         354.8
  118.0  15609  -79.8                          45     19  356.1         356.1
  115.0  15758  -80.9                          65     22  356.6         356.6
  112.0  15906  -81.3                          85     25  358.6         358.6
  106.0  16214  -82.2                          80     31  362.6         362.6
  104.0  16321  -82.5                          75     33  364.0         364.0
  100.0  16540  -81.7                          80     23  369.6         369.6
   96.0  16770  -81.5                          90     16  374.4         374.4
   91.0  17072  -81.2                          85      6  380.8         380.8
   86.0  17390  -80.9                         195     10  387.6         387.6
   83.5  17557  -80.7                         222     10  391.2         391.2
   78.1  17941  -74.3                         282     10  412.0         412.0
   77.0  18024  -74.3                         295     10  413.6         413.6
   74.0  18256  -74.5                         240     17  418.0         418.0
   70.0  18580  -74.7                         235     19  424.2         424.2
   63.0  19196  -73.8                         245     14  439.3         439.3
   60.0  19482  -73.3                         280     19  446.4         446.4
   54.6  20034  -72.5                         253     17  460.5         460.5
   54.0  20099  -71.5                         250     17  464.2         464.2
   51.7  20359  -67.7                         178     15  478.9         478.9
   51.0  20441  -67.6                         155     14  481.0         481.0
   50.0  20560  -67.5                         130     14  484.0         484.0
   49.0  20682  -67.4                         105     14  487.1         487.1
   44.0  21332  -66.7                          75     25  503.9         503.9
   38.0  22218  -65.8                          80     45  527.7         527.7
   37.2  22347  -65.7                          82     46  531.3         531.3
   31.0  23468  -60.8                         100     54  573.0         573.0
   30.0  23670  -59.9                         100     58  580.8         580.8
   27.5  24215  -58.7                          91     63  598.7         598.7
   27.2  24284  -58.8                          90     64  600.5         600.5
   27.0  24330  -58.8                          90     64  601.6         601.6
   26.0  24566  -59.0                          95     64  607.6         607.6
   21.3  25815  -59.9                          95     53  640.5         640.5
   20.0  26210  -58.1                          95     49  657.6         657.6
   16.0  27657  -48.9                         100     47  730.9         730.9
   15.0  28076  -46.2                          85     43  753.4         753.4
   14.6  28251  -45.1                                     763.0         763.0
</PRE><H3>Station information and sounding indices</H3><PRE>
                         Station identifier: WIII
                             Station number: 96749
                           Observation time: 141020/0000
                           Station latitude: -6.11
                          Station longitude: 106.65
                          Station elevation: 8.0
                            Showalter index: 1.84
                               Lifted index: -0.06
    LIFT computed using virtual temperature: -0.72
                                SWEAT index: 218.40
                                    K index: 30.70
                         Cross totals index: 18.50
                      Vertical totals index: 23.50
                        Totals totals index: 42.00
      Convective Available Potential Energy: 2.67
             CAPE using virtual temperature: 51.71
                      Convective Inhibition: -137.21
             CINS using virtual temperature: -105.56
                           Equilibrum Level: 486.51
 Equilibrum Level using virtual temperature: 481.48
                   Level of Free Convection: 739.57
             LFCT using virtual temperature: 760.42
                     Bulk Richardson Number: 0.19
          Bulk Richardson Number using CAPV: 3.67
  Temp [K] of the Lifted Condensation Level: 292.09
Pres [hPa] of the Lifted Condensation Level: 917.45
   Equivalent potential temp [K] of the LCL: 344.09
     Mean mixed layer potential temperature: 299.39
              Mean mixed layer mixing ratio: 15.28
              1000 hPa to 500 hPa thickness: 5769.00
Precipitable water [mm] for entire sounding: 45.14
</PRE>
<P>Description of the 
<A HREF="/upperair/columns.html">data columns</A>
or <A HREF="/upperair/indices.html">sounding indices</A>.

<P>
<FORM>
<INPUT CLASS="button" TYPE="button" VALUE=" Close this window " 
 onClick="window.close();">
<INPUT CLASS="button" TYPE="button" VALUE=" Select another map " 
 onClick="window.blur();">
</FORM>
<HR SIZE="1">
<I>Interested in graduate studies in atmospheric science?
Check out our program at the
<a href="http://www.uwyo.edu/atsc/howtoapply/"
target=_top>University of Wyoming
</a></I>
<HR SIZE="1"><FONT SIZE="-1">
Questions about the weather data provided by this site can be
addressed to <A HREF="mailto:ldoolman@uwyo.edu">
Larry Oolman (ldoolman@uwyo.edu)</A></FONT>
<HR SIZE="1">
<SCRIPT TYPE="text/javascript">
<!--
window.focus();
// -->
</SCRIPT>
</BODY>
</HTML>
