2013-11-19 00
<HTML>
<TITLE>University of Wyoming - Radiosonde Data</TITLE>
<BODY BGCOLOR="white">
<H2>96749 WIII Jakarta Observations at 00Z 19 Nov 2013</H2>
<PRE>
-----------------------------------------------------------------------------
   PRES   HGHT   TEMP   DWPT   RELH   MIXR   DRCT   SKNT   THTA   THTE   THTV
    hPa     m      C      C      %    g/kg    deg   knot     K      K      K 
-----------------------------------------------------------------------------
 1007.0      8   24.0   23.0     94  17.93    250      8  296.6  348.5  299.7
 1006.0     17   24.4   21.3     83  16.13    250      9  297.0  343.9  299.9
 1000.0     73   24.4   21.1     82  16.03    250     12  297.6  344.2  300.4
  974.0    305   24.4   20.0     77  15.38    240     21  299.8  345.0  302.6
  971.0    332   24.4   19.9     76  15.31    240     21  300.1  345.1  302.8
  925.0    756   21.6   15.6     69  12.19    240     21  301.4  337.5  303.6
  910.0    897   20.9   13.2     61  10.56    240     21  302.1  333.6  304.0
  851.0   1475   18.2    3.2     37   5.69    245     23  305.1  322.7  306.1
  850.0   1485   18.2    3.2     37   5.70    245     23  305.2  322.8  306.2
  810.0   1896   16.0    4.0     45   6.33    242     23  307.1  326.7  308.3
  791.0   2098   15.4    3.0     43   6.02    240     23  308.5  327.4  309.6
  767.0   2359   14.6    1.6     41   5.63    246     22  310.4  328.2  311.5
  700.0   3125    9.2    4.4     72   7.55    265     19  312.6  336.4  314.1
  661.0   3597    5.8    3.1     83   7.30    265     21  313.9  337.0  315.3
  646.0   3785    4.4    2.6     88   7.20    260     21  314.5  337.3  315.8
  642.0   3836    4.8   -1.2     65   5.49    259     21  315.5  333.2  316.5
  635.0   3925    4.4   -0.6     70   5.80    257     21  316.0  334.7  317.1
  627.0   4029    4.8   -5.2     48   4.16    254     21  317.6  331.3  318.4
  622.0   4094    4.8   -5.2     48   4.20    253     21  318.3  332.2  319.1
  616.0   4173    4.2   -2.8     60   5.08    251     21  318.5  335.2  319.5
  614.0   4199    4.0   -3.4     58   4.88    250     21  318.6  334.6  319.6
  598.0   4414    2.8   -8.2     44   3.46    251     20  319.6  331.2  320.3
  594.0   4468    2.8  -19.2     18   1.42    252     20  320.2  325.2  320.5
  558.0   4970    0.0  -28.0     10   0.69    255     19  322.7  325.2  322.8
  516.0   5592   -3.5  -19.5     28   1.59    258     17  325.8  331.4  326.1
  511.0   5669   -3.9  -10.9     58   3.28    259     17  326.2  337.5  326.8
  500.0   5840   -5.1  -14.1     49   2.58    260     16  326.8  335.8  327.3
  490.0   5997   -6.0  -18.2     37   1.86    260     14  327.5  334.2  327.9
  444.0   6765  -10.5  -38.5      8   0.31    243     14  331.2  332.5  331.3
  436.0   6904  -11.6  -33.4     15   0.53    240     14  331.5  333.6  331.6
  419.0   7208  -14.1  -22.1     51   1.56    207     13  332.1  337.9  332.5
  416.0   7263  -13.9  -24.9     39   1.23    201     13  333.1  337.6  333.3
  409.0   7392  -14.5  -21.5     55   1.69    187     12  333.9  340.1  334.3
  403.0   7503  -15.4  -21.8     58   1.67    175     12  334.1  340.3  334.5
  400.0   7560  -15.9  -21.9     60   1.67    175     12  334.2  340.4  334.6
  357.0   8396  -21.9  -27.2     62   1.15    215      6  337.2  341.6  337.4
  343.0   8690  -24.0  -29.1     63   1.01    160      2  338.2  342.1  338.4
  329.0   8996  -26.2  -31.1     64   0.87     30      4  339.2  342.6  339.4
  320.0   9200  -27.7  -32.4     64   0.79     35      6  339.9  343.0  340.1
  300.0   9660  -30.9  -38.9     45   0.44     45     12  341.7  343.5  341.8
  285.0  10023  -33.1  -48.1     21   0.17     51     13  343.6  344.4  343.6
  266.0  10501  -37.3  -52.3     19   0.11     60     14  344.3  344.8  344.4
  255.0  10794  -39.9  -54.9     19   0.09     55     16  344.7  345.1  344.7
  254.0  10822  -40.1  -55.1     19   0.09     56     16  344.7  345.1  344.8
  250.0  10930  -40.9                          60     16  345.1         345.1
  223.0  11683  -47.8                          85     17  346.0         346.0
  200.0  12400  -54.3                          90     19  346.6         346.6
  185.0  12882  -58.5                          90     17  347.7         347.7
  168.0  13479  -63.6                          80     21  348.8         348.8
  150.0  14180  -69.7                          70     29  349.8         349.8
  111.0  15910  -82.7                          60     41  356.9         356.9
  108.0  16068  -83.9                          55     37  357.4         357.4
  105.0  16226  -82.0                          45     25  363.9         363.9
  100.0  16500  -78.7                         185      6  375.4         375.4
   97.8  16627  -78.1                         178     12  379.0         379.0
   95.0  16792  -78.8                         170     19  380.9         380.9
   90.0  17099  -80.0                         175     21  384.4         384.4
   85.0  17423  -81.3                         150     16  388.1         388.1
   84.9  17430  -81.3                         147     16  388.1         388.1
   81.0  17697  -80.0                          45      8  396.1         396.1
   77.0  17985  -78.6                         325     16  404.7         404.7
   75.6  18089  -78.1                         319     17  407.9         407.9
   73.3  18268  -72.1                         310     19  424.2         424.2
   70.0  18540  -72.3                         295     21  429.4         429.4
   63.0  19163  -71.4                         270     27  444.4         444.4
   59.0  19551  -70.9                         280     25  454.1         454.1
   57.0  19755  -70.6                         255     23  459.2         459.2
   54.0  20075  -70.1                         260     23  467.4         467.4
   50.1  20518  -69.5                         294     19  479.0         479.0
   50.0  20530  -69.5                         295     19  479.3         479.3
   49.0  20653  -68.5                         310     19  484.4         484.4
   42.7  21491  -61.7                         303     33  520.6         520.6
   40.0  21900  -61.0                         300     39  532.1         532.1
   36.0  22559  -60.0                         265     31  551.1         551.1
   33.0  23104  -59.1                         290     39  567.4         567.4
   30.0  23700  -58.1                         275     49  585.7         585.7
   27.4  24272  -56.7                         284     30  604.9         604.9
   27.0  24366  -55.4                         285     27  611.1         611.1
   26.3  24534  -53.1                         276     29  622.2         622.2
   25.0  24861  -53.0                         260     33  631.6         631.6
   21.0  25985  -52.6                         265     31  665.1         665.1
   20.0  26300  -52.5                         260     27  674.7         674.7
   19.0  26633  -52.1                         250     19  685.8         685.8
   17.0  27355  -51.4                         275     21  710.4         710.4
   16.0  27748  -51.0                         285     19  724.1         724.1
   14.5  28387  -50.3                         276     17  747.0         747.0
   13.0  29116  -46.1                         265     14  785.1         785.1
   12.0  29650  -43.1                         280      8  814.1         814.1
   11.1  30170  -40.1                         307      4  843.2         843.2
   11.0                                       310      4                     
</PRE><H3>Station information and sounding indices</H3><PRE>
                         Station identifier: WIII
                             Station number: 96749
                           Observation time: 131119/0000
                           Station latitude: -6.11
                          Station longitude: 106.65
                          Station elevation: 8.0
                            Showalter index: 9.85
                               Lifted index: 0.16
    LIFT computed using virtual temperature: -0.26
                                SWEAT index: 157.76
                                    K index: 21.70
                         Cross totals index: 8.30
                      Vertical totals index: 23.30
                        Totals totals index: 31.60
      Convective Available Potential Energy: 17.21
             CAPE using virtual temperature: 73.64
                      Convective Inhibition: -161.57
             CINS using virtual temperature: -77.40
                           Equilibrum Level: 416.49
 Equilibrum Level using virtual temperature: 342.81
                   Level of Free Convection: 686.06
             LFCT using virtual temperature: 702.33
                     Bulk Richardson Number: 10.56
          Bulk Richardson Number using CAPV: 45.17
  Temp [K] of the Lifted Condensation Level: 292.26
Pres [hPa] of the Lifted Condensation Level: 921.94
   Equivalent potential temp [K] of the LCL: 344.04
     Mean mixed layer potential temperature: 299.14
              Mean mixed layer mixing ratio: 15.37
              1000 hPa to 500 hPa thickness: 5767.00
Precipitable water [mm] for entire sounding: 38.79
</PRE>
<P>Description of the 
<A HREF="/upperair/columns.html">data columns</A>
or <A HREF="/upperair/indices.html">sounding indices</A>.

<P>
<FORM>
<INPUT CLASS="button" TYPE="button" VALUE=" Close this window " 
 onClick="window.close();">
<INPUT CLASS="button" TYPE="button" VALUE=" Select another map " 
 onClick="window.blur();">
</FORM>
<HR SIZE="1">
<I>Interested in graduate studies in atmospheric science?
Check out our program at the
<a href="http://www.uwyo.edu/atsc/howtoapply/"
target=_top>University of Wyoming
</a></I>
<HR SIZE="1"><FONT SIZE="-1">
Questions about the weather data provided by this site can be
addressed to <A HREF="mailto:ldoolman@uwyo.edu">
Larry Oolman (ldoolman@uwyo.edu)</A></FONT>
<HR SIZE="1">
<SCRIPT TYPE="text/javascript">
<!--
window.focus();
// -->
</SCRIPT>
</BODY>
</HTML>
