2015-02-28 00
<HTML>
<TITLE>University of Wyoming - Radiosonde Data</TITLE>
<BODY BGCOLOR="white">
<H2>96749 WIII Jakarta Observations at 00Z 28 Feb 2015</H2>
<PRE>
-----------------------------------------------------------------------------
   PRES   HGHT   TEMP   DWPT   RELH   MIXR   DRCT   SKNT   THTA   THTE   THTV
    hPa     m      C      C      %    g/kg    deg   knot     K      K      K 
-----------------------------------------------------------------------------
 1009.0      8   25.4   23.8     91  18.80      0      0  297.8  352.6  301.1
 1000.0     87   26.2   24.2     89  19.45     55      2  299.4  356.4  302.8
  997.0    114   26.0   23.7     87  18.92     55      3  299.4  354.9  302.8
  976.0    301   24.9   22.6     87  18.01     55      6  300.1  353.1  303.3
  943.0    603   23.0   20.7     87  16.62    350      4  301.2  350.3  304.2
  925.0    772   22.0   19.7     87  15.88    330      4  301.8  348.8  304.7
  912.0    894   21.2   19.1     88  15.56    320      4  302.2  348.4  305.0
  850.0   1503   17.4   16.4     94  14.00    295      6  304.4  346.3  306.9
  821.0   1800   16.2   14.4     89  12.74    300      2  306.2  344.6  308.5
  815.0   1863   16.0   14.0     88  12.48    313      2  306.6  344.3  308.9
  793.0   2093   14.8   12.4     85  11.52      0      0  307.7  342.8  309.8
  765.0   2396   13.2   10.2     82  10.35    120      2  309.2  341.0  311.1
  738.0   2699   11.7    8.1     79   9.28    160      2  310.7  339.4  312.4
  700.0   3144    9.4    5.0     74   7.87    160      2  312.9  337.6  314.4
  698.0   3168    9.4    3.4     66   7.05    161      2  313.1  335.4  314.4
  687.0   3300    9.1   -0.6     51   5.38    165      4  314.2  331.5  315.2
  683.0   3348    9.0   -2.0     46   4.86    173      4  314.6  330.3  315.6
  676.0   3434    8.6    3.6     71   7.38    187      5  315.1  338.6  316.5
  674.0   3458    9.0   -4.0     40   4.24    191      5  315.8  329.7  316.6
  669.0   3520    9.0   -3.0     43   4.61    201      5  316.5  331.5  317.4
  662.0   3606    8.4   -3.5     43   4.49    215      6  316.7  331.4  317.6
  616.0   4193    4.0   -6.9     45   3.73    195      6  318.3  330.6  319.0
  593.0   4504    1.6   -8.6     46   3.37    245      2  319.1  330.3  319.7
  581.0   4671    0.4   -9.6     47   3.19    255      3  319.5  330.2  320.1
  578.0   4712    0.0   -6.0     64   4.25    257      3  319.5  333.5  320.3
  573.0   4782   -0.7   -4.2     77   4.92    261      3  319.4  335.6  320.4
  562.0   4937   -1.3  -11.3     47   2.88    270      3  320.5  330.3  321.1
  556.0   5022   -2.1   -4.6     83   4.92    275      4  320.5  336.8  321.5
  550.0   5108   -2.6   -5.3     82   4.69    280      4  320.9  336.4  321.8
  530.0   5402   -4.5   -7.9     77   4.00    340      6  322.1  335.5  322.8
  524.0   5492   -5.1   -8.7     76   3.80    345      6  322.4  335.2  323.1
  520.0   5552   -4.9  -11.9     58   2.97    348      7  323.4  333.5  323.9
  500.0   5860   -6.5  -11.5     68   3.19      5      8  325.1  336.0  325.7
  486.0   6082   -7.5  -10.0     82   3.70     15      9  326.5  339.1  327.2
  483.0   6130   -7.1  -14.1     57   2.67     17      9  327.5  336.9  328.1
  472.0   6310   -8.1  -10.9     80   3.55     25     10  328.5  340.7  329.2
  454.0   6611   -9.2  -19.0     45   1.88     20      6  330.7  337.5  331.1
  441.0   6836  -10.1  -25.1     28   1.14    251      3  332.4  336.6  332.6
  437.0   6905  -10.6  -25.6     28   1.10    210      2  332.6  336.7  332.8
  404.0   7504  -14.9  -29.9     27   0.79    215      8  334.5  337.6  334.7
  400.0   7580  -15.5  -30.5     26   0.76    225      8  334.8  337.7  334.9
  388.0   7805  -17.2  -31.6     27   0.70    240     10  335.5  338.2  335.6
  373.0   8097  -19.4  -33.1     28   0.63    235      8  336.4  338.9  336.5
  358.0   8401  -21.6  -34.7     30   0.56    255      8  337.3  339.6  337.5
  344.0   8696  -23.8  -36.2     31   0.51    235      6  338.2  340.2  338.3
  336.0   8870  -25.1  -37.1     32   0.47    204      7  338.7  340.6  338.8
  330.0   8998  -26.2  -37.0     36   0.49    180      8  338.9  340.9  339.0
  316.0   9308  -29.0  -36.7     47   0.52    175     10  339.3  341.4  339.4
  300.0   9680  -32.3  -36.4     67   0.57    140     14  339.7  342.0  339.9
  286.0  10015  -34.5  -38.9     64   0.46    105     15  341.3  343.1  341.4
  278.0  10211  -36.0  -40.3     64   0.41     85     16  341.9  343.6  342.0
  257.0  10752  -40.1  -44.2     65   0.29     78     23  343.6  344.8  343.6
  250.0  10940  -41.7                          75     25  343.9         343.9
  223.0  11693  -48.3                          65     23  345.3         345.3
  200.0  12410  -54.5                          60     25  346.3         346.3
  185.0  12902  -58.0                          60     35  348.4         348.4
  173.0  13325  -61.1                          57     31  350.1         350.1
  168.0  13505  -62.1                          55     29  351.3         351.3
  150.0  14200  -66.1                          55     21  356.0         356.0
  131.0  14987  -71.5                          45     10  360.4         360.4
  112.0  15896  -77.8                         135     16  365.2         365.2
  106.0  16216  -80.0                         135     21  366.8         366.8
  102.0  16440  -81.5                         112     25  367.9         367.9
  100.0  16550  -81.9                         100     27  369.2         369.2
   95.0  16834  -83.5                          75     23  371.6         371.6
   90.0  17134  -85.1                          65     17  374.1         374.1
   85.4  17424  -86.7                          82     23  376.6         376.6
   81.0  17722  -83.1                         100     29  389.7         389.7
   77.0  18008  -79.7                          70     33  402.5         402.5
   73.0  18308  -76.1                          70     27  416.3         416.3
   72.4  18355  -75.5                          66     25  418.5         418.5
   70.0  18550  -76.3                          50     17  420.8         420.8
   69.0  18633  -76.4                          40     16  422.4         422.4
   66.0  18889  -76.5                          55      8  427.5         427.5
   62.0  19250  -76.8                         155     12  434.6         434.6
   60.2  19420  -76.9                         141     18  438.0         438.0
   56.0  19841  -75.3                         105     31  450.7         450.7
   50.0  20500  -72.9                          95     33  471.3         471.3
   48.0  20740  -72.0                          90     33  478.9         478.9
   47.7  20777  -71.9                          90     34  480.1         480.1
   44.6  21180  -63.9                          90     40  508.8         508.8
   44.0  21263  -64.0                          90     41  510.6         510.6
   39.0  22000  -64.7                          93     46  526.7         526.7
   34.1  22829  -59.1                          97     52  562.0         562.0
   31.0  23425  -59.5                         100     56  576.3         576.3
   30.0  23630  -59.7                         105     60  581.3         581.3
   22.7  25379  -58.3                                     633.6         633.6
   20.0  26190  -50.9                                     679.6         679.6
</PRE><H3>Station information and sounding indices</H3><PRE>
                         Station identifier: WIII
                             Station number: 96749
                           Observation time: 150228/0000
                           Station latitude: -6.11
                          Station longitude: 106.65
                          Station elevation: 8.0
                            Showalter index: -2.08
                               Lifted index: -4.59
    LIFT computed using virtual temperature: -5.17
                                SWEAT index: 216.81
                                    K index: 35.90
                         Cross totals index: 22.90
                      Vertical totals index: 23.90
                        Totals totals index: 46.80
      Convective Available Potential Energy: 1654.15
             CAPE using virtual temperature: 1843.41
                      Convective Inhibition: -10.59
             CINS using virtual temperature: -6.19
                           Equilibrum Level: 160.99
 Equilibrum Level using virtual temperature: 160.86
                   Level of Free Convection: 895.47
             LFCT using virtual temperature: 910.44
                     Bulk Richardson Number: 661.91
          Bulk Richardson Number using CAPV: 737.65
  Temp [K] of the Lifted Condensation Level: 295.44
Pres [hPa] of the Lifted Condensation Level: 949.85
   Equivalent potential temp [K] of the LCL: 353.29
     Mean mixed layer potential temperature: 299.83
              Mean mixed layer mixing ratio: 18.23
              1000 hPa to 500 hPa thickness: 5773.00
Precipitable water [mm] for entire sounding: 54.44
</PRE>
<P>Description of the 
<A HREF="/upperair/columns.html">data columns</A>
or <A HREF="/upperair/indices.html">sounding indices</A>.

<P>
<FORM>
<INPUT CLASS="button" TYPE="button" VALUE=" Close this window " 
 onClick="window.close();">
<INPUT CLASS="button" TYPE="button" VALUE=" Select another map " 
 onClick="window.blur();">
</FORM>
<HR SIZE="1">
<I>Interested in graduate studies in atmospheric science?
Check out our program at the
<a href="http://www.uwyo.edu/atsc/howtoapply/"
target=_top>University of Wyoming
</a></I>
<HR SIZE="1"><FONT SIZE="-1">
Questions about the weather data provided by this site can be
addressed to <A HREF="mailto:ldoolman@uwyo.edu">
Larry Oolman (ldoolman@uwyo.edu)</A></FONT>
<HR SIZE="1">
<SCRIPT TYPE="text/javascript">
<!--
window.focus();
// -->
</SCRIPT>
</BODY>
</HTML>
