2014-02-21 12
<HTML>
<TITLE>University of Wyoming - Radiosonde Data</TITLE>
<BODY BGCOLOR="white">
<H2>96749 WIII Jakarta Observations at 00Z 21 Feb 2014</H2>
<PRE>
-----------------------------------------------------------------------------
   PRES   HGHT   TEMP   DWPT   RELH   MIXR   DRCT   SKNT   THTA   THTE   THTV
    hPa     m      C      C      %    g/kg    deg   knot     K      K      K 
-----------------------------------------------------------------------------
 1012.0      8   24.0   23.5     97  18.40    140      5  296.1  349.3  299.4
 1000.0    113   24.2   22.3     89  17.28    200      8  297.4  347.6  300.4
  979.0    298   23.3   20.9     87  16.19    310     12  298.2  345.4  301.1
  925.0    794   20.8   17.2     80  13.53    315     17  300.6  340.5  303.0
  914.0    897   20.3   17.0     81  13.50    320     16  301.1  341.0  303.6
  858.0   1443   17.8   15.8     88  13.33    329      9  304.0  343.9  306.4
  850.0   1523   17.2   15.5     90  13.20    330      8  304.1  343.7  306.6
  823.0   1797   15.8   14.0     89  12.38    335      8  305.4  342.8  307.7
  794.0   2102   14.2   12.4     89  11.51    325      4  306.9  341.8  309.0
  777.0   2286   13.2   11.4     89  11.01    309      7  307.8  341.3  309.8
  767.0   2395   12.7   10.5     87  10.50    300      8  308.3  340.4  310.2
  740.0   2695   11.1    8.0     81   9.17    305      6  309.8  338.1  311.5
  714.0   2994    9.6    5.5     76   7.99     15      6  311.3  336.2  312.8
  711.0   3030    9.4    5.2     75   7.86     12      6  311.5  336.1  312.9
  700.0   3159    9.2    3.2     66   6.93      0      6  312.6  334.5  313.9
  640.0   3892    3.9    1.1     82   6.53    280     14  314.7  335.6  316.0
  617.0   4191    1.8    0.3     90   6.37    245     16  315.6  336.0  316.8
  599.0   4434    0.0   -0.4     97   6.24    243     16  316.2  336.3  317.4
  598.0   4447   -0.1   -0.5     97   6.21    243     16  316.3  336.2  317.4
  586.0   4610    0.2   -3.9     74   4.92    242     16  318.4  334.6  319.4
  572.0   4804   -0.5   -6.8     62   4.02    240     16  319.8  333.2  320.6
  568.0   4860   -0.7   -7.7     59   3.79    242     16  320.2  332.9  321.0
  566.0   4889   -0.9   -4.1     79   5.02    243     17  320.3  336.9  321.3
  517.0   5608   -5.5   -8.2     81   4.01    267     22  323.2  336.7  323.9
  511.0   5699   -6.1   -8.6     82   3.94    270     23  323.6  336.9  324.3
  500.0   5870   -7.1   -9.3     84   3.80    265     21  324.3  337.2  325.1
  496.0   5932   -7.1  -10.3     78   3.54    263     21  325.1  337.1  325.8
  473.0   6296   -9.5  -12.3     80   3.16    250     23  326.6  337.5  327.2
  438.0   6885  -13.3  -15.5     84   2.62    255     21  328.9  338.1  329.4
  428.0   7062  -14.5  -16.5     85   2.47    252     22  329.6  338.4  330.1
  400.0   7570  -17.9  -21.4     74   1.74    245     23  331.6  338.0  332.0
  399.0   7589  -18.1  -21.4     75   1.74    245     23  331.6  337.9  332.0
  388.0   7793  -19.4  -22.6     76   1.61    245     23  332.6  338.5  332.9
  344.0   8672  -25.0  -27.8     77   1.13    305     17  336.6  340.9  336.8
  330.0   8975  -27.0  -29.6     78   1.00    320     16  337.9  341.8  338.1
  316.0   9292  -29.0  -31.5     79   0.87    310     10  339.3  342.7  339.5
  302.0   9623  -31.1  -33.5     79   0.75    336     10  340.8  343.7  340.9
  300.0   9670  -31.5  -33.8     80   0.74    340     10  340.9  343.8  341.0
  278.0  10199  -36.0  -39.7     69   0.44     10     14  341.9  343.7  342.0
  259.0  10690  -40.1  -45.1     59   0.26     10     14  342.8  343.9  342.9
  250.0  10930  -42.1                          10     14  343.3         343.3
  233.0  11394  -46.3                          15     16  344.0         344.0
  213.0  11985  -51.6                          80     12  344.7         344.7
  200.0  12400  -55.3                          80     17  345.0         345.0
  185.0  12880  -59.2                          95     23  346.5         346.5
  152.0  14089  -69.0                          60     29  349.6         349.6
  150.0  14170  -69.7                          60     31  349.8         349.8
  137.0  14706  -73.3                          55     33  352.6         352.6
  135.0  14792  -73.9                          69     31  353.1         353.1
  130.0  15015  -69.9                         105     27  364.1         364.1
  124.0  15290  -71.8                         105     39  365.6         365.6
  118.0  15578  -73.7                         100     33  367.2         367.2
  106.0  16201  -78.0                          30     10  370.6         370.6
  100.0  16540  -80.3                         355     16  372.3         372.3
   96.0  16769  -81.2                         335     12  375.0         375.0
   95.4  16804  -81.3                         335     12  375.4         375.4
   86.0  17393  -79.6                         235      4  390.2         390.2
   81.0  17732  -78.5                         100     12  399.0         399.0
   77.0  18019  -77.7                         110     16  406.6         406.6
   73.0  18322  -76.8                         155     17  414.8         414.8
   70.0  18560  -76.1                         140     17  421.3         421.3
   69.9  18568  -75.9                         138     17  421.9         421.9
   66.0  18907  -73.0                          70     19  435.1         435.1
   63.0  19182  -70.7                          55     16  446.1         446.1
   60.0  19470  -68.2                         285     17  457.8         457.8
   58.2  19650  -66.7                         263     18  465.3         465.3
   54.0  20099  -68.4                         210     19  471.5         471.5
   51.0  20441  -69.7                         220     16  476.2         476.2
   50.0  20560  -70.1                         210     14  477.9         477.9
   49.0  20680  -70.6                         200     14  479.6         479.6
   48.7  20717  -70.7                         195     14  480.1         480.1
   45.4  21135  -69.3                         254     17  493.2         493.2
   42.0  21610  -62.4                         320     21  521.4         521.4
   41.5  21683  -61.3                         313     23  525.9         525.9
   40.0  21911  -61.6                         290     29  530.8         530.8
   33.0  23101  -62.9                         260     16  557.2         557.2
   30.4  23608  -63.5                         165      6  568.8         568.8
   30.0  23690  -62.5                         150      4  573.7         573.7
   29.0  23901  -60.3                         200      8  585.3         585.3
   27.7  24187  -57.3                         177     10  601.4         601.4
   26.0  24586  -57.3                         145     12  612.5         612.5
   24.0  25091  -57.2                         135     14  626.8         626.8
   23.0  25359  -57.2                          90     10  634.5         634.5
   20.0  26240  -57.1                          70     29  660.6         660.6
   17.0  27277  -55.4                          75     14  697.6         697.6
   16.0  27663  -54.7                         105     19  711.9         711.9
   15.0  28075  -54.0                         115     31  727.4         727.4
   14.8  28161  -53.9                         112     34  730.7         730.7
   13.0  29011  -47.3                          85     58  781.1         781.1
   12.4  29321  -44.9                          86     64  800.1         800.1
   11.0  30122  -44.9                          90     78  828.0         828.0
   10.0  30760  -44.9                          85     74  850.8         850.8
    9.8  30895  -44.4                          90     80  857.7         857.7
    9.4  31175  -43.3                          91     79  872.1         872.1
    8.0  32269  -40.6                          95     76  924.0         924.0
    7.5  32707  -39.5                                     945.6         945.6
</PRE><H3>Station information and sounding indices</H3><PRE>
                         Station identifier: WIII
                             Station number: 96749
                           Observation time: 140221/0000
                           Station latitude: -6.11
                          Station longitude: 106.65
                          Station elevation: 8.0
                            Showalter index: -1.68
                               Lifted index: -2.54
    LIFT computed using virtual temperature: -2.82
                                SWEAT index: 223.00
                                    K index: 33.80
                         Cross totals index: 22.60
                      Vertical totals index: 24.30
                        Totals totals index: 46.90
      Convective Available Potential Energy: 593.13
             CAPE using virtual temperature: 674.59
                      Convective Inhibition: -41.41
             CINS using virtual temperature: -27.98
                           Equilibrum Level: 195.52
 Equilibrum Level using virtual temperature: 195.38
                   Level of Free Convection: 786.94
             LFCT using virtual temperature: 810.69
                     Bulk Richardson Number: 544.15
          Bulk Richardson Number using CAPV: 618.88
  Temp [K] of the Lifted Condensation Level: 293.91
Pres [hPa] of the Lifted Condensation Level: 953.48
   Equivalent potential temp [K] of the LCL: 345.89
     Mean mixed layer potential temperature: 297.95
              Mean mixed layer mixing ratio: 16.50
              1000 hPa to 500 hPa thickness: 5757.00
Precipitable water [mm] for entire sounding: 55.99
</PRE>
<P>Description of the 
<A HREF="/upperair/columns.html">data columns</A>
or <A HREF="/upperair/indices.html">sounding indices</A>.

<P>
<FORM>
<INPUT CLASS="button" TYPE="button" VALUE=" Close this window " 
 onClick="window.close();">
<INPUT CLASS="button" TYPE="button" VALUE=" Select another map " 
 onClick="window.blur();">
</FORM>
<HR SIZE="1">
<I>Interested in graduate studies in atmospheric science?
Check out our program at the
<a href="http://www.uwyo.edu/atsc/howtoapply/"
target=_top>University of Wyoming
</a></I>
<HR SIZE="1"><FONT SIZE="-1">
Questions about the weather data provided by this site can be
addressed to <A HREF="mailto:ldoolman@uwyo.edu">
Larry Oolman (ldoolman@uwyo.edu)</A></FONT>
<HR SIZE="1">
<SCRIPT TYPE="text/javascript">
<!--
window.focus();
// -->
</SCRIPT>
</BODY>
</HTML>
