2013-11-06 00
<HTML>
<TITLE>University of Wyoming - Radiosonde Data</TITLE>
<BODY BGCOLOR="white">
<H2>96749 WIII Jakarta Observations at 00Z 06 Nov 2013</H2>
<PRE>
-----------------------------------------------------------------------------
   PRES   HGHT   TEMP   DWPT   RELH   MIXR   DRCT   SKNT   THTA   THTE   THTV
    hPa     m      C      C      %    g/kg    deg   knot     K      K      K 
-----------------------------------------------------------------------------
 1009.0      8   25.0   23.6     92  18.57    170      2  297.4  351.4  300.7
 1000.0     87   25.4   22.9     86  17.94    165      2  298.6  351.0  301.8
  984.0    230   26.2   22.3     79  17.57    152      3  300.7  352.6  303.9
  976.0    302   25.6   22.1     81  17.53    145      4  300.9  352.6  304.0
  944.0    595   23.4   21.4     89  17.35     85      2  301.4  352.8  304.6
  925.0    774   22.0   21.0     94  17.25    125      4  301.8  352.9  304.9
  912.0    897   21.2   20.1     93  16.58    160      4  302.2  351.4  305.2
  864.0   1365   18.4   16.9     91  14.22    125     10  304.0  346.5  306.6
  850.0   1505   17.8   15.4     86  13.11    115     12  304.8  344.2  307.2
  822.0   1790   16.2   13.6     85  12.08    105     14  306.1  342.6  308.3
  793.0   2095   14.6   11.8     83  11.05    100     14  307.4  341.1  309.5
  767.0   2379   13.0   10.0     82  10.15     99     15  308.7  339.8  310.6
  704.0   3097    9.6    5.0     73   7.83     95     17  312.6  337.2  314.1
  700.0   3144    9.2    4.2     71   7.44     95     17  312.6  336.1  314.0
  687.0   3299    8.4    3.0     69   6.96    100     16  313.5  335.5  314.8
  670.0   3507    7.4    1.4     66   6.36    100     16  314.6  334.9  315.8
  663.0   3593    7.6   -4.4     42   4.18    100     16  315.7  329.4  316.5
  629.0   4024    4.0   -1.0     70   5.69    100     17  316.4  334.8  317.5
  616.0   4194    3.2   -3.1     63   4.95    100     17  317.4  333.5  318.3
  582.0   4653    1.0   -9.0     47   3.34    105     16  320.0  331.2  320.6
  576.0   4736    0.8   -6.2     59   4.20    106     16  320.7  334.7  321.5
  574.0   4764    0.8  -11.2     40   2.85    106     16  321.0  330.7  321.6
  569.0   4835    0.2   -5.8     64   4.38    107     16  321.1  335.7  322.0
  567.0   4863    0.4   -9.6     47   3.27    107     16  321.7  332.8  322.3
  562.0   4934    0.0  -13.0     37   2.51    108     16  322.0  330.7  322.5
  551.0   5091   -1.1  -13.2     39   2.51    110     16  322.6  331.2  323.1
  530.0   5400   -3.2  -13.7     44   2.51     85     14  323.7  332.4  324.2
  523.0   5506   -3.9  -13.9     46   2.51     86     13  324.0  332.7  324.5
  519.0   5567   -4.3   -6.6     84   4.52     87     13  324.3  339.5  325.1
  500.0   5860   -6.1  -10.2     73   3.54     90     10  325.5  337.6  326.2
  473.0   6292   -8.1  -12.7     70   3.07     95     10  328.2  338.9  328.9
  458.0   6543   -9.3  -14.1     68   2.82     66     10  329.8  339.7  330.4
  455.0   6594   -9.6  -14.3     68   2.79     60     10  330.1  339.9  330.7
  424.0   7137  -12.3  -16.8     69   2.44     55      8  333.3  342.1  333.8
  421.0   7191  -12.5  -18.4     62   2.15     55      8  333.7  341.5  334.1
  414.0   7319  -13.1  -22.1     47   1.58     48      7  334.6  340.4  334.9
  400.0   7580  -14.9  -20.9     60   1.82     35      6  335.5  342.2  335.9
  381.0   7946  -17.1  -23.1     60   1.57     24      5  337.3  343.2  337.7
  374.0   8082  -18.1  -24.1     59   1.46     20      4  337.8  343.2  338.1
  359.0   8383  -20.4  -26.4     59   1.24     20      2  338.7  343.4  338.9
  345.0   8675  -22.6  -28.6     58   1.05    340      4  339.6  343.6  339.8
  331.0   8979  -24.9  -30.9     57   0.88     10      6  340.5  343.9  340.6
  317.0   9296  -27.3  -33.3     57   0.73      1      6  341.4  344.3  341.5
  300.0   9690  -30.7  -35.7     61   0.61    350      6  342.0  344.4  342.1
  292.0   9879  -32.2  -37.2     61   0.54    340      6  342.5  344.7  342.6
  279.0  10197  -34.7  -39.6     61   0.44    300      4  343.4  345.1  343.4
  257.0  10771  -39.3  -44.1     60   0.30    293     10  344.8  346.0  344.8
  253.0  10879  -40.1  -44.6     62   0.29    291     11  345.1  346.3  345.2
  250.0  10960  -40.9                         290     12  345.1         345.1
  245.0  11094  -42.1                         295     12  345.4         345.4
  200.0  12440  -53.7                         325     14  347.6         347.6
  195.0  12597  -55.1                         325     14  347.9         347.9
  177.0  13196  -60.3                         330     10  349.1         349.1
  161.0  13782  -65.5                          10     16  350.0         350.0
  150.0  14220  -69.3                          15     19  350.5         350.5
  122.0  15428  -78.7                          37     26  354.7         354.7
  118.0  15616  -79.5                          40     27  356.7         356.7
  106.0  16221  -82.0                         330     17  363.1         363.1
  100.0  16550  -83.3                         325     19  366.5         366.5
   96.0  16776  -84.4                         325     16  368.7         368.7
   91.5  17041  -85.7                         350     10  371.2         371.2
   81.0  17732  -80.0                         115     10  396.0         396.0
   73.0  18321  -75.2                         120      8  418.2         418.2
   70.4  18527  -73.5                         163      6  426.1         426.1
   70.0  18560  -73.5                         170      6  426.8         426.8
   67.2  18799  -73.1                         187      7  432.7         432.7
   66.2  18888  -68.1                         194      8  445.4         445.4
   66.0  18906  -68.1                         195      8  445.8         445.8
   60.0  19481  -67.6                         290     14  459.2         459.2
   54.0  20116  -67.0                         245     17  474.6         474.6
   52.0  20343  -66.8                         230      8  480.2         480.2
   50.7  20496  -66.7                         249      7  484.0         484.0
   50.0  20580  -66.1                         260      6  487.3         487.3
   49.0  20703  -65.7                         285      6  491.0         491.0
   47.0  20958  -65.0                         310     17  498.6         498.6
   41.3  21748  -62.7                         277     23  523.1         523.1
   38.0  22270  -60.9                         255     27  540.4         540.4
   35.0  22785  -59.1                         275     14  557.9         557.9
   33.0  23153  -57.8                         290     23  570.8         570.8
   30.0  23750  -55.7                         275     29  592.2         592.2
   29.0  23965  -54.6                         275     29  601.0         601.0
   28.9  23987  -54.5                         273     29  601.9         601.9
   28.0  24189  -54.5                         250     25  607.2         607.2
   25.0  24910  -54.7                         260     31  626.6         626.6
   23.0  25441  -54.9                         250     33  641.3         641.3
   22.0  25723  -54.9                         255     33  649.3         649.3
   21.0  26020  -55.0                         245     21  657.8         657.8
   20.0  26330  -55.1                         265      8  666.8         666.8
   19.0  26659  -54.2                          40      8  679.5         679.5
   18.1  26970  -53.3                          58      8  691.7         691.7
   18.0  27005  -53.3                          60      8  692.9         692.9
   17.0  27373  -53.1                         330      8  704.9         704.9
   15.4  28020  -46.1                         346     21  748.1         748.1
   15.0  28195  -46.1                         350     25  753.8         753.8
   14.0  28654  -46.0                         320     23  768.9         768.9
   12.0  29679  -46.0                         275     16  803.8         803.8
   11.0  30257  -45.9                         165      2  824.2         824.2
   10.3  30695  -45.9                         110     21  840.0         840.0
   10.0                                        85     29                     
</PRE><H3>Station information and sounding indices</H3><PRE>
                         Station identifier: WIII
                             Station number: 96749
                           Observation time: 131106/0000
                           Station latitude: -6.11
                          Station longitude: 106.65
                          Station elevation: 8.0
                            Showalter index: -0.87
                               Lifted index: -3.78
    LIFT computed using virtual temperature: -4.27
                                SWEAT index: 218.81
                                    K index: 34.30
                         Cross totals index: 21.50
                      Vertical totals index: 23.90
                        Totals totals index: 45.40
      Convective Available Potential Energy: 1237.77
             CAPE using virtual temperature: 1401.48
                      Convective Inhibition: -17.17
             CINS using virtual temperature: -15.18
                           Equilibrum Level: 139.93
 Equilibrum Level using virtual temperature: 139.03
                   Level of Free Convection: 878.95
             LFCT using virtual temperature: 888.60
                     Bulk Richardson Number: 97.20
          Bulk Richardson Number using CAPV: 110.06
  Temp [K] of the Lifted Condensation Level: 294.79
Pres [hPa] of the Lifted Condensation Level: 939.36
   Equivalent potential temp [K] of the LCL: 352.08
     Mean mixed layer potential temperature: 300.12
              Mean mixed layer mixing ratio: 17.69
              1000 hPa to 500 hPa thickness: 5773.00
Precipitable water [mm] for entire sounding: 55.77
</PRE>
<P>Description of the 
<A HREF="/upperair/columns.html">data columns</A>
or <A HREF="/upperair/indices.html">sounding indices</A>.

<P>
<FORM>
<INPUT CLASS="button" TYPE="button" VALUE=" Close this window " 
 onClick="window.close();">
<INPUT CLASS="button" TYPE="button" VALUE=" Select another map " 
 onClick="window.blur();">
</FORM>
<HR SIZE="1">
<I>Interested in graduate studies in atmospheric science?
Check out our program at the
<a href="http://www.uwyo.edu/atsc/howtoapply/"
target=_top>University of Wyoming
</a></I>
<HR SIZE="1"><FONT SIZE="-1">
Questions about the weather data provided by this site can be
addressed to <A HREF="mailto:ldoolman@uwyo.edu">
Larry Oolman (ldoolman@uwyo.edu)</A></FONT>
<HR SIZE="1">
<SCRIPT TYPE="text/javascript">
<!--
window.focus();
// -->
</SCRIPT>
</BODY>
</HTML>
