2014-06-09 12
<HTML>
<TITLE>University of Wyoming - Radiosonde Data</TITLE>
<BODY BGCOLOR="white">
<H2>96749 WIII Jakarta Observations at 00Z 09 Jun 2014</H2>
<PRE>
-----------------------------------------------------------------------------
   PRES   HGHT   TEMP   DWPT   RELH   MIXR   DRCT   SKNT   THTA   THTE   THTV
    hPa     m      C      C      %    g/kg    deg   knot     K      K      K 
-----------------------------------------------------------------------------
 1006.0      8   26.2   23.7     86  18.74    175      4  298.8  353.7  302.2
 1000.0     60   26.2   23.5     85  18.63    160      6  299.4  354.0  302.7
  973.0    302   25.4   21.6     80  17.05     90     10  300.9  351.1  303.9
  943.0    578   24.4   19.5     74  15.38     87     14  302.6  348.3  305.4
  925.0    747   23.8   16.8     65  13.18     85     16  303.6  343.1  306.0
  909.0    899   23.0   16.2     66  12.92     85     19  304.4  343.1  306.7
  850.0   1482   20.0   14.0     68  11.96     75     10  307.1  343.4  309.3
  819.0   1802   18.8   11.5     62  10.48     70     12  309.1  341.3  311.0
  804.0   1961   18.2   10.2     60   9.81     86      7  310.1  340.4  311.9
  794.0   2069   18.4    3.4     37   6.19     97      3  311.4  331.0  312.6
  791.0   2101   18.1    4.6     41   6.76    100      2  311.4  332.7  312.7
  784.0   2177   17.4    7.4     52   8.30     98      2  311.5  337.4  313.0
  762.0   2420   16.6    2.6     39   6.09     92      3  313.1  332.5  314.3
  737.0   2702   14.8    2.4     43   6.20     85      4  314.2  334.0  315.4
  712.0   2993   12.9    2.1     48   6.30    120      4  315.2  335.4  316.4
  700.0   3137   12.0    2.0     50   6.36    110      4  315.7  336.1  316.9
  662.0   3597    8.9    0.7     56   6.11     80      8  317.4  337.1  318.6
  615.0   4203    4.9   -1.1     65   5.79     60      6  319.5  338.4  320.6
  579.0   4700    1.6   -2.5     74   5.53     44      8  321.2  339.4  322.2
  571.0   4812    1.1   -4.2     68   4.92     40      8  321.9  338.2  322.8
  554.0   5056    0.0   -8.0     55   3.80     50      6  323.4  336.2  324.1
  530.0   5408   -2.4  -12.2     47   2.85     65      4  324.6  334.4  325.1
  514.0   5652   -4.1  -15.1     42   2.31     44      2  325.4  333.5  325.9
  511.0   5698   -4.2  -16.5     38   2.07     40      2  325.8  333.1  326.2
  500.0   5870   -4.7  -21.7     25   1.36     70      4  327.2  332.2  327.5
  493.0   5980   -5.3  -22.3     25   1.30     92      4  327.8  332.6  328.1
  492.0   5996   -5.4  -22.1     26   1.33     95      4  327.8  332.7  328.1
  474.0   6286   -8.1  -18.1     44   1.95     67      4  328.1  335.0  328.5
  473.0   6303   -8.0  -19.4     40   1.75     65      4  328.3  334.6  328.7
  460.0   6519   -7.3  -36.3      8   0.38     63      7  331.9  333.4  332.0
  412.0   7366  -12.5  -46.5      4   0.14     57     18  335.8  336.4  335.8
  400.0   7590  -13.5  -45.5      5   0.16     55     21  337.4  338.1  337.4
  374.0   8093  -16.9  -46.4      6   0.16     50     16  339.3  340.0  339.4
  360.0   8379  -18.9  -46.9      7   0.16     40      6  340.4  341.1  340.5
  333.0   8962  -22.9  -47.9      8   0.15    251      8  342.6  343.3  342.7
  332.0   8984  -23.1  -48.1      8   0.15    245      8  342.7  343.3  342.7
  300.0   9720  -28.5  -56.5      5   0.06    245     10  345.1  345.4  345.1
  293.0   9884  -29.9  -57.2      5   0.06    240     12  345.5  345.7  345.5
  281.0  10176  -32.3  -58.5      6   0.05    250     12  346.1  346.4  346.1
  269.0  10480  -34.8  -59.9      6   0.04    285     10  346.8  347.0  346.8
  257.0  10798  -37.5  -61.2      7   0.04    280      6  347.4  347.6  347.4
  250.0  10990  -39.1  -62.1      7   0.04    245      4  347.8  348.0  347.8
  246.0  11100  -39.9  -63.7      6   0.03    225      4  348.2  348.4  348.2
  245.0  11128  -40.1  -64.1      6   0.03    224      4  348.3  348.4  348.3
  225.0  11696  -45.0                         195      8  349.3         349.3
  215.0  11998  -47.7                         205     12  349.8         349.8
  200.0  12480  -51.9                         150      4  350.4         350.4
  196.0  12606  -53.0                         135      4  350.7         350.7
  179.0  13174  -57.9                         355      4  351.9         351.9
  170.0  13497  -60.7                          30     14  352.4         352.4
  150.0  14280  -67.5                          30     29  353.6         353.6
  147.0  14400  -68.2                          30     33  354.5         354.5
  134.0  14952  -71.3                          53     14  358.4         358.4
  133.0  14995  -71.6                          55     12  358.7         358.7
  126.0  15305  -73.7                         100      4  360.5         360.5
  120.0  15586  -75.6                         200     12  362.1         362.1
  108.0  16192  -79.7                         200     21  365.4         365.4
  103.0  16464  -81.5                         190      6  366.9         366.9
  102.0  16519  -81.3                         185      6  368.3         368.3
  100.0  16630  -80.9                         220      6  371.2         371.2
   97.0  16803  -80.8                         265      6  374.7         374.7
   92.0  17102  -80.5                         245     14  381.0         381.0
   87.0  17419  -80.2                         250     12  387.7         387.7
   83.0  17685  -80.0                         280     17  393.4         393.4
   71.0  18570  -79.2                         260     23  413.0         413.0
   70.0  18650  -79.1                         260     23  414.8         414.8
   64.8  19091  -77.9                         252     15  426.7         426.7
   63.3  19226  -73.7                         250     13  438.8         438.8
   60.0  19545  -72.2                         245      8  449.0         449.0
   55.0  20063  -69.7                         270     14  466.1         466.1
   52.0  20397  -68.0                         245     17  477.4         477.4
   50.0  20630  -66.9                         265     17  485.4         485.4
   48.8  20777  -65.3                         273     18  492.6         492.6
   47.0  21006  -65.5                         285     19  497.3         497.3
   45.0  21270  -65.8                         285     19  502.8         502.8
   43.0  21546  -66.1                         315     12  508.6         508.6
   42.0  21689  -66.3                           4     11  511.7         511.7
   41.0  21836  -65.8                          55     10  516.5         516.5
   39.0  22141  -64.8                          25      8  526.5         526.5
   36.0  22630  -63.1                          66     17  543.0         543.0
   33.2  23127  -64.3                         107     26  552.5         552.5
   33.0  23165  -63.8                         110     27  554.9         554.9
   30.0  23760  -55.5                          80     39  592.7         592.7
   29.6  23846  -53.7                          78     38  599.9         599.9
   29.0  23977  -53.9                          75     37  603.0         603.0
   24.5  25056  -55.3                          97     39  628.6         628.6
   24.0  25189  -55.0                         100     39  633.3         633.3
   20.0  26360  -52.1                          95     58  675.9         675.9
   19.7  26458  -52.1                          95     58  678.9         678.9
   16.1  27779  -46.9                          93     55  736.1         736.1
   11.2  30186  -46.1                          91     49  819.4         819.4
   10.6  30555  -41.7                          90     48  848.5         848.5
   10.0  30950  -41.5                          90     47  863.5         863.5
    9.0  31667  -40.9                          80     45  892.2         892.2
    8.0  32468  -40.2                          75     52  925.3         925.3
    7.8  32640  -40.1                                     932.6         932.6
</PRE><H3>Station information and sounding indices</H3><PRE>
                         Station identifier: WIII
                             Station number: 96749
                           Observation time: 140609/0000
                           Station latitude: -6.11
                          Station longitude: 106.65
                          Station elevation: 8.0
                            Showalter index: 0.82
                               Lifted index: -2.19
    LIFT computed using virtual temperature: -3.02
                                SWEAT index: 192.01
                                    K index: 28.70
                         Cross totals index: 18.70
                      Vertical totals index: 24.70
                        Totals totals index: 43.40
      Convective Available Potential Energy: 403.44
             CAPE using virtual temperature: 543.96
                      Convective Inhibition: -204.42
             CINS using virtual temperature: -119.70
                           Equilibrum Level: 192.31
 Equilibrum Level using virtual temperature: 192.18
                   Level of Free Convection: 655.54
             LFCT using virtual temperature: 691.92
                     Bulk Richardson Number: 313.53
          Bulk Richardson Number using CAPV: 422.73
  Temp [K] of the Lifted Condensation Level: 294.28
Pres [hPa] of the Lifted Condensation Level: 928.95
   Equivalent potential temp [K] of the LCL: 351.54
     Mean mixed layer potential temperature: 300.56
              Mean mixed layer mixing ratio: 17.35
              1000 hPa to 500 hPa thickness: 5810.00
Precipitable water [mm] for entire sounding: 46.35
</PRE>
<P>Description of the 
<A HREF="/upperair/columns.html">data columns</A>
or <A HREF="/upperair/indices.html">sounding indices</A>.

<P>
<FORM>
<INPUT CLASS="button" TYPE="button" VALUE=" Close this window " 
 onClick="window.close();">
<INPUT CLASS="button" TYPE="button" VALUE=" Select another map " 
 onClick="window.blur();">
</FORM>
<HR SIZE="1">
<I>Interested in graduate studies in atmospheric science?
Check out our program at the
<a href="http://www.uwyo.edu/atsc/howtoapply/"
target=_top>University of Wyoming
</a></I>
<HR SIZE="1"><FONT SIZE="-1">
Questions about the weather data provided by this site can be
addressed to <A HREF="mailto:ldoolman@uwyo.edu">
Larry Oolman (ldoolman@uwyo.edu)</A></FONT>
<HR SIZE="1">
<SCRIPT TYPE="text/javascript">
<!--
window.focus();
// -->
</SCRIPT>
</BODY>
</HTML>
