2014-08-05 12
<HTML>
<TITLE>University of Wyoming - Radiosonde Data</TITLE>
<BODY BGCOLOR="white">
<H2>96749 WIII Jakarta Observations at 00Z 05 Aug 2014</H2>
<PRE>
-----------------------------------------------------------------------------
   PRES   HGHT   TEMP   DWPT   RELH   MIXR   DRCT   SKNT   THTA   THTE   THTV
    hPa     m      C      C      %    g/kg    deg   knot     K      K      K 
-----------------------------------------------------------------------------
 1010.0      8   23.6   21.9     90  16.68    190      5  295.9  344.1  298.9
 1000.0     97   24.6   21.3     82  16.23    165      8  297.8  345.0  300.6
  996.0    132   25.6   21.3     77  16.30    154     10  299.1  346.8  302.0
  978.0    293   25.6   20.0     71  15.32    105     17  300.6  345.8  303.4
  972.0    348   25.6   19.6     69  15.00    105     18  301.2  345.5  303.9
  925.0    782   22.0   18.8     82  15.00    105     25  301.8  346.2  304.5
  913.0    895   21.3   18.2     82  14.59    100     25  302.2  345.5  304.9
  850.0   1514   17.6   14.7     83  12.52     90     19  304.6  342.2  306.9
  822.0   1800   16.2   13.5     84  11.95     85     16  306.1  342.2  308.3
  809.0   1936   15.6   12.9     84  11.69     92     14  306.8  342.2  308.9
  794.0   2095   14.7   11.9     83  11.14    100     12  307.5  341.4  309.6
  775.0   2300   13.6   10.6     82  10.46    107     11  308.4  340.4  310.4
  766.0   2398   13.2    9.9     81  10.12    110     10  309.0  340.1  310.9
  700.0   3153    9.8    4.8     71   7.76     80      8  313.3  337.8  314.8
  688.0   3296    9.3    2.8     64   6.86     80      8  314.3  336.1  315.6
  664.0   3590    8.3   -1.3     51   5.28     70      4  316.4  333.5  317.4
  661.0   3628    8.2   -1.8     49   5.10     66      5  316.7  333.2  317.6
  640.0   3890    6.5   -2.9     51   4.86     35     10  317.7  333.6  318.6
  617.0   4188    4.6   -4.1     53   4.60     35     14  318.8  333.9  319.7
  595.0   4483    2.6   -5.3     56   4.35     45     10  319.9  334.3  320.7
  566.0   4889    0.0   -7.0     59   4.02    355      6  321.4  334.8  322.2
  552.0   5088   -1.4   -9.1     56   3.49    330      4  322.1  333.9  322.8
  532.0   5382   -3.4  -12.2     50   2.83    330      2  323.1  332.8  323.6
  529.0   5427   -3.7  -12.7     50   2.74    313      2  323.2  332.6  323.8
  512.0   5684   -4.9  -16.8     39   2.02    215      4  324.8  332.0  325.2
  500.0   5870   -5.7  -19.7     32   1.61    320      4  326.0  331.8  326.3
  493.0   5980   -6.2  -20.2     32   1.56     25      4  326.7  332.3  327.0
  467.0   6404   -8.3  -22.3     31   1.38     51      4  329.2  334.2  329.5
  436.0   6935  -12.9  -17.9     66   2.16     84      4  329.9  337.6  330.3
  405.0   7496  -15.8  -28.5     33   0.90    120      4  333.2  336.6  333.4
  400.0   7590  -16.3  -30.3     29   0.77     95      6  333.7  336.7  333.9
  395.0   7685  -16.7  -34.7     19   0.51     72      8  334.4  336.4  334.5
  389.0   7798  -17.4  -37.1     16   0.41     45     10  334.9  336.6  335.0
  374.0   8090  -19.2  -43.3     10   0.22     40     12  336.3  337.3  336.4
  359.0   8394  -21.1  -49.7      6   0.11     70      6  337.8  338.3  337.8
  345.0   8689  -22.9  -55.9      3   0.06     70      8  339.2  339.4  339.2
  342.0   8754  -23.3  -57.3      3   0.05     81      8  339.5  339.7  339.5
  331.0   8992  -25.0  -41.8     19   0.30    120     10  340.3  341.5  340.4
  328.0   9059  -25.5  -37.5     32   0.47    120     10  340.5  342.4  340.6
  300.0   9700  -30.7  -43.7     27   0.27    120     12  342.0  343.1  342.1
  292.0   9887  -32.2  -45.9     25   0.22    130     14  342.5  343.4  342.5
  280.0  10178  -34.6  -49.2     21   0.15    140     14  343.2  343.9  343.2
  254.0  10852  -40.1  -57.1     15   0.07    110     14  344.7  345.1  344.8
  250.0  10960  -40.9                         105     14  345.1         345.1
  235.0  11370  -44.3                         100     14  346.2         346.2
  224.0  11688  -46.9                         105     14  346.9         346.9
  200.0  12440  -53.1                          65     17  348.5         348.5
  186.0  12892  -56.4                          45     25  350.4         350.4
  161.0  13790  -63.0                          50     45  354.0         354.0
  154.0  14066  -65.1                          55     45  355.1         355.1
  150.0  14230  -66.3                          60     43  355.7         355.7
  125.0  15307  -75.5                         100     31  358.1         358.1
  120.0  15549  -77.5                         103     34  358.6         358.6
  110.0  16047  -78.9                         110     39  365.0         365.0
  102.0  16477  -79.1                         105     35  372.6         372.6
  100.0  16590  -79.1                         105     35  374.6         374.6
   86.5  17416  -76.9                          86     24  394.9         394.9
   84.9  17524  -73.7                          83     23  403.5         403.5
   83.0  17656  -73.6                          80     21  406.4         406.4
   78.0  18018  -73.2                          85      8  414.5         414.5
   75.0  18247  -72.9                         285      2  419.7         419.7
   70.0  18650  -72.5                         260      6  428.9         428.9
   67.0  18909  -71.8                         250     10  435.9         435.9
   61.2  19445  -70.3                         250      8  450.6         450.6
   61.0  19465  -69.6                         250      8  452.7         452.7
   59.4  19625  -63.7                         189      6  469.3         469.3
   58.0  19771  -63.9                         135      4  472.1         472.1
   55.0  20097  -64.3                         325     12  478.3         478.3
   53.0  20323  -64.6                         325      6  482.7         482.7
   50.0  20680  -65.1                         285     10  489.7         489.7
   49.8  20704  -65.3                         284      9  489.8         489.8
   48.0  20930  -65.0                         270      2  495.6         495.6
   45.0  21326  -64.6                         110      6  505.9         505.9
   37.8  22394  -63.3                          88     34  535.0         535.0
   37.0  22527  -61.1                          85     37  544.0         544.0
   36.3  22646  -59.1                          84     39  552.0         552.0
   31.0  23635  -59.9                          80     52  575.3         575.3
   30.0  23840  -60.1                          80     52  580.2         580.2
   28.0  24271  -60.3                          85     50  591.2         591.2
   26.8  24546  -57.3                          88     49  607.1         607.1
   24.0  25249  -56.3                          95     47  629.4         629.4
   20.0  26410  -54.7                         100     52  668.0         668.0
   19.0  26741  -54.1                          95     54  679.6         679.6
   16.0  27849  -52.2                          90     58  720.0         720.0
   15.0  28266  -51.5                          95     58  735.8         735.8
   14.2  28619  -50.9                          93     56  749.5         749.5
   11.0  30302  -46.3                          85     47  822.9         822.9
   10.3  30735  -45.1                                     842.9         842.9
</PRE><H3>Station information and sounding indices</H3><PRE>
                         Station identifier: WIII
                             Station number: 96749
                           Observation time: 140805/0000
                           Station latitude: -6.11
                          Station longitude: 106.65
                          Station elevation: 8.0
                            Showalter index: 0.31
                               Lifted index: -1.04
    LIFT computed using virtual temperature: -1.66
                                SWEAT index: 218.40
                                    K index: 33.00
                         Cross totals index: 20.40
                      Vertical totals index: 23.30
                        Totals totals index: 43.70
      Convective Available Potential Energy: 143.03
             CAPE using virtual temperature: 218.56
                      Convective Inhibition: -125.88
             CINS using virtual temperature: -76.72
                           Equilibrum Level: 348.70
 Equilibrum Level using virtual temperature: 335.90
                   Level of Free Convection: 600.96
             LFCT using virtual temperature: 636.10
                     Bulk Richardson Number: 28.66
          Bulk Richardson Number using CAPV: 43.79
  Temp [K] of the Lifted Condensation Level: 292.44
Pres [hPa] of the Lifted Condensation Level: 917.03
   Equivalent potential temp [K] of the LCL: 345.59
     Mean mixed layer potential temperature: 299.79
              Mean mixed layer mixing ratio: 15.63
              1000 hPa to 500 hPa thickness: 5773.00
Precipitable water [mm] for entire sounding: 50.54
</PRE>
<P>Description of the 
<A HREF="/upperair/columns.html">data columns</A>
or <A HREF="/upperair/indices.html">sounding indices</A>.

<P>
<FORM>
<INPUT CLASS="button" TYPE="button" VALUE=" Close this window " 
 onClick="window.close();">
<INPUT CLASS="button" TYPE="button" VALUE=" Select another map " 
 onClick="window.blur();">
</FORM>
<HR SIZE="1">
<I>Interested in graduate studies in atmospheric science?
Check out our program at the
<a href="http://www.uwyo.edu/atsc/howtoapply/"
target=_top>University of Wyoming
</a></I>
<HR SIZE="1"><FONT SIZE="-1">
Questions about the weather data provided by this site can be
addressed to <A HREF="mailto:ldoolman@uwyo.edu">
Larry Oolman (ldoolman@uwyo.edu)</A></FONT>
<HR SIZE="1">
<SCRIPT TYPE="text/javascript">
<!--
window.focus();
// -->
</SCRIPT>
</BODY>
</HTML>
