2015-03-20 00
<HTML>
<TITLE>University of Wyoming - Radiosonde Data</TITLE>
<BODY BGCOLOR="white">
<H2>96749 WIII Jakarta Observations at 00Z 20 Mar 2015</H2>
<PRE>
-----------------------------------------------------------------------------
   PRES   HGHT   TEMP   DWPT   RELH   MIXR   DRCT   SKNT   THTA   THTE   THTV
    hPa     m      C      C      %    g/kg    deg   knot     K      K      K 
-----------------------------------------------------------------------------
 1011.0      8   24.4   21.5     84  16.25      0      0  296.6  343.7  299.5
 1000.0    104   24.6   20.9     80  15.83    155      2  297.8  343.8  300.6
  996.0    139   24.6   20.7     79  15.69    155      3  298.1  343.8  300.9
  989.0    202   26.6   19.6     65  14.74    155      5  300.7  344.2  303.4
  978.0    300   25.9   19.5     68  14.81    155      8  301.0  344.8  303.7
  945.0    602   23.9   19.2     75  15.04     90      4  301.9  346.5  304.6
  925.0    790   22.6   19.0     80  15.19    110      4  302.4  347.5  305.2
  913.0    903   21.9   18.2     80  14.65    125      4  302.8  346.4  305.4
  852.0   1502   17.9   14.2     79  12.06    215      8  304.6  340.9  306.9
  851.0   1512   17.8   14.1     79  12.02    215      8  304.7  340.8  306.9
  850.0   1522   18.0   13.3     74  11.42    215      8  305.0  339.4  307.1
  814.0   1892   16.2    8.2     59   8.45    225      8  306.9  332.8  308.4
  794.0   2103   15.0    7.8     62   8.40    230      8  307.8  333.6  309.4
  787.0   2178   14.6    7.6     63   8.39    230      6  308.1  334.0  309.7
  767.0   2396   13.2   10.1     82  10.20    230      2  308.9  340.2  310.8
  762.0   2451   12.8   10.7     87  10.71    225      3  309.0  341.9  311.0
  740.0   2696   11.3    9.0     85   9.81    200      6  310.1  340.4  311.9
  700.0   3160    8.6    5.7     82   8.27    250      4  312.0  337.8  313.5
  685.0   3339    7.6    3.3     74   7.13    264      3  312.8  335.3  314.1
  674.0   3472    7.0    2.1     71   6.65    275      3  313.6  334.7  314.8
  666.0   3570    6.4    4.1     85   7.77    283      2  314.0  338.5  315.4
  664.0   3595    6.3    3.8     84   7.64    285      2  314.1  338.3  315.6
  640.0   3895    4.8    0.5     74   6.25    245      2  315.8  335.8  316.9
  618.0   4181    3.4   -2.6     65   5.14    278      4  317.3  334.1  318.3
  617.0   4194    3.3   -2.6     65   5.14    280      4  317.4  334.1  318.4
  594.0   4500    1.8   -3.2     69   5.10    305      6  319.1  335.8  320.0
  577.0   4735    0.6   -3.7     73   5.07     14      4  320.3  337.0  321.3
  572.0   4805    0.2   -4.4     71   4.86     35      4  320.7  336.7  321.6
  569.0   4847    0.0   -4.8     70   4.73     32      4  320.9  336.6  321.8
  551.0   5103   -1.6   -8.3     60   3.73     15      2  321.9  334.5  322.7
  548.0   5147   -1.9   -8.9     59   3.58     31      3  322.1  334.2  322.8
  546.0   5176   -2.1   -5.1     80   4.82     42      3  322.2  338.2  323.1
  531.0   5396   -3.3   -6.5     78   4.44    125      6  323.3  338.2  324.2
  511.0   5699   -5.0   -8.5     77   3.96    135      6  324.8  338.3  325.6
  503.0   5823   -5.7   -9.3     76   3.78    128      7  325.5  338.3  326.2
  500.0   5870   -5.9  -10.5     70   3.46    125      8  325.8  337.6  326.5
  485.0   6109   -6.1  -14.1     53   2.66    120      8  328.4  337.7  328.9
  473.0   6305   -7.2  -15.4     52   2.45    115      8  329.4  338.1  329.9
  455.0   6607   -8.8  -17.5     50   2.14    115      4  331.0  338.6  331.4
  440.0   6868  -10.3  -19.3     48   1.90    101      5  332.3  339.2  332.7
  435.0   6957  -10.5  -15.4     67   2.67     96      5  333.2  342.7  333.7
  432.0   7010  -10.7  -17.7     56   2.22     93      5  333.6  341.6  334.0
  405.0   7505  -13.6  -21.5     51   1.71     65      6  336.1  342.4  336.4
  402.0   7562  -13.9  -21.9     51   1.66     74      6  336.4  342.5  336.7
  400.0   7600  -14.3  -23.3     46   1.47     80      6  336.3  341.8  336.6
  382.0   7947  -17.5  -27.5     41   1.05    118      7  336.6  340.6  336.8
  375.0   8085  -17.9  -22.5     67   1.69    133      8  337.8  344.1  338.1
  374.0   8105  -18.1  -24.2     58   1.45    135      8  337.9  343.3  338.2
  371.0   8165  -18.5  -29.5     37   0.90    136      8  338.1  341.5  338.2
  359.0   8409  -20.1  -26.3     58   1.25    140     10  339.1  343.9  339.4
  356.0   8471  -20.5  -25.5     64   1.36    135     10  339.4  344.5  339.6
  345.0   8702  -22.5  -31.7     43   0.78    115     12  339.7  342.7  339.9
  343.0   8745  -22.9  -32.9     40   0.70    116     12  339.7  342.5  339.9
  339.0   8830  -23.7  -28.4     65   1.09    119     11  339.8  344.0  340.0
  304.0   9615  -29.8  -34.1     66   0.71    145      8  342.0  344.8  342.2
  300.0   9710  -30.5  -34.8     66   0.67    145     10  342.3  344.9  342.4
  268.0  10496  -36.6  -42.0     57   0.36    130      6  344.6  346.1  344.7
  257.0  10788  -38.8  -44.6     54   0.28    105      4  345.5  346.6  345.5
  251.0  10953  -40.1  -46.1     53   0.24     58      2  345.9  347.0  346.0
  250.0  10980  -40.3                          50      2  346.0         346.0
  246.0  11087  -41.2                          15      2  346.2         346.2
  235.0  11390  -43.9                         315      4  346.8         346.8
  200.0  12460  -53.1                         340     10  348.5         348.5
  178.0  13185  -59.0                           5     10  350.6         350.6
  170.0  13471  -61.4                          35      6  351.4         351.4
  162.0  13771  -63.8                         110      8  352.2         352.2
  150.0  14250  -67.7                         130     10  353.3         353.3
  146.0  14407  -68.8                         140     10  354.1         354.1
  139.0  14693  -70.8                         135     10  355.5         355.5
  132.0  14994  -73.0                          90     12  357.0         357.0
  119.0  15597  -77.2                          60     27  359.9         359.9
  110.0  16055  -80.5                          65     24  362.0         362.0
  102.0  16479  -81.6                          70     21  367.7         367.7
  100.0  16590  -81.9                          70     21  369.2         369.2
   96.0  16816  -83.0                          75     19  371.5         371.5
   90.0  17174  -84.7                         100     31  375.0         375.0
   86.0  17428  -83.5                         100     35  382.3         382.3
   82.0  17695  -82.3                          75     27  390.1         390.1
   78.0  17974  -80.9                          70     16  398.4         398.4
   74.0  18269  -79.6                         110     10  407.3         407.3
   70.0  18580  -78.1                         105     17  417.0         417.0
   66.0  18917  -77.9                         115     21  424.5         424.5
   63.0  19183  -77.7                          85     37  430.6         430.6
   62.9  19192  -77.7                          85     37  430.8         430.8
   57.0  19768  -69.9                          85     17  460.7         460.7
   56.4  19830  -69.1                          95     16  464.0         464.0
   54.0  20090  -69.2                         135     12  469.6         469.6
   51.0  20432  -69.3                         140     21  477.1         477.1
   50.0  20550  -69.3                         130     23  479.8         479.8
   43.7  21359  -67.7                         107     37  502.5         502.5
   42.0  21603  -66.9                         100     41  510.2         510.2
   33.0  23084  -62.0                          85     52  559.5         559.5
   30.0  23670  -60.1                          95     56  580.2         580.2
   22.4  25516  -53.8                          95     84  649.4         649.4
   22.1  25602  -53.5                          95     84  652.8         652.8
   22.0  25631  -53.3                          95     84  654.3         654.3
   21.0  25933  -50.8                          95     84  670.4         670.4
   20.0  26250  -48.3                          90     76  687.6         687.6
   19.3  26486  -44.9                          75     58  705.1         705.1
   18.9  26628  -41.1                          66     48  721.1         721.1
   18.0  26954  -42.4                          45     23  727.3         727.3
   17.0  27337  -43.8                          20     16  734.6         734.6
   16.0  27743  -45.4                          50      4  742.4         742.4
   15.0  28176  -47.0                         180     12  750.8         750.8
   14.6  28357  -47.7                         170     16  754.3         754.3
   13.3  28982  -40.9                         118     26  798.0         798.0
   13.0  29139  -40.5                         105     29  804.4         804.4
   11.0  30286  -38.0                          50     17  853.1         853.1
   10.0  30940  -36.5                         100      8  882.1         882.1
    9.4  31369  -36.3                          91     10  898.6         898.6
    9.0  31673  -33.8                          85     12  919.5         919.5
    8.8  31830  -32.5                          62     12  930.4         930.4
    8.0  32501  -32.5                         325     12  956.3         956.3
    7.0  33442  -32.4                         300      4  993.8         993.8
    6.1  34412  -32.3                          83      4 1034.0        1034.0
    6.0                                       100      4                     
</PRE><H3>Station information and sounding indices</H3><PRE>
                         Station identifier: WIII
                             Station number: 96749
                           Observation time: 150320/0000
                           Station latitude: -6.11
                          Station longitude: 106.65
                          Station elevation: 8.0
                            Showalter index: 1.24
                               Lifted index: -0.81
    LIFT computed using virtual temperature: -1.11
                                SWEAT index: 183.61
                                    K index: 34.30
                         Cross totals index: 19.20
                      Vertical totals index: 23.90
                        Totals totals index: 43.10
      Convective Available Potential Energy: 64.64
             CAPE using virtual temperature: 107.67
                      Convective Inhibition: -122.11
             CINS using virtual temperature: -95.49
                           Equilibrum Level: 489.86
 Equilibrum Level using virtual temperature: 485.43
                   Level of Free Convection: 720.80
             LFCT using virtual temperature: 738.08
                     Bulk Richardson Number: 39.60
          Bulk Richardson Number using CAPV: 65.97
  Temp [K] of the Lifted Condensation Level: 291.87
Pres [hPa] of the Lifted Condensation Level: 909.39
   Equivalent potential temp [K] of the LCL: 344.48
     Mean mixed layer potential temperature: 299.92
              Mean mixed layer mixing ratio: 15.20
              1000 hPa to 500 hPa thickness: 5766.00
Precipitable water [mm] for entire sounding: 52.85
</PRE>
<P>Description of the 
<A HREF="/upperair/columns.html">data columns</A>
or <A HREF="/upperair/indices.html">sounding indices</A>.

<P>
<FORM>
<INPUT CLASS="button" TYPE="button" VALUE=" Close this window " 
 onClick="window.close();">
<INPUT CLASS="button" TYPE="button" VALUE=" Select another map " 
 onClick="window.blur();">
</FORM>
<HR SIZE="1">
<I>Interested in graduate studies in atmospheric science?
Check out our program at the
<a href="http://www.uwyo.edu/atsc/howtoapply/"
target=_top>University of Wyoming
</a></I>
<HR SIZE="1"><FONT SIZE="-1">
Questions about the weather data provided by this site can be
addressed to <A HREF="mailto:ldoolman@uwyo.edu">
Larry Oolman (ldoolman@uwyo.edu)</A></FONT>
<HR SIZE="1">
<SCRIPT TYPE="text/javascript">
<!--
window.focus();
// -->
</SCRIPT>
</BODY>
</HTML>
