2014-11-10 00
<HTML>
<TITLE>University of Wyoming - Radiosonde Data</TITLE>
<BODY BGCOLOR="white">
<H2>96749 WIII Jakarta Observations at 00Z 10 Nov 2014</H2>
<PRE>
-----------------------------------------------------------------------------
   PRES   HGHT   TEMP   DWPT   RELH   MIXR   DRCT   SKNT   THTA   THTE   THTV
    hPa     m      C      C      %    g/kg    deg   knot     K      K      K 
-----------------------------------------------------------------------------
 1011.0      8   26.0   22.9     83  17.74    200      4  298.2  350.0  301.4
 1000.0    102   25.0   21.7     82  16.64    190      6  298.1  346.7  301.1
  999.0    111   25.0   21.7     82  16.66    189      6  298.2  346.8  301.2
  978.0    298   25.6   20.3     72  15.57    165     10  300.6  346.6  303.4
  971.0    362   25.8   19.8     69  15.21    163      9  301.5  346.5  304.2
  945.0    600   24.1   19.1     74  14.98    155      4  302.1  346.6  304.8
  925.0    788   22.8   18.6     77  14.80    175      2  302.6  346.6  305.3
  913.0    901   22.0   18.1     79  14.58    190      2  302.9  346.3  305.5
  850.0   1520   17.4   15.7     90  13.37    115      4  304.4  344.4  306.8
  822.0   1805   15.9   13.7     87  12.09     85      4  305.7  342.2  307.9
  793.0   2111   14.2   11.4     83  10.83     80     10  307.1  340.0  309.1
  782.0   2230   13.6   10.6     82  10.37     81     10  307.6  339.3  309.5
  700.0   3158    9.0    3.0     66   6.83     85     12  312.4  334.0  313.7
  687.0   3313    8.3    1.8     64   6.37     80     14  313.3  333.5  314.5
  675.0   3459    7.6    0.6     61   5.96     82     14  314.1  333.1  315.2
  666.0   3569    6.8    2.5     74   6.93     84     14  314.4  336.4  315.7
  662.0   3619    7.0   -2.0     53   5.02     85     14  315.2  331.4  316.1
  654.0   3718    6.2   -0.8     61   5.55     87     14  315.4  333.3  316.4
  639.0   3908    5.6   -4.4     49   4.34     90     14  316.8  331.0  317.6
  619.0   4167    3.2   -1.0     74   5.78     77     12  316.9  335.6  318.1
  617.0   4193    3.6   -7.4     44   3.57     76     12  317.7  329.6  318.4
  616.0   4206    3.5   -7.4     45   3.57     75     12  317.8  329.6  318.4
  572.0   4804    0.2   -8.0     54   3.69     70     10  320.6  333.0  321.3
  570.0   4832    0.0   -8.0     55   3.69     72     10  320.7  333.1  321.5
  551.0   5102   -1.7   -7.1     67   4.09     90      6  321.8  335.5  322.6
  536.0   5322   -3.1   -6.4     78   4.45     88      5  322.7  337.6  323.6
  516.0   5622   -4.3   -8.1     75   4.05     86      4  324.8  338.5  325.6
  510.0   5714   -4.6   -9.2     70   3.77     85      4  325.6  338.4  326.3
  507.0   5761   -4.7   -9.7     68   3.63     79      4  325.9  338.4  326.7
  500.0   5870   -5.1  -11.1     63   3.29     65      4  326.8  338.1  327.4
  491.0   6013   -5.8  -12.6     59   2.99     45      4  327.6  338.0  328.2
  473.0   6306   -7.2  -15.5     52   2.43     55      6  329.3  337.9  329.8
  465.0   6440   -7.9  -16.9     48   2.20     64      7  330.1  338.0  330.6
  439.0   6887  -10.9  -18.9     52   1.97     93     10  331.8  338.9  332.2
  424.0   7155  -12.1  -21.1     47   1.69    111     12  333.6  339.8  333.9
  421.0   7209  -12.2  -30.2     21   0.74    115     12  334.1  336.9  334.2
  420.0   7228  -12.3  -33.3     16   0.55    116     12  334.2  336.4  334.3
  405.0   7505  -14.2  -46.4      5   0.15    130     10  335.2  335.8  335.2
  400.0   7600  -14.9  -50.9      3   0.09    130     10  335.5  335.9  335.6
  395.0   7695  -15.5  -51.5      3   0.08    128      9  336.0  336.3  336.0
  389.0   7810  -16.6  -37.4     15   0.40    125      8  336.0  337.6  336.1
  384.0   7907  -17.5  -25.5     50   1.26    113      8  336.1  340.8  336.3
  374.0   8104  -18.1  -26.1     50   1.22     90      8  337.8  342.4  338.1
  364.0   8306  -19.3  -33.3     28   0.64     85      7  338.8  341.3  339.0
  352.0   8554  -21.1  -31.1     40   0.82     79      7  339.7  342.8  339.8
  344.0   8723  -22.7  -37.1     26   0.46     75      6  339.7  341.6  339.8
  343.0   8744  -22.9  -37.9     24   0.43     76      6  339.7  341.5  339.8
  334.0   8938  -24.5  -31.5     52   0.83     82      7  340.1  343.4  340.3
  330.0   9025  -25.1  -32.5     50   0.76     85      8  340.4  343.4  340.6
  317.0   9314  -27.2  -35.7     44   0.58     55      2  341.5  343.8  341.6
  304.0   9615  -29.4  -39.0     39   0.43    315      2  342.5  344.3  342.6
  300.0   9710  -30.1  -40.1     37   0.39    300      2  342.8  344.4  342.9
  292.0   9901  -31.9  -41.0     40   0.37    265      2  343.0  344.5  343.1
  282.0  10148  -34.1  -42.1     44   0.34    280      2  343.2  344.6  343.3
  279.0  10222  -34.7  -42.8     44   0.31    285      2  343.4  344.7  343.4
  268.0  10500  -37.0  -45.5     41   0.24    330      2  344.0  345.0  344.0
  256.0  10817  -39.6  -48.6     38   0.18     90      4  344.6  345.4  344.7
  254.0  10872  -40.1  -49.1     38   0.17     97      4  344.7  345.5  344.8
  250.0  10980  -40.9                         110      4  345.1         345.1
  245.0  11113  -42.1                         125      4  345.4         345.4
  235.0  11388  -44.5                         115      2  345.9         345.9
  224.0  11703  -47.2                         300      4  346.5         346.5
  205.0  12287  -52.3                         320      6  347.4         347.4
  200.0  12450  -53.7                         305      8  347.6         347.6
  195.0  12607  -55.1                         290     10  347.9         347.9
  153.0  14107  -68.0                         340     10  350.7         350.7
  150.0  14230  -69.1                         345     10  350.9         350.9
  132.0  14978  -74.8                          30     14  353.7         353.7
  125.0  15297  -77.3                          30     14  354.8         354.8
  112.0  15919  -79.9                         300     16  361.2         361.2
  102.0  16449  -82.1                         270      8  366.8         366.8
  101.0  16504  -82.0                         270      8  368.0         368.0
  100.0  16560  -81.9                         275      8  369.2         369.2
   96.0  16789  -82.0                         285      8  373.5         373.5
   91.0  17089  -82.0                         215      8  379.1         379.1
   86.5  17374  -82.1                          94      6  384.5         384.5
   86.0  17407  -81.8                          80      6  385.6         385.6
   82.0  17681  -79.7                           5     16  395.3         395.3
   74.0  18271  -75.0                         305     12  416.9         416.9
   70.0  18590  -72.5                         305     16  428.9         428.9
   67.6  18797  -71.5                         273     22  435.4         435.4
   67.0  18850  -71.4                         265     23  436.7         436.7
   57.0  19817  -70.1                         280     16  460.2         460.2
   54.0  20140  -69.7                         265      8  468.4         468.4
   52.0  20366  -69.4                         155     10  474.2         474.2
   50.0  20600  -69.1                         130     16  480.2         480.2
   47.0  20971  -68.4                         100     25  490.5         490.5
   39.3  22044  -66.3                          95     42  521.5         521.5
   32.0  23312  -59.6                          90     62  570.9         570.9
   30.0  23710  -57.5                          90     64  587.3         587.3
   26.2  24570  -54.3                          90     68  619.5         619.5
   24.0  25135  -53.3                          90     70  638.3         638.3
   20.0  26310  -51.1                          90     66  679.0         679.0
   17.0  27379  -47.5                          90     70  722.8         722.8
   16.5  27575  -46.9                          85     76  731.1         731.1
   15.8  27860  -45.9                                     743.3         743.3
</PRE><H3>Station information and sounding indices</H3><PRE>
                         Station identifier: WIII
                             Station number: 96749
                           Observation time: 141110/0000
                           Station latitude: -6.11
                          Station longitude: 106.65
                          Station elevation: 8.0
                            Showalter index: 0.03
                               Lifted index: -0.90
    LIFT computed using virtual temperature: -1.28
                                SWEAT index: 200.40
                                    K index: 32.20
                         Cross totals index: 20.80
                      Vertical totals index: 22.50
                        Totals totals index: 43.30
      Convective Available Potential Energy: 180.46
             CAPE using virtual temperature: 302.13
                      Convective Inhibition: -66.95
             CINS using virtual temperature: -57.25
                           Equilibrum Level: 251.12
 Equilibrum Level using virtual temperature: 253.53
                   Level of Free Convection: 798.51
             LFCT using virtual temperature: 824.57
                     Bulk Richardson Number: 17.07
          Bulk Richardson Number using CAPV: 28.58
  Temp [K] of the Lifted Condensation Level: 292.79
Pres [hPa] of the Lifted Condensation Level: 918.40
   Equivalent potential temp [K] of the LCL: 346.82
     Mean mixed layer potential temperature: 300.01
              Mean mixed layer mixing ratio: 15.97
              1000 hPa to 500 hPa thickness: 5768.00
Precipitable water [mm] for entire sounding: 52.00
</PRE>
<P>Description of the 
<A HREF="/upperair/columns.html">data columns</A>
or <A HREF="/upperair/indices.html">sounding indices</A>.

<P>
<FORM>
<INPUT CLASS="button" TYPE="button" VALUE=" Close this window " 
 onClick="window.close();">
<INPUT CLASS="button" TYPE="button" VALUE=" Select another map " 
 onClick="window.blur();">
</FORM>
<HR SIZE="1">
<I>Interested in graduate studies in atmospheric science?
Check out our program at the
<a href="http://www.uwyo.edu/atsc/howtoapply/"
target=_top>University of Wyoming
</a></I>
<HR SIZE="1"><FONT SIZE="-1">
Questions about the weather data provided by this site can be
addressed to <A HREF="mailto:ldoolman@uwyo.edu">
Larry Oolman (ldoolman@uwyo.edu)</A></FONT>
<HR SIZE="1">
<SCRIPT TYPE="text/javascript">
<!--
window.focus();
// -->
</SCRIPT>
</BODY>
</HTML>
