2014-02-09 00
<HTML>
<TITLE>University of Wyoming - Radiosonde Data</TITLE>
<BODY BGCOLOR="white">
<H2>96749 WIII Jakarta Observations at 00Z 09 Feb 2014</H2>
<PRE>
-----------------------------------------------------------------------------
   PRES   HGHT   TEMP   DWPT   RELH   MIXR   DRCT   SKNT   THTA   THTE   THTV
    hPa     m      C      C      %    g/kg    deg   knot     K      K      K 
-----------------------------------------------------------------------------
 1006.0      8   24.8   23.9     95  18.98    250      1  297.4  352.6  300.8
 1000.0     62   24.8   22.9     89  17.94    265      4  297.9  350.2  301.1
  974.0    293   23.4   21.8     90  17.19    335     12  298.8  349.1  301.9
  925.0    746   20.8   19.6     93  15.78    330     17  300.6  347.1  303.4
  909.0    896   19.9   18.6     92  15.06    330     16  301.1  345.6  303.8
  850.0   1474   16.2   14.7     91  12.52    320     25  303.1  340.5  305.4
  847.0   1504   16.1   14.6     91  12.52    320     25  303.3  340.7  305.6
  831.0   1667   15.4   14.3     93  12.48    323     24  304.2  341.6  306.5
  789.0   2104   13.8   12.1     90  11.38    330     21  307.0  341.6  309.1
  762.0   2397   12.7   10.7     88  10.69    305     19  308.9  341.7  310.9
  735.0   2701   11.5    9.2     85  10.00    330     16  310.9  341.8  312.7
  709.0   3004   10.4    7.6     83   9.34    305      6  312.8  342.0  314.6
  700.0   3112   10.0    7.1     82   9.12    320      6  313.5  342.1  315.2
  660.0   3598    7.5    4.3     80   7.94      5      6  316.1  341.4  317.6
  636.0   3904    6.0    2.5     78   7.26    345     10  317.7  341.0  319.1
  615.0   4181    4.6    0.9     77   6.69     35     12  319.1  340.8  320.4
  613.0   4207    4.4    0.8     77   6.66     40     12  319.2  340.9  320.5
  561.0   4925    0.0   -1.9     87   5.97     80      7  322.2  341.9  323.4
  549.0   5097   -1.0   -2.8     88   5.72     90      6  323.0  341.9  324.1
  509.0   5698   -4.7   -5.8     92   4.91     55      6  325.6  342.2  326.6
  500.0   5840   -5.5   -6.5     93   4.73     60      6  326.3  342.3  327.2
  490.0   5996   -6.4   -7.4     93   4.50     65      8  327.1  342.4  327.9
  436.0   6896  -11.6  -12.6     93   3.36     35     10  331.5  343.3  332.2
  400.0   7560  -15.5  -16.4     93   2.67     40     10  334.8  344.3  335.3
  381.0   7926  -17.7  -19.2     88   2.21     30      7  336.5  344.6  337.0
  372.0   8100  -19.0  -20.7     86   1.99     25      6  337.2  344.5  337.6
  357.0   8401  -21.1  -23.3     82   1.64    350      4  338.3  344.4  338.6
  343.0   8693  -23.2  -25.9     79   1.36    130      4  339.3  344.4  339.6
  316.0   9291  -27.6  -31.1     72   0.91    220      8  341.3  344.9  341.5
  300.0   9670  -30.3  -34.4     67   0.69    225     10  342.6  345.3  342.7
  278.0  10201  -34.5  -38.7     65   0.49    250     12  344.1  346.0  344.2
  255.0  10803  -39.2  -43.6     63   0.32    185      6  345.6  347.0  345.7
  251.0  10913  -40.1  -44.5     63   0.29    193      4  345.9  347.1  346.0
  250.0  10940  -40.3                         195      4  346.0         346.0
  244.0  11101  -41.7                         210      2  346.4         346.4
  234.0  11379  -44.0                         115     10  347.0         347.0
  223.0  11698  -46.8                         150     10  347.6         347.6
  204.0  12289  -51.8                         155     12  348.6         348.6
  200.0  12420  -52.9                         145     10  348.8         348.8
  195.0  12578  -54.3                         135      8  349.2         349.2
  161.0  13770  -64.5                         105     19  351.6         351.6
  153.0  14087  -67.2                          80     23  352.1         352.1
  150.0  14210  -68.3                          85     25  352.2         352.2
  125.0  15263  -75.9                          85     54  357.2         357.2
  112.0  15898  -80.5                          80     45  360.0         360.0
  110.0  16002  -81.3                          84     45  360.4         360.4
  106.0  16208  -82.7                          93     46  361.6         361.6
  101.0  16475  -84.2                         105     47  363.8         363.8
  100.0  16530  -84.5                         100     47  364.2         364.2
   98.1  16636  -85.1                         100     49  365.1         365.1
   90.0  17115  -84.1                          70     35  376.1         376.1
   85.2  17420  -83.5                          99     30  383.3         383.3
   81.0  17706  -79.1                         125     25  397.9         397.9
   79.7  17798  -77.7                          96     19  402.6         402.6
   77.0  17995  -78.3                          35      6  405.4         405.4
   73.0  18300  -79.2                         325     10  409.7         409.7
   70.0  18540  -79.9                         315     17  413.1         413.1
   69.0  18621  -80.0                         310     19  414.7         414.7
   67.4  18754  -80.1                         331     18  417.2         417.2
   62.0  19242  -71.5                          45     16  446.4         446.4
   59.9  19443  -67.9                         142     10  458.8         458.8
   59.0  19534  -67.9                         185      8  460.8         460.8
   56.0  19848  -67.9                         230      6  467.7         467.7
   51.0  20411  -67.9                         185     12  480.3         480.3
   50.0  20530  -67.9                         185     12  483.1         483.1
   49.0  20651  -67.7                         185     14  486.4         486.4
   46.0  21031  -67.0                         245      8  496.8         496.8
   44.0  21298  -66.5                         275     10  504.3         504.3
   43.8  21326  -66.5                         275     11  505.1         505.1
   42.0  21582  -61.5                         270     17  523.6         523.6
   36.3  22474  -65.5                         255     37  535.5         535.5
   36.0  22525  -65.5                         255     39  536.8         536.8
   31.0  23431  -65.3                         230     23  560.7         560.7
   30.0  23630  -65.3                         205     19  566.0         566.0
   27.0  24275  -64.3                         155     23  586.0         586.0
   26.0  24506  -64.0                         140     19  593.4         593.4
   24.1  24970  -63.3                         106     26  608.4         608.4
   23.0  25261  -62.1                          85     31  620.1         620.1
   20.0  26130  -58.5                          70     31  656.4         656.4
   17.0  27163  -54.8                          55     37  699.3         699.3
   16.9  27201  -54.7                          59     35  700.9         700.9
   16.0  27552  -54.5                         100     14  712.6         712.6
   15.0  27967  -54.3                         120     25  726.6         726.6
   14.2  28319  -54.1                          92     41  738.7         738.7
   14.0  28411  -53.8                          85     45  742.7         742.7
   12.0  29414  -50.5                          85     72  787.7         787.7
   11.1  29921  -48.9                          89     72  811.4         811.4
   11.0  29981  -48.8                          90     72  813.8         813.8
   10.0  30610  -47.9                          90     72  839.6         839.6
    9.0  31307  -46.9                          85     72  869.2         869.2
    8.3  31843  -46.1                          82     69  892.6         892.6
    8.0                                        80     68                     
</PRE><H3>Station information and sounding indices</H3><PRE>
                         Station identifier: WIII
                             Station number: 96749
                           Observation time: 140209/0000
                           Station latitude: -6.11
                          Station longitude: 106.65
                          Station elevation: 8.0
                            Showalter index: 1.20
                               Lifted index: -2.20
    LIFT computed using virtual temperature: -2.42
                                SWEAT index: 232.40
                                    K index: 33.50
                         Cross totals index: 20.20
                      Vertical totals index: 21.70
                        Totals totals index: 41.90
      Convective Available Potential Energy: 547.75
             CAPE using virtual temperature: 631.20
                      Convective Inhibition: -4.98
             CINS using virtual temperature: -3.25
                           Equilibrum Level: 203.58
 Equilibrum Level using virtual temperature: 203.61
                   Level of Free Convection: 909.61
             LFCT using virtual temperature: 918.51
                     Bulk Richardson Number: 632.58
          Bulk Richardson Number using CAPV: 728.95
  Temp [K] of the Lifted Condensation Level: 294.75
Pres [hPa] of the Lifted Condensation Level: 954.88
   Equivalent potential temp [K] of the LCL: 349.34
     Mean mixed layer potential temperature: 298.68
              Mean mixed layer mixing ratio: 17.36
              1000 hPa to 500 hPa thickness: 5778.00
Precipitable water [mm] for entire sounding: 60.89
</PRE>
<P>Description of the 
<A HREF="/upperair/columns.html">data columns</A>
or <A HREF="/upperair/indices.html">sounding indices</A>.

<P>
<FORM>
<INPUT CLASS="button" TYPE="button" VALUE=" Close this window " 
 onClick="window.close();">
<INPUT CLASS="button" TYPE="button" VALUE=" Select another map " 
 onClick="window.blur();">
</FORM>
<HR SIZE="1">
<I>Interested in graduate studies in atmospheric science?
Check out our program at the
<a href="http://www.uwyo.edu/atsc/howtoapply/"
target=_top>University of Wyoming
</a></I>
<HR SIZE="1"><FONT SIZE="-1">
Questions about the weather data provided by this site can be
addressed to <A HREF="mailto:ldoolman@uwyo.edu">
Larry Oolman (ldoolman@uwyo.edu)</A></FONT>
<HR SIZE="1">
<SCRIPT TYPE="text/javascript">
<!--
window.focus();
// -->
</SCRIPT>
</BODY>
</HTML>
