2015-02-12 12
<HTML>
<TITLE>University of Wyoming - Radiosonde Data</TITLE>
<BODY BGCOLOR="white">
<H2>96749 WIII Jakarta Observations at 00Z 12 Feb 2015</H2>
<PRE>
-----------------------------------------------------------------------------
   PRES   HGHT   TEMP   DWPT   RELH   MIXR   DRCT   SKNT   THTA   THTE   THTV
    hPa     m      C      C      %    g/kg    deg   knot     K      K      K 
-----------------------------------------------------------------------------
 1009.0      8   23.6   23.1     97  18.00    250      4  296.0  348.0  299.2
 1000.0     91   24.6   22.3     87  17.28    260      6  297.8  348.1  300.8
  994.0    144   25.2   22.7     86  17.83    266      7  298.9  351.0  302.1
  977.0    295   24.3   21.8     86  17.19    285     10  299.4  349.8  302.5
  944.0    596   22.5   20.1     87  15.97    285     14  300.5  347.6  303.4
  925.0    774   21.4   19.1     87  15.29    270     12  301.2  346.3  303.9
  912.0    896   20.7   18.5     87  14.89    255     12  301.6  345.7  304.3
  850.0   1504   17.0   15.3     90  13.03    240     14  303.9  342.9  306.3
  821.0   1799   15.1   13.9     92  12.28    225     10  305.0  341.9  307.2
  796.0   2062   13.4   12.6     95  11.65    255      5  305.9  341.1  308.0
  792.0   2105   13.5   12.1     91  11.32    260      4  306.4  340.6  308.4
  768.0   2364   13.8    9.0     73   9.47    358      2  309.4  338.6  311.2
  764.0   2408   13.5    8.9     74   9.43     15      2  309.6  338.6  311.3
  738.0   2698   11.5    7.9     79   9.15     80      2  310.4  338.8  312.1
  711.0   3010    9.3    6.9     85   8.87     90      2  311.4  339.0  313.0
  700.0   3140    8.4    6.5     88   8.75     30      2  311.8  339.0  313.4
  686.0   3307    7.7    5.6     86   8.36    310      4  312.8  339.0  314.4
  662.0   3600    6.5    3.9     83   7.70    315      8  314.7  339.1  316.1
  655.0   3688    6.2    3.4     82   7.52    309      7  315.2  339.1  316.7
  638.0   3901    4.9    2.4     84   7.16    295      4  316.1  339.0  317.5
  615.0   4199    3.0    0.9     86   6.69    300      4  317.3  338.8  318.6
  592.0   4509    1.0   -0.6     89   6.23    250      4  318.5  338.7  319.7
  580.0   4675    0.0   -1.4     90   5.99    239      4  319.1  338.6  320.3
  571.0   4799   -0.7   -2.3     89   5.68    230      4  319.7  338.3  320.8
  529.0   5406   -4.4   -6.8     83   4.37    255      4  322.4  337.0  323.3
  521.0   5527   -5.1   -7.7     82   4.14    247      3  322.9  336.8  323.8
  510.0   5695   -5.6   -8.2     82   4.06    235      2  324.3  338.0  325.1
  500.0   5850   -6.1   -8.7     82   3.99    210      2  325.5  339.1  326.3
  492.0   5977   -6.5  -10.9     71   3.40    189      2  326.6  338.2  327.2
  478.0   6202   -7.7  -17.7     45   2.00    151      2  327.8  334.9  328.2
  472.0   6300   -8.2  -18.6     43   1.88    135      2  328.4  335.1  328.8
  463.0   6450   -8.9  -19.9     41   1.71    135      3  329.3  335.5  329.6
  461.0   6484   -8.7  -29.7     17   0.71    135      3  329.9  332.6  330.1
  426.0   7092  -12.7  -29.7     23   0.77    135      6  332.4  335.3  332.5
  422.0   7164  -13.3  -27.3     30   0.97    135      6  332.5  336.1  332.7
  400.0   7570  -15.9  -33.9     20   0.55    135      8  334.2  336.4  334.4
  377.0   8014  -19.1  -32.1     31   0.69    131      3  335.7  338.4  335.9
  373.0   8094  -19.7  -24.8     64   1.38    130      2  335.9  341.0  336.2
  372.0   8114  -19.9  -23.0     76   1.63    130      2  335.9  341.9  336.3
  343.0   8705  -23.9  -27.6     71   1.16    120      8  338.4  342.8  338.6
  316.0   9302  -27.9  -32.3     66   0.81     70     12  340.8  343.9  341.0
  300.0   9680  -30.5  -35.3     63   0.64     75     16  342.3  344.8  342.4
  279.0  10182  -34.6  -40.3     56   0.41     95     23  343.6  345.2  343.6
  253.0  10859  -40.1  -47.1     47   0.22     95     30  345.1  346.1  345.2
  250.0  10940  -40.7                          95     31  345.4         345.4
  200.0  12420  -54.1                         100     39  346.9         346.9
  160.0  13808  -65.8                         105     45  350.0         350.0
  158.0  13887  -66.5                         102     46  350.1         350.1
  150.0  14200  -67.3                          90     52  354.0         354.0
  145.0  14397  -68.4                          80     54  355.5         355.5
  118.0  15597  -75.0                          60     14  364.9         364.9
  112.0  15900  -76.7                          90      8  367.3         367.3
  101.0  16502  -80.0                          90     29  371.9         371.9
  100.0  16560  -80.3                          90     29  372.3         372.3
   96.0  16787  -81.2                          85     27  374.9         374.9
   86.0  17400  -83.7                          65     10  381.9         381.9
   82.0  17665  -84.8                         100      8  385.0         385.0
   79.3  17852  -85.5                          90     10  387.1         387.1
   77.0  18016  -83.0                          70     14  395.5         395.5
   74.9  18169  -80.7                          69     13  403.6         403.6
   70.0  18550  -81.3                          65     10  410.1         410.1
   66.0  18880  -81.9                          55     12  415.8         415.8
   62.1  19224  -77.3                         177     10  433.3         433.3
   62.0  19234  -77.3                         180     10  433.5         433.5
   55.1  19912  -75.7                         114     14  452.0         452.0
   51.0  20364  -71.7                          70     17  471.4         471.4
   50.0  20480  -70.7                          65     17  476.5         476.5
   48.0  20722  -70.4                          60     19  482.7         482.7
   47.2  20822  -70.3                          70     23  485.3         485.3
   46.0  20978  -69.6                          85     29  490.6         490.6
   34.5  22721  -61.7                          85     57  553.3         553.3
   33.7  22867  -57.7                          85     59  567.6         567.6
   32.0  23193  -57.7                          85     64  576.0         576.0
   30.0  23600  -57.7                          80     54  586.8         586.8
   28.0  24034  -57.5                          90     45  598.9         598.9
   23.2  25216  -57.1                         104     67  633.2         633.2
   23.0  25271  -56.8                         105     68  635.6         635.6
   20.0  26160  -52.5                          95     76  674.7         674.7
   19.2  26428  -51.2                          90     78  686.6         686.6
   19.0  26496  -50.9                          90     78  689.7         689.7
   17.0  27226  -47.4                          90     43  723.1         723.1
   16.1  27583  -45.7                                     740.0         740.0
</PRE><H3>Station information and sounding indices</H3><PRE>
                         Station identifier: WIII
                             Station number: 96749
                           Observation time: 150212/0000
                           Station latitude: -6.11
                          Station longitude: 106.65
                          Station elevation: 8.0
                            Showalter index: -0.39
                               Lifted index: -2.79
    LIFT computed using virtual temperature: -3.12
                                SWEAT index: 213.61
                                    K index: 36.50
                         Cross totals index: 21.40
                      Vertical totals index: 23.10
                        Totals totals index: 44.50
      Convective Available Potential Energy: 815.43
             CAPE using virtual temperature: 938.19
                      Convective Inhibition: -17.80
             CINS using virtual temperature: -12.33
                           Equilibrum Level: 172.95
 Equilibrum Level using virtual temperature: 171.56
                   Level of Free Convection: 873.99
             LFCT using virtual temperature: 889.64
                     Bulk Richardson Number: 419.23
          Bulk Richardson Number using CAPV: 482.34
  Temp [K] of the Lifted Condensation Level: 294.53
Pres [hPa] of the Lifted Condensation Level: 949.14
   Equivalent potential temp [K] of the LCL: 349.28
     Mean mixed layer potential temperature: 298.97
              Mean mixed layer mixing ratio: 17.22
              1000 hPa to 500 hPa thickness: 5759.00
Precipitable water [mm] for entire sounding: 56.74
</PRE>
<P>Description of the 
<A HREF="/upperair/columns.html">data columns</A>
or <A HREF="/upperair/indices.html">sounding indices</A>.

<P>
<FORM>
<INPUT CLASS="button" TYPE="button" VALUE=" Close this window " 
 onClick="window.close();">
<INPUT CLASS="button" TYPE="button" VALUE=" Select another map " 
 onClick="window.blur();">
</FORM>
<HR SIZE="1">
<I>Interested in graduate studies in atmospheric science?
Check out our program at the
<a href="http://www.uwyo.edu/atsc/howtoapply/"
target=_top>University of Wyoming
</a></I>
<HR SIZE="1"><FONT SIZE="-1">
Questions about the weather data provided by this site can be
addressed to <A HREF="mailto:ldoolman@uwyo.edu">
Larry Oolman (ldoolman@uwyo.edu)</A></FONT>
<HR SIZE="1">
<SCRIPT TYPE="text/javascript">
<!--
window.focus();
// -->
</SCRIPT>
</BODY>
</HTML>
