2014-02-19 00
<HTML>
<TITLE>University of Wyoming - Radiosonde Data</TITLE>
<BODY BGCOLOR="white">
<H2>96749 WIII Jakarta Observations at 00Z 19 Feb 2014</H2>
<PRE>
-----------------------------------------------------------------------------
   PRES   HGHT   TEMP   DWPT   RELH   MIXR   DRCT   SKNT   THTA   THTE   THTV
    hPa     m      C      C      %    g/kg    deg   knot     K      K      K 
-----------------------------------------------------------------------------
 1010.0      8   24.0   23.1     95  17.98    210      3  296.3  348.3  299.5
 1008.0     25   25.6   23.3     87  18.25    213      4  298.1  351.3  301.3
 1000.0     94   25.8   22.9     84  17.94    225      6  298.9  351.5  302.1
  977.0    300   25.2   19.4     70  14.69    260     10  300.4  343.6  303.0
  976.0    309   25.2   19.2     69  14.56    260     10  300.4  343.4  303.1
  925.0    779   22.0   17.8     77  14.06    275     14  301.8  343.5  304.3
  924.0    788   22.0   17.8     77  14.08    275     14  301.9  343.6  304.4
  912.0    902   21.4   15.0     67  11.88    270     14  302.4  337.9  304.6
  878.0   1231   19.8    6.8     43   7.11    278     12  304.1  325.7  305.4
  851.0   1499   17.4   14.7     84  12.51    285     10  304.3  341.8  306.5
  850.0   1509   17.2   14.5     84  12.36    285     10  304.1  341.2  306.4
  793.0   2095   14.2   10.1     76   9.89    290     17  307.1  337.2  308.9
  738.0   2703   11.1    5.6     69   7.78    270     16  310.1  334.3  311.5
  722.0   2888   10.2    4.2     66   7.21    272     19  311.0  333.6  312.3
  700.0   3145    8.6    4.4     75   7.55    275     23  312.0  335.6  313.4
  677.0   3421    7.6    0.6     61   5.94    280     21  313.9  332.8  315.0
  615.0   4206    3.3   -1.4     72   5.67    295     14  317.6  336.0  318.7
  590.0   4544    1.4   -2.2     77   5.55    278     16  319.2  337.4  320.3
  574.0   4766    0.0   -5.0     69   4.62    267     17  320.1  335.4  321.0
  571.0   4807   -0.2   -5.2     69   4.58    265     17  320.3  335.4  321.2
  530.0   5398   -3.8   -7.9     73   4.01    255     19  323.0  336.5  323.8
  500.0   5860   -6.5  -10.0     76   3.60    245     17  325.1  337.3  325.8
  499.0   5876   -6.5  -10.4     74   3.49    245     17  325.2  337.2  325.9
  494.0   5954   -6.5  -15.5     49   2.33    243     17  326.2  334.3  326.6
  454.0   6601  -11.7  -18.3     58   2.00    225     19  327.6  334.7  328.0
  424.0   7124  -15.9  -20.6     67   1.76    244     18  328.7  335.0  329.1
  400.0   7560  -18.1  -24.1     59   1.37    260     17  331.4  336.4  331.6
  395.0   7654  -18.5  -22.9     68   1.54    262     17  332.1  337.7  332.4
  387.0   7804  -19.5  -23.9     68   1.45    265     16  332.7  338.1  333.0
  372.0   8094  -21.3  -25.8     67   1.27    305     12  334.1  338.8  334.3
  357.0   8396  -23.3  -27.7     67   1.11    305     10  335.4  339.6  335.6
  329.0   8995  -27.1  -31.6     66   0.83    350      6  338.0  341.3  338.2
  318.0   9244  -28.7  -33.2     65   0.74    334      4  339.1  342.0  339.3
  315.0   9312  -29.2  -33.6     66   0.72    330      4  339.3  342.1  339.4
  302.0   9613  -31.7  -35.3     70   0.63    275      4  339.9  342.4  340.1
  300.0   9660  -32.1  -35.6     71   0.62    255      4  340.0  342.5  340.1
  290.0   9896  -34.2  -37.8     69   0.51    160      4  340.4  342.4  340.5
  278.0  10190  -36.7  -40.6     67   0.40    165     10  340.8  342.4  340.9
  263.0  10576  -40.1  -44.3     64   0.28    208      8  341.3  342.5  341.4
  254.0  10812  -42.2                         235      6  341.7         341.7
  250.0  10920  -43.1                         270      6  341.9         341.9
  243.0  11105  -44.8                         325      4  342.2         342.2
  232.0  11406  -47.5                          30      8  342.6         342.6
  212.0  11991  -52.7                          85     14  343.4         343.4
  200.0  12370  -56.1                         100     19  343.8         343.8
  184.0  12883  -60.3                         105     17  345.3         345.3
  159.0  13781  -67.6                          90     21  347.6         347.6
  150.0  14140  -70.5                          80     39  348.5         348.5
  137.0  14673  -73.9                          86     61  351.6         351.6
  129.0  15019  -76.2                          90     76  353.6         353.6
  123.0  15293  -78.0                          90     82  355.2         355.2
  120.0  15436  -78.9                          90     80  356.0         356.0
  116.0  15631  -77.3                          80     70  362.4         362.4
  107.0  16096  -73.5                          84     29  378.1         378.1
  105.0  16206  -74.0                          85     19  379.3         379.3
  101.0  16432  -74.9                          89     13  381.7         381.7
  100.0  16490  -74.3                          90     12  383.9         383.9
   97.1  16662  -72.5                           4     11  390.7         390.7
   95.0  16789  -72.8                         300     10  392.5         392.5
   85.0  17434  -74.5                         235     10  401.8         401.8
   81.0  17714  -75.2                         210      8  405.9         405.9
   77.0  18007  -76.0                          90      4  410.2         410.2
   73.0  18317  -76.8                          55     16  414.9         414.9
   70.4  18527  -77.3                          51     20  418.0         418.0
   70.0  18560  -76.9                          50     21  419.6         419.6
   69.0  18643  -76.7                          50     21  421.6         421.6
   63.0  19170  -75.6                         310     10  435.2         435.2
   59.0  19549  -74.8                         215      2  445.2         445.2
   57.0  19749  -74.4                         115     17  450.6         450.6
   56.5  19800  -74.3                         111     17  451.9         451.9
   54.0  20068  -69.6                          90     19  468.6         468.6
   53.0  20178  -67.7                          68     18  475.6         475.6
   50.0  20530  -66.5                           0     16  486.4         486.4
   49.0  20653  -66.4                         330     14  489.4         489.4
   44.0  21305  -65.8                         250     12  506.1         506.1
   42.0  21588  -65.6                         230      6  513.5         513.5
   40.0  21884  -65.3                         330      4  521.4         521.4
   39.9  21899  -65.3                         328      4  521.8         521.8
   36.4  22465  -59.7                         256      4  550.1         550.1
   35.0  22709  -59.9                         225      4  555.7         555.7
   31.0  23466  -60.5                         290     19  573.6         573.6
   30.0  23670  -60.7                         285     21  578.6         578.6
   27.0  24328  -60.7                         275     27  596.3         596.3
   26.0  24564  -60.7                         250     17  602.7         602.7
   25.2  24759  -60.7                         225     15  608.1         608.1
   23.0  25336  -58.6                         150     10  630.2         630.2
   22.0  25617  -57.6                         130      4  641.3         641.3
   21.0  25912  -56.6                         250      8  653.0         653.0
   20.0  26220  -55.5                         335      6  665.5         665.5
   19.0  26546  -56.0                          95      6  673.7         673.7
   18.9  26580  -56.1                          94      8  674.5         674.5
   18.0  26892  -55.7                          85     27  685.2         685.2
   16.0  27647  -54.8                          95     33  711.5         711.5
   14.0  28502  -53.8                          75     33  742.7         742.7
   11.8  29598  -52.5                          75     63  784.5         784.5
   11.0  30058  -48.6                          75     76  814.4         814.4
   10.5  30362  -46.1                                     834.6         834.6
</PRE><H3>Station information and sounding indices</H3><PRE>
                         Station identifier: WIII
                             Station number: 96749
                           Observation time: 140219/0000
                           Station latitude: -6.11
                          Station longitude: 106.65
                          Station elevation: 8.0
                            Showalter index: -0.10
                               Lifted index: -2.05
    LIFT computed using virtual temperature: -2.37
                                SWEAT index: 211.00
                                    K index: 34.00
                         Cross totals index: 21.00
                      Vertical totals index: 23.70
                        Totals totals index: 44.70
      Convective Available Potential Energy: 701.18
             CAPE using virtual temperature: 810.82
                      Convective Inhibition: -63.48
             CINS using virtual temperature: -34.38
                           Equilibrum Level: 177.13
 Equilibrum Level using virtual temperature: 176.62
                   Level of Free Convection: 779.52
             LFCT using virtual temperature: 832.50
                     Bulk Richardson Number: 91.12
          Bulk Richardson Number using CAPV: 105.37
  Temp [K] of the Lifted Condensation Level: 292.65
Pres [hPa] of the Lifted Condensation Level: 918.76
   Equivalent potential temp [K] of the LCL: 346.17
     Mean mixed layer potential temperature: 299.84
              Mean mixed layer mixing ratio: 15.88
              1000 hPa to 500 hPa thickness: 5766.00
Precipitable water [mm] for entire sounding: 49.29
</PRE>
<P>Description of the 
<A HREF="/upperair/columns.html">data columns</A>
or <A HREF="/upperair/indices.html">sounding indices</A>.

<P>
<FORM>
<INPUT CLASS="button" TYPE="button" VALUE=" Close this window " 
 onClick="window.close();">
<INPUT CLASS="button" TYPE="button" VALUE=" Select another map " 
 onClick="window.blur();">
</FORM>
<HR SIZE="1">
<I>Interested in graduate studies in atmospheric science?
Check out our program at the
<a href="http://www.uwyo.edu/atsc/howtoapply/"
target=_top>University of Wyoming
</a></I>
<HR SIZE="1"><FONT SIZE="-1">
Questions about the weather data provided by this site can be
addressed to <A HREF="mailto:ldoolman@uwyo.edu">
Larry Oolman (ldoolman@uwyo.edu)</A></FONT>
<HR SIZE="1">
<SCRIPT TYPE="text/javascript">
<!--
window.focus();
// -->
</SCRIPT>
</BODY>
</HTML>
