2014-05-08 12
<HTML>
<TITLE>University of Wyoming - Radiosonde Data</TITLE>
<BODY BGCOLOR="white">
<H2>96749 WIII Jakarta Observations at 00Z 08 May 2014</H2>
<PRE>
-----------------------------------------------------------------------------
   PRES   HGHT   TEMP   DWPT   RELH   MIXR   DRCT   SKNT   THTA   THTE   THTV
    hPa     m      C      C      %    g/kg    deg   knot     K      K      K 
-----------------------------------------------------------------------------
 1009.0      8   24.8   23.9     95  18.92    240      2  297.2  352.1  300.5
 1000.0     87   26.2   23.3     84  18.39    195      2  299.4  353.3  302.6
  997.0    114   26.8   23.7     83  18.92    179      2  300.2  355.9  303.6
  976.0    301   25.8   22.3     81  17.70     65      4  301.0  353.3  304.2
  925.0    774   23.2   18.7     76  14.90     55      6  303.0  347.4  305.7
  912.0    897   22.6   16.8     70  13.34     50      6  303.6  343.5  306.0
  872.0   1287   20.6   10.6     53   9.28     63      7  305.5  333.7  307.2
  850.0   1508   19.8    5.8     40   6.85     70      8  306.9  328.0  308.1
  840.0   1610   18.8    8.8     52   8.53     72      8  306.9  333.0  308.4
  793.0   2101   15.4   10.8     74  10.36     80      6  308.3  340.0  310.2
  777.0   2275   14.2   11.5     84  11.09     90      7  308.8  342.8  310.9
  739.0   2696   12.1    8.6     79   9.56    115      8  311.0  340.6  312.8
  713.0   2997   10.6    6.5     76   8.57    100     12  312.5  339.4  314.1
  700.0   3151    9.8    5.4     74   8.10    105     12  313.3  338.8  314.8
  676.0   3441    8.8    1.8     61   6.49    105     13  315.3  336.1  316.6
  658.0   3664    8.0   -4.0     42   4.34    105     14  316.9  331.1  317.7
  616.0   4205    5.0   -9.0     36   3.17    105     17  319.4  330.1  320.0
  614.0   4232    4.8   -9.2     36   3.12    104     17  319.5  330.0  320.1
  599.0   4433    3.8  -13.2     28   2.32     97     17  320.6  328.6  321.1
  594.0   4501    3.4   -3.6     60   4.96     95     17  320.9  337.3  321.9
  573.0   4792    1.6   -6.9     53   4.00     85     16  322.2  335.6  323.0
  554.0   5064    0.0  -10.0     47   3.25     89     18  323.4  334.4  324.0
  545.0   5195   -0.5  -16.5     29   1.94     91     19  324.3  331.1  324.7
  539.0   5284   -1.1   -8.1     59   3.87     92     19  324.6  337.7  325.4
  529.0   5433   -1.3  -13.3     40   2.61     94     20  326.1  335.2  326.6
  527.0   5463   -1.1  -23.1     17   1.14     94     20  326.7  330.9  326.9
  500.0   5880   -4.3  -30.3     11   0.62    100     23  327.7  330.1  327.9
  492.0   6007   -5.1  -28.1     15   0.77    105     21  328.3  331.2  328.4
  485.0   6120   -5.7  -27.7     16   0.81    102     21  328.9  331.9  329.0
  470.0   6366   -7.5  -23.5     27   1.23     96     22  329.6  334.1  329.9
  464.0   6466   -7.9  -12.9     67   3.07     94     22  330.3  341.1  330.9
  462.0   6499   -7.9  -20.9     34   1.57     93     22  330.7  336.5  331.0
  455.0   6618   -8.7  -13.5     68   2.98     90     22  331.2  341.7  331.8
  447.0   6756   -8.9  -18.9     44   1.93     86     22  332.6  339.6  333.0
  431.0   7038  -10.7  -15.7     67   2.63     79     23  333.8  343.2  334.3
  422.0   7200  -11.3  -19.6     50   1.93     75     23  335.0  342.0  335.4
  420.0   7237  -11.5  -20.5     47   1.79     75     23  335.2  341.8  335.6
  400.0   7610  -14.1  -32.1     20   0.65     80     27  336.6  339.1  336.7
  365.0   8298  -17.9  -48.9      5   0.12     85     31  340.4  341.0  340.4
  332.0   8990  -23.0  -50.6      6   0.11     90     35  342.8  343.2  342.8
  319.0   9282  -25.2  -51.4      7   0.11     80     35  343.7  344.2  343.7
  300.0   9730  -28.5  -52.5      8   0.10     90     23  345.1  345.5  345.1
  269.0  10496  -34.8  -60.6      5   0.04    110     23  346.8  347.0  346.8
  250.0  11010  -39.1  -66.1      4   0.02    120     19  347.8  347.9  347.8
  246.0  11120  -40.1  -67.1      4   0.02    119     20  347.9  348.0  347.9
  236.0  11394  -42.5                         115     21  348.4         348.4
  200.0  12490  -52.1                         100     23  350.1         350.1
  179.0  13188  -57.7                          85     16  352.2         352.2
  163.0  13777  -62.5                          40      8  353.7         353.7
  155.0  14094  -65.0                          40      6  354.5         354.5
  150.0  14300  -66.7                          15      8  355.0         355.0
  141.0  14657  -69.9                         335     10  355.6         355.6
  120.0  15587  -78.4                           5     12  356.9         356.9
  114.0  15883  -81.1                          35     10  357.2         357.2
  108.0  16195  -83.9                          76     12  357.4         357.4
  102.0  16511  -83.7                         120     14  363.7         363.7
  100.0  16620  -84.1                         120     14  365.0         365.0
   94.8  16915  -85.5                         110     16  367.9         367.9
   84.7  17536  -85.1                          87     18  380.7         380.7
   83.5  17616  -80.9                          84     19  390.8         390.8
   82.0  17719  -80.5                          80     19  393.5         393.5
   78.0  18004  -79.6                          30     12  401.2         401.2
   70.0  18620  -77.5                         260     10  418.3         418.3
   68.3  18762  -75.5                         274     14  425.5         425.5
   67.0  18873  -76.0                         285     17  426.7         426.7
   64.5  19093  -77.1                         273     15  429.0         429.0
   60.0  19514  -73.8                         250     10  445.4         445.4
   57.3  19783  -71.7                         308      6  456.0         456.0
   57.0  19814  -71.5                         315      6  457.2         457.2
   52.2  20340  -67.5                         296     22  478.1         478.1
   52.0  20363  -67.4                         295     23  478.8         478.8
   50.0  20600  -66.7                         285     29  485.9         485.9
   47.0  20973  -67.4                         245     27  493.0         493.0
   46.4  21051  -67.5                         252     24  494.4         494.4
   45.0  21238  -66.2                         270     16  502.0         502.0
   40.0  21958  -61.1                         275      6  531.9         531.9
   39.0  22115  -61.2                         295     19  535.6         535.6
   35.0  22785  -61.6                         265     12  551.4         551.4
   33.0  23150  -61.8                          80      6  560.2         560.2
   31.8  23379  -61.9                                     565.8         565.8
</PRE><H3>Station information and sounding indices</H3><PRE>
                         Station identifier: WIII
                             Station number: 96749
                           Observation time: 140508/0000
                           Station latitude: -6.11
                          Station longitude: 106.65
                          Station elevation: 8.0
                            Showalter index: 7.99
                               Lifted index: -2.32
    LIFT computed using virtual temperature: -3.31
                                SWEAT index: 108.61
                                    K index: 25.50
                         Cross totals index: 10.10
                      Vertical totals index: 24.10
                        Totals totals index: 34.20
      Convective Available Potential Energy: 715.49
             CAPE using virtual temperature: 919.10
                      Convective Inhibition: -62.12
             CINS using virtual temperature: -25.09
                           Equilibrum Level: 173.30
 Equilibrum Level using virtual temperature: 173.08
                   Level of Free Convection: 809.09
             LFCT using virtual temperature: 863.57
                     Bulk Richardson Number: 80.81
          Bulk Richardson Number using CAPV: 103.81
  Temp [K] of the Lifted Condensation Level: 294.88
Pres [hPa] of the Lifted Condensation Level: 935.95
   Equivalent potential temp [K] of the LCL: 353.08
     Mean mixed layer potential temperature: 300.53
              Mean mixed layer mixing ratio: 17.87
              1000 hPa to 500 hPa thickness: 5793.00
Precipitable water [mm] for entire sounding: 47.20
</PRE>
<P>Description of the 
<A HREF="/upperair/columns.html">data columns</A>
or <A HREF="/upperair/indices.html">sounding indices</A>.

<P>
<FORM>
<INPUT CLASS="button" TYPE="button" VALUE=" Close this window " 
 onClick="window.close();">
<INPUT CLASS="button" TYPE="button" VALUE=" Select another map " 
 onClick="window.blur();">
</FORM>
<HR SIZE="1">
<I>Interested in graduate studies in atmospheric science?
Check out our program at the
<a href="http://www.uwyo.edu/atsc/howtoapply/"
target=_top>University of Wyoming
</a></I>
<HR SIZE="1"><FONT SIZE="-1">
Questions about the weather data provided by this site can be
addressed to <A HREF="mailto:ldoolman@uwyo.edu">
Larry Oolman (ldoolman@uwyo.edu)</A></FONT>
<HR SIZE="1">
<SCRIPT TYPE="text/javascript">
<!--
window.focus();
// -->
</SCRIPT>
</BODY>
</HTML>
