2013-04-20 00
<HTML>
<TITLE>University of Wyoming - Radiosonde Data</TITLE>
<BODY BGCOLOR="white">
<H2>96749 WIII Jakarta Observations at 00Z 20 Apr 2013</H2>
<PRE>
-----------------------------------------------------------------------------
   PRES   HGHT   TEMP   DWPT   RELH   MIXR   DRCT   SKNT   THTA   THTE   THTV
    hPa     m      C      C      %    g/kg    deg   knot     K      K      K 
-----------------------------------------------------------------------------
 1009.0      8   25.2   22.5     85  17.34    210      3  297.6  348.0  300.7
 1000.0     92   25.8   20.8     74  15.73    180      4  298.9  345.0  301.8
  980.0    270   26.2   19.2     65  14.50    111      6  301.1  343.9  303.7
  977.0    297   26.1   19.1     66  14.46    100      6  301.2  344.0  303.8
  944.0    599   24.4   18.0     68  13.98     70     10  302.5  344.1  305.0
  925.0    778   23.4   17.4     69  13.70     80     10  303.2  344.1  305.7
  912.0    901   22.6   16.6     69  13.20     85     10  303.6  343.1  306.0
  851.0   1503   18.7   12.7     68  10.93     90     10  305.6  338.6  307.6
  850.0   1513   18.6   12.6     68  10.90     90     10  305.6  338.6  307.6
  793.0   2103   15.1   11.0     77  10.52     70     10  308.0  340.1  309.9
  758.0   2487   12.8   10.0     83  10.27     44     10  309.5  341.1  311.4
  739.0   2700   12.1    8.3     77   9.37     30     10  311.0  340.1  312.8
  700.0   3154   10.6    4.6     66   7.65     20      6  314.2  338.4  315.6
  688.0   3297    9.8    3.7     65   7.29      5      6  314.9  338.1  316.3
  640.0   3896    6.7   -0.2     61   5.91    300     10  317.9  337.1  319.1
  638.0   3922    6.6   -0.4     61   5.86    300     10  318.1  337.1  319.2
  617.0   4193    5.0   -1.7     62   5.49    295     10  319.3  337.3  320.4
  573.0   4793    1.5   -4.7     63   4.73    260      8  322.0  337.8  322.9
  555.0   5052    0.0   -6.0     64   4.43    271     10  323.2  338.0  324.1
  532.0   5388   -2.1   -7.5     67   4.11    285     12  324.6  338.5  325.4
  512.0   5692   -4.1   -8.9     69   3.84    250      6  325.8  338.9  326.5
  500.0   5880   -5.3   -9.7     71   3.68    215      8  326.5  339.1  327.2
  493.0   5989   -6.0  -10.3     72   3.56    195      8  326.9  339.2  327.7
  474.0   6294   -8.0  -12.0     73   3.23    170     12  328.2  339.4  328.8
  456.0   6594  -10.0  -13.7     74   2.94    200      6  329.4  339.6  329.9
  439.0   6889  -11.9  -15.3     76   2.66    105      4  330.5  339.9  331.0
  429.0   7068  -13.1  -16.3     77   2.51    114     10  331.2  340.1  331.7
  422.0   7193  -13.5  -17.5     72   2.31    120     14  332.2  340.4  332.6
  406.0   7487  -14.6  -20.3     62   1.88     95     12  334.5  341.4  334.9
  404.0   7525  -14.7  -20.7     60   1.83     97     12  334.8  341.6  335.2
  400.0   7600  -15.3  -21.3     60   1.76    100     12  335.0  341.5  335.4
  390.0   7787  -16.5  -23.1     57   1.54    110     10  335.8  341.6  336.1
  375.0   8078  -18.5  -25.8     53   1.26    155     12  337.1  341.8  337.3
  360.0   8380  -20.5  -28.6     48   1.01    170     12  338.3  342.2  338.5
  332.0   8979  -24.4  -34.2     40   0.64    165      8  340.8  343.3  340.9
  318.0   9298  -26.6  -37.2     36   0.50    195      8  342.1  344.1  342.2
  312.0   9438  -27.5  -38.5     34   0.44    185      7  342.6  344.4  342.7
  300.0   9720  -30.1  -40.1     37   0.39    165      6  342.8  344.4  342.9
  293.0   9884  -31.6  -41.1     38   0.36    160      6  343.1  344.6  343.2
  280.0  10198  -34.4  -43.1     41   0.31    110     10  343.6  344.8  343.6
  269.0  10476  -36.8  -44.8     43   0.26     90     17  343.9  345.0  344.0
  255.0  10846  -40.1  -47.1     47   0.22     86     18  344.4  345.3  344.4
  250.0  10980  -41.3                          85     19  344.5         344.5
  246.0  11087  -42.2                          80     19  344.8         344.8
  215.0  11980  -49.7                          75     19  346.7         346.7
  200.0  12460  -53.7                          85     17  347.6         347.6
  150.0  14250  -67.5                         100     19  353.6         353.6
  146.0  14406  -68.6                         100     17  354.5         354.5
  113.0  15889  -78.9                          95     21  362.2         362.2
  108.0  16151  -80.7                          83     14  363.5         363.5
  107.0  16203  -80.9                          80     12  364.1         364.1
  102.0  16470  -81.7                         350      6  367.5         367.5
  101.0  16525  -81.9                         340      6  368.2         368.2
  100.0  16580  -81.9                         310      6  369.2         369.2
   96.0  16808  -82.2                         210      6  373.1         373.1
   91.0  17107  -82.5                         185      6  378.1         378.1
   86.0  17423  -82.9                         190     12  383.6         383.6
   82.0  17689  -83.2                         140     14  388.2         388.2
   80.4  17800  -83.3                         152     12  390.1         390.1
   78.0  17970  -82.3                         170      8  395.5         395.5
   74.0  18267  -80.7                         155     16  405.0         405.0
   70.0  18580  -78.9                         115     23  415.3         415.3
   66.0  18920  -77.2                          85     31  426.1         426.1
   60.0  19471  -74.3                          90     29  444.2         444.2
   54.0  20080  -71.2                         105     35  465.0         465.0
   51.7  20332  -69.9                          94     44  473.8         473.8
   51.0  20413  -69.3                          90     47  477.0         477.0
   50.0  20530  -68.5                          85     45  481.6         481.6
   44.0  21317  -63.9                          90     29  510.8         510.8
   40.0  21904  -60.5                         180     10  533.5         533.5
   36.8  22418  -57.5                          81     10  554.0         554.0
   36.0  22556  -58.0                          55     10  556.2         556.2
   35.0  22734  -58.6                          35     12  559.2         559.2
   34.5  22824  -58.9                          23     11  560.6         560.6
   33.0  23106  -57.6                         345      8  571.2         571.2
   32.0  23301  -56.8                          15     14  578.6         578.6
   30.0  23710  -54.9                          10     10  594.4         594.4
   29.0  23929  -54.2                         295     21  602.2         602.2
   26.0  24635  -51.8                         285     19  628.0         628.0
   25.0  24888  -51.0                         320     16  637.5         637.5
   24.7  24967  -50.7                         310     15  640.4         640.4
   24.0  25155  -50.4                         285     12  646.5         646.5
   23.0  25434  -50.0                         200      8  655.6         655.6
   22.0  25725  -49.6                         255     10  665.2         665.2
   21.0  26030  -49.2                         250     16  675.5         675.5
   20.0  26350  -48.7                         270     12  686.3         686.3
   18.0  27045  -47.9                         265     10  710.0         710.0
   17.0  27422  -47.4                         195     10  723.2         723.2
   16.0  27822  -46.9                         115      8  737.4         737.4
   15.0  28255  -45.1                         315     19  757.1         757.1
   14.0  28718  -43.2                           0     25  778.6         778.6
   12.8  29320  -40.7                         311     24  807.5         807.5
   12.0  29757  -42.0                         275     23  818.0         818.0
   11.2  30223  -43.3                                     829.5         829.5
</PRE><H3>Station information and sounding indices</H3><PRE>
                         Station identifier: WIII
                             Station number: 96749
                           Observation time: 130420/0000
                           Station latitude: -6.11
                          Station longitude: 106.65
                          Station elevation: 8.0
                            Showalter index: 2.18
                               Lifted index: -0.19
    LIFT computed using virtual temperature: -0.45
                                SWEAT index: 179.21
                                    K index: 30.50
                         Cross totals index: 17.90
                      Vertical totals index: 23.90
                        Totals totals index: 41.80
      Convective Available Potential Energy: 28.00
             CAPE using virtual temperature: 42.83
                      Convective Inhibition: -258.12
             CINS using virtual temperature: -191.56
                           Equilibrum Level: 414.20
 Equilibrum Level using virtual temperature: 411.40
                   Level of Free Convection: 513.87
             LFCT using virtual temperature: 539.07
                     Bulk Richardson Number: 10.65
          Bulk Richardson Number using CAPV: 16.28
  Temp [K] of the Lifted Condensation Level: 291.42
Pres [hPa] of the Lifted Condensation Level: 898.66
   Equivalent potential temp [K] of the LCL: 344.42
     Mean mixed layer potential temperature: 300.47
              Mean mixed layer mixing ratio: 14.97
              1000 hPa to 500 hPa thickness: 5788.00
Precipitable water [mm] for entire sounding: 51.96
</PRE>
<P>Description of the 
<A HREF="/upperair/columns.html">data columns</A>
or <A HREF="/upperair/indices.html">sounding indices</A>.

<P>
<FORM>
<INPUT CLASS="button" TYPE="button" VALUE=" Close this window " 
 onClick="window.close();">
<INPUT CLASS="button" TYPE="button" VALUE=" Select another map " 
 onClick="window.blur();">
</FORM>
<HR SIZE="1">
<I>Interested in graduate studies in atmospheric science?
Check out our program at the
<a href="http://www.uwyo.edu/atsc/howtoapply/"
target=_top>University of Wyoming
</a></I>
<HR SIZE="1"><FONT SIZE="-1">
Questions about the weather data provided by this site can be
addressed to <A HREF="mailto:ldoolman@uwyo.edu">
Larry Oolman (ldoolman@uwyo.edu)</A></FONT>
<HR SIZE="1">
<SCRIPT TYPE="text/javascript">
<!--
window.focus();
// -->
</SCRIPT>
</BODY>
</HTML>
