2015-08-06 00
<HTML>
<TITLE>University of Wyoming - Radiosonde Data</TITLE>
<BODY BGCOLOR="white">
<H2>96749 WIII Jakarta Observations at 00Z 06 Aug 2015</H2>
<PRE>
-----------------------------------------------------------------------------
   PRES   HGHT   TEMP   DWPT   RELH   MIXR   DRCT   SKNT   THTA   THTE   THTV
    hPa     m      C      C      %    g/kg    deg   knot     K      K      K 
-----------------------------------------------------------------------------
 1009.0      8   23.8   19.9     79  14.72    150      5  296.2  338.8  298.8
 1000.0     92   24.6   21.3     82  16.23    140      8  297.8  345.0  300.6
  999.0    101   24.8   21.5     82  16.45    139      8  298.0  346.0  301.0
  977.0    296   23.7   19.9     79  15.22    110     14  298.8  343.4  301.6
  925.0    774   21.0   16.0     73  12.51    100     10  300.8  337.8  303.0
  912.0    896   20.2   15.3     73  12.15    100     10  301.2  337.2  303.4
  881.0   1194   18.3   13.7     74  11.29    135      4  302.2  335.9  304.3
  863.0   1371   17.2   12.7     75  10.80    213      4  302.8  335.1  304.8
  850.0   1501   17.0   11.0     68   9.79    270      4  303.9  333.4  305.7
  821.0   1796   15.4    8.8     65   8.70    245     12  305.2  331.7  306.9
  804.0   1974   14.4    7.4     63   8.10    248     14  306.0  330.8  307.5
  792.0   2100   13.2    7.6     69   8.31    250     16  306.1  331.4  307.6
  764.0   2402   10.3    7.9     85   8.84    275     16  306.1  333.0  307.7
  752.0   2535    9.0    8.1     94   9.09    272     17  306.1  333.8  307.8
  736.0   2713    9.0    4.0     71   6.97    269     19  308.0  329.6  309.3
  717.0   2931   11.4  -18.6     11   1.24    264     21  312.9  317.2  313.2
  700.0   3130    9.8  -20.2     10   1.10    260     23  313.3  317.2  313.5
  686.0   3296    8.9  -21.5     10   1.01    255     23  314.1  317.7  314.3
  637.0   3905    5.6  -26.3      8   0.71    280     21  317.1  319.7  317.2
  634.0   3944    5.4  -26.6      8   0.69    279     20  317.3  319.8  317.4
  614.0   4203    4.1  -29.9      6   0.52    270     12  318.7  320.6  318.8
  571.0   4789    1.0  -37.4      4   0.27    180     10  321.8  322.9  321.9
  557.0   4990    0.0  -40.0      3   0.21    188     10  322.9  323.7  322.9
  510.0   5693   -1.2  -45.1      2   0.14    215     10  329.6  330.1  329.6
  508.0   5724   -1.3  -45.3      2   0.13    214     10  329.9  330.4  329.9
  500.0   5850   -2.3  -45.3      2   0.13    210     12  330.2  330.7  330.2
  491.0   5992   -3.2  -45.2      2   0.14    200     12  330.8  331.4  330.8
  472.0   6300   -5.1  -45.1      3   0.15    210      8  332.1  332.8  332.2
  455.0   6587   -6.9  -44.9      3   0.15    155      4  333.4  334.0  333.4
  437.0   6902   -8.9  -44.8      4   0.16    125     14  334.8  335.4  334.8
  430.0   7028   -9.7  -44.7      4   0.17    125     14  335.3  336.0  335.3
  400.0   7580  -14.5  -40.5      9   0.28    125     16  336.1  337.2  336.1
  389.0   7785  -16.1  -41.5      9   0.26    130     17  336.6  337.7  336.7
  359.0   8373  -20.8  -44.2     10   0.21    150     21  338.1  339.0  338.2
  317.0   9286  -28.1  -48.4     12   0.15    135     19  340.3  340.9  340.3
  300.0   9690  -31.3  -50.3     14   0.13    105     19  341.1  341.7  341.2
  297.0   9761  -31.7  -50.7     14   0.12    101     19  341.6  342.1  341.6
  292.0   9879  -32.8  -50.1     16   0.13     95     19  341.6  342.2  341.7
  279.0  10195  -35.8  -48.5     26   0.17    100     16  341.9  342.6  341.9
  261.0  10658  -40.1  -46.1     53   0.24     67     12  342.1  343.1  342.1
  250.0  10950  -42.3                          45     10  343.0         343.0
  245.0  11083  -43.4                          40     10  343.4         343.4
  224.0  11673  -48.2                          60     21  344.9         344.9
  200.0  12420  -54.3                          25     33  346.6         346.6
  186.0  12869  -58.0                          15     37  347.9         347.9
  150.0  14200  -68.9                          50     56  351.2         351.2
  139.0  14652  -72.5                          56     65  352.6         352.6
  131.0  15000  -72.7                          60     72  358.3         358.3
  121.0  15466  -72.9                          75     42  366.1         366.1
  118.0  15612  -74.0                          80     33  366.8         366.8
  108.0  16125  -77.7                         120     29  369.1         369.1
  107.0  16179  -77.3                         120     31  370.9         370.9
  101.0  16513  -74.7                          90     19  382.0         382.0
  100.0  16570  -74.3                          85     16  383.9         383.9
   98.8  16641  -74.3                          84     13  385.2         385.2
   96.0  16807  -75.1                          80      6  386.8         386.8
   91.0  17118  -76.6                         255      2  389.8         389.8
   90.8  17131  -76.7                         260      2  389.9         389.9
   87.1  17373  -72.9                         357     12  402.2         402.2
   87.0  17380  -72.9                           0     12  402.2         402.2
   78.0  18013  -75.9                         310      6  408.8         408.8
   74.0  18319  -77.4                         330      4  412.0         412.0
   71.5  18518  -78.3                          74     11  414.0         414.0
   71.0  18559  -77.8                          95     12  415.9         415.9
   70.0  18640  -76.9                          95     14  419.6         419.6
   64.0  19172  -72.8                          60     31  439.4         439.4
   58.0  19755  -68.3                          90     29  462.1         462.1
   52.9  20301  -64.1                          77     18  484.1         484.1
   52.0  20407  -62.7                          75     16  489.8         489.8
   50.0  20650  -59.5                          40      4  502.8         502.8
   47.8  20932  -56.9                         305     11  515.5         515.5
   47.0  21039  -56.9                         270     14  518.0         518.0
   45.0  21313  -56.9                         245     19  524.4         524.4
   37.0  22547  -57.0                         285     21  554.4         554.4
   36.0  22720  -57.0                         270     23  558.7         558.7
   34.0  23080  -57.1                         235     21  567.8         567.8
   31.1  23642  -57.1                         271     17  582.4         582.4
   30.0  23870  -55.9                         285     16  591.6         591.6
   29.0  24088  -55.3                         300     16  599.0         599.0
   27.0  24549  -54.1                         285     14  614.7         614.7
   26.0  24792  -53.5                         300     19  623.2         623.2
   23.0  25582  -51.4                         295     19  651.5         651.5
   22.0  25869  -50.6                         330     16  662.1         662.1
   21.8  25928  -50.5                         327     17  664.3         664.3
   21.0  26172  -50.4                         315     21  671.7         671.7
   20.0  26490  -50.3                         315     25  681.5         681.5
   17.0  27551  -50.1                         260     17  714.4         714.4
   14.0  28819  -49.9                         270     21  755.8         755.8
   13.6  29008  -49.9                                     762.2         762.2
</PRE><H3>Station information and sounding indices</H3><PRE>
                         Station identifier: WIII
                             Station number: 96749
                           Observation time: 150806/0000
                           Station latitude: -6.11
                          Station longitude: 106.65
                          Station elevation: 8.0
                            Showalter index: 7.44
                               Lifted index: 3.37
    LIFT computed using virtual temperature: 2.58
                                SWEAT index: 152.01
                                    K index: 0.30
                         Cross totals index: 13.30
                      Vertical totals index: 19.30
                        Totals totals index: 32.60
      Convective Available Potential Energy: 30.50
             CAPE using virtual temperature: 68.06
                      Convective Inhibition: -61.86
             CINS using virtual temperature: -34.58
                           Equilibrum Level: 728.01
 Equilibrum Level using virtual temperature: 554.86
                   Level of Free Convection: 792.73
             LFCT using virtual temperature: 815.28
                     Bulk Richardson Number: 0.87
          Bulk Richardson Number using CAPV: 1.94
  Temp [K] of the Lifted Condensation Level: 292.25
Pres [hPa] of the Lifted Condensation Level: 928.40
   Equivalent potential temp [K] of the LCL: 342.99
     Mean mixed layer potential temperature: 298.54
              Mean mixed layer mixing ratio: 15.26
              1000 hPa to 500 hPa thickness: 5758.00
Precipitable water [mm] for entire sounding: 33.75
</PRE>
<P>Description of the 
<A HREF="/upperair/columns.html">data columns</A>
or <A HREF="/upperair/indices.html">sounding indices</A>.

<P>
<FORM>
<INPUT CLASS="button" TYPE="button" VALUE=" Close this window " 
 onClick="window.close();">
<INPUT CLASS="button" TYPE="button" VALUE=" Select another map " 
 onClick="window.blur();">
</FORM>
<HR SIZE="1">
<I>Interested in graduate studies in atmospheric science?
Check out our program at the
<a href="http://www.uwyo.edu/atsc/howtoapply/"
target=_top>University of Wyoming
</a></I>
<HR SIZE="1"><FONT SIZE="-1">
Questions about the weather data provided by this site can be
addressed to <A HREF="mailto:ldoolman@uwyo.edu">
Larry Oolman (ldoolman@uwyo.edu)</A></FONT>
<HR SIZE="1">
<SCRIPT TYPE="text/javascript">
<!--
window.focus();
// -->
</SCRIPT>
</BODY>
</HTML>
