2015-08-10 12
<HTML>
<TITLE>University of Wyoming - Radiosonde Data</TITLE>
<BODY BGCOLOR="white">
<H2>96749 WIII Jakarta Observations at 00Z 10 Aug 2015</H2>
<PRE>
-----------------------------------------------------------------------------
   PRES   HGHT   TEMP   DWPT   RELH   MIXR   DRCT   SKNT   THTA   THTE   THTV
    hPa     m      C      C      %    g/kg    deg   knot     K      K      K 
-----------------------------------------------------------------------------
 1009.0      8   25.4   21.9     81  16.70    160      6  297.8  346.4  300.8
 1000.0     93   25.6   22.3     82  17.28    145      8  298.8  349.3  301.8
  977.0    297   24.4   21.0     81  16.27    110     16  299.5  347.3  302.4
  925.0    776   21.6   17.8     79  14.06    105     17  301.4  343.0  303.9
  912.0    898   20.9   17.4     80  13.87    105     17  301.9  343.0  304.4
  851.0   1497   17.3   15.2     88  12.96    100     16  304.1  342.9  306.5
  850.0   1507   17.2   15.2     88  12.94    100     16  304.1  342.9  306.5
  838.0   1629   16.4   14.8     90  12.79    102     13  304.6  342.9  306.9
  822.0   1792   15.6   13.6     88  12.07    105     10  305.3  341.7  307.6
  793.0   2097   14.0   11.4     85  10.82     80      6  306.8  339.7  308.8
  782.0   2216   13.4   10.6     83  10.37     51      5  307.4  339.0  309.3
  765.0   2400   12.7    9.5     81   9.83      5      4  308.6  338.8  310.4
  739.0   2690   11.7    7.7     77   9.03    340      8  310.5  338.5  312.2
  713.0   2991   10.6    5.9     73   8.25    350      6  312.5  338.4  314.1
  700.0   3145   10.0    5.0     71   7.87    320      4  313.5  338.4  315.0
  687.0   3300    9.2    2.8     64   6.84    290      2  314.3  336.1  315.6
  663.0   3593    7.6   -1.5     52   5.20    290      4  315.8  332.6  316.8
  639.0   3898    6.0   -5.9     42   3.87    325      6  317.3  330.1  318.0
  630.0   4015    5.4   -7.6     39   3.44    323      6  317.9  329.3  318.5
  616.0   4198    4.4   -8.2     39   3.35    320      6  318.8  330.0  319.4
  593.0   4508    2.8   -9.3     41   3.20    345      8  320.3  331.1  320.9
  591.0   4535    2.6   -9.4     41   3.19    344      8  320.5  331.2  321.1
  584.0   4632    2.8  -30.2      7   0.54    339      9  321.8  323.8  321.9
  556.0   5027    0.0  -10.0     47   3.23    319     12  323.0  334.0  323.7
  551.0   5099   -0.6  -10.7     46   3.08    315     12  323.2  333.7  323.8
  529.0   5424   -3.1  -14.1     42   2.44    342     14  323.9  332.4  324.4
  511.0   5698   -3.7  -20.9     25   1.43      5     16  326.4  331.6  326.7
  500.0   5870   -4.1  -25.1     18   1.00      5     16  328.0  331.7  328.2
  497.0   5917   -4.5  -24.5     19   1.06      6     16  328.1  332.0  328.3
  453.0   6639   -7.7  -33.7     10   0.49     14     14  332.8  334.8  332.9
  405.0   7495  -13.8  -41.6      8   0.25     25     12  335.7  336.8  335.8
  400.0   7590  -14.5  -42.5      7   0.23     30     14  336.1  337.0  336.1
  374.0   8097  -17.7  -48.7      5   0.12     49     17  338.3  338.9  338.4
  359.0   8396  -20.0  -46.3      8   0.17     60     19  339.3  340.0  339.3
  318.0   9284  -26.7  -39.3     29   0.40     45     37  341.9  343.6  342.0
  300.0   9710  -29.9  -35.9     56   0.60     40     27  343.1  345.5  343.2
  288.0   9999  -32.3  -35.7     72   0.64     36     22  343.7  346.3  343.9
  268.0  10498  -36.3  -42.0     55   0.36     30     14  345.1  346.6  345.2
  250.0  10980  -40.1  -48.1     42   0.20     15     23  346.3  347.2  346.4
  225.0  11679  -46.2                           5     35  347.5         347.5
  200.0  12460  -53.1                          25     33  348.5         348.5
  162.0  13771  -64.7                          25     39  350.7         350.7
  154.0  14086  -67.5                          30     45  351.0         351.0
  150.0  14250  -68.9                          30     43  351.2         351.2
  139.0  14689  -72.4                          35     45  352.8         352.8
  113.0  15883  -81.9                          50     41  356.6         356.6
  111.0  15986  -82.7                          55     41  356.9         356.9
  108.0  16139  -81.3                          72     33  362.4         362.4
  106.0  16245  -75.7                          84     28  374.9         374.9
  104.0  16355  -75.7                          96     22  377.0         377.0
  101.0  16523  -76.9                         115     14  377.8         377.8
  100.0  16580  -77.3                         115     16  378.1         378.1
   96.0  16813  -77.9                         115     17  381.4         381.4
   90.6  17143  -78.7                          68     15  386.2         386.2
   87.0  17378  -73.6                          35     14  400.9         400.9
   85.7  17465  -71.7                          58     12  406.5         406.5
   82.0  17724  -72.3                         125      8  410.5         410.5
   74.0  18325  -73.6                         150     21  419.9         419.9
   71.0  18567  -74.1                         140     27  423.8         423.8
   70.0  18650  -74.3                         135     27  425.1         425.1
   69.1  18725  -74.3                         120     26  426.7         426.7
   67.0  18907  -70.7                          85     25  438.3         438.3
   66.9  18916  -70.5                          85     25  438.9         438.9
   64.0  19182  -68.8                          80     27  448.3         448.3
   61.0  19471  -66.9                         100     29  458.7         458.7
   58.0  19775  -64.9                         100     22  469.8         469.8
   55.0  20099  -65.0                         100     14  476.8         476.8
   52.0  20441  -65.0                          15      6  484.3         484.3
   50.0  20680  -65.1                           0      0  489.7         489.7
   49.8  20705  -64.9                           4      0  490.7         490.7
   47.0  21070  -63.4                          65      4  502.4         502.4
   45.0  21345  -62.3                          85      8  511.4         511.4
   43.0  21633  -61.1                         305     10  521.0         521.0
   41.0  21934  -59.9                         250      8  531.2         531.2
   39.0  22250  -58.6                         230      6  542.1         542.1
   37.0  22583  -57.2                         310     10  553.8         553.8
   36.0  22756  -56.5                         270     17  560.0         560.0
   32.0  23501  -53.5                         260     25  587.3         587.3
   30.1  23888  -51.9                         265     31  602.0         602.0
   30.0  23910  -51.9                         265     31  602.5         602.5
   27.0  24589  -52.6                         270     39  619.1         619.1
   25.0  25084  -53.0                         250     31  631.5         631.5
   22.5  25763  -53.7                         265     26  648.8         648.8
   21.0  26206  -53.1                         275     23  663.5         663.5
   20.0  26520  -52.7                         280     33  674.1         674.1
   19.0  26851  -52.5                         275     31  684.5         684.5
   17.0  27570  -52.2                         250     16  707.7         707.7
   16.3  27842  -52.1                         262     14  716.6         716.6
   15.0  28386  -49.4                         285     10  742.7         742.7
   14.0  28839  -47.2                         270     14  765.1         765.1
   13.7  28980  -46.5                                     772.2         772.2
</PRE><H3>Station information and sounding indices</H3><PRE>
                         Station identifier: WIII
                             Station number: 96749
                           Observation time: 150810/0000
                           Station latitude: -6.11
                          Station longitude: 106.65
                          Station elevation: 8.0
                            Showalter index: 1.62
                               Lifted index: -0.06
    LIFT computed using virtual temperature: -0.82
                                SWEAT index: 230.42
                                    K index: 31.50
                         Cross totals index: 19.30
                      Vertical totals index: 21.30
                        Totals totals index: 40.60
      Convective Available Potential Energy: 49.95
             CAPE using virtual temperature: 184.69
                      Convective Inhibition: -35.82
             CINS using virtual temperature: -25.11
                           Equilibrum Level: 285.76
 Equilibrum Level using virtual temperature: 283.08
                   Level of Free Convection: 839.56
             LFCT using virtual temperature: 851.81
                     Bulk Richardson Number: 3.38
          Bulk Richardson Number using CAPV: 12.50
  Temp [K] of the Lifted Condensation Level: 293.46
Pres [hPa] of the Lifted Condensation Level: 933.03
   Equivalent potential temp [K] of the LCL: 347.26
     Mean mixed layer potential temperature: 299.34
              Mean mixed layer mixing ratio: 16.38
              1000 hPa to 500 hPa thickness: 5777.00
Precipitable water [mm] for entire sounding: 47.88
</PRE>
<P>Description of the 
<A HREF="/upperair/columns.html">data columns</A>
or <A HREF="/upperair/indices.html">sounding indices</A>.

<P>
<FORM>
<INPUT CLASS="button" TYPE="button" VALUE=" Close this window " 
 onClick="window.close();">
<INPUT CLASS="button" TYPE="button" VALUE=" Select another map " 
 onClick="window.blur();">
</FORM>
<HR SIZE="1">
<I>Interested in graduate studies in atmospheric science?
Check out our program at the
<a href="http://www.uwyo.edu/atsc/howtoapply/"
target=_top>University of Wyoming
</a></I>
<HR SIZE="1"><FONT SIZE="-1">
Questions about the weather data provided by this site can be
addressed to <A HREF="mailto:ldoolman@uwyo.edu">
Larry Oolman (ldoolman@uwyo.edu)</A></FONT>
<HR SIZE="1">
<SCRIPT TYPE="text/javascript">
<!--
window.focus();
// -->
</SCRIPT>
</BODY>
</HTML>
