2015-08-04 00
<HTML>
<TITLE>University of Wyoming - Radiosonde Data</TITLE>
<BODY BGCOLOR="white">
<H2>96749 WIII Jakarta Observations at 00Z 04 Aug 2015</H2>
<PRE>
-----------------------------------------------------------------------------
   PRES   HGHT   TEMP   DWPT   RELH   MIXR   DRCT   SKNT   THTA   THTE   THTV
    hPa     m      C      C      %    g/kg    deg   knot     K      K      K 
-----------------------------------------------------------------------------
 1011.0      8   22.2   17.2     73  12.36    190      2  294.4  330.0  296.6
 1004.0     70   24.6   18.6     69  13.62    177      3  297.4  337.1  299.8
 1000.0    106   24.4   18.4     69  13.50    170      4  297.6  336.9  300.0
  978.0    300   23.3   17.6     70  13.12    125      8  298.3  336.7  300.7
  935.0    693   21.0   16.0     73  12.38    101     10  299.9  336.3  302.1
  925.0    786   21.2    9.2     46   7.95     95     10  301.0  324.8  302.4
  913.0    898   20.4    8.9     47   7.89     90     12  301.3  325.0  302.8
  851.0   1503   16.3    7.2     55   7.55     75      8  303.1  325.9  304.4
  850.0   1513   16.2    7.2     55   7.55     70      8  303.1  326.0  304.5
  822.0   1797   14.4    4.2     50   6.32    270      2  304.1  323.5  305.3
  806.0   1963   13.4    2.4     47   5.68    256      4  304.8  322.3  305.8
  793.0   2098   12.3    0.9     46   5.18    245      6  305.1  321.1  306.0
  721.0   2889    6.2   -7.8     36   2.96    256     11  306.7  316.2  307.3
  700.0   3132    7.0  -21.0     12   1.03    260     12  310.2  313.8  310.4
  675.0   3430    7.4  -29.6      5   0.49    262     10  313.9  315.7  314.0
  648.0   3764    5.6  -33.4      4   0.35    264      7  315.5  316.9  315.6
  638.0   3891    5.8  -34.1      4   0.34    265      6  317.1  318.4  317.2
  615.0   4190    6.2  -35.7      3   0.30    250      6  320.9  322.1  321.0
  613.0   4217    6.2  -35.8      3   0.30    243      7  321.3  322.4  321.3
  593.0   4485    4.5  -36.9      3   0.27    170     12  322.4  323.5  322.5
  550.0   5092    0.8  -39.5      3   0.23    190     19  325.0  325.9  325.0
  541.0   5226    0.0  -40.0      3   0.22    205     17  325.6  326.4  325.6
  510.0   5693   -3.1  -42.3      3   0.18    260      8  327.4  328.1  327.4
  500.0   5850   -4.1  -43.1      3   0.17    290     10  328.0  328.7  328.0
  491.0   5994   -4.4  -46.7      2   0.12    320     12  329.3  329.8  329.3
  489.0   6026   -4.5  -47.5      2   0.11    332     11  329.6  330.0  329.6
  473.0   6288   -5.5  -48.0      2   0.11     70      2  331.5  332.0  331.6
  456.0   6576   -6.5  -48.5      2   0.10     98      8  333.7  334.2  333.7
  455.0   6593   -6.6  -48.3      2   0.11    100      8  333.8  334.2  333.8
  437.0   6906   -9.0  -45.1      4   0.16     90     17  334.7  335.3  334.7
  400.0   7590  -14.1  -38.1     11   0.36    110     12  336.6  338.0  336.6
  389.0   7795  -15.8  -38.6     12   0.35    120     14  337.0  338.4  337.1
  344.0   8696  -23.3  -41.0     18   0.31     70     14  338.9  340.1  338.9
  304.0   9603  -30.9  -43.4     28   0.27     60     19  340.4  341.6  340.5
  300.0   9700  -31.7  -43.7     30   0.27     55     19  340.6  341.7  340.6
  267.0  10508  -38.2  -48.6     32   0.17      0     21  342.6  343.4  342.7
  258.0  10746  -40.1  -50.1     33   0.15    357     22  343.2  343.9  343.2
  250.0  10960  -41.9                         355     23  343.6         343.6
  234.0  11396  -45.6                           0     21  344.5         344.5
  204.0  12300  -53.4                          40     31  346.1         346.1
  200.0  12430  -54.5                          40     33  346.3         346.3
  168.0  13519  -63.8                          45     47  348.5         348.5
  164.0  13669  -65.1                          50     43  348.7         348.7
  150.0  14210  -67.3                          70     27  354.0         354.0
  138.0  14697  -71.0                          80     23  356.0         356.0
  125.0  15275  -75.3                          85     25  358.3         358.3
  118.0  15611  -77.9                          65     29  359.6         359.6
  112.0  15909  -77.4                          50     27  366.0         366.0
  106.0  16223  -76.8                          55     25  372.8         372.8
  105.0  16277  -76.7                          63     22  374.0         374.0
  103.0  16388  -72.7                          79     17  383.8         383.8
  101.0  16502  -73.1                          95     12  385.1         385.1
  100.0  16560  -73.3                         115     14  385.9         385.9
   96.0  16796  -74.4                         180     17  388.2         388.2
   87.0  17365  -77.2                         160     23  393.8         393.8
   84.1  17561  -78.1                         150     23  395.7         395.7
   78.0  17996  -76.5                         105     21  407.7         407.7
   70.0  18620  -74.1                          65     29  425.5         425.5
   64.5  19100  -71.5                          81     32  441.3         441.3
   63.0  19240  -67.1                          85     33  454.0         454.0
   57.0  19848  -64.2                          85     29  473.7         473.7
   56.8  19870  -64.1                          87     29  474.4         474.4
   54.4  20136  -60.5                         105     25  488.6         488.6
   52.0  20416  -60.9                         125     21  493.9         493.9
   50.0  20660  -61.3                         120     16  498.6         498.6
   47.0  21045  -60.2                         145     12  510.1         510.1
   46.7  21085  -60.1                         126     11  511.3         511.3
   45.0  21319  -58.7                          15      4  520.1         520.1
   41.0  21906  -55.3                         300     27  542.6         542.6
   39.0  22223  -56.4                         275     25  547.7         547.7
   35.0  22908  -58.7                         260     35  558.9         558.9
   31.0  23673  -57.4                         250     27  582.0         582.0
   30.0  23880  -57.1                         255     31  588.4         588.4
   24.0  25316  -53.5                         240     19  637.7         637.7
   23.0  25590  -52.8                         240     14  647.5         647.5
   21.0  26176  -51.3                         285     16  669.0         669.0
   20.0  26490  -50.5                         300     16  680.8         680.8
   19.0  26827  -48.9                         315     12  695.7         695.7
   18.0  27182  -47.3                         310     15  711.7         711.7
   15.0  28387  -47.3                         295     27  749.8         749.8
   13.0  29333  -47.3                         265     25  781.1         781.1
   12.0  29862  -47.3                         275     21  799.1         799.1
   11.2  30318  -47.3                                     815.0         815.0
</PRE><H3>Station information and sounding indices</H3><PRE>
                         Station identifier: WIII
                             Station number: 96749
                           Observation time: 150804/0000
                           Station latitude: -6.11
                          Station longitude: 106.65
                          Station elevation: 8.0
                            Showalter index: 9.22
                               Lifted index: 4.37
    LIFT computed using virtual temperature: 3.75
                                SWEAT index: 112.41
                                    K index: -0.50
                         Cross totals index: 11.30
                      Vertical totals index: 20.30
                        Totals totals index: 31.60
      Convective Available Potential Energy: 14.28
             CAPE using virtual temperature: 46.27
                      Convective Inhibition: -127.57
             CINS using virtual temperature: -81.71
                           Equilibrum Level: 706.82
 Equilibrum Level using virtual temperature: 691.56
                   Level of Free Convection: 761.53
             LFCT using virtual temperature: 791.07
                     Bulk Richardson Number: 3.03
          Bulk Richardson Number using CAPV: 9.83
  Temp [K] of the Lifted Condensation Level: 289.52
Pres [hPa] of the Lifted Condensation Level: 904.30
   Equivalent potential temp [K] of the LCL: 336.21
     Mean mixed layer potential temperature: 297.97
              Mean mixed layer mixing ratio: 13.13
              1000 hPa to 500 hPa thickness: 5744.00
Precipitable water [mm] for entire sounding: 25.39
</PRE>
<P>Description of the 
<A HREF="/upperair/columns.html">data columns</A>
or <A HREF="/upperair/indices.html">sounding indices</A>.

<P>
<FORM>
<INPUT CLASS="button" TYPE="button" VALUE=" Close this window " 
 onClick="window.close();">
<INPUT CLASS="button" TYPE="button" VALUE=" Select another map " 
 onClick="window.blur();">
</FORM>
<HR SIZE="1">
<I>Interested in graduate studies in atmospheric science?
Check out our program at the
<a href="http://www.uwyo.edu/atsc/howtoapply/"
target=_top>University of Wyoming
</a></I>
<HR SIZE="1"><FONT SIZE="-1">
Questions about the weather data provided by this site can be
addressed to <A HREF="mailto:ldoolman@uwyo.edu">
Larry Oolman (ldoolman@uwyo.edu)</A></FONT>
<HR SIZE="1">
<SCRIPT TYPE="text/javascript">
<!--
window.focus();
// -->
</SCRIPT>
</BODY>
</HTML>
