2013-03-06 00
<HTML>
<TITLE>University of Wyoming - Radiosonde Data</TITLE>
<BODY BGCOLOR="white">
<H2>96749 WIII Jakarta Observations at 00Z 06 Mar 2013</H2>
<PRE>
-----------------------------------------------------------------------------
   PRES   HGHT   TEMP   DWPT   RELH   MIXR   DRCT   SKNT   THTA   THTE   THTV
    hPa     m      C      C      %    g/kg    deg   knot     K      K      K 
-----------------------------------------------------------------------------
 1011.0      8   24.6   24.1     97  19.12      0      0  296.8  352.3  300.2
 1000.0    107   26.0   21.2     75  16.13    310      2  299.1  346.4  302.0
  995.0    151   26.2   21.2     74  16.21    310      2  299.8  347.4  302.7
  978.0    303   25.1   20.7     77  16.01    310      4  300.2  347.3  303.0
  945.0    604   22.9   19.8     82  15.63    280      6  300.9  347.0  303.7
  925.0    792   21.6   19.2     86  15.38    280      8  301.4  346.9  304.2
  913.0    905   20.9   18.6     86  14.96    285      8  301.8  346.1  304.5
  852.0   1502   17.3   15.1     87  12.84    295     14  304.1  342.5  306.4
  850.0   1522   17.2   15.0     87  12.77    290     14  304.1  342.4  306.5
  820.0   1829   15.6   13.3     86  11.84    277     13  305.6  341.3  307.8
  761.0   2461   13.0    6.0     62   7.76    250     11  309.4  333.5  310.8
  739.0   2707   11.1    7.2     77   8.68    240     10  309.9  336.8  311.6
  733.0   2775   10.6    7.5     81   8.95    239     11  310.1  337.8  311.8
  728.0   2832   10.8    2.8     58   6.47    239     12  310.9  331.3  312.1
  700.0   3159    9.2    6.6     84   8.81    235     16  312.6  340.2  314.3
  699.0   3171    9.2    6.6     84   8.82    235     16  312.8  340.4  314.4
  688.0   3301    8.4    5.6     82   8.36    235     14  313.3  339.6  314.9
  639.0   3908    4.9    0.9     76   6.45    275     12  316.0  336.7  317.2
  616.0   4209    3.1   -1.4     72   5.65    225      6  317.3  335.6  318.4
  607.0   4330    2.4   -2.3     71   5.35    205      6  317.8  335.2  318.8
  594.0   4504    1.6   -2.2     76   5.53    175      6  318.8  336.9  319.9
  572.0   4809    0.1   -1.9     86   5.84    240      6  320.6  339.7  321.7
  570.0   4837    0.0   -1.9     87   5.88    240      6  320.7  340.0  321.9
  551.0   5109   -1.3   -4.1     81   5.15    245      2  322.3  339.4  323.3
  546.0   5182   -1.7   -4.7     80   4.97    234      3  322.7  339.2  323.6
  537.0   5314   -1.3   -9.3     55   3.54    214      5  324.7  336.8  325.4
  531.0   5404   -2.0  -11.1     50   3.12    200      6  324.9  335.6  325.5
  520.0   5570   -3.3  -14.3     42   2.44    195      4  325.3  333.8  325.8
  518.0   5601   -2.9  -22.9     20   1.18    194      3  326.1  330.4  326.4
  511.0   5708   -3.7  -21.4     24   1.37    190      2  326.5  331.4  326.7
  500.0   5880   -4.9  -18.9     33   1.73    100      4  327.0  333.2  327.3
  492.0   6006   -5.8  -18.2     37   1.87     25      6  327.4  334.0  327.7
  473.0   6313   -8.2  -16.4     52   2.26    345      2  328.2  336.2  328.6
  472.0   6329   -8.3  -16.3     53   2.28    340      2  328.2  336.3  328.7
  468.0   6395   -8.7  -13.0     71   3.02    322      2  328.5  339.1  329.1
  455.0   6610  -10.1  -13.9     74   2.89    260      2  329.4  339.5  329.9
  438.0   6902  -12.1  -15.1     78   2.71    240      8  330.5  340.1  331.1
  421.0   7205  -14.1  -16.4     83   2.54    247      9  331.7  340.7  332.2
  401.0   7571  -17.3  -17.9     95   2.35    255     10  332.2  340.6  332.6
  400.0   7590  -16.9  -18.0     91   2.33    255     10  332.9  341.3  333.4
  374.0   8095  -18.0  -24.7     56   1.39    280     19  337.9  343.1  338.2
  368.0   8216  -18.3  -26.3     49   1.22    274     19  339.1  343.8  339.4
  317.0   9307  -26.9  -34.9     47   0.62    215     14  341.9  344.4  342.0
  300.0   9710  -30.1  -38.1     46   0.48    210     14  342.8  344.8  342.9
  280.0  10191  -34.1  -43.2     39   0.30    195     10  344.0  345.2  344.0
  257.0  10789  -39.0  -49.6     31   0.16    170      8  345.2  345.9  345.3
  252.0  10926  -40.1  -51.1     30   0.14    170      8  345.5  346.1  345.6
  250.0  10980  -40.5                         170      8  345.7         345.7
  224.0  11708  -47.1                         140      8  346.6         346.6
  214.0  12011  -49.8                         145     10  346.9         346.9
  200.0  12460  -53.9                         120     12  347.2         347.2
  178.0  13181  -59.6                          80     14  349.7         349.7
  153.0  14117  -66.9                          90     25  352.6         352.6
  150.0  14240  -67.9                          90     29  352.9         352.9
  139.0  14694  -70.9                          85     45  355.5         355.5
  132.0  15001  -72.9                          67     34  357.1         357.1
  119.0  15600  -76.0                          30     12  362.1         362.1
  113.0  15899  -77.6                         340      4  364.6         364.6
  107.0  16214  -79.2                         215      8  367.2         367.2
  104.0  16378  -80.1                         183      9  368.6         368.6
  100.0  16600  -81.3                         140     10  370.4         370.4
   96.0  16825  -82.3                         100     16  372.8         372.8
   86.0  17431  -85.0                          65     21  379.2         379.2
   82.0  17694  -86.2                         100     17  381.9         381.9
   79.8  17843  -86.9                         110     17  383.5         383.5
   77.0  18042  -82.4                          90     16  396.9         396.9
   74.8  18202  -78.7                          71     13  407.9         407.9
   73.0  18341  -78.0                          55     10  412.1         412.1
   70.0  18580  -76.9                          75      6  419.6         419.6
   63.0  19192  -75.3                         105     19  435.9         435.9
   55.9  19887  -73.5                          82     19  455.1         455.1
   54.0  20090  -73.7                          75     19  459.2         459.2
   50.0  20540  -74.1                          90     31  468.5         468.5
   49.0  20658  -73.7                          95     39  472.1         472.1
   46.8  20927  -72.9                          95     44  480.3         480.3
   38.0  22192  -63.7                          95     68  533.2         533.2
   37.7  22240  -63.3                          95     68  535.3         535.3
   34.1  22849  -58.9                          95     42  562.5         562.5
   34.0  22868  -58.8                          95     41  563.2         563.2
   31.0  23452  -56.2                          80     35  585.3         585.3
   30.0  23660  -55.3                          85     27  593.3         593.3
   27.2  24286  -54.3                          71     24  612.9         612.9
   26.0  24581  -50.8                          65     23  630.7         630.7
   25.0  24836  -47.8                          40     16  646.5         646.5
   24.7  24915  -46.9                          47     14  651.4         651.4
   24.0  25102  -48.0                          65     10  653.7         653.7
   23.0  25380  -49.5                          40     16  657.1         657.1
   21.0  25974  -52.8                          50     25  664.4         664.4
   20.5  26131  -53.7                          50     25  666.3         666.3
   20.0  26290  -52.9                          40     21  673.5         673.5
   19.0  26626  -51.3                          10     10  688.3         688.3
   18.0  26979  -49.7                          95     16  704.2         704.2
   17.0  27353  -48.0                         265      4  721.4         721.4
   16.1  27709  -46.3                         301      9  738.0         738.0
   16.0  27750  -46.3                         305     10  739.4         739.4
   15.0  28179  -46.3                          35      8  753.1         753.1
   14.0  28637  -46.3                          65     17  768.1         768.1
   13.0  29129  -46.3                          15     19  784.5         784.5
   12.2  29550  -46.3                          13     18  798.9         798.9
   11.1  30184  -41.7                          10     17  837.4         837.4
   11.0  30245  -41.8                          10     17  839.4         839.4
   10.0  30890  -42.3                         235      6  860.5         860.5
    9.3  31380  -42.7                                     877.0         877.0
</PRE><H3>Station information and sounding indices</H3><PRE>
                         Station identifier: WIII
                             Station number: 96749
                           Observation time: 130306/0000
                           Station latitude: -6.11
                          Station longitude: 106.65
                          Station elevation: 8.0
                            Showalter index: 1.01
                               Lifted index: -0.95
    LIFT computed using virtual temperature: -1.60
                                SWEAT index: 212.01
                                    K index: 34.50
                         Cross totals index: 19.90
                      Vertical totals index: 22.10
                        Totals totals index: 42.00
      Convective Available Potential Energy: 303.75
             CAPE using virtual temperature: 410.94
                      Convective Inhibition: -33.73
             CINS using virtual temperature: -26.40
                           Equilibrum Level: 250.86
 Equilibrum Level using virtual temperature: 264.66
                   Level of Free Convection: 830.92
             LFCT using virtual temperature: 856.24
                     Bulk Richardson Number: 72.56
          Bulk Richardson Number using CAPV: 98.17
  Temp [K] of the Lifted Condensation Level: 293.29
Pres [hPa] of the Lifted Condensation Level: 927.04
   Equivalent potential temp [K] of the LCL: 347.50
     Mean mixed layer potential temperature: 299.72
              Mean mixed layer mixing ratio: 16.32
              1000 hPa to 500 hPa thickness: 5773.00
Precipitable water [mm] for entire sounding: 54.61
</PRE>
<P>Description of the 
<A HREF="/upperair/columns.html">data columns</A>
or <A HREF="/upperair/indices.html">sounding indices</A>.

<P>
<FORM>
<INPUT CLASS="button" TYPE="button" VALUE=" Close this window " 
 onClick="window.close();">
<INPUT CLASS="button" TYPE="button" VALUE=" Select another map " 
 onClick="window.blur();">
</FORM>
<HR SIZE="1">
<I>Interested in graduate studies in atmospheric science?
Check out our program at the
<a href="http://www.uwyo.edu/atsc/howtoapply/"
target=_top>University of Wyoming
</a></I>
<HR SIZE="1"><FONT SIZE="-1">
Questions about the weather data provided by this site can be
addressed to <A HREF="mailto:ldoolman@uwyo.edu">
Larry Oolman (ldoolman@uwyo.edu)</A></FONT>
<HR SIZE="1">
<SCRIPT TYPE="text/javascript">
<!--
window.focus();
// -->
</SCRIPT>
</BODY>
</HTML>
