2015-10-25 00
<HTML>
<TITLE>University of Wyoming - Radiosonde Data</TITLE>
<BODY BGCOLOR="white">
<H2>96749 WIII Jakarta Observations at 00Z 25 Oct 2015</H2>
<PRE>
-----------------------------------------------------------------------------
   PRES   HGHT   TEMP   DWPT   RELH   MIXR   DRCT   SKNT   THTA   THTE   THTV
    hPa     m      C      C      %    g/kg    deg   knot     K      K      K 
-----------------------------------------------------------------------------
 1010.0      8   25.8   23.3     86  18.21    130      2  298.1  351.2  301.3
 1009.0     17   26.8   22.0     75  16.81    129      2  299.2  348.4  302.2
 1000.0    101   26.2   21.6     76  16.54    120      6  299.4  347.8  302.3
  978.0    297   25.0   21.0     79  16.28     95     16  300.0  347.9  302.9
  945.0    598   23.1   20.0     83  15.87    100     16  301.1  347.9  303.9
  937.0    673   22.6   19.8     84  15.78     96     15  301.3  347.9  304.1
  925.0    786   23.8   17.8     69  14.06     90     14  303.6  345.7  306.2
  913.0    900   24.2   12.3     47   9.91     85     14  305.2  335.2  307.0
  903.0    997   24.6    7.6     34   7.30     87     14  306.6  329.0  307.9
  852.0   1502   20.2    7.0     42   7.44    100     16  307.1  330.0  308.4
  850.0   1522   20.0    7.0     43   7.44    100     16  307.1  330.0  308.5
  829.0   1737   18.8    0.8     30   4.92     92     11  308.0  323.5  308.9
  823.0   1799   18.7   -3.1     23   3.72     90     10  308.6  320.4  309.2
  807.0   1967   18.4  -13.6     10   1.67     98      8  310.0  315.6  310.3
  794.0   2105   17.1  -13.3     11   1.74    105      6  310.1  315.9  310.4
  767.0   2397   14.4  -12.6     14   1.90    115      4  310.2  316.6  310.6
  744.0   2655   12.0  -12.0     17   2.06     94      6  310.3  317.1  310.7
  740.0   2700   11.9  -12.9     16   1.92     90      6  310.6  317.1  311.0
  714.0   2998   11.1  -19.0     10   1.20     90     12  312.9  317.1  313.1
  700.0   3163   10.6  -22.4      8   0.91     70     12  314.2  317.4  314.4
  689.0   3294    9.9  -22.8      8   0.89     55     12  314.9  318.1  315.1
  658.0   3676    8.0  -24.0      8   0.84     61     12  316.9  319.9  317.0
  617.0   4200    4.8  -26.7      8   0.70     70     12  319.1  321.7  319.2
  571.0   4831    1.0  -30.0      8   0.56     63     20  321.8  323.8  321.9
  554.0   5074    0.0  -32.0      7   0.48     60     23  323.4  325.2  323.4
  552.0   5103   -0.1  -32.1      7   0.47     60     23  323.5  325.3  323.6
  500.0   5890   -3.7  -33.7      8   0.45     75     16  328.5  330.2  328.6
  456.0   6600   -8.0  -36.3      8   0.38     90      4  331.9  333.3  331.9
  406.0   7495  -13.4  -39.7      9   0.30     55     16  336.0  337.3  336.1
  400.0   7610  -14.1  -40.1      9   0.29     50     14  336.6  337.8  336.6
  375.0   8094  -17.9  -37.6     16   0.40     45      4  337.8  339.4  337.9
  365.0   8297  -19.5  -36.5     21   0.46    154      3  338.3  340.1  338.4
  360.0   8397  -20.3  -36.9     21   0.45    210      2  338.6  340.4  338.7
  346.0   8685  -22.6  -38.2     23   0.41    175      6  339.4  341.0  339.4
  319.0   9274  -27.2  -40.8     26   0.34     35      4  340.9  342.3  341.0
  305.0   9600  -29.8  -42.2     29   0.31     35      4  341.7  343.0  341.8
  300.0   9720  -30.7  -42.7     30   0.30     85      4  342.0  343.2  342.1
  293.0   9887  -31.5  -48.1     18   0.17    160      4  343.2  343.9  343.2
  291.0   9936  -31.7  -49.7     15   0.14    158      4  343.6  344.2  343.6
  257.0  10798  -38.2  -49.7     29   0.16    115      4  346.3  347.0  346.4
  250.0  10990  -39.7  -49.7     34   0.16    165      2  346.9  347.6  346.9
  249.0  11017  -40.1  -50.1     33   0.16    154      2  346.7  347.4  346.7
  236.0  11375  -43.0                           0      2  347.6         347.6
  225.0  11694  -45.6                         275      2  348.4         348.4
  215.0  11997  -48.1                         240     10  349.1         349.1
  200.0  12480  -52.1                         240     17  350.1         350.1
  150.0  14270  -67.9                         260     21  352.9         352.9
  140.0  14676  -70.8                         270     19  354.9         354.9
  133.0  14978  -73.0                         275     16  356.3         356.3
  126.0  15296  -75.2                         175      4  357.7         357.7
  124.0  15391  -75.9                         161      6  358.1         358.1
  114.0  15870  -78.7                          90     14  361.6         361.6
  108.0  16179  -80.5                          78     18  363.9         363.9
  102.0  16499  -82.0                          65     23  367.0         367.0
  100.0  16610  -82.5                          65     23  368.1         368.1
   97.0  16779  -83.2                          60     25  369.9         369.9
   93.3  16995  -84.1                          70     23  372.3         372.3
   87.0  17389  -81.0                         100     19  386.1         386.1
   82.0  17723  -78.3                          70     10  398.2         398.2
   79.5  17897  -76.9                          17      6  404.6         404.6
   78.0  18008  -75.9                         345      4  408.8         408.8
   74.0  18316  -73.2                         300     14  420.8         420.8
   71.0  18557  -71.0                         290     10  430.3         430.3
   70.0  18640  -70.3                         285     12  433.7         433.7
   69.8  18657  -70.3                         282     12  434.0         434.0
   64.0  19177  -68.0                         190     16  449.9         449.9
   61.0  19465  -66.7                         170     10  459.0         459.0
   59.1  19655  -65.9                          66      7  465.0         465.0
   58.4  19728  -63.5                          27      7  472.0         472.0
   58.0  19770  -63.5                           5      6  472.9         472.9
   50.0  20680  -63.5                         285     39  493.4         493.4
   45.0  21328  -63.0                         270     27  509.6         509.6
   43.0  21607  -62.8                         250     23  516.8         516.8
   39.0  22207  -62.4                         235     17  532.5         532.5
   38.3  22318  -62.3                         240     17  535.5         535.5
   34.0  23065  -58.7                         270     17  563.5         563.5
   31.0  23644  -55.9                         295     14  586.2         586.2
   30.2  23808  -55.1                         287     14  592.7         592.7
   30.0  23850  -55.1                         285     14  593.8         593.8
   27.0  24526  -54.1                         225     16  614.9         614.9
   26.0  24768  -53.7                         220     16  622.6         622.6
   23.5  25416  -52.7                         253     25  643.8         643.8
   23.0  25554  -53.2                         260     27  646.4         646.4
   20.8  26199  -55.3                         235     21  658.7         658.7
   20.0  26450  -53.5                         225     19  671.7         671.7
   19.0  26785  -52.1                         200     12  686.0         686.0
   18.0  27138  -50.5                         205      8  701.5         701.5
   17.0  27511  -48.9                          30      6  718.2         718.2
   16.0  27907  -47.2                         340     12  736.3         736.3
   15.7  28030  -46.7                                     742.0         742.0
</PRE><H3>Station information and sounding indices</H3><PRE>
                         Station identifier: WIII
                             Station number: 96749
                           Observation time: 151025/0000
                           Station latitude: -6.11
                          Station longitude: 106.65
                          Station elevation: 8.0
                            Showalter index: 7.62
                               Lifted index: 0.12
    LIFT computed using virtual temperature: -0.75
                                SWEAT index: 132.02
                                    K index: -2.30
                         Cross totals index: 10.70
                      Vertical totals index: 23.70
                        Totals totals index: 34.40
      Convective Available Potential Energy: 97.02
             CAPE using virtual temperature: 309.22
                      Convective Inhibition: -195.32
             CINS using virtual temperature: -108.47
                           Equilibrum Level: 273.00
 Equilibrum Level using virtual temperature: 270.85
                   Level of Free Convection: 747.54
             LFCT using virtual temperature: 783.94
                     Bulk Richardson Number: 41.23
          Bulk Richardson Number using CAPV: 131.39
  Temp [K] of the Lifted Condensation Level: 293.31
Pres [hPa] of the Lifted Condensation Level: 925.40
   Equivalent potential temp [K] of the LCL: 347.87
     Mean mixed layer potential temperature: 299.89
              Mean mixed layer mixing ratio: 16.36
              1000 hPa to 500 hPa thickness: 5789.00
Precipitable water [mm] for entire sounding: 26.29
</PRE>
<P>Description of the 
<A HREF="/upperair/columns.html">data columns</A>
or <A HREF="/upperair/indices.html">sounding indices</A>.

<P>
<FORM>
<INPUT CLASS="button" TYPE="button" VALUE=" Close this window " 
 onClick="window.close();">
<INPUT CLASS="button" TYPE="button" VALUE=" Select another map " 
 onClick="window.blur();">
</FORM>
<HR SIZE="1">
<I>Interested in graduate studies in atmospheric science?
Check out our program at the
<a href="http://www.uwyo.edu/atsc/howtoapply/"
target=_top>University of Wyoming
</a></I>
<HR SIZE="1"><FONT SIZE="-1">
Questions about the weather data provided by this site can be
addressed to <A HREF="mailto:ldoolman@uwyo.edu">
Larry Oolman (ldoolman@uwyo.edu)</A></FONT>
<HR SIZE="1">
<SCRIPT TYPE="text/javascript">
<!--
window.focus();
// -->
</SCRIPT>
</BODY>
</HTML>
