2015-11-30 00
<HTML>
<TITLE>University of Wyoming - Radiosonde Data</TITLE>
<BODY BGCOLOR="white">
<H2>96749 WIII Jakarta Observations at 00Z 30 Nov 2015</H2>
<PRE>
-----------------------------------------------------------------------------
   PRES   HGHT   TEMP   DWPT   RELH   MIXR   DRCT   SKNT   THTA   THTE   THTV
    hPa     m      C      C      %    g/kg    deg   knot     K      K      K 
-----------------------------------------------------------------------------
 1011.0      8   25.0   24.7     98  19.84    180      4  297.2  354.9  300.7
 1000.0    110   25.8   23.7     88  18.86    235      4  298.9  354.2  302.3
  987.0    225   25.5   21.9     80  17.07    300      2  299.8  349.9  302.9
  980.0    288   25.4   20.9     76  16.16    319      3  300.3  347.8  303.2
  946.0    598   23.8   20.4     81  16.18     55      6  301.7  349.6  304.6
  925.0    795   22.8   20.0     84  16.19     65      8  302.6  350.7  305.6
  914.0    899   22.2   19.4     84  15.74     75     10  303.1  349.9  305.9
  853.0   1499   19.0   15.7     81  13.32     70     14  305.7  345.8  308.1
  850.0   1530   18.8   15.5     81  13.20     75     14  305.8  345.6  308.2
  824.0   1795   17.6   13.4     76  11.83     90     12  307.2  343.2  309.4
  795.0   2100   16.2   10.9     71  10.40     85     12  308.9  340.8  310.8
  749.0   2608   13.8    6.8     63   8.34     80     13  311.6  337.7  313.2
  700.0   3176   11.0    4.0     62   7.33     75     14  314.6  337.9  316.0
  666.0   3589    8.4    0.4     57   5.95     69     14  316.2  335.4  317.4
  642.0   3891    6.5    1.1     69   6.52     65     14  317.4  338.4  318.6
  631.0   4033    5.6    1.5     75   6.81     67     15  317.9  339.9  319.2
  618.0   4201    4.7    0.7     75   6.56     70     16  318.8  340.1  320.1
  553.0   5101    0.0   -3.5     77   5.37     80     17  323.5  341.4  324.6
  530.0   5440   -1.9   -8.9     59   3.70     85     17  325.2  337.8  325.9
  526.0   5500   -2.5   -5.8     78   4.74     85     17  325.2  341.1  326.1
  520.0   5591   -2.5   -9.5     59   3.60     86     17  326.2  338.6  327.0
  500.0   5900   -5.3  -10.3     68   3.51     90     17  326.5  338.6  327.2
  495.0   5979   -5.3  -11.3     63   3.28     92     17  327.4  338.8  328.1
  482.0   6189   -6.3  -14.3     53   2.64     97     17  328.7  338.0  329.2
  476.0   6287   -6.8  -14.8     53   2.56    100     17  329.3  338.3  329.8
  470.0   6386   -7.3  -15.3     53   2.49    107     17  329.9  338.7  330.4
  468.0   6420   -6.9  -22.9     27   1.30    109     17  330.8  335.6  331.0
  458.0   6588   -8.1  -23.1     29   1.31    120     16  331.3  336.2  331.6
  438.0   6935  -10.5  -23.5     34   1.32    117     15  332.5  337.4  332.8
  435.0   6988  -10.7  -14.9     71   2.78    117     15  332.9  342.8  333.5
  433.0   7023  -11.1  -19.1     52   1.96    116     15  332.9  340.0  333.2
  429.0   7095  -11.7  -15.9     71   2.60    116     14  333.0  342.2  333.5
  427.0   7131  -11.7  -22.7     40   1.45    115     14  333.4  338.8  333.7
  424.0   7185  -12.1  -21.4     46   1.64    115     14  333.6  339.6  334.0
  415.0   7349  -13.1  -17.6     69   2.33    105     16  334.3  342.7  334.8
  410.0   7442  -13.3  -29.3     25   0.83     99     16  335.2  338.4  335.4
  407.0   7498  -13.8  -28.6     28   0.89     95     17  335.3  338.8  335.5
  400.0   7630  -14.9  -26.9     35   1.06     95     17  335.5  339.6  335.8
  365.0   8315  -20.1  -24.0     71   1.52     91     19  337.5  343.2  337.8
  361.0   8396  -20.5  -26.9     56   1.17     90     19  338.0  342.5  338.3
  357.0   8479  -20.9  -29.9     44   0.90     89     19  338.6  342.0  338.8
  356.0   8499  -21.1  -25.8     66   1.32     89     19  338.6  343.6  338.8
  354.0   8541  -21.1  -29.1     49   0.98     89     19  339.1  342.9  339.3
  352.0   8582  -21.3  -26.3     64   1.28     88     19  339.4  344.2  339.6
  349.0   8646  -21.3  -30.3     44   0.89     88     19  340.2  343.7  340.4
  324.0   9188  -26.1  -32.1     57   0.80     83     20  340.9  344.1  341.1
  322.0   9232  -26.3  -28.3     83   1.16     83     20  341.2  345.7  341.5
  306.0   9598  -28.6  -34.9     55   0.65     80     21  343.0  345.6  343.1
  300.0   9740  -29.5  -37.5     46   0.51     85     21  343.7  345.8  343.8
  299.0   9764  -29.7  -36.7     51   0.55     86     21  343.7  346.0  343.9
  282.0  10178  -33.1  -37.7     63   0.53     95     19  344.6  346.8  344.7
  270.0  10486  -35.7  -38.5     75   0.51     80     19  345.2  347.3  345.3
  268.0  10538  -36.1  -38.6     78   0.51     80     19  345.3  347.4  345.4
  250.0  11020  -39.5  -43.7     64   0.32     85     21  347.2  348.6  347.3
  247.0  11102  -40.1  -44.6     62   0.29     84     21  347.5  348.8  347.6
  216.0  11990  -48.1                          70     17  348.7         348.7
  200.0  12500  -52.7                          80     16  349.1         349.1
  188.0  12885  -56.1                          70     16  349.8         349.8
  171.0  13475  -61.4                          40     12  350.7         350.7
  150.0  14290  -68.7                          70     14  351.6         351.6
  147.0  14408  -69.6                          75     14  352.0         352.0
  127.0  15266  -76.2                          40     17  355.2         355.2
  125.0  15359  -76.9                          39     20  355.5         355.5
  114.0  15888  -76.8                          35     37  365.2         365.2
  104.0  16415  -76.7                         359      9  375.1         375.1
  103.0  16471  -77.0                         355      6  375.4         375.4
  100.0  16640  -78.1                          80      4  376.6         376.6
   97.0  16813  -79.2                         170      2  377.7         377.7
   94.6  16955  -80.1                         180      6  378.7         378.7
   92.0  17112  -80.2                         180      8  381.6         381.6
   88.0  17363  -80.3                         155      8  386.2         386.2
   83.0  17693  -80.5                         295      8  392.4         392.4
   79.0  17971  -80.6                         280     17  397.7         397.7
   76.1  18182  -80.7                         294     13  401.7         401.7
   75.0  18265  -79.6                         300     12  405.7         405.7
   70.0  18660  -74.5                         285     19  424.7         424.7
   63.9  19195  -70.7                         249     16  444.2         444.2
   58.0  19770  -70.0                         210     12  458.2         458.2
   55.2  20064  -69.7                         238      5  465.5         465.5
   55.0  20086  -69.3                         240      4  466.8         466.8
   53.8  20218  -67.1                         260      8  474.9         474.9
   52.0  20423  -67.0                         290     14  479.8         479.8
   50.0  20660  -66.9                         275     14  485.4         485.4
   45.0  21299  -64.2                         305     19  506.9         506.9
   44.9  21313  -64.1                         305     19  507.4         507.4
   43.0  21582  -61.8                         295     19  519.4         519.4
   39.0  22189  -56.5                         300     29  547.4         547.4
   34.0  23051  -59.9                         265     25  560.4         560.4
   32.0  23429  -60.3                         265     23  569.1         569.1
   30.0  23830  -60.7                         260     19  578.6         578.6
   29.0  24041  -60.7                         250     17  584.2         584.2
   28.0  24263  -59.2                         275     14  594.3         594.3
   27.0  24492  -57.6                         280     21  605.0         605.0
   24.9  25004  -54.1                         246     21  629.2         629.2
   22.0  25793  -55.8                         195     21  646.8         646.8
   21.0  26089  -56.4                         215     16  653.5         653.5
   20.0  26400  -57.1                         200     16  660.6         660.6
   19.2  26658  -57.3                                     667.8         667.8
</PRE><H3>Station information and sounding indices</H3><PRE>
                         Station identifier: WIII
                             Station number: 96749
                           Observation time: 151130/0000
                           Station latitude: -6.11
                          Station longitude: 106.65
                          Station elevation: 8.0
                            Showalter index: -0.63
                               Lifted index: -2.38
    LIFT computed using virtual temperature: -2.83
                                SWEAT index: 231.01
                                    K index: 32.60
                         Cross totals index: 20.80
                      Vertical totals index: 24.10
                        Totals totals index: 44.90
      Convective Available Potential Energy: 460.61
             CAPE using virtual temperature: 564.95
                      Convective Inhibition: -101.76
             CINS using virtual temperature: -60.62
                           Equilibrum Level: 185.95
 Equilibrum Level using virtual temperature: 185.76
                   Level of Free Convection: 679.68
             LFCT using virtual temperature: 760.07
                     Bulk Richardson Number: 22.02
          Bulk Richardson Number using CAPV: 27.01
  Temp [K] of the Lifted Condensation Level: 294.35
Pres [hPa] of the Lifted Condensation Level: 937.73
   Equivalent potential temp [K] of the LCL: 350.38
     Mean mixed layer potential temperature: 299.82
              Mean mixed layer mixing ratio: 17.28
              1000 hPa to 500 hPa thickness: 5790.00
Precipitable water [mm] for entire sounding: 55.89
</PRE>
<P>Description of the 
<A HREF="/upperair/columns.html">data columns</A>
or <A HREF="/upperair/indices.html">sounding indices</A>.

<P>
<FORM>
<INPUT CLASS="button" TYPE="button" VALUE=" Close this window " 
 onClick="window.close();">
<INPUT CLASS="button" TYPE="button" VALUE=" Select another map " 
 onClick="window.blur();">
</FORM>
<HR SIZE="1">
<I>Interested in graduate studies in atmospheric science?
Check out our program at the
<a href="http://www.uwyo.edu/atsc/howtoapply/"
target=_top>University of Wyoming
</a></I>
<HR SIZE="1"><FONT SIZE="-1">
Questions about the weather data provided by this site can be
addressed to <A HREF="mailto:ldoolman@uwyo.edu">
Larry Oolman (ldoolman@uwyo.edu)</A></FONT>
<HR SIZE="1">
<SCRIPT TYPE="text/javascript">
<!--
window.focus();
// -->
</SCRIPT>
</BODY>
</HTML>
