2013-09-04 12
<HTML>
<TITLE>University of Wyoming - Radiosonde Data</TITLE>
<BODY BGCOLOR="white">
<H2>96749 WIII Jakarta Observations at 00Z 04 Sep 2013</H2>
<PRE>
-----------------------------------------------------------------------------
   PRES   HGHT   TEMP   DWPT   RELH   MIXR   DRCT   SKNT   THTA   THTE   THTV
    hPa     m      C      C      %    g/kg    deg   knot     K      K      K 
-----------------------------------------------------------------------------
 1009.0      8   25.0   23.2     90  18.11    220      2  297.4  350.0  300.6
 1000.0     91   25.6   22.7     84  17.72    230      4  298.8  350.6  301.9
  977.0    295   24.4   21.6     84  16.93    260      6  299.5  349.2  302.6
  925.0    775   21.6   19.0     85  15.19    195      2  301.4  346.3  304.1
  912.0    897   20.9   18.3     85  14.71    175      2  301.9  345.5  304.6
  881.0   1196   19.2   16.5     85  13.60    115      4  303.1  343.7  305.6
  850.0   1506   17.4   14.7     84  12.52    135      6  304.4  341.9  306.6
  835.0   1658   16.6   14.1     85  12.26    132      8  305.1  342.0  307.3
  792.0   2105   13.5   11.9     90  11.17    125     14  306.4  340.3  308.5
  746.0   2610   10.0    9.4     96  10.02    106     14  307.9  338.5  309.7
  741.0   2666   11.2    9.1     87   9.88    103     14  309.8  340.2  311.6
  700.0   3141    9.6    4.6     71   7.65     85     14  313.1  337.2  314.5
  638.0   3903    5.6   -4.7     47   4.24     65     17  316.9  330.9  317.8
  615.0   4205    4.0   -8.4     40   3.31     70     17  318.5  329.5  319.1
  609.0   4286    3.6   -9.4     38   3.09     71     18  318.9  329.3  319.5
  581.0   4666    0.8   -9.2     47   3.30     76     22  319.9  331.0  320.6
  573.0   4777    0.0   -7.0     59   3.97     77     24  320.3  333.5  321.0
  542.0   5220   -3.1  -11.1     54   3.04     83     29  321.7  332.0  322.3
  530.0   5398   -2.3  -22.8     19   1.16     85     31  324.8  329.0  325.0
  522.0   5519   -1.7  -30.7      9   0.57     87     32  326.9  329.0  327.0
  510.0   5703   -2.8  -30.7     10   0.58     90     33  327.7  330.0  327.8
  500.0   5860   -3.7  -30.7     10   0.60     90     29  328.5  330.7  328.6
  473.0   6291   -7.0  -29.5     15   0.71     80     19  329.6  332.3  329.8
  437.0   6906  -11.7  -27.8     25   0.90     50     14  331.2  334.6  331.4
  431.0   7013  -12.5  -27.5     27   0.93     62     14  331.5  335.0  331.7
  420.0   7210  -13.6  -38.5     10   0.33     85     14  332.6  333.9  332.6
  405.0   7486  -15.1  -54.1      2   0.06     96     11  334.1  334.4  334.1
  400.0   7580  -15.7  -48.7      4   0.11    100     10  334.5  335.0  334.5
  388.0   7805  -17.3  -49.6      4   0.11    110      6  335.3  335.7  335.3
  373.0   8097  -19.5  -50.7      4   0.10     55      8  336.2  336.7  336.3
  358.0   8400  -21.7  -51.9      5   0.09     40      6  337.2  337.6  337.3
  343.0   8717  -24.0  -53.1      5   0.08    115      2  338.3  338.6  338.3
  341.0   8760  -24.3  -53.3      5   0.08    120      3  338.4  338.8  338.4
  330.0   8996  -25.9  -57.7      3   0.05    145      8  339.4  339.6  339.4
  300.0   9680  -30.5  -70.5      1   0.01    120     10  342.3  342.3  342.3
  291.0   9893  -32.3  -70.8      1   0.01    115     14  342.7  342.8  342.7
  267.0  10494  -37.4  -71.7      2   0.01    135     16  343.8  343.9  343.8
  255.0  10815  -40.1  -72.1      2   0.01    118     13  344.4  344.4  344.4
  250.0  10950  -41.1                         110     12  344.8         344.8
  204.0  12290  -52.8                          40      4  347.1         347.1
  200.0  12420  -53.9                          45      4  347.2         347.2
  194.0  12608  -55.4                          60      6  347.9         347.9
  160.0  13801  -65.1                          80     10  351.3         351.3
  150.0  14200  -68.3                         115     14  352.2         352.2
  145.0  14400  -69.9                         125     16  353.0         353.0
  131.0  14997  -74.5                         120     16  355.0         355.0
  125.0  15273  -76.7                         107     14  355.9         355.9
  118.0  15601  -78.2                          90     12  358.9         358.9
  106.0  16211  -81.1                          35     14  364.6         364.6
  103.0  16374  -81.9                          30     16  366.1         366.1
  100.0  16540  -81.7                          35     14  369.6         369.6
   95.0  16835  -79.2                         115     16  380.1         380.1
   82.0  17682  -71.9                         100     19  411.2         411.2
   78.0  17970  -69.4                          95     10  422.3         422.3
   77.5  18007  -69.1                         104     10  423.7         423.7
   76.8  18061  -65.9                         117     11  431.5         431.5
   74.0  18285  -66.0                         170     14  435.9         435.9
   70.0  18620  -66.1                         175     14  442.6         442.6
   67.0  18886  -66.5                         210      8  447.4         447.4
   66.7  18913  -66.5                         217      9  447.9         447.9
   64.1  19156  -63.5                         278     19  459.6         459.6
   64.0  19166  -63.5                         280     19  459.7         459.7
   55.0  20090  -67.2                         245     14  471.7         471.7
   54.3  20168  -67.5                         240     12  472.7         472.7
   52.0  20431  -65.6                         280      8  483.0         483.0
   50.0  20670  -63.9                         270     14  492.5         492.5
   45.0  21321  -62.6                         260     27  510.6         510.6
   41.0  21895  -61.5                         260     31  527.1         527.1
   36.3  22647  -60.1                         218     19  549.5         549.5
   35.0  22875  -59.8                         205     16  556.1         556.1
   34.0  23057  -59.5                         245     16  561.5         561.5
   31.0  23635  -58.6                         260     19  578.8         578.8
   30.0  23840  -58.3                         255     19  585.1         585.1
   29.0  24055  -57.7                         250     21  592.4         592.4
   27.0  24507  -56.5                         260     23  608.0         608.0
   25.7  24820  -55.7                         276     22  619.0         619.0
   25.0  24997  -54.5                         285     21  627.3         627.3
   23.2  25478  -51.3                         279     23  650.2         650.2
   22.0  25822  -51.8                         275     25  658.7         658.7
   20.0  26440  -52.7                         250     21  674.1         674.1
   18.0  27120  -52.6                         240     16  694.9         694.9
   17.0  27489  -52.6                         280     16  706.4         706.4
   15.0  28297  -52.5                         280     25  732.4         732.4
   13.8  28836  -52.5                         263     31  750.2         750.2
   13.0  29226  -51.3                         250     35  767.1         767.1
   12.0  29748  -49.8                         285     23  790.5         790.5
   11.0  30317  -48.0                         285     25  816.6         816.6
   10.7  30497  -47.5                                     825.0         825.0
</PRE><H3>Station information and sounding indices</H3><PRE>
                         Station identifier: WIII
                             Station number: 96749
                           Observation time: 130904/0000
                           Station latitude: -6.11
                          Station longitude: 106.65
                          Station elevation: 8.0
                            Showalter index: 2.41
                               Lifted index: -0.40
    LIFT computed using virtual temperature: -1.28
                                SWEAT index: 217.41
                                    K index: 30.80
                         Cross totals index: 18.40
                      Vertical totals index: 21.10
                        Totals totals index: 39.50
      Convective Available Potential Energy: 698.24
             CAPE using virtual temperature: 883.58
                      Convective Inhibition: -24.19
             CINS using virtual temperature: -15.92
                           Equilibrum Level: 183.17
 Equilibrum Level using virtual temperature: 182.41
                   Level of Free Convection: 853.46
             LFCT using virtual temperature: 877.00
                     Bulk Richardson Number: 21.01
          Bulk Richardson Number using CAPV: 26.59
  Temp [K] of the Lifted Condensation Level: 294.29
Pres [hPa] of the Lifted Condensation Level: 942.72
   Equivalent potential temp [K] of the LCL: 349.30
     Mean mixed layer potential temperature: 299.31
              Mean mixed layer mixing ratio: 17.09
              1000 hPa to 500 hPa thickness: 5769.00
Precipitable water [mm] for entire sounding: 49.32
</PRE>
<P>Description of the 
<A HREF="/upperair/columns.html">data columns</A>
or <A HREF="/upperair/indices.html">sounding indices</A>.

<P>
<FORM>
<INPUT CLASS="button" TYPE="button" VALUE=" Close this window " 
 onClick="window.close();">
<INPUT CLASS="button" TYPE="button" VALUE=" Select another map " 
 onClick="window.blur();">
</FORM>
<HR SIZE="1">
<I>Interested in graduate studies in atmospheric science?
Check out our program at the
<a href="http://www.uwyo.edu/atsc/howtoapply/"
target=_top>University of Wyoming
</a></I>
<HR SIZE="1"><FONT SIZE="-1">
Questions about the weather data provided by this site can be
addressed to <A HREF="mailto:ldoolman@uwyo.edu">
Larry Oolman (ldoolman@uwyo.edu)</A></FONT>
<HR SIZE="1">
<SCRIPT TYPE="text/javascript">
<!--
window.focus();
// -->
</SCRIPT>
</BODY>
</HTML>
