2013-01-24 00
<HTML>
<TITLE>University of Wyoming - Radiosonde Data</TITLE>
<BODY BGCOLOR="white">
<H2>96749 WIII Jakarta Observations at 00Z 24 Jan 2013</H2>
<PRE>
-----------------------------------------------------------------------------
   PRES   HGHT   TEMP   DWPT   RELH   MIXR   DRCT   SKNT   THTA   THTE   THTV
    hPa     m      C      C      %    g/kg    deg   knot     K      K      K 
-----------------------------------------------------------------------------
 1011.0      8   24.2   23.3     95  18.19    240      4  296.4  349.1  299.6
 1000.0    102   25.0   21.9     83  16.85    255      8  298.1  347.3  301.1
  978.0    298   24.5   20.1     77  15.41    280     14  299.5  344.8  302.3
  950.0    553   23.8   17.8     69  13.69    301     18  301.3  341.8  303.8
  945.0    599   23.4   18.0     71  13.90    305     19  301.4  342.5  303.9
  925.0    786   21.8   18.6     82  14.80    300     19  301.6  345.4  304.3
  913.0    899   21.1   18.0     82  14.40    300     19  302.0  344.8  304.6
  850.0   1516   17.4   14.5     83  12.36    280     17  304.4  341.4  306.6
  822.0   1802   15.9   13.6     86  12.01    275     17  305.7  342.0  307.9
  812.0   1907   15.4   13.2     87  11.88    277     17  306.2  342.2  308.4
  793.0   2107   14.2   11.9     86  11.18    280     16  307.0  341.0  309.1
  748.0   2600   11.2    8.8     85   9.59    256     13  308.9  338.4  310.7
  738.0   2712   10.6    8.2     86   9.35    250     12  309.4  338.3  311.2
  712.0   3010    8.8    6.7     87   8.73    230     10  310.7  337.8  312.3
  700.0   3152    8.0    6.0     87   8.45    240     10  311.3  337.6  312.9
  687.0   3305    7.2    5.2     87   8.15    250     10  312.1  337.6  313.7
  615.0   4208    2.7    0.6     86   6.54    205     17  317.0  338.1  318.2
  575.0   4757    0.0   -2.2     85   5.69    191     14  319.9  338.6  321.0
  571.0   4813   -0.2   -2.4     85   5.63    190     14  320.3  338.8  321.4
  529.0   5421   -2.9   -5.1     85   4.99    255     16  324.1  340.8  325.1
  500.0   5870   -4.9   -7.0     85   4.55    250     16  327.0  342.5  327.9
  404.0   7514  -13.6  -17.2     74   2.48    260     10  336.3  345.2  336.8
  403.0   7533  -13.7  -17.3     74   2.46    259     10  336.4  345.3  336.9
  400.0   7590  -14.1  -17.7     74   2.39    255      8  336.6  345.3  337.1
  373.0   8110  -17.8  -21.6     72   1.83    215      8  338.5  345.3  338.9
  344.0   8713  -22.0  -26.2     69   1.32    160      4  340.7  345.7  341.0
  330.0   9022  -24.1  -28.5     67   1.11     70      2  341.8  346.1  342.0
  329.0   9045  -24.3  -28.7     67   1.09     68      2  341.9  346.1  342.1
  317.0   9313  -26.6  -31.1     66   0.90     45      6  342.3  345.8  342.5
  300.0   9710  -30.1  -34.7     64   0.67     65      6  342.8  345.5  343.0
  291.0   9924  -31.9  -36.1     66   0.60     80      6  343.3  345.8  343.4
  279.0  10219  -34.3  -38.0     69   0.52     70     10  344.0  346.1  344.1
  265.0  10580  -37.3  -40.4     73   0.43     82     12  344.7  346.4  344.8
  256.0  10817  -39.1  -44.0     59   0.30     90     14  345.5  346.7  345.5
  251.0  10953  -40.1  -46.1     53   0.24     82     14  345.9  347.0  346.0
  250.0  10980  -40.3                          80     14  346.0         346.0
  224.0  11703  -46.8                          70     16  347.1         347.1
  200.0  12450  -53.5                          65     17  347.9         347.9
  153.0  14107  -68.4                          50     23  350.1         350.1
  150.0  14230  -69.5                          50     27  350.2         350.2
  142.0  14555  -72.1                          58     35  351.2         351.2
  119.0  15579  -77.6                          85     60  359.2         359.2
  113.0  15878  -79.2                          80     62  361.6         361.6
  112.0  15930  -79.5                          78     59  362.0         362.0
  108.0  16138  -76.5                          72     46  371.4         371.4
  101.0  16523  -78.2                          60     23  375.2         375.2
  100.0  16580  -78.5                          65     19  375.8         375.8
   96.0  16807  -79.8                          85     10  377.6         377.6
   91.0  17104  -81.5                         255      4  380.1         380.1
   82.0  17683  -84.9                         200      8  384.7         384.7
   74.2  18238  -88.1                         140     16  389.1         389.1
   73.0  18328  -86.0                         125     19  395.4         395.4
   70.0  18560  -80.5                          75     27  411.9         411.9
   69.0  18641  -78.7                          74     26  417.4         417.4
   63.6  19106  -77.3                          66     21  430.3         430.3
   56.0  19842  -74.3                          55     12  453.1         453.1
   54.0  20052  -73.4                          75     29  459.9         459.9
   52.4  20226  -72.7                          85     29  465.5         465.5
   50.0  20500  -73.7                         100     29  469.4         469.4
   48.7  20653  -74.1                         103     33  472.0         472.0
   48.0  20739  -73.6                         105     35  475.1         475.1
   41.5  21597  -68.7                          97     61  507.5         507.5
   40.4  21760  -64.1                          96     66  522.9         522.9
   40.0  21822  -63.8                          95     68  525.2         525.2
   39.5  21900  -63.4                          95     68  528.1         528.1
   31.0  23412  -55.5                          95     37  587.2         587.2
   30.0  23620  -56.7                          80     29  589.5         589.5
   28.0  24052  -58.6                          55     17  596.0         596.0
   27.0  24280  -59.5                           5      4  599.5         599.5
   26.0  24516  -60.5                         150     10  603.1         603.1
   25.1  24737  -61.5                         145     14  606.5         606.5
   22.0  25560  -58.9                          95     39  637.5         637.5
   20.9  25881  -57.9                          98     41  650.0         650.0
   20.0  26160  -54.7                         100     43  668.0         668.0
   18.3  26733  -50.3                          83     30  699.0         699.0
   18.0  26842  -50.2                          80     27  702.5         702.5
   15.0  28039  -49.2                         310     10  743.3         743.3
   13.0  28978  -48.5                         260     14  777.0         777.0
   12.0  29503  -48.1                         110     23  796.4         796.4
   11.0  30074  -47.6                         115     10  818.2         818.2
   10.0  30700  -47.1                          20      4  842.6         842.6
    9.0  31400  -46.2                         100     25  871.6         871.6
    8.0  32183  -45.3                         100     27  905.2         905.2
    7.8  32351  -45.1                                     912.6         912.6
</PRE><H3>Station information and sounding indices</H3><PRE>
                         Station identifier: WIII
                             Station number: 96749
                           Observation time: 130124/0000
                           Station latitude: -6.11
                          Station longitude: 106.65
                          Station elevation: 8.0
                            Showalter index: 1.40
                               Lifted index: -0.10
    LIFT computed using virtual temperature: -0.23
                                SWEAT index: 224.00
                                    K index: 34.80
                         Cross totals index: 19.40
                      Vertical totals index: 22.30
                        Totals totals index: 41.70
      Convective Available Potential Energy: 115.17
             CAPE using virtual temperature: 152.84
                      Convective Inhibition: -74.69
             CINS using virtual temperature: -60.79
                           Equilibrum Level: 490.85
 Equilibrum Level using virtual temperature: 484.61
                   Level of Free Convection: 775.17
             LFCT using virtual temperature: 790.68
                     Bulk Richardson Number: 50.31
          Bulk Richardson Number using CAPV: 66.76
  Temp [K] of the Lifted Condensation Level: 292.78
Pres [hPa] of the Lifted Condensation Level: 927.87
   Equivalent potential temp [K] of the LCL: 345.23
     Mean mixed layer potential temperature: 299.12
              Mean mixed layer mixing ratio: 15.81
              1000 hPa to 500 hPa thickness: 5768.00
Precipitable water [mm] for entire sounding: 58.04
</PRE>
<P>Description of the 
<A HREF="/upperair/columns.html">data columns</A>
or <A HREF="/upperair/indices.html">sounding indices</A>.

<P>
<FORM>
<INPUT CLASS="button" TYPE="button" VALUE=" Close this window " 
 onClick="window.close();">
<INPUT CLASS="button" TYPE="button" VALUE=" Select another map " 
 onClick="window.blur();">
</FORM>
<HR SIZE="1">
<I>Interested in graduate studies in atmospheric science?
Check out our program at the
<a href="http://www.uwyo.edu/atsc/howtoapply/"
target=_top>University of Wyoming
</a></I>
<HR SIZE="1"><FONT SIZE="-1">
Questions about the weather data provided by this site can be
addressed to <A HREF="mailto:ldoolman@uwyo.edu">
Larry Oolman (ldoolman@uwyo.edu)</A></FONT>
<HR SIZE="1">
<SCRIPT TYPE="text/javascript">
<!--
window.focus();
// -->
</SCRIPT>
</BODY>
</HTML>
