2015-11-07 12
<HTML>
<TITLE>University of Wyoming - Radiosonde Data</TITLE>
<BODY BGCOLOR="white">
<H2>96749 WIII Jakarta Observations at 00Z 07 Nov 2015</H2>
<PRE>
-----------------------------------------------------------------------------
   PRES   HGHT   TEMP   DWPT   RELH   MIXR   DRCT   SKNT   THTA   THTE   THTV
    hPa     m      C      C      %    g/kg    deg   knot     K      K      K 
-----------------------------------------------------------------------------
 1010.0      8   25.0   23.6     92  18.55      0      0  297.3  351.2  300.6
 1008.0     25   26.4   22.7     80  17.58     31      0  298.9  350.3  302.0
 1000.0     94   26.2   22.5     80  17.50    155      2  299.4  350.7  302.5
  985.0    228   26.2   22.9     82  18.22    155      3  300.6  354.4  303.9
  977.0    300   25.8   22.5     82  17.95    155      4  300.9  353.9  304.1
  925.0    782   23.0   20.0     83  16.19    100      2  302.8  351.0  305.8
  913.0    895   22.3   19.2     83  15.63     80      2  303.3  349.9  306.1
  882.0   1195   20.5   17.2     81  14.24    140      2  304.4  347.1  307.0
  852.0   1496   18.7   15.2     80  12.94    125      6  305.5  344.6  307.9
  850.0   1516   18.6   15.1     80  12.86    125      6  305.6  344.4  308.0
  794.0   2097   15.3   10.6     74  10.19     50      8  308.1  339.3  310.0
  780.0   2249   14.4    9.4     72   9.58     38     10  308.7  338.1  310.5
  774.0   2315   14.6    2.6     44   6.00     32     11  309.6  328.4  310.7
  766.0   2402   14.2    3.2     48   6.34     25     12  310.0  329.9  311.2
  716.0   2969   11.2    7.3     77   9.04     30     10  312.8  341.1  314.5
  714.0   2993   11.1    7.1     77   8.96     30     10  312.9  341.0  314.6
  700.0   3158   10.0    6.0     76   8.45     45     12  313.5  340.1  315.1
  664.0   3594    7.2    4.4     82   7.96     65     12  315.2  340.4  316.7
  640.0   3899    5.3    3.3     87   7.63     60     10  316.3  340.6  317.8
  634.0   3977    4.8    3.0     88   7.55     72      9  316.6  340.7  318.0
  630.0   4028    5.4   -2.6     56   5.04     79      9  317.9  334.3  318.8
  617.0   4199    4.4   -3.6     56   4.76    105      8  318.6  334.2  319.5
  615.0   4225    4.2   -3.8     56   4.72    105      8  318.7  334.2  319.6
  609.0   4305    4.6  -13.4     26   2.25    107      9  320.0  327.8  320.5
  593.0   4522    3.6  -10.4     35   2.94    110     11  321.3  331.3  321.9
  575.0   4772    2.4  -16.6     23   1.83    115     14  322.8  329.2  323.1
  573.0   4800    2.2  -15.6     26   1.99    115     14  322.8  329.8  323.2
  559.0   5000    0.6   -8.4     51   3.65    103     12  323.2  335.6  323.9
  553.0   5087    0.8  -15.2     29   2.13     98     11  324.5  331.9  324.9
  541.0   5263    0.0  -13.0     37   2.61     87     10  325.6  334.6  326.1
  512.0   5701   -3.1  -12.7     48   2.84     60      6  326.9  336.8  327.5
  500.0   5890   -4.5  -12.5     54   2.94     60      8  327.5  337.7  328.1
  474.0   6308   -7.6  -12.1     70   3.21     50     10  328.6  339.8  329.3
  467.0   6424   -8.5  -12.0     76   3.28     58      8  329.0  340.4  329.6
  456.0   6606   -9.6  -12.9     77   3.13     70      4  329.9  340.9  330.5
  422.0   7200  -12.9  -15.7     80   2.68     35     10  332.9  342.5  333.5
  400.0   7610  -15.3  -17.7     82   2.39     50     10  335.0  343.7  335.5
  390.0   7801  -16.4  -19.8     75   2.05     55      8  336.0  343.5  336.4
  384.0   7918  -17.1  -21.1     71   1.86     40      7  336.6  343.4  337.0
  372.0   8156  -18.3  -26.3     49   1.21      8      6  338.1  342.6  338.3
  370.0   8196  -18.1  -33.1     26   0.64      2      5  338.8  341.4  339.0
  360.0   8397  -19.6  -34.5     25   0.58    335      4  339.5  341.8  339.6
  346.0   8687  -21.8  -36.4     25   0.49    330      4  340.5  342.4  340.6
  319.0   9281  -26.2  -40.5     25   0.35     60      2  342.3  343.8  342.4
  306.0   9585  -28.4  -42.5     25   0.30    160      4  343.3  344.5  343.3
  300.0   9730  -29.5  -43.5     24   0.27    130      4  343.7  344.8  343.7
  295.0   9849  -30.7  -43.7     27   0.27    102      4  343.6  344.8  343.7
  281.0  10191  -33.3  -44.4     32   0.26     20      4  344.7  345.8  344.7
  274.0  10368  -34.7  -44.7     35   0.26     40      5  345.2  346.3  345.2
  269.0  10495  -35.7  -45.5     36   0.24     55      6  345.5  346.5  345.5
  258.0  10783  -38.1  -47.5     37   0.20     65      6  346.1  347.0  346.2
  250.0  11000  -39.9  -48.9     38   0.18     45      8  346.6  347.4  346.6
  249.0  11027  -40.1  -48.1     42   0.20     42      9  346.7  347.6  346.8
  247.0  11081  -40.6                          35     10  346.8         346.8
  226.0  11670  -45.9                          80      8  347.6         347.6
  216.0  11970  -48.5                          50     10  348.0         348.0
  200.0  12480  -53.1                          45     14  348.5         348.5
  154.0  14106  -67.1                          50     31  351.7         351.7
  150.0  14270  -68.5                          50     33  351.9         351.9
  147.0  14386  -69.5                          50     33  352.3         352.3
  139.0  14708  -72.2                          55     33  353.2         353.2
  119.0  15603  -79.6                          50     10  355.5         355.5
  113.0  15901  -82.1                          80      6  356.2         356.2
  107.0  16208  -79.6                         105     10  366.5         366.5
  102.0  16478  -77.4                         115      8  375.8         375.8
  100.0  16590  -76.5                          55      8  379.7         379.7
   97.0  16766  -76.5                         300     10  383.0         383.0
   92.0  17071  -76.4                         290     14  389.0         389.0
   83.0  17665  -76.3                         320     12  400.8         400.8
   78.7  17972  -76.3                         307     12  407.0         407.0
   78.0  18024  -75.0                         305     12  410.7         410.7
   76.0  18176  -71.3                         283     14  421.5         421.5
   71.0  18577  -73.3                         225     19  425.6         425.6
   70.0  18660  -73.7                         225     17  426.4         426.4
   67.0  18915  -73.6                         215     12  432.1         432.1
   64.0  19182  -73.4                         255     16  438.1         438.1
   61.8  19386  -73.3                         255     15  442.7         442.7
   58.1  19747  -72.7                         255     12  452.0         452.0
   58.0  19757  -72.5                         255     12  452.7         452.7
   56.4  19922  -68.7                         229     12  464.9         464.9
   55.0  20072  -68.8                         205     12  468.0         468.0
   50.0  20640  -69.3                         180     14  479.8         479.8
   47.7  20921  -67.9                         142     14  489.6         489.6
   47.0  21014  -67.2                         130     14  493.4         493.4
   45.0  21285  -65.0                         170      4  504.8         504.8
   43.0  21568  -62.8                         250      6  516.8         516.8
   41.0  21865  -60.5                         245     14  529.7         529.7
   39.0  22176  -58.0                         190      6  543.5         543.5
   37.0  22504  -55.5                          55      6  558.4         558.4
   35.0  22851  -52.8                          60     12  574.4         574.4
   34.4  22958  -51.9                           9     12  579.4         579.4
   34.0  23034  -52.0                         335     12  581.0         581.0
   31.0  23629  -53.1                         300     31  593.6         593.6
   30.0  23840  -53.5                         295     31  598.2         598.2
   27.0  24513  -54.8                         250     25  613.0         613.0
   23.0  25537  -56.6                         245     33  636.1         636.1
   22.0  25821  -57.2                         240     45  642.7         642.7
   20.0  26430  -58.3                         210     29  657.0         657.0
   19.4  26621  -58.7                         192     20  661.5         661.5
   19.0  26754  -57.4                         180     14  669.5         669.5
   18.0  27100  -54.0                         120     14  690.7         690.7
   17.2  27390  -51.1                         100     12  708.9         708.9
   17.0  27467  -50.9                          95     12  711.8         711.8
   14.3  28598  -48.5                          15     10  756.0         756.0
   14.0  28738  -48.0                           5     10  762.5         762.5
   13.0  29228  -46.1                                     785.2         785.2
</PRE><H3>Station information and sounding indices</H3><PRE>
                         Station identifier: WIII
                             Station number: 96749
                           Observation time: 151107/0000
                           Station latitude: -6.11
                          Station longitude: 106.65
                          Station elevation: 8.0
                            Showalter index: 0.65
                               Lifted index: -2.36
    LIFT computed using virtual temperature: -2.96
                                SWEAT index: 201.21
                                    K index: 34.20
                         Cross totals index: 19.60
                      Vertical totals index: 23.10
                        Totals totals index: 42.70
      Convective Available Potential Energy: 973.98
             CAPE using virtual temperature: 1147.52
                      Convective Inhibition: -42.73
             CINS using virtual temperature: -30.89
                           Equilibrum Level: 144.83
 Equilibrum Level using virtual temperature: 144.78
                   Level of Free Convection: 827.22
             LFCT using virtual temperature: 856.73
                     Bulk Richardson Number: 189.51
          Bulk Richardson Number using CAPV: 223.28
  Temp [K] of the Lifted Condensation Level: 294.75
Pres [hPa] of the Lifted Condensation Level: 935.24
   Equivalent potential temp [K] of the LCL: 352.62
     Mean mixed layer potential temperature: 300.46
              Mean mixed layer mixing ratio: 17.73
              1000 hPa to 500 hPa thickness: 5796.00
Precipitable water [mm] for entire sounding: 53.97
</PRE>
<P>Description of the 
<A HREF="/upperair/columns.html">data columns</A>
or <A HREF="/upperair/indices.html">sounding indices</A>.

<P>
<FORM>
<INPUT CLASS="button" TYPE="button" VALUE=" Close this window " 
 onClick="window.close();">
<INPUT CLASS="button" TYPE="button" VALUE=" Select another map " 
 onClick="window.blur();">
</FORM>
<HR SIZE="1">
<I>Interested in graduate studies in atmospheric science?
Check out our program at the
<a href="http://www.uwyo.edu/atsc/howtoapply/"
target=_top>University of Wyoming
</a></I>
<HR SIZE="1"><FONT SIZE="-1">
Questions about the weather data provided by this site can be
addressed to <A HREF="mailto:ldoolman@uwyo.edu">
Larry Oolman (ldoolman@uwyo.edu)</A></FONT>
<HR SIZE="1">
<SCRIPT TYPE="text/javascript">
<!--
window.focus();
// -->
</SCRIPT>
</BODY>
</HTML>
