2014-06-14 12
<HTML>
<TITLE>University of Wyoming - Radiosonde Data</TITLE>
<BODY BGCOLOR="white">
<H2>96749 WIII Jakarta Observations at 00Z 14 Jun 2014</H2>
<PRE>
-----------------------------------------------------------------------------
   PRES   HGHT   TEMP   DWPT   RELH   MIXR   DRCT   SKNT   THTA   THTE   THTV
    hPa     m      C      C      %    g/kg    deg   knot     K      K      K 
-----------------------------------------------------------------------------
 1008.0      8   26.0   23.5     86  18.47    210      4  298.5  352.4  301.8
 1007.0     17   25.2   23.8     92  18.84    206      4  297.8  352.6  301.1
 1000.0     77   25.4   23.8     91  18.98    180      6  298.6  354.0  301.9
  978.0    274   26.0   21.4     76  16.71    101     10  301.1  350.4  304.1
  975.0    301   25.8   21.3     76  16.65     90     10  301.1  350.3  304.1
  925.0    764   22.6   19.4     82  15.58     90     14  302.4  348.7  305.2
  911.0    896   21.8   18.9     84  15.31     90     14  302.9  348.4  305.7
  879.0   1206   19.8   17.6     87  14.67     90     12  304.0  347.8  306.6
  850.0   1496   18.0   16.5     91  14.09     70     14  305.0  347.3  307.6
  808.0   1930   16.0   12.7     81  11.55     63     13  307.3  342.4  309.4
  791.0   2109   15.2   11.7     80  11.06     60     12  308.3  342.1  310.4
  737.0   2705   12.4    8.5     77   9.56     45     12  311.6  341.3  313.4
  700.0   3139   10.4    6.2     75   8.57     60     12  314.0  340.9  315.6
  662.0   3598    7.8    4.1     77   7.81     70      8  316.1  341.0  317.6
  638.0   3902    6.2    2.7     78   7.34     65      8  317.6  341.1  319.0
  615.0   4203    4.5    1.3     80   6.89    110      6  319.0  341.3  320.3
  593.0   4503    2.8   -0.1     81   6.47     60      6  320.4  341.5  321.6
  580.0   4685    1.8   -0.9     82   6.22     69      5  321.2  341.6  322.5
  571.0   4811    0.9   -1.6     83   6.00     75      4  321.7  341.4  322.9
  561.0   4954    0.0   -2.4     84   5.75     56      5  322.2  341.2  323.3
  550.0   5112   -0.8   -5.0     73   4.81     35      6  323.0  339.1  324.0
  539.0   5274   -1.7   -7.7     64   4.00     32      6  323.9  337.4  324.7
  530.0   5408   -2.5   -7.0     71   4.30     30      6  324.5  339.0  325.3
  519.0   5575   -3.5   -6.1     82   4.70     49      7  325.2  341.1  326.1
  510.0   5713   -3.7   -9.3     65   3.72     65      8  326.6  339.4  327.4
  509.0   5729   -3.7   -9.7     63   3.62     65      8  326.8  339.2  327.5
  500.0   5870   -3.9  -10.9     58   3.35     65      8  328.2  339.8  328.9
  499.0   5886   -3.7  -19.7     28   1.62     66      8  328.6  334.5  329.0
  491.0   6013   -4.6  -15.3     43   2.39     70      8  329.1  337.6  329.6
  490.0   6029   -4.7  -14.7     46   2.51     68      8  329.1  338.0  329.6
  482.0   6158   -5.3  -21.3     27   1.46     55      7  329.9  335.3  330.2
  475.0   6272   -6.1  -12.1     63   3.20     43      6  330.3  341.6  331.0
  473.0   6305   -6.3  -12.2     63   3.18     40      6  330.5  341.6  331.1
  456.0   6589   -8.3  -13.3     67   3.03     49      7  331.5  342.1  332.1
  437.0   6914  -10.4  -15.3     67   2.67     60      8  332.9  342.4  333.4
  420.0   7217  -12.3  -17.2     67   2.37     85      8  334.2  342.7  334.7
  400.0   7590  -14.7  -19.6     66   2.03     80      6  335.8  343.2  336.2
  389.0   7801  -15.7  -18.8     77   2.24     81      7  337.2  345.4  337.6
  385.0   7879  -15.3  -23.3     50   1.53     82      7  338.7  344.4  339.0
  317.0   9320  -24.8  -40.5     22   0.36     90     14  344.8  346.3  344.9
  314.0   9391  -25.3  -41.3     21   0.33     89     14  345.1  346.5  345.1
  300.0   9720  -28.5  -41.5     28   0.34     85     14  345.1  346.5  345.2
  268.0  10512  -35.2  -43.2     44   0.31     75     19  346.7  348.0  346.7
  256.0  10834  -37.9  -43.9     53   0.30     50     21  347.2  348.5  347.3
  250.0  11000  -39.3  -44.3     59   0.30     50     19  347.5  348.8  347.6
  247.0  11082  -40.1  -45.1     59   0.28     50     19  347.5  348.7  347.6
  200.0  12480  -52.7                          50     25  349.1         349.1
  169.0  13534  -61.6                          40     39  351.6         351.6
  150.0  14280  -67.9                          40     47  352.9         352.9
  137.0  14819  -72.5                          47     61  354.1         354.1
  125.0  15343  -75.6                          55     76  357.8         357.8
  119.0  15625  -77.3                          60     76  359.7         359.7
  102.0  16507  -82.6                          90     54  365.8         365.8
  100.0  16620  -83.3                          95     52  366.5         366.5
   96.0  16851  -82.7                          95     47  372.1         372.1
   86.0  17473  -80.9                          70     14  387.5         387.5
   82.0  17743  -80.2                         135      4  394.3         394.3
   78.0  18026  -79.4                         125     12  401.6         401.6
   74.0  18324  -78.6                          75     14  409.4         409.4
   70.9  18566  -77.9                         346      9  415.9         415.9
   70.0  18640  -73.7                         320      8  426.4         426.4
   69.8  18657  -72.9                         315      8  428.4         428.4
   67.0  18903  -71.5                         250     14  436.6         436.6
   63.0  19273  -69.3                         250     12  449.2         449.2
   60.0  19567  -67.5                         280     21  459.3         459.3
   55.0  20090  -64.5                         255     33  477.9         477.9
   52.3  20393  -62.7                         258     30  489.0         489.0
   50.0  20670  -63.1                         260     27  494.4         494.4
   47.0  21052  -62.9                         280     23  503.6         503.6
   43.0  21600  -62.7                         265     16  517.1         517.1
   41.0  21894  -62.6                         220      8  524.6         524.6
   39.0  22202  -62.4                          50      4  532.5         532.5
   35.0  22869  -62.1                         100     23  550.0         550.0
   30.0  23820  -61.7                          90     37  575.9         575.9
   29.9  23841  -61.5                          90     37  577.0         577.0
   25.0  24966  -58.6                         105     51  615.4         615.4
   20.0  26370  -55.1                          85     52  666.8         666.8
   17.0  27429  -51.5                          75     52  709.9         709.9
   13.9  28740  -47.1                          87     59  767.0         767.0
   12.6  29397  -43.1                          92     63  802.7         802.7
   11.0  30309  -44.2                         100     68  830.7         830.7
   10.5  30622  -44.5                         100     68  840.4         840.4
   10.0  30950  -44.9                         100     68  850.8         850.8
    9.7  31154  -44.3                         100     66  860.5         860.5
    8.0  32485  -35.9                         100     52  942.5         942.5
    7.0  33407  -30.1                          75     47 1003.2        1003.2
    6.0  34491  -34.5                         105     16 1029.3        1029.3
    5.8  34730  -35.5                                    1035.0        1035.0
    5.5  35101  -32.9                                    1062.4        1062.4
</PRE><H3>Station information and sounding indices</H3><PRE>
                         Station identifier: WIII
                             Station number: 96749
                           Observation time: 140614/0000
                           Station latitude: -6.11
                          Station longitude: 106.65
                          Station elevation: 8.0
                            Showalter index: 0.14
                               Lifted index: -1.26
    LIFT computed using virtual temperature: -1.75
                                SWEAT index: 234.01
                                    K index: 34.20
                         Cross totals index: 20.40
                      Vertical totals index: 21.90
                        Totals totals index: 42.30
      Convective Available Potential Energy: 425.93
             CAPE using virtual temperature: 547.26
                      Convective Inhibition: -36.56
             CINS using virtual temperature: -28.18
                           Equilibrum Level: 179.09
 Equilibrum Level using virtual temperature: 178.42
                   Level of Free Convection: 827.25
             LFCT using virtual temperature: 856.30
                     Bulk Richardson Number: 100.06
          Bulk Richardson Number using CAPV: 128.56
  Temp [K] of the Lifted Condensation Level: 294.33
Pres [hPa] of the Lifted Condensation Level: 932.34
   Equivalent potential temp [K] of the LCL: 351.17
     Mean mixed layer potential temperature: 300.29
              Mean mixed layer mixing ratio: 17.34
              1000 hPa to 500 hPa thickness: 5793.00
Precipitable water [mm] for entire sounding: 58.86
</PRE>
<P>Description of the 
<A HREF="/upperair/columns.html">data columns</A>
or <A HREF="/upperair/indices.html">sounding indices</A>.

<P>
<FORM>
<INPUT CLASS="button" TYPE="button" VALUE=" Close this window " 
 onClick="window.close();">
<INPUT CLASS="button" TYPE="button" VALUE=" Select another map " 
 onClick="window.blur();">
</FORM>
<HR SIZE="1">
<I>Interested in graduate studies in atmospheric science?
Check out our program at the
<a href="http://www.uwyo.edu/atsc/howtoapply/"
target=_top>University of Wyoming
</a></I>
<HR SIZE="1"><FONT SIZE="-1">
Questions about the weather data provided by this site can be
addressed to <A HREF="mailto:ldoolman@uwyo.edu">
Larry Oolman (ldoolman@uwyo.edu)</A></FONT>
<HR SIZE="1">
<SCRIPT TYPE="text/javascript">
<!--
window.focus();
// -->
</SCRIPT>
</BODY>
</HTML>
