2013-10-03 12
<HTML>
<TITLE>University of Wyoming - Radiosonde Data</TITLE>
<BODY BGCOLOR="white">
<H2>96749 WIII Jakarta Observations at 00Z 03 Oct 2013</H2>
<PRE>
-----------------------------------------------------------------------------
   PRES   HGHT   TEMP   DWPT   RELH   MIXR   DRCT   SKNT   THTA   THTE   THTV
    hPa     m      C      C      %    g/kg    deg   knot     K      K      K 
-----------------------------------------------------------------------------
 1011.0      8   25.2   23.1     88  17.96    170      4  297.4  349.6  300.6
 1000.0    107   25.6   21.3     77  16.23    180      4  298.8  346.2  301.6
  978.0    303   24.6   20.4     78  15.70    195      4  299.6  345.7  302.5
  945.0    605   23.1   19.0     78  14.90    195      4  301.0  345.0  303.7
  944.0    614   23.0   19.0     78  14.88    194      4  301.1  345.0  303.8
  925.0    792   21.6   19.3     87  15.48    180      2  301.4  347.2  304.2
  913.0    905   20.9   18.6     87  14.96    170      2  301.8  346.1  304.5
  882.0   1203   19.0   16.6     86  13.66    325      2  302.8  343.5  305.3
  850.0   1522   17.0   14.5     85  12.36      0      0  303.9  341.0  306.2
  848.0   1542   16.8   14.1     84  12.07    351      0  303.9  340.1  306.1
  831.0   1715   16.6   10.6     68   9.75    269      4  305.5  335.0  307.3
  823.0   1798   16.9    7.3     53   7.83    230      6  306.6  330.7  308.1
  820.0   1829   17.0    6.0     48   7.20    226      7  307.1  329.3  308.4
  794.0   2101   15.0    6.3     56   7.60    195     12  307.8  331.3  309.2
  767.0   2394   12.9    6.6     66   8.05    185     10  308.6  333.4  310.1
  746.0   2628   11.2    6.9     75   8.43    158      8  309.2  335.2  310.8
  740.0   2696   10.8    4.9     67   7.40    150      8  309.5  332.5  310.9
  736.0   2741   10.6    3.6     62   6.78    151      9  309.7  330.9  311.0
  731.0   2798   11.2   -7.8     26   2.92    152     10  311.0  320.5  311.5
  700.0   3158    8.8   -3.2     43   4.34    160     16  312.2  326.2  313.0
  664.0   3593    5.7   -6.3     42   3.60    170     14  313.4  325.2  314.1
  661.0   3630    5.4   -6.6     42   3.55    172     13  313.5  325.1  314.2
  655.0   3705    6.6  -14.4     21   1.92    177     11  315.7  322.3  316.1
  640.0   3894    5.4  -16.9     18   1.60    190      6  316.4  321.9  316.7
  619.0   4166    3.6  -20.4     15   1.23    185      4  317.4  321.7  317.6
  617.0   4192    3.4  -18.2     19   1.49    185      4  317.5  322.6  317.8
  605.0   4351    2.2   -4.8     60   4.45    141      4  317.9  332.5  318.7
  602.0   4392    2.4  -10.6     38   2.85    130      4  318.6  328.1  319.1
  594.0   4500    2.0  -14.4     28   2.11    100      4  319.3  326.6  319.7
  579.0   4706    1.2  -21.8     16   1.16    110      7  320.7  324.9  320.9
  572.0   4803    0.5  -23.7     14   1.00    115      8  321.0  324.6  321.2
  567.0   4874    0.0  -25.0     13   0.89    104      8  321.2  324.5  321.4
  563.0   4931   -0.5  -26.5     12   0.78     96      8  321.3  324.2  321.4
  551.0   5102   -2.0  -11.6     48   2.87     70      8  321.4  331.2  322.0
  546.0   5175   -2.7   -5.3     82   4.75     68      9  321.5  337.3  322.4
  531.0   5396   -3.6   -9.1     66   3.63     60     12  322.9  335.2  323.6
  518.0   5592   -4.5  -12.5     54   2.84     68     14  324.2  334.0  324.8
  500.0   5870   -5.7  -15.7     45   2.26     80     17  326.0  334.0  326.5
  492.0   5994   -6.5  -17.8     40   1.93     85     17  326.6  333.4  326.9
  438.0   6885  -12.2  -32.9     16   0.55    100     21  330.3  332.5  330.4
  404.0   7504  -16.2  -43.4      8   0.20     70     23  332.9  333.7  332.9
  400.0   7580  -16.7  -44.7      7   0.18     75     23  333.2  333.9  333.2
  379.0   7985  -19.3  -48.3      6   0.13     81     26  334.9  335.5  335.0
  301.0   9666  -30.5  -50.5     12   0.12    105     37  341.9  342.5  342.0
  300.0   9690  -30.7  -50.7     12   0.12    105     37  342.0  342.5  342.0
  279.0  10195  -35.6  -52.0     17   0.11    105     39  342.1  342.6  342.1
  261.0  10658  -40.1  -53.1     24   0.11     99     43  342.1  342.5  342.1
  250.0  10950  -42.7                          95     45  342.4         342.4
  200.0  12410  -54.7                          95     52  346.0         346.0
  152.0  14108  -67.7                          75     52  352.0         352.0
  150.0  14190  -68.3                          75     54  352.2         352.2
  138.0  14682  -71.4                          65     62  355.3         355.3
  124.0  15314  -75.4                          70     47  359.0         359.0
  123.0  15362  -75.7                          70     44  359.3         359.3
  116.0  15703  -73.9                          67     24  368.7         368.7
  112.0  15906  -75.1                          65     12  370.1         370.1
  106.0  16225  -77.0                          90     19  372.4         372.4
  104.0  16335  -77.7                          87     20  373.1         373.1
  100.0  16560  -78.3                          80     23  376.2         376.2
   96.0  16791  -79.4                          65     14  378.5         378.5
   91.0  17094  -80.8                          60      4  381.5         381.5
   88.0  17284  -81.7                         107      6  383.4         383.4
   86.0  17417  -80.8                         140      8  387.7         387.7
   82.0  17690  -78.9                         110     10  396.9         396.9
   78.0  17978  -77.0                         180      4  406.7         406.7
   70.0  18600  -72.7                         180     12  428.5         428.5
   66.0  18953  -70.4                         175      2  440.7         440.7
   63.0  19232  -68.6                         250      8  450.6         450.6
   60.0  19524  -66.7                         235     12  461.1         461.1
   57.0  19832  -64.8                         270     10  472.4         472.4
   54.9  20057  -63.3                         269     16  480.9         480.9
   50.0  20630  -63.3                         265     31  493.9         493.9
   49.0  20755  -63.2                         265     31  497.0         497.0
   47.0  21013  -63.0                         245     29  503.4         503.4
   45.0  21282  -62.8                         255     17  510.2         510.2
   43.0  21563  -62.6                         285     21  517.4         517.4
   39.0  22167  -62.1                         290     35  533.2         533.2
   37.0  22493  -61.9                         275     29  541.9         541.9
   34.0  23016  -61.5                         265     49  556.2         556.2
   30.0  23790  -60.9                         255     43  578.0         578.0
   27.4  24357  -59.3                         246     34  597.7         597.7
   26.0  24691  -58.4                         240     29  609.4         609.4
   23.0  25471  -56.2                         275     12  637.5         637.5
   21.0  26050  -54.6                         270     14  659.1         659.1
   20.0  26360  -53.7                         280     17  671.0         671.0
   18.3  26930  -52.7                         263     24  691.4         691.4
   18.0  27038  -52.5                         260     25  695.3         695.3
   14.0  28681  -49.7                         255      8  756.6         756.6
   11.0  30257  -47.0                         275     29  820.5         820.5
   10.0  30880  -45.9                         255      4  847.1         847.1
</PRE><H3>Station information and sounding indices</H3><PRE>
                         Station identifier: WIII
                             Station number: 96749
                           Observation time: 131003/0000
                           Station latitude: -6.11
                          Station longitude: 106.65
                          Station elevation: 8.0
                            Showalter index: 0.80
                               Lifted index: -1.21
    LIFT computed using virtual temperature: -1.73
                                SWEAT index: 191.00
                                    K index: 25.20
                         Cross totals index: 20.20
                      Vertical totals index: 22.70
                        Totals totals index: 42.90
      Convective Available Potential Energy: 379.95
             CAPE using virtual temperature: 558.38
                      Convective Inhibition: -67.38
             CINS using virtual temperature: -36.81
                           Equilibrum Level: 208.03
 Equilibrum Level using virtual temperature: 207.81
                   Level of Free Convection: 765.25
             LFCT using virtual temperature: 849.55
                     Bulk Richardson Number: 371.76
          Bulk Richardson Number using CAPV: 546.34
  Temp [K] of the Lifted Condensation Level: 292.95
Pres [hPa] of the Lifted Condensation Level: 927.37
   Equivalent potential temp [K] of the LCL: 346.05
     Mean mixed layer potential temperature: 299.35
              Mean mixed layer mixing ratio: 15.97
              1000 hPa to 500 hPa thickness: 5763.00
Precipitable water [mm] for entire sounding: 42.06
</PRE>
<P>Description of the 
<A HREF="/upperair/columns.html">data columns</A>
or <A HREF="/upperair/indices.html">sounding indices</A>.

<P>
<FORM>
<INPUT CLASS="button" TYPE="button" VALUE=" Close this window " 
 onClick="window.close();">
<INPUT CLASS="button" TYPE="button" VALUE=" Select another map " 
 onClick="window.blur();">
</FORM>
<HR SIZE="1">
<I>Interested in graduate studies in atmospheric science?
Check out our program at the
<a href="http://www.uwyo.edu/atsc/howtoapply/"
target=_top>University of Wyoming
</a></I>
<HR SIZE="1"><FONT SIZE="-1">
Questions about the weather data provided by this site can be
addressed to <A HREF="mailto:ldoolman@uwyo.edu">
Larry Oolman (ldoolman@uwyo.edu)</A></FONT>
<HR SIZE="1">
<SCRIPT TYPE="text/javascript">
<!--
window.focus();
// -->
</SCRIPT>
</BODY>
</HTML>
