2013-05-18 12
<HTML>
<TITLE>University of Wyoming - Radiosonde Data</TITLE>
<BODY BGCOLOR="white">
<H2>96749 WIII Jakarta Observations at 00Z 18 May 2013</H2>
<PRE>
-----------------------------------------------------------------------------
   PRES   HGHT   TEMP   DWPT   RELH   MIXR   DRCT   SKNT   THTA   THTE   THTV
    hPa     m      C      C      %    g/kg    deg   knot     K      K      K 
-----------------------------------------------------------------------------
 1009.0      8   24.6   23.7     95  18.69    150      3  297.0  351.2  300.3
 1000.0     88   26.0   22.3     80  17.28    175      6  299.1  349.8  302.2
  999.0     97   26.0   22.1     79  17.08    177      6  299.2  349.3  302.3
  976.0    303   25.4   21.1     77  16.46    235     14  300.7  349.2  303.6
  943.0    607   24.6   19.7     74  15.57    232     15  302.8  349.1  305.6
  925.0    776   23.6   18.9     75  15.09    230     16  303.4  348.5  306.2
  912.0    899   22.9   18.3     76  14.76    225     16  303.9  348.1  306.6
  851.0   1502   19.3   15.6     79  13.22    245     10  306.2  346.2  308.6
  850.0   1512   19.2   15.5     79  13.20    245     10  306.2  346.1  308.7
  822.0   1797   17.5   13.9     79  12.31    235     10  307.4  344.8  309.7
  794.0   2092   15.8   12.3     79  11.43    245     10  308.7  343.6  310.8
  747.0   2612   12.8    9.4     80  10.01    259      8  310.8  341.8  312.7
  713.0   3001   10.5    7.0     79   8.87    270      6  312.4  340.2  314.1
  700.0   3155    9.6    6.0     78   8.45    255      6  313.1  339.6  314.7
  663.0   3600    6.9    4.0     82   7.77    230      8  314.9  339.6  316.4
  640.0   3889    5.2    2.8     85   7.35    230      6  316.1  339.6  317.6
  616.0   4202    3.2    1.4     87   6.91    185      4  317.4  339.6  318.8
  594.0   4500    1.4    0.1     90   6.51    130     10  318.7  339.7  319.9
  577.0   4738    0.0   -1.0     93   6.20    134      5  319.6  339.8  320.8
  572.0   4808   -0.3   -1.6     91   5.97    135      4  320.1  339.6  321.2
  551.0   5107   -1.6   -4.4     82   5.05     45      2  321.9  338.7  322.9
  544.0   5210   -2.1   -5.3     79   4.77     50      2  322.6  338.4  323.5
  511.0   5707   -3.5   -7.8     72   4.18     75      4  326.7  340.9  327.5
  501.0   5864   -3.9   -8.6     70   4.01    107      6  328.0  341.8  328.8
  500.0   5880   -4.1   -8.6     71   4.02    110      6  328.0  341.8  328.8
  492.0   6004   -4.9   -9.5     70   3.80    135      6  328.5  341.6  329.2
  473.0   6308   -6.9  -11.8     68   3.30    160      6  329.8  341.3  330.4
  456.0   6590   -8.7  -13.8     66   2.89    115      6  330.9  341.1  331.5
  421.0   7206  -12.7  -18.4     63   2.14    115      6  333.4  341.2  333.9
  400.0   7600  -15.3  -21.3     60   1.76     90     10  335.0  341.5  335.4
  395.0   7695  -16.1  -21.1     65   1.81     84     11  335.2  341.8  335.6
  387.0   7848  -17.1  -19.6     81   2.10     75     13  335.8  343.5  336.3
  374.0   8100  -18.8  -22.0     76   1.76     60     16  336.9  343.4  337.2
  345.0   8695  -22.8  -27.7     64   1.14     55     17  339.3  343.6  339.5
  327.0   9090  -25.5  -31.5     57   0.84     68     18  340.8  344.1  341.0
  317.0   9314  -26.8  -30.9     68   0.92     75     19  342.1  345.7  342.3
  313.0   9406  -27.3  -30.7     73   0.95     74     20  342.6  346.3  342.8
  300.0   9710  -29.3  -34.3     62   0.70     70     23  344.0  346.8  344.1
  268.0  10502  -35.9  -44.9     39   0.26     70     27  345.6  346.7  345.7
  250.0  10980  -39.9  -56.9     15   0.07     70     29  346.6  346.9  346.6
  249.0  11007  -40.1  -57.1     15   0.07     70     29  346.7  347.0  346.7
  205.0  12305  -51.1                          75     33  349.2         349.2
  200.0  12470  -52.5                          75     33  349.5         349.5
  150.0  14260  -66.5                          80     23  355.3         355.3
  146.0  14418  -67.6                          80     23  356.1         356.1
  120.0  15568  -75.7                         170     12  361.8         361.8
  108.0  16186  -80.1                         170     14  364.6         364.6
  102.0  16509  -81.5                         140     10  367.9         367.9
  100.0  16620  -82.1                         130      8  368.9         368.9
   97.0  16789  -82.8                         125      8  370.6         370.6
   94.5  16934  -83.5                         120     12  372.1         372.1
   87.0  17392  -83.1                         135     19  381.8         381.8
   80.1  17849  -82.7                          78     15  391.8         391.8
   78.0  18000  -78.4                          60     14  403.7         403.7
   75.7  18170  -73.5                          60     16  417.4         417.4
   74.0  18303  -72.2                          60     17  422.9         422.9
   71.7  18488  -70.3                          77     12  430.7         430.7
   70.0  18630  -71.1                          90      8  431.9         431.9
   67.0  18887  -72.6                         125     10  434.1         434.1
   64.0  19156  -74.2                          85     16  436.3         436.3
   61.3  19408  -75.7                          85     19  438.4         438.4
   52.0  20371  -73.0                         100     31  465.9         465.9
   50.0  20600  -72.3                          95     35  472.7         472.7
   49.3  20683  -72.7                          93     35  473.7         473.7
   47.0  20969  -69.4                          85     35  488.1         488.1
   45.1  21216  -66.5                          69     29  500.9         500.9
   44.0  21368  -62.9                          60     25  513.1         513.1
   43.2  21481  -60.3                          36     21  522.3         522.3
   42.0  21660  -59.8                           0     16  527.9         527.9
   40.0  21971  -58.8                          10      2  537.6         537.6
   39.0  22132  -58.3                          55      6  542.8         542.8
   37.0  22466  -57.3                         350      4  553.6         553.6
   33.0  23194  -55.1                         310     19  577.8         577.8
   30.0  23800  -53.3                         250     23  598.7         598.7
   25.0  24987  -48.4                         285     39  644.8         644.8
   24.0  25252  -47.3                         283     46  655.6         655.6
   23.0  25532  -47.7                         280     54  662.4         662.4
   20.0  26450  -49.1                         265     27  685.1         685.1
   19.0  26786  -48.9                         258     27  695.9         695.9
   18.0  27145  -48.5                         250     27  707.9         707.9
   15.0  28353  -47.3                         300     21  749.9         749.9
   13.0  29301  -46.3                         305     23  784.5         784.5
   12.0  29832  -45.8                         255     33  804.6         804.6
   10.0  31040  -44.5                         270     39  852.3         852.3
    9.8  31175  -44.5                         270     40  857.2         857.2
    8.3  32297  -40.3                         274     44  915.4         915.4
    8.0  32548  -40.3                         275     45  925.1         925.1
    7.0  33458  -40.3                         260     45  961.1         961.1
    6.4  34069  -40.3                                     986.0         986.0
</PRE><H3>Station information and sounding indices</H3><PRE>
                         Station identifier: WIII
                             Station number: 96749
                           Observation time: 130518/0000
                           Station latitude: -6.11
                          Station longitude: 106.65
                          Station elevation: 8.0
                            Showalter index: 0.38
                               Lifted index: -0.81
    LIFT computed using virtual temperature: -1.14
                                SWEAT index: 212.01
                                    K index: 35.20
                         Cross totals index: 19.60
                      Vertical totals index: 23.30
                        Totals totals index: 42.90
      Convective Available Potential Energy: 432.48
             CAPE using virtual temperature: 515.52
                      Convective Inhibition: -115.66
             CINS using virtual temperature: -94.07
                           Equilibrum Level: 224.83
 Equilibrum Level using virtual temperature: 224.21
                   Level of Free Convection: 742.66
             LFCT using virtual temperature: 767.75
                     Bulk Richardson Number: 296.46
          Bulk Richardson Number using CAPV: 353.38
  Temp [K] of the Lifted Condensation Level: 293.66
Pres [hPa] of the Lifted Condensation Level: 925.90
   Equivalent potential temp [K] of the LCL: 349.31
     Mean mixed layer potential temperature: 300.21
              Mean mixed layer mixing ratio: 16.73
              1000 hPa to 500 hPa thickness: 5792.00
Precipitable water [mm] for entire sounding: 58.76
</PRE>
<P>Description of the 
<A HREF="/upperair/columns.html">data columns</A>
or <A HREF="/upperair/indices.html">sounding indices</A>.

<P>
<FORM>
<INPUT CLASS="button" TYPE="button" VALUE=" Close this window " 
 onClick="window.close();">
<INPUT CLASS="button" TYPE="button" VALUE=" Select another map " 
 onClick="window.blur();">
</FORM>
<HR SIZE="1">
<I>Interested in graduate studies in atmospheric science?
Check out our program at the
<a href="http://www.uwyo.edu/atsc/howtoapply/"
target=_top>University of Wyoming
</a></I>
<HR SIZE="1"><FONT SIZE="-1">
Questions about the weather data provided by this site can be
addressed to <A HREF="mailto:ldoolman@uwyo.edu">
Larry Oolman (ldoolman@uwyo.edu)</A></FONT>
<HR SIZE="1">
<SCRIPT TYPE="text/javascript">
<!--
window.focus();
// -->
</SCRIPT>
</BODY>
</HTML>
