2013-08-18 12
<HTML>
<TITLE>University of Wyoming - Radiosonde Data</TITLE>
<BODY BGCOLOR="white">
<H2>96749 WIII Jakarta Observations at 00Z 18 Aug 2013</H2>
<PRE>
-----------------------------------------------------------------------------
   PRES   HGHT   TEMP   DWPT   RELH   MIXR   DRCT   SKNT   THTA   THTE   THTV
    hPa     m      C      C      %    g/kg    deg   knot     K      K      K 
-----------------------------------------------------------------------------
 1011.0      8   25.4   22.1     82  16.88    200      2  297.6  346.7  300.6
 1008.0     35   24.6   21.5     83  16.30    195      2  297.1  344.4  300.0
 1000.0    106   24.8   20.7     78  15.63    180      2  297.9  343.5  300.7
  978.0    302   25.0   20.1     74  15.38    140      4  300.0  345.2  302.8
  975.0    329   25.0   20.0     74  15.34    138      4  300.3  345.5  303.1
  925.0    790   21.4   18.2     82  14.43    105      6  301.2  343.8  303.8
  913.0    903   20.8   17.5     82  14.01    100      6  301.7  343.2  304.2
  850.0   1519   17.6   13.9     79  11.88     95      8  304.6  340.3  306.7
  794.0   2096   14.3   10.5     78  10.16     85      4  307.1  338.0  308.9
  766.0   2400   12.6    8.8     77   9.33    100      4  308.4  337.0  310.1
  732.0   2784   10.4    6.5     77   8.36     97      5  310.0  335.9  311.6
  713.0   3003    9.6    5.0     73   7.74     95      6  311.4  335.6  312.9
  700.0   3156    9.0    4.0     71   7.33    100      6  312.4  335.5  313.8
  688.0   3299    7.9    3.8     75   7.36    110      6  312.7  335.9  314.1
  670.0   3518    6.2    3.5     83   7.40    345      5  313.2  336.6  314.6
  663.0   3603    5.7    2.9     82   7.15    295      4  313.6  336.3  315.0
  616.0   4202    2.5   -1.4     75   5.62    255      6  316.5  334.7  317.6
  599.0   4429    1.2   -3.1     73   5.11    251      4  317.6  334.3  318.6
  594.0   4497    0.6   -2.8     78   5.27    250      4  317.7  334.8  318.7
  589.0   4565    0.0   -2.5     83   5.44    256      4  317.8  335.4  318.8
  572.0   4797   -1.4   -4.3     81   4.90    275      4  318.8  334.8  319.7
  551.0   5094   -3.2   -6.6     78   4.27     10      2  320.1  334.2  320.9
  530.0   5402   -5.1   -8.9     74   3.69     40      6  321.4  333.8  322.1
  519.0   5568   -6.1  -10.2     73   3.41     35      8  322.1  333.6  322.8
  500.0   5860   -7.5   -9.7     84   3.68     25     12  323.8  336.3  324.6
  491.0   6001   -8.2  -10.5     84   3.52     25     12  324.7  336.7  325.4
  472.0   6307   -9.7  -12.2     82   3.20     45     16  326.5  337.5  327.1
  454.0   6607  -10.9  -34.6     12   0.45     65     19  328.6  330.4  328.7
  448.0   6709  -11.3  -42.3      6   0.21     67     19  329.4  330.2  329.4
  403.0   7514  -16.0  -36.2     16   0.43     85     16  333.4  335.1  333.5
  402.0   7532  -16.1  -36.1     16   0.44     85     16  333.5  335.2  333.6
  400.0   7570  -16.5  -33.5     22   0.57     85     16  333.5  335.7  333.6
  389.0   7778  -18.1  -30.1     34   0.81     91     16  334.0  337.1  334.2
  368.0   8189  -21.1  -51.1      5   0.09    103     15  335.4  335.8  335.4
  357.0   8412  -22.6  -39.8     19   0.34    110     14  336.3  337.7  336.4
  356.0   8432  -22.7  -38.7     22   0.38    110     14  336.4  337.9  336.5
  334.0   8895  -25.9  -45.9     14   0.19    118     14  338.2  339.0  338.3
  329.0   9003  -26.8  -46.5     14   0.18    120     14  338.4  339.2  338.5
  302.0   9613  -31.9  -50.0     15   0.13     90     16  339.6  340.2  339.7
  300.0   9660  -32.3  -50.3     15   0.13     90     16  339.7  340.3  339.8
  278.0  10190  -37.0  -52.0     20   0.11    110     12  340.5  341.0  340.5
  266.0  10497  -39.6  -52.9     23   0.11    100     12  340.9  341.4  340.9
  264.0  10549  -40.1  -53.1     24   0.10     94     13  341.0  341.4  341.0
  254.0  10812  -42.1                          65     16  341.8         341.8
  250.0  10920  -42.9                          65     17  342.1         342.1
  200.0  12390  -54.5                          50     58  346.3         346.3
  184.0  12909  -58.0                          50     64  348.9         348.9
  150.0  14180  -66.7                          75     37  355.0         355.0
  131.0  14970  -72.5                         100     25  358.7         358.7
  118.0  15579  -76.9                         105     31  361.4         361.4
  111.0  15936  -79.5                          80     27  362.9         362.9
  106.0  16198  -78.0                          50     14  370.6         370.6
  100.0  16530  -76.1                         140      8  380.4         380.4
   91.0  17087  -73.5                         135     14  396.0         396.0
   86.0  17420  -71.9                          40     10  405.6         405.6
   82.0  17701  -70.6                         350     17  413.8         413.8
   74.8  18243  -68.1                         327     16  430.1         430.1
   70.0  18640  -70.7                         310     16  432.8         432.8
   66.6  18934  -70.7                         301     18  439.0         439.0
   64.5  19124  -69.9                         295     19  444.8         444.8
   63.2  19246  -65.9                         291     20  456.2         456.2
   61.0  19462  -64.2                         285     21  464.6         464.6
   59.6  19604  -63.1                         281     21  470.2         470.2
   52.0  20440  -63.6                         255     19  487.8         487.8
   50.0  20680  -63.7                         270     21  492.9         492.9
   47.0  21059  -64.1                         270     27  500.8         500.8
   45.7  21231  -64.3                         265     25  504.3         504.3
   43.0  21608  -61.1                         255     21  521.1         521.1
   41.1  21888  -58.7                         288     16  533.8         533.8
   41.0  21903  -58.7                         290     16  534.2         534.2
   34.0  23082  -57.9                         255     25  565.5         565.5
   30.5  23766  -57.5                         268     27  584.5         584.5
   30.0  23870  -57.1                         270     27  588.4         588.4
   28.0  24311  -55.5                         270     27  604.5         604.5
   25.0  25035  -52.9                         266     27  631.9         631.9
   21.0  26156  -54.1                         260     27  660.4         660.4
   20.0  26470  -54.5                         265     33  668.6         668.6
   18.0  27142  -54.8                         285     23  688.1         688.1
   16.2  27815  -55.1                         267     15  708.1         708.1
   16.0  27896  -54.8                         265     14  711.8         711.8
   15.0  28315  -53.0                         335      6  730.9         730.9
   14.0  28763  -51.1                          50     10  751.8         751.8
   13.0  29245  -49.1                           5     14  774.8         774.8
   12.0  29765  -46.9                         350     10  800.5         800.5
   11.9  29819  -46.7                         354     10  803.2         803.2
   11.0  30339  -46.8                          30     10  821.1         821.1
   10.0  30970  -46.9                         295      4  843.4         843.4
    9.4  31384  -42.5                         225      9  875.1         875.1
    9.0  31677  -42.4                         175     12  886.3         886.3
    8.3  32224  -42.3                                     907.6         907.6
</PRE><H3>Station information and sounding indices</H3><PRE>
                         Station identifier: WIII
                             Station number: 96749
                           Observation time: 130818/0000
                           Station latitude: -6.11
                          Station longitude: 106.65
                          Station elevation: 8.0
                            Showalter index: -0.72
                               Lifted index: -2.46
    LIFT computed using virtual temperature: -2.73
                                SWEAT index: 194.81
                                    K index: 34.00
                         Cross totals index: 21.40
                      Vertical totals index: 25.10
                        Totals totals index: 46.50
      Convective Available Potential Energy: 394.21
             CAPE using virtual temperature: 495.79
                      Convective Inhibition: -78.25
             CINS using virtual temperature: -58.84
                           Equilibrum Level: 232.90
 Equilibrum Level using virtual temperature: 232.79
                   Level of Free Convection: 752.86
             LFCT using virtual temperature: 784.84
                     Bulk Richardson Number: 368.04
          Bulk Richardson Number using CAPV: 462.88
  Temp [K] of the Lifted Condensation Level: 292.40
Pres [hPa] of the Lifted Condensation Level: 921.98
   Equivalent potential temp [K] of the LCL: 344.62
     Mean mixed layer potential temperature: 299.28
              Mean mixed layer mixing ratio: 15.50
              1000 hPa to 500 hPa thickness: 5754.00
Precipitable water [mm] for entire sounding: 51.08
</PRE>
<P>Description of the 
<A HREF="/upperair/columns.html">data columns</A>
or <A HREF="/upperair/indices.html">sounding indices</A>.

<P>
<FORM>
<INPUT CLASS="button" TYPE="button" VALUE=" Close this window " 
 onClick="window.close();">
<INPUT CLASS="button" TYPE="button" VALUE=" Select another map " 
 onClick="window.blur();">
</FORM>
<HR SIZE="1">
<I>Interested in graduate studies in atmospheric science?
Check out our program at the
<a href="http://www.uwyo.edu/atsc/howtoapply/"
target=_top>University of Wyoming
</a></I>
<HR SIZE="1"><FONT SIZE="-1">
Questions about the weather data provided by this site can be
addressed to <A HREF="mailto:ldoolman@uwyo.edu">
Larry Oolman (ldoolman@uwyo.edu)</A></FONT>
<HR SIZE="1">
<SCRIPT TYPE="text/javascript">
<!--
window.focus();
// -->
</SCRIPT>
</BODY>
</HTML>
