2013-03-13 00
<HTML>
<TITLE>University of Wyoming - Radiosonde Data</TITLE>
<BODY BGCOLOR="white">
<H2>96749 WIII Jakarta Observations at 00Z 13 Mar 2013</H2>
<PRE>
-----------------------------------------------------------------------------
   PRES   HGHT   TEMP   DWPT   RELH   MIXR   DRCT   SKNT   THTA   THTE   THTV
    hPa     m      C      C      %    g/kg    deg   knot     K      K      K 
-----------------------------------------------------------------------------
 1010.0      8   25.4   23.3     88  18.21    260      5  297.7  350.7  300.9
 1000.0     97   25.2   21.7     81  16.64    255      8  298.4  346.9  301.3
  977.0    301   24.7   20.1     76  15.44    245     16  299.9  345.2  302.6
  927.0    763   23.6   16.6     65  12.98    245     14  303.2  342.0  305.6
  925.0    782   23.4   16.4     65  12.84    245     14  303.2  341.6  305.6
  913.0    895   22.6   15.8     65  12.50    245     14  303.6  341.0  305.9
  850.0   1515   18.4   12.4     68  10.75    250     16  305.4  337.9  307.4
  794.0   2091   15.2   10.1     71   9.86    265     12  308.0  338.2  309.9
  739.0   2698   11.9    7.6     75   8.96    280     12  310.8  338.6  312.5
  700.0   3156    9.4    5.8     78   8.33    270     14  312.9  339.0  314.4
  640.0   3888    5.2    1.3     76   6.62    260      6  316.3  337.5  317.5
  616.0   4200    3.5   -0.6     75   5.98    265      8  317.7  337.1  318.8
  579.0   4706    0.6   -3.7     73   5.05    298      5  320.0  336.6  321.0
  572.0   4804    0.0   -4.3     73   4.89    305      4  320.4  336.6  321.4
  506.0   5776   -5.5   -6.7     91   4.60    269      8  325.2  340.7  326.1
  500.0   5870   -5.5   -8.7     78   3.99    265      8  326.3  339.9  327.1
  498.0   5901   -5.5   -9.2     75   3.85    264      8  326.6  339.8  327.4
  492.0   5995   -6.2   -9.7     77   3.76    260      6  326.9  339.8  327.6
  473.0   6299   -8.5  -11.1     81   3.48    310      8  327.8  339.7  328.4
  455.0   6598  -10.8  -12.6     87   3.21    270      8  328.6  339.7  329.2
  438.0   6891  -13.0  -14.0     92   2.97    300      6  329.3  339.7  329.9
  430.0   7034  -14.1  -14.7     95   2.86    291      6  329.7  339.7  330.3
  421.0   7193  -14.6  -16.2     88   2.58    280      6  331.0  340.2  331.5
  400.0   7580  -15.9  -19.8     72   2.00    310     10  334.2  341.5  334.6
  389.0   7789  -17.0  -21.9     66   1.71    320     12  335.4  341.7  335.8
  374.0   8083  -18.6  -24.9     58   1.36    315     12  337.1  342.2  337.4
  359.0   8389  -20.3  -28.1     50   1.06    330     12  338.8  342.9  339.0
  347.0   8643  -21.7  -30.7     44   0.86    322     11  340.2  343.6  340.4
  331.0   8986  -24.6  -33.3     44   0.70    310     10  340.9  343.6  341.0
  317.0   9300  -27.3  -35.7     45   0.58    335      8  341.4  343.7  341.5
  304.0   9604  -29.9  -38.0     45   0.48    315      6  341.9  343.8  341.9
  300.0   9700  -30.7  -38.7     45   0.45    295      6  342.0  343.8  342.1
  292.0   9887  -32.3  -39.7     48   0.42    255      4  342.3  344.0  342.4
  268.0  10482  -37.5  -42.9     57   0.32    215      2  343.2  344.6  343.3
  257.0  10773  -40.1  -44.5     63   0.29    142      6  343.6  344.8  343.6
  256.0  10799  -40.3                         135      6  343.7         343.7
  250.0  10960  -41.5                         140      6  344.2         344.2
  245.0  11093  -42.6                         145      6  344.6         344.6
  200.0  12430  -53.7                         100     21  347.6         347.6
  195.0  12589  -54.8                          95     19  348.3         348.3
  161.0  13792  -63.2                          70     37  353.8         353.8
  157.0  13950  -64.3                          65     34  354.5         354.5
  150.0  14230  -64.1                          55     29  359.5         359.5
  127.0  15230  -71.7                          31      9  363.3         363.3
  126.0  15276  -72.1                          30      8  363.4         363.4
  119.0  15605  -74.8                         350      6  364.4         364.4
  107.0  16218  -79.8                         345      6  366.1         366.1
  105.0  16327  -80.7                         331      6  366.4         366.4
  102.0  16489  -82.0                         310      6  367.0         367.0
  100.0  16600  -82.9                           5      4  367.3         367.3
   96.0  16823  -84.5                         110      2  368.4         368.4
   91.0  17116  -86.7                         125      6  369.9         369.9
   86.0  17425  -88.9                          90      8  371.3         371.3
   84.8  17502  -89.5                          85     12  371.7         371.7
   80.9  17758  -85.5                          79     26  384.9         384.9
   79.7  17841  -79.9                          78     31  398.1         398.1
   78.0  17964  -79.5                          75     37  401.4         401.4
   70.0  18580  -77.5                          75     31  418.3         418.3
   63.0  19190  -74.4                          80     39  437.9         437.9
   62.4  19245  -74.1                          74     37  439.7         439.7
   60.0  19475  -73.3                          50     29  446.5         446.5
   54.5  20041  -71.3                          68     29  463.5         463.5
   51.0  20433  -71.6                          80     29  471.7         471.7
   50.0  20550  -71.7                          80     37  474.1         474.1
   49.0  20669  -71.5                          80     41  477.3         477.3
   46.0  21050  -63.4                          80     52  505.5         505.5
   45.6  21102  -62.3                          81     51  509.5         509.5
   38.0  22232  -60.0                          95     27  542.7         542.7
   36.7  22448  -59.5                          92     16  549.3         549.3
   36.0  22568  -59.9                          90     10  551.3         551.3
   33.0  23107  -61.7                         130     19  560.3         560.3
   32.4  23221  -62.1                         126     21  562.3         562.3
   30.0  23700  -58.1                         110     31  585.7         585.7
   29.4  23827  -56.9                         101     24  592.3         592.3
   29.0  23914  -56.8                          95     19  595.0         595.0
   27.0  24369  -56.1                          40      4  609.1         609.1
   26.0  24609  -55.8                         310      2  616.8         616.8
   24.0  25118  -55.0                         275     16  633.2         633.2
   23.0  25389  -54.6                         280      8  642.1         642.1
   22.0  25672  -54.2                          55      4  651.5         651.5
   20.4  26152  -53.5                          35     14  667.9         667.9
   20.0  26280  -51.5                          30     16  677.8         677.8
   19.6  26412  -49.3                          12     16  688.5         688.5
   19.0  26618  -48.9                         345     17  696.0         696.0
   18.0  26976  -48.1                         330      2  709.2         709.2
   17.0  27355  -47.3                         110     16  723.4         723.4
   16.0  27758  -46.5                          40     23  738.8         738.8
   15.0  28186  -45.6                          40     21  755.5         755.5
   14.0  28643  -44.6                          15     29  773.8         773.8
   13.3  28983  -43.9                                     787.7         787.7
</PRE><H3>Station information and sounding indices</H3><PRE>
                         Station identifier: WIII
                             Station number: 96749
                           Observation time: 130313/0000
                           Station latitude: -6.11
                          Station longitude: 106.65
                          Station elevation: 8.0
                            Showalter index: 2.26
                               Lifted index: -0.89
    LIFT computed using virtual temperature: -1.13
                                SWEAT index: 188.82
                                    K index: 32.70
                         Cross totals index: 17.90
                      Vertical totals index: 23.90
                        Totals totals index: 41.80
      Convective Available Potential Energy: 197.83
             CAPE using virtual temperature: 249.93
                      Convective Inhibition: -146.05
             CINS using virtual temperature: -103.47
                           Equilibrum Level: 252.46
 Equilibrum Level using virtual temperature: 252.32
                   Level of Free Convection: 688.91
             LFCT using virtual temperature: 727.19
                     Bulk Richardson Number: 153.42
          Bulk Richardson Number using CAPV: 193.82
  Temp [K] of the Lifted Condensation Level: 292.70
Pres [hPa] of the Lifted Condensation Level: 922.72
   Equivalent potential temp [K] of the LCL: 345.73
     Mean mixed layer potential temperature: 299.52
              Mean mixed layer mixing ratio: 15.81
              1000 hPa to 500 hPa thickness: 5773.00
Precipitable water [mm] for entire sounding: 53.03
</PRE>
<P>Description of the 
<A HREF="/upperair/columns.html">data columns</A>
or <A HREF="/upperair/indices.html">sounding indices</A>.

<P>
<FORM>
<INPUT CLASS="button" TYPE="button" VALUE=" Close this window " 
 onClick="window.close();">
<INPUT CLASS="button" TYPE="button" VALUE=" Select another map " 
 onClick="window.blur();">
</FORM>
<HR SIZE="1">
<I>Interested in graduate studies in atmospheric science?
Check out our program at the
<a href="http://www.uwyo.edu/atsc/howtoapply/"
target=_top>University of Wyoming
</a></I>
<HR SIZE="1"><FONT SIZE="-1">
Questions about the weather data provided by this site can be
addressed to <A HREF="mailto:ldoolman@uwyo.edu">
Larry Oolman (ldoolman@uwyo.edu)</A></FONT>
<HR SIZE="1">
<SCRIPT TYPE="text/javascript">
<!--
window.focus();
// -->
</SCRIPT>
</BODY>
</HTML>
