2014-11-25 00
<HTML>
<TITLE>University of Wyoming - Radiosonde Data</TITLE>
<BODY BGCOLOR="white">
<H2>96749 WIII Jakarta Observations at 00Z 25 Nov 2014</H2>
<PRE>
-----------------------------------------------------------------------------
   PRES   HGHT   TEMP   DWPT   RELH   MIXR   DRCT   SKNT   THTA   THTE   THTV
    hPa     m      C      C      %    g/kg    deg   knot     K      K      K 
-----------------------------------------------------------------------------
 1008.0      8   24.8   23.4     92  18.36    250      3  297.3  350.6  300.5
 1000.0     78   26.0   22.1     79  17.07    215      2  299.1  349.1  302.2
  992.0    149   26.6   20.6     70  15.66    179      2  300.4  346.6  303.2
  975.0    301   25.6   20.2     72  15.59    100      2  300.9  346.9  303.7
  943.0    595   23.7   19.6     78  15.46     90      4  301.9  347.7  304.7
  925.0    764   22.6   19.2     81  15.38    100      6  302.4  348.1  305.2
  911.0    896   21.7   18.6     83  15.01    110      6  302.8  347.4  305.5
  850.0   1496   17.4   15.7     90  13.37     85      6  304.4  344.4  306.8
  792.0   2098   14.4   13.1     92  12.09     65      8  307.4  344.1  309.6
  784.0   2184   14.0   12.7     92  11.91     69      9  307.8  344.1  310.0
  764.0   2401   13.4   10.6     83  10.60     80     12  309.5  342.1  311.4
  712.0   2994   11.8    4.8     62   7.63     50     16  314.0  338.1  315.4
  700.0   3137   11.4    3.4     58   7.03     60     16  315.1  337.5  316.4
  690.0   3257   11.2    2.2     54   6.54     66     15  316.1  337.1  317.4
  616.0   4186    5.7   -0.9     63   5.84    110     10  320.2  339.3  321.3
  593.0   4498    3.8   -2.0     66   5.61    115      8  321.6  340.1  322.6
  572.0   4793    2.0   -3.0     69   5.41     85     10  322.8  340.8  323.9
  553.0   5069    0.4   -3.9     73   5.21     90      6  324.0  341.4  325.0
  551.0   5098    0.2   -4.7     69   4.91     90      6  324.1  340.6  325.1
  548.0   5142    0.0   -6.0     64   4.48    105      6  324.4  339.5  325.2
  531.0   5392   -1.6   -6.7     68   4.38    190      6  325.4  340.2  326.2
  511.0   5697   -3.6   -7.6     74   4.25    205      6  326.6  341.0  327.4
  500.0   5870   -4.7   -8.1     77   4.18    165      8  327.2  341.5  328.1
  492.0   5995   -5.4   -8.9     76   3.98    135      8  327.9  341.5  328.7
  473.0   6300   -7.2  -10.9     75   3.54    115     10  329.4  341.7  330.1
  456.0   6584   -8.8  -12.7     73   3.17    150     10  330.8  341.9  331.4
  438.0   6896  -10.6  -14.7     72   2.80    135      8  332.4  342.3  332.9
  421.0   7203  -12.4  -16.7     70   2.47    155     12  333.9  342.7  334.4
  405.0   7504  -14.1  -18.7     69   2.17    150     14  335.3  343.2  335.8
  400.0   7600  -14.7  -19.3     68   2.09    140     12  335.8  343.4  336.2
  374.0   8102  -18.4  -22.8     69   1.65    105      6  337.4  343.6  337.8
  359.0   8408  -20.6  -24.9     69   1.43    105      4  338.4  343.7  338.7
  356.0   8470  -21.1  -25.3     69   1.38     96      4  338.6  343.8  338.9
  345.0   8698  -22.7  -27.6     64   1.16     60      6  339.5  343.9  339.7
  331.0   8998  -24.8  -30.6     58   0.91     75     10  340.7  344.2  340.9
  305.0   9590  -28.9  -36.5     48   0.55     60      4  342.9  345.2  343.1
  300.0   9710  -29.7  -37.7     46   0.50     50      4  343.4  345.4  343.5
  292.0   9898  -31.2  -40.0     42   0.41     30      4  343.9  345.5  344.0
  280.0  10191  -33.6  -43.5     36   0.29     30      4  344.6  345.8  344.6
  268.0  10496  -36.1  -47.2     31   0.20      5      4  345.3  346.1  345.3
  257.0  10788  -38.5  -50.8     26   0.14    300      4  345.9  346.5  345.9
  250.0  10980  -40.1  -53.1     24   0.11    300      6  346.3  346.8  346.3
  225.0  11679  -46.2                         310      4  347.5         347.5
  215.0  11980  -48.9                         350      6  347.9         347.9
  205.0  12296  -51.7                         350      4  348.3         348.3
  200.0  12460  -53.1                         335      6  348.5         348.5
  187.0  12878  -56.6                         305      8  349.6         349.6
  170.0  13471  -61.6                         340      4  351.0         351.0
  162.0  13771  -64.1                         340      4  351.7         351.7
  150.0  14250  -68.1                          85      4  352.6         352.6
  139.0  14691  -71.5                         185      4  354.3         354.3
  132.0  14990  -73.9                         135     12  355.4         355.4
  113.0  15891  -80.9                          65     19  358.5         358.5
  108.0  16153  -82.9                          67     22  359.3         359.3
  102.0  16470  -84.1                          70     25  362.9         362.9
  100.0  16580  -84.5                          75     25  364.2         364.2
   96.0  16803  -85.4                          85     25  366.8         366.8
   86.0  17405  -87.7                         115     14  373.8         373.8
   85.3  17450  -87.9                         115     12  374.3         374.3
   82.0  17668  -83.9                         295      4  386.7         386.7
   79.9  17811  -81.3                         288      6  394.9         394.9
   78.4  17919  -75.9                         282      7  408.2         408.2
   70.0  18570  -77.9                         250     16  417.4         417.4
   66.6  18855  -78.5                         275      8  422.1         422.1
   66.0  18907  -78.3                         280      6  423.6         423.6
   60.0  19459  -76.2                         290     10  440.1         440.1
   57.0  19755  -75.0                          35      6  449.2         449.2
   54.2  20046  -73.9                          72     10  458.3         458.3
   54.0  20068  -73.8                          75     10  458.9         458.9
   50.0  20520  -72.5                          80     16  472.2         472.2
   44.7  21187  -67.9                          85     32  498.8         498.8
   40.0  21856  -67.9                          90     47  514.9         514.9
   39.6  21917  -67.9                          92     47  516.4         516.4
   36.0  22505  -64.4                         110     52  539.6         539.6
   30.0  23630  -57.7                          95     68  586.8         586.8
   28.4  23976  -57.7                          92     66  596.0         596.0
   27.0  24298  -57.0                          90     64  606.5         606.5
   20.0  26210  -53.1                          90     58  672.9         672.9
   17.9  26926  -52.3                          83     63  697.1         697.1
   17.0  27262  -48.5                          80     66  719.6         719.6
   15.0  28091  -47.4                          80     72  749.5         749.5
   14.7  28225  -47.2                          80     72  754.4         754.4
   13.0  29040  -46.1                          80     58  785.2         785.2
   12.0  29570  -45.4                          95     43  805.9         805.9
   11.6  29795  -45.1                                     814.8         814.8
</PRE><H3>Station information and sounding indices</H3><PRE>
                         Station identifier: WIII
                             Station number: 96749
                           Observation time: 141125/0000
                           Station latitude: -6.11
                          Station longitude: 106.65
                          Station elevation: 8.0
                            Showalter index: 0.43
                               Lifted index: -0.72
    LIFT computed using virtual temperature: -0.98
                                SWEAT index: 208.41
                                    K index: 29.80
                         Cross totals index: 20.40
                      Vertical totals index: 22.10
                        Totals totals index: 42.50
      Convective Available Potential Energy: 82.88
             CAPE using virtual temperature: 119.14
                      Convective Inhibition: -52.29
             CINS using virtual temperature: -44.10
                           Equilibrum Level: 305.46
 Equilibrum Level using virtual temperature: 301.43
                   Level of Free Convection: 788.72
             LFCT using virtual temperature: 818.48
                     Bulk Richardson Number: 16.33
          Bulk Richardson Number using CAPV: 23.48
  Temp [K] of the Lifted Condensation Level: 292.73
Pres [hPa] of the Lifted Condensation Level: 913.22
   Equivalent potential temp [K] of the LCL: 347.42
     Mean mixed layer potential temperature: 300.44
              Mean mixed layer mixing ratio: 16.00
              1000 hPa to 500 hPa thickness: 5792.00
Precipitable water [mm] for entire sounding: 56.76
</PRE>
<P>Description of the 
<A HREF="/upperair/columns.html">data columns</A>
or <A HREF="/upperair/indices.html">sounding indices</A>.

<P>
<FORM>
<INPUT CLASS="button" TYPE="button" VALUE=" Close this window " 
 onClick="window.close();">
<INPUT CLASS="button" TYPE="button" VALUE=" Select another map " 
 onClick="window.blur();">
</FORM>
<HR SIZE="1">
<I>Interested in graduate studies in atmospheric science?
Check out our program at the
<a href="http://www.uwyo.edu/atsc/howtoapply/"
target=_top>University of Wyoming
</a></I>
<HR SIZE="1"><FONT SIZE="-1">
Questions about the weather data provided by this site can be
addressed to <A HREF="mailto:ldoolman@uwyo.edu">
Larry Oolman (ldoolman@uwyo.edu)</A></FONT>
<HR SIZE="1">
<SCRIPT TYPE="text/javascript">
<!--
window.focus();
// -->
</SCRIPT>
</BODY>
</HTML>
