2015-04-10 12
<HTML>
<TITLE>University of Wyoming - Radiosonde Data</TITLE>
<BODY BGCOLOR="white">
<H2>96749 WIII Jakarta Observations at 00Z 10 Apr 2015</H2>
<PRE>
-----------------------------------------------------------------------------
   PRES   HGHT   TEMP   DWPT   RELH   MIXR   DRCT   SKNT   THTA   THTE   THTV
    hPa     m      C      C      %    g/kg    deg   knot     K      K      K 
-----------------------------------------------------------------------------
 1010.0      8   25.4   23.6     90  18.55    130      2  297.7  351.7  301.0
 1000.0     94   25.4   23.1     87  18.17     95      2  298.6  351.6  301.8
  990.0    183   26.4   24.1     87  19.53     58      2  300.4  358.0  303.9
  977.0    299   25.6   23.4     88  18.91     10      2  300.7  356.5  304.1
  925.0    780   22.2   20.3     89  16.50      5      6  302.0  350.9  305.0
  912.0    903   21.5   19.4     88  15.84      5      6  302.5  349.6  305.4
  882.0   1192   19.8   17.4     86  14.36    350      6  303.7  346.6  306.3
  850.0   1512   18.0   15.1     83  12.86      0      4  305.0  343.6  307.3
  813.0   1893   16.4   12.6     78  11.40     26      7  307.2  341.9  309.3
  794.0   2093   15.4   11.6     78  10.90     40      8  308.2  341.5  310.2
  739.0   2698   12.2    8.4     78   9.48     45      8  311.1  340.5  312.9
  700.0   3155    9.8    6.1     78   8.51     65     12  313.3  340.0  314.9
  663.0   3602    7.3    3.8     78   7.61     80     10  315.4  339.6  316.8
  616.0   4208    3.9    0.6     79   6.52     75      8  318.2  339.2  319.4
  615.0   4222    3.8    0.5     79   6.50     76      8  318.2  339.2  319.5
  594.0   4504    2.7   -7.0     49   3.82     90     10  320.1  332.8  320.8
  593.0   4518    2.6   -7.4     48   3.72     90     10  320.1  332.6  320.9
  589.0   4572    3.0  -14.0     27   2.21     90     10  321.2  328.9  321.7
  552.0   5095    0.0  -24.0     14   1.00     88     13  323.7  327.4  323.9
  511.0   5707   -3.8  -28.6     13   0.71     85     17  326.3  328.9  326.4
  500.0   5880   -4.9  -29.9     12   0.64     95     17  327.0  329.4  327.1
  499.0   5896   -4.9  -32.9      9   0.48     96     17  327.2  329.1  327.3
  492.0   6006   -5.6  -29.4     13   0.68    105     17  327.7  330.3  327.8
  471.0   6347   -7.7  -18.7     41   1.87     99     17  329.2  335.9  329.5
  469.0   6380   -7.7  -26.7     20   0.92     99     17  329.6  333.0  329.7
  438.0   6904  -10.7  -31.0     17   0.66     90     17  332.2  334.8  332.4
  400.0   7600  -14.7  -36.7     14   0.41     90     23  335.8  337.4  335.9
  373.0   8124  -17.9  -42.9      9   0.23     95     23  338.3  339.3  338.4
  368.0   8225  -18.7  -31.7     31   0.74     96     23  338.6  341.4  338.7
  361.0   8367  -19.7  -48.7      6   0.13     97     23  339.1  339.6  339.1
  326.0   9114  -25.3  -47.3     11   0.17    104     23  341.4  342.1  341.4
  318.0   9294  -26.9  -35.9     42   0.56    106     23  341.6  343.9  341.7
  300.0   9710  -30.3  -43.3     27   0.28    110     23  342.6  343.7  342.6
  271.0  10425  -36.1  -55.1     12   0.08    119     23  344.2  344.6  344.2
  268.0  10502  -36.8  -54.5     14   0.09    120     23  344.4  344.8  344.4
  253.0  10899  -40.1  -51.1     30   0.14    128     21  345.1  345.7  345.2
  250.0  10980  -40.7                         130     21  345.4         345.4
  200.0  12460  -52.9                         125     21  348.8         348.8
  196.0  12586  -53.9                         120     21  349.2         349.2
  187.0  12881  -56.3                         110     14  350.2         350.2
  162.0  13778  -63.5                         145     17  352.7         352.7
  150.0  14260  -67.3                         125     17  354.0         354.0
  119.0  15610  -77.1                          85      8  360.1         360.1
  112.0  15964  -79.7                          79     11  361.6         361.6
  107.0  16221  -80.8                          75     14  364.2         364.2
  104.0  16381  -81.5                          84     14  365.9         365.9
  102.0  16489  -82.1                          90     14  366.8         366.8
  100.0  16600  -82.7                          90     14  367.7         367.7
   91.4  17096  -86.1                          95     17  370.5         370.5
   84.3  17538  -86.7                          99     23  378.0         378.0
   82.5  17657  -81.7                         100     25  390.5         390.5
   82.0  17692  -81.7                         100     25  391.3         391.3
   78.0  17972  -81.4                          60     16  397.5         397.5
   74.0  18268  -81.0                         355      2  404.2         404.2
   70.0  18580  -80.7                          45      6  411.4         411.4
   69.1  18653  -79.9                          70      6  414.7         414.7
   66.0  18920  -77.3                         160      8  425.9         425.9
   60.0  19473  -71.8                         105     29  449.9         449.9
   58.9  19581  -70.7                         101     29  454.7         454.7
   51.0  20433  -72.3                          70     33  470.1         470.1
   50.0  20550  -72.5                          70     29  472.2         472.2
   44.8  21194  -73.3                          89     32  485.4         485.4
   42.9  21452  -67.9                          96     33  504.7         504.7
   42.0  21578  -68.4                         100     33  506.5         506.5
   37.7  22223  -70.9                          87     40  516.0         516.0
   35.4  22600  -66.7                          80     44  536.3         536.3
   34.0  22844  -66.8                          75     47  542.1         542.1
   31.0  23402  -67.2                          95     54  555.7         555.7
   30.0  23600  -67.3                          95     60  560.6         560.6
   29.8  23640  -67.5                          95     61  561.1         561.1
   24.3  24934  -54.9                          95     78  631.2         631.2
   24.0  25012  -54.1                          95     78  635.7         635.7
   23.0  25282  -51.5                          90     78  651.2         651.2
   20.8  25919  -45.3                          68     59  689.0         689.0
   20.0  26180  -46.7                          60     52  692.5         692.5
   19.0  26518  -48.7                          40     27  696.5         696.5
   18.2  26804  -40.7                         344     19  730.2         730.2
   18.0  26879  -41.0                         330     17  731.7         731.7
   16.0  27669  -43.6                         255     23  748.1         748.1
   15.0  28103  -45.1                         230     19  757.1         757.1
   14.6  28284  -45.7                         225     19  761.0         761.0
   14.0  28564  -45.0                         140     19  772.5         772.5
   12.3  29429  -42.9                         115      6  809.0         809.0
   12.0  29594  -43.4                         110      4  812.8         812.8
   10.5  30485  -46.3                         128     11  833.9         833.9
   10.0  30810  -43.3                         135     14  856.8         856.8
    9.4  31230  -39.5                         120     15  886.5         886.5
    9.0                                       110     16                     
</PRE><H3>Station information and sounding indices</H3><PRE>
                         Station identifier: WIII
                             Station number: 96749
                           Observation time: 150410/0000
                           Station latitude: -6.11
                          Station longitude: 106.65
                          Station elevation: 8.0
                            Showalter index: 0.53
                               Lifted index: -3.53
    LIFT computed using virtual temperature: -4.57
                                SWEAT index: 206.20
                                    K index: 34.30
                         Cross totals index: 20.00
                      Vertical totals index: 22.90
                        Totals totals index: 42.90
      Convective Available Potential Energy: 1523.78
             CAPE using virtual temperature: 1753.38
                      Convective Inhibition: -10.09
             CINS using virtual temperature: -6.35
                           Equilibrum Level: 145.62
 Equilibrum Level using virtual temperature: 145.19
                   Level of Free Convection: 895.79
             LFCT using virtual temperature: 915.68
                     Bulk Richardson Number: 376.32
          Bulk Richardson Number using CAPV: 433.03
  Temp [K] of the Lifted Condensation Level: 295.84
Pres [hPa] of the Lifted Condensation Level: 951.13
   Equivalent potential temp [K] of the LCL: 354.92
     Mean mixed layer potential temperature: 300.12
              Mean mixed layer mixing ratio: 18.65
              1000 hPa to 500 hPa thickness: 5786.00
Precipitable water [mm] for entire sounding: 52.95
</PRE>
<P>Description of the 
<A HREF="/upperair/columns.html">data columns</A>
or <A HREF="/upperair/indices.html">sounding indices</A>.

<P>
<FORM>
<INPUT CLASS="button" TYPE="button" VALUE=" Close this window " 
 onClick="window.close();">
<INPUT CLASS="button" TYPE="button" VALUE=" Select another map " 
 onClick="window.blur();">
</FORM>
<HR SIZE="1">
<I>Interested in graduate studies in atmospheric science?
Check out our program at the
<a href="http://www.uwyo.edu/atsc/howtoapply/"
target=_top>University of Wyoming
</a></I>
<HR SIZE="1"><FONT SIZE="-1">
Questions about the weather data provided by this site can be
addressed to <A HREF="mailto:ldoolman@uwyo.edu">
Larry Oolman (ldoolman@uwyo.edu)</A></FONT>
<HR SIZE="1">
<SCRIPT TYPE="text/javascript">
<!--
window.focus();
// -->
</SCRIPT>
</BODY>
</HTML>
