2015-05-12 12
<HTML>
<TITLE>University of Wyoming - Radiosonde Data</TITLE>
<BODY BGCOLOR="white">
<H2>96749 WIII Jakarta Observations at 00Z 12 May 2015</H2>
<PRE>
-----------------------------------------------------------------------------
   PRES   HGHT   TEMP   DWPT   RELH   MIXR   DRCT   SKNT   THTA   THTE   THTV
    hPa     m      C      C      %    g/kg    deg   knot     K      K      K 
-----------------------------------------------------------------------------
 1010.0      8   25.0   22.5     86  17.32    120      4  297.3  347.6  300.4
 1000.0     96   25.6   21.7     79  16.64    115      8  298.8  347.4  301.7
  977.0    302   26.8   18.8     62  14.18    100     16  301.9  344.0  304.5
  925.0    783   22.8   16.8     69  13.18    100     17  302.6  341.9  305.0
  913.0    897   22.2   16.2     69  12.87     95     17  303.2  341.6  305.5
  884.0   1177   20.8   14.8     69  12.11     88     14  304.5  340.9  306.7
  850.0   1516   19.2   10.2     56   9.27     80     10  306.2  334.5  307.9
  794.0   2098   15.8    8.6     62   8.91     60      8  308.7  336.1  310.3
  787.0   2174   15.4    8.4     63   8.86     60      7  309.0  336.3  310.6
  771.0   2348   15.4    1.4     39   5.52     60      5  310.8  328.3  311.8
  766.0   2402   15.0    1.7     40   5.67     60      4  310.9  328.9  312.0
  739.0   2703   12.8    3.2     52   6.55    120      6  311.8  332.4  313.0
  713.0   3004   10.6    4.7     67   7.55    125      8  312.5  336.3  313.9
  704.0   3111    9.8    5.2     73   7.94    149      7  312.8  337.8  314.3
  700.0   3158   10.0    5.0     71   7.87    160      6  313.5  338.4  315.0
  688.0   3302    9.4    3.9     69   7.42    190      4  314.4  337.9  315.8
  676.0   3448    8.8    2.8     66   6.97    212      4  315.3  337.6  316.6
  669.0   3534    9.2   -9.8     25   2.73    225      3  316.7  325.9  317.2
  643.0   3861    6.2   -0.8     61   5.65    274      2  316.9  335.2  318.0
  640.0   3899    6.1   -1.7     57   5.29    280      2  317.2  334.4  318.2
  617.0   4197    5.0   -9.1     35   3.12    265      2  319.3  329.8  319.9
  594.0   4507    3.9  -16.8     20   1.74     50      2  321.6  327.6  321.9
  563.0   4943    2.4  -27.6      9   0.71     90      3  324.7  327.4  324.8
  552.0   5102    1.3  -25.1     12   0.91    105      4  325.2  328.6  325.4
  539.0   5293    0.0  -22.0     17   1.23     65      5  325.9  330.4  326.1
  531.0   5412   -0.9  -21.7     19   1.28     40      6  326.2  330.9  326.5
  512.0   5702   -3.1  -21.0     24   1.41     55      6  327.0  332.1  327.3
  500.0   5890   -4.5  -20.5     27   1.51     40      4  327.5  332.9  327.8
  492.0   6015   -5.3  -21.4     27   1.41     30      4  328.0  333.2  328.3
  430.0   7060  -11.9  -28.9     23   0.82     43      9  332.5  335.6  332.7
  421.0   7221  -12.5  -32.0     18   0.62     45     10  333.7  336.1  333.8
  402.0   7572  -13.9  -38.9     10   0.33     72     10  336.4  337.7  336.4
  400.0   7610  -14.3  -39.3     10   0.32     75     10  336.3  337.6  336.4
  374.0   8105  -17.7  -42.2     10   0.25    125     10  338.4  339.4  338.4
  359.0   8407  -19.7  -44.0     10   0.22    170     10  339.6  340.5  339.7
  345.0   8700  -21.7  -45.7     10   0.19    185      8  340.8  341.6  340.8
  317.0   9324  -25.9  -49.3      9   0.14    125     10  343.3  343.9  343.3
  304.0   9632  -28.0  -51.1      9   0.11    165      8  344.4  344.9  344.5
  300.0   9730  -28.7  -51.7      9   0.11    165     10  344.8  345.3  344.8
  294.0   9874  -30.1  -52.1     10   0.11    169     12  344.8  345.3  344.9
  292.0   9921  -30.5  -52.3     10   0.10    170     12  344.9  345.4  345.0
  280.0  10213  -32.9  -53.7     11   0.09    200     16  345.7  346.1  345.7
  250.0  11000  -39.3  -57.3     13   0.07    215     12  347.5  347.8  347.5
  247.0  11083  -40.1  -57.1     15   0.07    217     12  347.5  347.8  347.5
  225.0  11705  -45.6                         230     14  348.5         348.5
  200.0  12490  -52.5                         220     12  349.5         349.5
  187.0  12911  -55.9                         210     14  350.8         350.8
  170.0  13507  -60.6                         220     16  352.6         352.6
  162.0  13808  -63.0                         205     16  353.4         353.4
  150.0  14290  -66.9                         215     16  354.6         354.6
  133.0  14984  -72.0                         220     10  358.0         358.0
  120.0  15578  -76.4                         255      6  360.6         360.6
  114.0  15874  -78.5                          45      4  361.9         361.9
  102.0  16516  -83.3                          35     19  364.6         364.6
  100.0  16630  -84.1                          40     21  365.0         365.0
   93.8  16981  -86.1                          60     27  367.8         367.8
   92.0  17088  -86.0                          65     23  370.1         370.1
   87.0  17394  -85.7                          50     17  376.6         376.6
   82.0  17718  -85.3                          60     21  383.8         383.8
   78.0  17992  -85.0                         100     27  389.9         389.9
   75.9  18142  -84.9                         101     29  393.2         393.2
   70.6  18550  -74.7                         105     33  423.2         423.2
   70.0  18600  -74.3                         105     33  425.1         425.1
   66.0  18946  -72.8                          80     29  435.5         435.5
   63.0  19219  -71.7                          95     21  443.9         443.9
   62.6  19257  -71.5                          95     21  445.1         445.1
   57.0  19815  -69.9                          95     23  460.8         460.8
   54.0  20137  -69.0                         105     27  470.1         470.1
   53.2  20226  -68.7                         101     28  472.7         472.7
   50.0  20600  -66.7                          85     33  485.9         485.9
   49.0  20723  -66.6                          85     33  489.0         489.0
   42.0  21659  -65.6                         115     37  513.4         513.4
   38.0  22268  -65.0                          85     41  529.8         529.8
   34.9  22785  -64.5                          87     52  544.2         544.2
   32.0  23327  -59.0                          90     64  572.6         572.6
   31.5  23425  -58.0                          90     64  577.8         577.8
   30.0  23730  -54.9                          85     60  594.4         594.4
   28.4  24083  -50.5                          84     45  615.9         615.9
   25.0  24918  -49.0                          80     10  643.2         643.2
   24.0  25185  -48.5                          70     12  652.1         652.1
   23.0  25464  -48.0                         305      8  661.6         661.6
   22.1  25725  -47.5                         256     23  670.6         670.6
   22.0  25755  -47.6                         250     25  671.2         671.2
   20.0  26380  -49.7                         240     37  683.3         683.3
   19.0  26715  -50.8                         235     29  690.0         690.0
   18.7  26819  -51.1                         235     25  692.2         692.2
   18.0  27073  -50.0                         245     17  703.1         703.1
   17.0  27453  -48.5                         295     14  719.7         719.7
   15.0  28285  -45.0                         300     29  757.4         757.4
   13.4  29035  -41.9                         287     29  792.9         792.9
   11.0  30374  -42.0                         265     29  838.3         838.3
   10.2  30886  -42.1                         269     24  856.4         856.4
   10.0  31020  -41.7                         270     23  862.8         862.8
    9.0  31742  -39.3                         260     23  898.2         898.2
    8.0  32548  -36.7                                     939.4         939.4
</PRE><H3>Station information and sounding indices</H3><PRE>
                         Station identifier: WIII
                             Station number: 96749
                           Observation time: 150512/0000
                           Station latitude: -6.11
                          Station longitude: 106.65
                          Station elevation: 8.0
                            Showalter index: 4.75
                               Lifted index: 0.41
    LIFT computed using virtual temperature: -0.22
                                SWEAT index: 146.41
                                    K index: 28.90
                         Cross totals index: 14.70
                      Vertical totals index: 23.70
                        Totals totals index: 38.40
      Convective Available Potential Energy: 0.00
             CAPE using virtual temperature: 15.50
                      Convective Inhibition: 0.00
             CINS using virtual temperature: -146.39
 Equilibrum Level using virtual temperature: 421.72
             LFCT using virtual temperature: 645.02
                     Bulk Richardson Number: 0.00
          Bulk Richardson Number using CAPV: 2.96
  Temp [K] of the Lifted Condensation Level: 291.53
Pres [hPa] of the Lifted Condensation Level: 898.04
   Equivalent potential temp [K] of the LCL: 344.94
     Mean mixed layer potential temperature: 300.64
              Mean mixed layer mixing ratio: 15.11
              1000 hPa to 500 hPa thickness: 5794.00
Precipitable water [mm] for entire sounding: 40.87
</PRE>
<P>Description of the 
<A HREF="/upperair/columns.html">data columns</A>
or <A HREF="/upperair/indices.html">sounding indices</A>.

<P>
<FORM>
<INPUT CLASS="button" TYPE="button" VALUE=" Close this window " 
 onClick="window.close();">
<INPUT CLASS="button" TYPE="button" VALUE=" Select another map " 
 onClick="window.blur();">
</FORM>
<HR SIZE="1">
<I>Interested in graduate studies in atmospheric science?
Check out our program at the
<a href="http://www.uwyo.edu/atsc/howtoapply/"
target=_top>University of Wyoming
</a></I>
<HR SIZE="1"><FONT SIZE="-1">
Questions about the weather data provided by this site can be
addressed to <A HREF="mailto:ldoolman@uwyo.edu">
Larry Oolman (ldoolman@uwyo.edu)</A></FONT>
<HR SIZE="1">
<SCRIPT TYPE="text/javascript">
<!--
window.focus();
// -->
</SCRIPT>
</BODY>
</HTML>
