2014-11-14 00
<HTML>
<TITLE>University of Wyoming - Radiosonde Data</TITLE>
<BODY BGCOLOR="white">
<H2>96749 WIII Jakarta Observations at 00Z 14 Nov 2014</H2>
<PRE>
-----------------------------------------------------------------------------
   PRES   HGHT   TEMP   DWPT   RELH   MIXR   DRCT   SKNT   THTA   THTE   THTV
    hPa     m      C      C      %    g/kg    deg   knot     K      K      K 
-----------------------------------------------------------------------------
 1009.0      8   24.2   22.6     91  17.45    230      4  296.6  347.1  299.7
 1008.0     17   25.4   22.3     83  17.14    233      4  297.9  347.8  300.9
 1000.0     91   25.4   21.5     79  16.44    260      4  298.6  346.6  301.5
  979.0    278   26.0   19.0     65  14.33    324      2  301.0  343.3  303.6
  977.0    296   25.9   18.9     65  14.30    330      2  301.0  343.3  303.6
  925.0    777   23.0   17.0     69  13.35    315      6  302.8  342.6  305.2
  912.0    899   22.1   16.6     71  13.21    315      6  303.1  342.5  305.5
  851.0   1498   17.7   14.7     83  12.54    310      4  304.6  342.2  306.8
  850.0   1508   17.6   14.7     83  12.52    310      4  304.6  342.2  306.9
  838.0   1630   17.0   12.3     74  10.84    335      3  305.2  337.9  307.2
  822.0   1794   16.0   12.1     78  10.91     10      2  305.8  338.8  307.8
  813.0   1888   15.4   12.0     80  10.95     18      2  306.1  339.3  308.1
  793.0   2097   14.2   11.2     82  10.61     35      2  307.0  339.3  309.0
  765.0   2399   12.5    9.9     85  10.13    105      6  308.3  339.4  310.2
  706.0   3073    8.6    7.2     91   9.10    137      4  311.2  339.5  312.9
  700.0   3144    8.2    7.3     94   9.25    140      4  311.5  340.3  313.3
  687.0   3299    7.3    6.7     96   9.05    140      6  312.2  340.5  313.9
  676.0   3433    6.6    6.2     97   8.87    112      5  312.9  340.6  314.5
  662.0   3605    7.0   -3.3     48   4.55     75      4  315.2  329.9  316.0
  661.0   3618    7.0   -4.0     45   4.32     75      4  315.3  329.4  316.1
  660.0   3630    7.2   -5.8     39   3.78     75      4  315.7  328.1  316.4
  645.0   3819    5.8   -2.2     56   5.07     71      5  316.2  332.6  317.1
  640.0   3883    5.6   -9.4     33   2.94     70      6  316.7  326.5  317.2
  639.0   3896    5.5   -9.4     33   2.95     70      6  316.7  326.6  317.3
  616.0   4193    3.2   -8.9     40   3.17     40      8  317.4  328.0  318.1
  593.0   4502    0.9   -8.5     50   3.42     20      4  318.2  329.6  318.9
  590.0   4543    0.6   -8.4     51   3.46    357      4  318.3  329.8  319.0
  586.0   4598    0.2   -0.4     96   6.38    327      3  318.4  339.1  319.7
  580.0   4681    0.0   -0.7     95   6.31    280      3  319.1  339.6  320.4
  571.0   4805   -0.6   -1.4     95   6.10    210      2  319.8  339.7  321.0
  530.0   5397   -3.7   -4.5     94   5.19    215      2  323.0  340.3  324.1
  500.0   5860   -6.1   -7.0     93   4.55    200      4  325.5  340.9  326.4
  491.0   6001   -7.0   -8.1     92   4.24    200      4  326.1  340.5  326.9
  485.0   6097   -7.7   -8.9     91   4.05    214      5  326.4  340.2  327.2
  472.0   6306   -8.9  -10.5     88   3.67    245      6  327.5  340.1  328.2
  442.0   6812  -11.7  -14.3     81   2.88    245      7  330.1  340.2  330.7
  420.0   7200  -13.1  -20.4     54   1.80    245      8  333.2  339.8  333.6
  404.0   7495  -14.1  -25.1     39   1.24    260      6  335.6  340.3  335.9
  400.0   7570  -14.5  -23.5     46   1.45    255      6  336.1  341.4  336.4
  388.0   7800  -16.2  -25.2     46   1.27    240      8  336.7  341.5  337.0
  373.0   8097  -18.5  -27.5     45   1.08    285     12  337.5  341.6  337.8
  353.0   8508  -20.9  -38.9     18   0.38    299     12  339.7  341.2  339.7
  344.0   8695  -22.4  -40.1     18   0.34    305     12  340.1  341.5  340.2
  300.0   9690  -30.5  -46.5     19   0.20    305     12  342.3  343.1  342.3
  282.0  10127  -33.9  -46.9     26   0.20    305     13  343.5  344.4  343.5
  267.0  10505  -36.8  -49.3     26   0.16    305     14  344.6  345.4  344.7
  252.0  10906  -39.9  -51.9     27   0.13    309     18  345.8  346.4  345.9
  250.0  10960  -40.5                         310     19  345.7         345.7
  224.0  11688  -46.8                         330     27  347.1         347.1
  214.0  11991  -49.4                         325     27  347.6         347.6
  204.0  12309  -52.2                         315     27  348.0         348.0
  200.0  12440  -53.3                         315     27  348.2         348.2
  161.0  13782  -64.9                         340     27  350.9         350.9
  150.0  14220  -68.7                         345     25  351.6         351.6
  124.0  15336  -77.9                           0     23  354.5         354.5
  123.0  15384  -78.3                         357     23  354.6         354.6
  110.0  16022  -78.9                         319     18  365.0         365.0
  101.0  16504  -82.5                         290     14  367.0         367.0
  100.0  16560  -82.5                         290     14  368.1         368.1
   96.0  16787  -82.7                         315     12  372.1         372.1
   83.4  17569  -83.3                         294     16  386.1         386.1
   81.0  17735  -81.2                         290     17  393.5         393.5
   74.2  18232  -75.1                         252     16  416.4         416.4
   73.0  18327  -74.9                         245     16  418.8         418.8
   70.0  18570  -74.3                         245     17  425.1         425.1
   63.0  19193  -72.9                         240      2  441.1         441.1
   60.0  19482  -72.3                         165     10  448.8         448.8
   54.0  20105  -70.9                          55     16  465.6         465.6
   51.0  20443  -70.2                          35     17  475.1         475.1
   50.0  20560  -69.9                          60     17  478.4         478.4
   49.0  20681  -68.4                          90     16  484.6         484.6
   48.5  20742  -67.7                          95     16  487.8         487.8
   46.0  21059  -68.3                         120     17  493.6         493.6
   44.0  21325  -68.9                         112     25  498.6         498.6
   39.1  22041  -62.7                          90     46  531.4         531.4
   38.0  22217  -62.4                          85     51  536.4         536.4
   35.0  22726  -61.7                          95     54  551.1         551.1
   30.0  23680  -60.3                          80     60  579.7         579.7
   28.0  24117  -59.2                          90     58  594.1         594.1
   24.0  25094  -56.9                          90     72  627.7         627.7
   23.5  25228  -56.6                          90     72  632.5         632.5
   22.0  25646  -55.6                          90     72  647.5         647.5
   20.0  26250  -54.1                         100     68  669.8         669.8
   19.4  26446  -53.1                         100     66  678.8         678.8
   18.0  26934  -47.9                         100     62  709.8         709.8
   15.0  28145  -45.5                          80     62  755.7         755.7
   14.1  28555  -44.7                          84     64  771.9         771.9
   14.0                                        85     64                     
</PRE><H3>Station information and sounding indices</H3><PRE>
                         Station identifier: WIII
                             Station number: 96749
                           Observation time: 141114/0000
                           Station latitude: -6.11
                          Station longitude: 106.65
                          Station elevation: 8.0
                            Showalter index: -0.09
                               Lifted index: -0.95
    LIFT computed using virtual temperature: -1.06
                                SWEAT index: 188.40
                                    K index: 37.50
                         Cross totals index: 20.80
                      Vertical totals index: 23.70
                        Totals totals index: 44.50
      Convective Available Potential Energy: 124.66
             CAPE using virtual temperature: 172.41
                      Convective Inhibition: -100.65
             CINS using virtual temperature: -80.87
                           Equilibrum Level: 426.34
 Equilibrum Level using virtual temperature: 422.27
                   Level of Free Convection: 750.53
             LFCT using virtual temperature: 773.40
                     Bulk Richardson Number: 130.19
          Bulk Richardson Number using CAPV: 180.06
  Temp [K] of the Lifted Condensation Level: 291.55
Pres [hPa] of the Lifted Condensation Level: 902.51
   Equivalent potential temp [K] of the LCL: 344.30
     Mean mixed layer potential temperature: 300.24
              Mean mixed layer mixing ratio: 15.04
              1000 hPa to 500 hPa thickness: 5769.00
Precipitable water [mm] for entire sounding: 52.59
</PRE>
<P>Description of the 
<A HREF="/upperair/columns.html">data columns</A>
or <A HREF="/upperair/indices.html">sounding indices</A>.

<P>
<FORM>
<INPUT CLASS="button" TYPE="button" VALUE=" Close this window " 
 onClick="window.close();">
<INPUT CLASS="button" TYPE="button" VALUE=" Select another map " 
 onClick="window.blur();">
</FORM>
<HR SIZE="1">
<I>Interested in graduate studies in atmospheric science?
Check out our program at the
<a href="http://www.uwyo.edu/atsc/howtoapply/"
target=_top>University of Wyoming
</a></I>
<HR SIZE="1"><FONT SIZE="-1">
Questions about the weather data provided by this site can be
addressed to <A HREF="mailto:ldoolman@uwyo.edu">
Larry Oolman (ldoolman@uwyo.edu)</A></FONT>
<HR SIZE="1">
<SCRIPT TYPE="text/javascript">
<!--
window.focus();
// -->
</SCRIPT>
</BODY>
</HTML>
