2014-10-28 00
<HTML>
<TITLE>University of Wyoming - Radiosonde Data</TITLE>
<BODY BGCOLOR="white">
<H2>96749 WIII Jakarta Observations at 00Z 28 Oct 2014</H2>
<PRE>
-----------------------------------------------------------------------------
   PRES   HGHT   TEMP   DWPT   RELH   MIXR   DRCT   SKNT   THTA   THTE   THTV
    hPa     m      C      C      %    g/kg    deg   knot     K      K      K 
-----------------------------------------------------------------------------
 1009.0      8   25.8   23.1     85  18.00    220      3  298.2  350.7  301.4
 1000.0     91   25.4   21.9     81  16.85    225      4  298.6  347.8  301.6
  977.0    295   24.3   20.9     81  16.16    245      4  299.5  346.9  302.4
  944.0    597   22.7   19.3     81  15.18    265      2  300.8  345.6  303.5
  925.0    776   21.8   18.4     81  14.62    185      2  301.6  344.9  304.2
  912.0    898   21.1   18.0     82  14.42    125      2  302.1  344.9  304.7
  881.0   1197   19.4   16.9     86  13.94    160      4  303.3  344.9  305.9
  850.0   1506   17.6   15.8     89  13.46    140      2  304.6  344.9  307.0
  848.0   1526   17.6   15.6     88  13.32    138      2  304.8  344.8  307.2
  821.0   1802   16.6   10.9     69  10.09    105      6  306.5  337.2  308.4
  793.0   2098   15.5    5.9     53   7.41    115      6  308.4  331.4  309.8
  776.0   2283   14.8    2.8     44   6.07    145      5  309.6  328.6  310.7
  766.0   2392   14.0    9.8     76  10.03    163      4  309.9  340.8  311.7
  765.0   2403   13.9    9.7     76   9.99    165      4  309.9  340.8  311.8
  738.0   2705   12.3    7.8     74   9.09    180      2  311.4  339.7  313.1
  712.0   3006   10.8    5.9     72   8.25    175      2  312.8  338.7  314.4
  700.0   3149   10.0    5.0     71   7.87    195      2  313.5  338.4  315.0
  687.0   3305    9.3    1.5     58   6.26    215      4  314.5  334.4  315.6
  677.0   3427    8.8   -1.2     49   5.20    181      4  315.2  332.0  316.2
  673.0   3476    9.0   -8.0     29   3.12    167      3  315.9  326.3  316.6
  640.0   3891    7.2  -16.8     16   1.61     49      2  318.5  324.1  318.8
  639.0   3903    7.1  -16.9     16   1.60     45      2  318.5  324.1  318.8
  616.0   4201    5.0  -18.6     16   1.43    130      6  319.5  324.6  319.8
  594.0   4496    3.0  -20.4     16   1.28    160      6  320.5  325.0  320.7
  572.0   4802    0.9  -22.2     16   1.13     55      4  321.5  325.5  321.7
  563.0   4931    0.0  -23.0     16   1.07     44      6  321.9  325.8  322.1
  551.0   5102   -1.2  -24.4     15   0.97     30      8  322.5  326.0  322.6
  511.0   5698   -5.3  -29.1     13   0.68     50     10  324.5  327.0  324.6
  500.0   5870   -6.5  -30.5     13   0.61     40     12  325.1  327.3  325.2
  493.0   5980   -6.3  -31.3     12   0.57     37     12  326.6  328.8  326.7
  457.0   6566  -10.5  -27.5     23   0.88     21     12  328.5  331.8  328.7
  455.0   6600  -10.6  -27.5     24   0.88     20     12  328.7  332.0  328.9
  440.0   6857  -11.7  -27.7     25   0.90     38     15  330.6  333.9  330.8
  436.0   6927  -11.7  -26.7     28   0.99     43     16  331.4  335.1  331.6
  434.0   6962  -11.9  -37.9     10   0.34     46     16  331.6  333.0  331.7
  432.0   6997  -12.1  -26.1     30   1.06     48     16  331.8  335.8  332.0
  428.0   7068  -11.9  -40.9      7   0.25     53     17  332.9  334.0  333.0
  400.0   7580  -16.1  -39.1     12   0.32     90     23  334.0  335.3  334.0
  389.0   7788  -17.5  -43.5      8   0.21    100     31  334.8  335.7  334.9
  375.0   8062  -19.3  -49.3      5   0.11    105     33  336.0  336.4  336.0
  367.0   8223  -18.7  -56.7      2   0.05    107     34  338.8  339.1  338.8
  359.0   8383  -19.9  -57.0      2   0.05    110     35  339.3  339.5  339.3
  304.0   9594  -29.4  -58.9      4   0.04     75     16  342.6  342.8  342.6
  300.0   9690  -30.1  -59.1      4   0.04     70     16  342.8  343.0  342.9
  267.0  10504  -37.3  -60.5      7   0.04     25     14  344.0  344.2  344.0
  255.0  10825  -40.1  -61.1      9   0.04     22     13  344.4  344.5  344.4
  250.0  10960  -41.1                          20     12  344.8         344.8
  214.0  11991  -49.6                           5     16  347.3         347.3
  204.0  12309  -52.2                         345     14  347.9         347.9
  200.0  12440  -53.3                         350     14  348.2         348.2
  186.0  12892  -57.0                         345     10  349.5         349.5
  169.0  13488  -61.9                          30     12  351.2         351.2
  153.0  14107  -66.9                          15      8  352.6         352.6
  150.0  14230  -67.9                          20      8  352.9         352.9
  145.0  14425  -69.3                          25      8  353.9         353.9
  138.0  14710  -71.4                          10      4  355.3         355.3
  131.0  15010  -73.5                          20      6  356.8         356.8
  125.0  15280  -75.5                          65      6  358.1         358.1
  118.0  15612  -77.8                         200     10  359.6         359.6
  107.0  16175  -81.9                         200      8  362.1         362.1
  102.0  16451  -83.9                         190      6  363.3         363.3
  100.0  16560  -84.1                         175      6  365.0         365.0
   96.0  16786  -83.7                         170      6  370.0         370.0
   91.0  17083  -83.2                         115      8  376.7         376.7
   90.0  17144  -83.1                          81      9  378.1         378.1
   87.2  17322  -78.3                         343     11  391.2         391.2
   86.0  17401  -78.4                         300     12  392.6         392.6
   82.0  17671  -78.8                         270     12  397.2         397.2
   73.0  18331  -79.6                         270     16  408.8         408.8
   72.3  18386  -79.7                         264     17  409.8         409.8
   70.0  18570  -77.3                         245     19  418.7         418.7
   69.1  18644  -75.5                         238     18  424.1         424.1
   66.0  18913  -74.7                         215     14  431.6         431.6
   63.0  19186  -73.8                         240     12  439.2         439.2
   60.0  19472  -72.9                         230     14  447.4         447.4
   54.0  20089  -70.9                         165      2  465.6         465.6
   51.0  20424  -69.9                         315      8  475.7         475.7
   50.0  20540  -69.5                         340      8  479.3         479.3
   49.0  20661  -69.2                          10     10  482.8         482.8
   44.0  21308  -67.6                          75     21  501.8         501.8
   41.4  21674  -66.7                          78     26  512.8         512.8
   39.4  21976  -61.9                          81     29  532.2         532.2
   31.0  23466  -60.3                          95     47  574.2         574.2
   30.0  23670  -60.1                          90     56  580.2         580.2
   27.0  24333  -58.2                          85     62  603.1         603.1
   23.9  25100  -56.1                          76     69  630.8         630.8
   23.4  25235  -55.7                          75     70  635.9         635.9
   23.0  25345  -55.3                          75     70  640.0         640.0
   20.0  26240  -52.5                          80     60  674.7         674.7
   18.3  26818  -49.3                          84     57  702.1         702.1
   14.0  28571  -49.9                          95     47  756.0         756.0
   13.9  28617  -49.9                                     757.5         757.5
</PRE><H3>Station information and sounding indices</H3><PRE>
                         Station identifier: WIII
                             Station number: 96749
                           Observation time: 141028/0000
                           Station latitude: -6.11
                          Station longitude: 106.65
                          Station elevation: 8.0
                            Showalter index: -1.57
                               Lifted index: -2.41
    LIFT computed using virtual temperature: -3.24
                                SWEAT index: 205.61
                                    K index: 34.90
                         Cross totals index: 22.30
                      Vertical totals index: 24.10
                        Totals totals index: 46.40
      Convective Available Potential Energy: 232.10
             CAPE using virtual temperature: 373.68
                      Convective Inhibition: -116.81
             CINS using virtual temperature: -49.46
                           Equilibrum Level: 235.59
 Equilibrum Level using virtual temperature: 235.94
                   Level of Free Convection: 601.03
             LFCT using virtual temperature: 720.24
                     Bulk Richardson Number: 72.39
          Bulk Richardson Number using CAPV: 116.54
  Temp [K] of the Lifted Condensation Level: 293.45
Pres [hPa] of the Lifted Condensation Level: 933.44
   Equivalent potential temp [K] of the LCL: 347.14
     Mean mixed layer potential temperature: 299.29
              Mean mixed layer mixing ratio: 16.36
              1000 hPa to 500 hPa thickness: 5779.00
Precipitable water [mm] for entire sounding: 43.18
</PRE>
<P>Description of the 
<A HREF="/upperair/columns.html">data columns</A>
or <A HREF="/upperair/indices.html">sounding indices</A>.

<P>
<FORM>
<INPUT CLASS="button" TYPE="button" VALUE=" Close this window " 
 onClick="window.close();">
<INPUT CLASS="button" TYPE="button" VALUE=" Select another map " 
 onClick="window.blur();">
</FORM>
<HR SIZE="1">
<I>Interested in graduate studies in atmospheric science?
Check out our program at the
<a href="http://www.uwyo.edu/atsc/howtoapply/"
target=_top>University of Wyoming
</a></I>
<HR SIZE="1"><FONT SIZE="-1">
Questions about the weather data provided by this site can be
addressed to <A HREF="mailto:ldoolman@uwyo.edu">
Larry Oolman (ldoolman@uwyo.edu)</A></FONT>
<HR SIZE="1">
<SCRIPT TYPE="text/javascript">
<!--
window.focus();
// -->
</SCRIPT>
</BODY>
</HTML>
