2015-06-13 00
<HTML>
<TITLE>University of Wyoming - Radiosonde Data</TITLE>
<BODY BGCOLOR="white">
<H2>96749 WIII Jakarta Observations at 00Z 13 Jun 2015</H2>
<PRE>
-----------------------------------------------------------------------------
   PRES   HGHT   TEMP   DWPT   RELH   MIXR   DRCT   SKNT   THTA   THTE   THTV
    hPa     m      C      C      %    g/kg    deg   knot     K      K      K 
-----------------------------------------------------------------------------
 1008.0      8   24.6   24.1     97  19.17    180      3  297.1  352.8  300.5
 1000.0     82   25.2   22.7     86  17.72    160      4  298.4  350.1  301.5
  976.0    296   24.8   19.5     72  14.85    105      8  300.1  343.7  302.7
  962.0    423   24.6   17.6     65  13.34    104      9  301.1  340.5  303.5
  925.0    766   22.8   15.8     65  12.35    100     12  302.6  339.4  304.9
  911.0    898   21.9   15.3     66  12.14    100     10  303.1  339.3  305.3
  880.0   1198   20.0   14.2     69  11.66     95      4  304.0  339.0  306.1
  850.0   1498   18.0   13.0     73  11.19     70      4  305.0  338.7  307.0
  837.0   1630   17.4   11.4     68  10.21     66      4  305.7  336.7  307.6
  824.0   1764   17.2    8.2     55   8.35     61      4  306.9  332.4  308.4
  820.0   1806   17.5    2.8     37   5.76     60      4  307.6  325.6  308.7
  817.0   1837   17.8   -1.2     27   4.31     62      5  308.2  321.9  309.1
  792.0   2101   16.5   -3.2     26   3.84     80     10  309.6  321.9  310.3
  746.0   2608   14.0   -7.0     23   3.05     85     13  312.2  322.2  312.8
  700.0   3142   11.2   -9.8     22   2.61     90     17  314.9  323.6  315.4
  662.0   3604    7.8   -8.3     31   3.09    100     12  316.1  326.4  316.7
  653.0   3718    7.0   -8.0     33   3.22     98     11  316.4  327.1  317.0
  638.0   3907    5.2   -8.6     36   3.15     95      8  316.5  327.0  317.1
  617.0   4181    2.6   -9.4     41   3.05    109     12  316.5  326.7  317.1
  615.0   4207    3.1  -14.6     26   2.02    110     12  317.5  324.4  317.9
  609.0   4287    4.8  -30.2      6   0.51    113     16  320.3  322.2  320.4
  593.0   4503    4.5  -35.3      4   0.32    120     25  322.4  323.6  322.4
  586.0   4600    4.4  -37.6      3   0.26    117     26  323.3  324.4  323.4
  550.0   5112    0.9  -31.6      7   0.50    100     29  325.1  327.0  325.2
  541.0   5245    0.0  -30.0      8   0.59    100     31  325.6  327.8  325.7
  510.0   5713   -3.8  -28.6     13   0.71    100     37  326.5  329.1  326.6
  500.0   5870   -5.1  -28.1     15   0.76    100     35  326.8  329.6  326.9
  482.0   6156   -6.5  -38.5      6   0.29     92     26  328.5  329.6  328.5
  455.0   6603   -8.4  -45.7      3   0.14     80     12  331.6  332.2  331.6
  437.0   6916   -9.7  -50.7      2   0.08    101     15  333.8  334.1  333.8
  421.0   7200  -11.8  -54.5      2   0.06    120     17  334.6  334.9  334.6
  400.0   7590  -14.7  -59.7      1   0.03    115     16  335.8  335.9  335.8
  374.0   8083  -18.4  -56.4      2   0.05    110      8  337.4  337.6  337.4
  331.0   8979  -25.1  -50.4      8   0.11     60      8  340.2  340.7  340.2
  317.0   9296  -27.5  -48.2     12   0.15     35      4  341.1  341.8  341.2
  300.0   9700  -30.5  -45.5     22   0.22     35      6  342.3  343.2  342.3
  279.0  10212  -34.7  -45.9     31   0.23     50      6  343.4  344.4  343.4
  278.0  10237  -34.9  -45.9     32   0.23     48      6  343.5  344.4  343.5
  268.0  10490  -36.9  -45.6     40   0.24     25      8  344.1  345.2  344.2
  253.0  10889  -40.1  -45.1     59   0.27     42      6  345.1  346.3  345.2
  250.0  10970  -40.5                          45      6  345.7         345.7
  245.0  11104  -41.6                          55      6  346.0         346.0
  224.0  11698  -46.6                           5      4  347.4         347.4
  214.0  12001  -49.1                         355     10  348.0         348.0
  205.0  12286  -51.5                           5     12  348.5         348.5
  200.0  12450  -52.9                           0     12  348.8         348.8
  178.0  13175  -59.1                         335     10  350.6         350.6
  161.0  13800  -64.4                          15      8  351.8         351.8
  153.0  14117  -67.0                         295      2  352.4         352.4
  150.0  14240  -68.1                         280      4  352.6         352.6
  146.0  14402  -69.3                         260      6  353.2         353.2
  143.0  14526  -70.3                         300      9  353.6         353.6
  139.0  14689  -71.4                         355     14  354.5         354.5
  119.0  15582  -77.5                          45     23  359.4         359.4
  107.0  16193  -81.6                          95     14  362.7         362.7
  101.0  16525  -83.9                          85     14  364.4         364.4
  100.0  16580  -83.9                          80     16  365.4         365.4
   96.0  16808  -83.5                          55     19  370.5         370.5
   91.0  17106  -82.9                          95     17  377.3         377.3
   89.1  17223  -82.7                         102     18  380.0         380.0
   84.8  17499  -84.1                         118     21  382.6         382.6
   83.2  17606  -81.1                         125     22  390.8         390.8
   77.0  18046  -79.5                         150     27  402.8         402.8
   73.0  18349  -78.5                         150     33  411.2         411.2
   71.7  18451  -78.1                         126     30  414.1         414.1
   70.0  18590  -73.3                          95     27  427.2         427.2
   69.3  18649  -71.3                          86     28  432.8         432.8
   66.0  18937  -70.6                          45     33  440.3         440.3
   61.6  19345  -69.7                          63     26  451.1         451.1
   60.0  19502  -67.8                          70     23  458.7         458.7
   59.4  19562  -67.1                          76     23  461.7         461.7
   57.0  19809  -67.5                         100     25  466.2         466.2
   53.5  20189  -68.1                         100     28  473.4         473.4
   52.0  20361  -65.1                         100     29  484.1         484.1
   51.3  20443  -63.7                          98     28  489.4         489.4
   50.0  20600  -63.1                          95     27  494.4         494.4
   47.0  20984  -62.6                          80     19  504.3         504.3
   39.0  22143  -61.3                         100     31  535.3         535.3
   37.0  22470  -60.9                          85     17  544.4         544.4
   35.0  22816  -60.5                          95      8  554.2         554.2
   33.0  23181  -60.1                         110     19  564.7         564.7
   32.2  23334  -59.9                         104     20  569.1         569.1
   30.0  23780  -56.5                          85     21  590.0         590.0
   28.0  24222  -53.3                          90     23  610.7         610.7
   26.5  24575  -50.7                         168     23  627.7         627.7
   25.0  24953  -51.3                         250     23  636.4         636.4
   24.6  25057  -51.5                         251     23  638.9         638.9
   23.2  25439  -48.5                         254     23  658.4         658.4
   23.0  25496  -48.6                         255     23  659.9         659.9
   22.0  25787  -48.9                         225     23  667.2         667.2
   20.0  26410  -49.7                         260     21  683.3         683.3
   18.0  27098  -50.5                         290     16  701.5         701.5
   16.8  27548  -51.1                         286     30  713.7         713.7
   15.0  28293  -49.0                         280     54  744.0         744.0
   12.9  29285  -46.3                         273     49  786.3         786.3
   11.0  30339  -47.5                         265     43  818.4         818.4
   10.0  30970  -48.3                         255     35  838.1         838.1
    9.3  31449  -46.7                         255     27  861.8         861.8
    9.0  31671  -45.6                         255     23  874.1         874.1
    7.3  33083  -38.7                         255     25  956.2         956.2
    7.0                                       255     25                     
</PRE><H3>Station information and sounding indices</H3><PRE>
                         Station identifier: WIII
                             Station number: 96749
                           Observation time: 150613/0000
                           Station latitude: -6.11
                          Station longitude: 106.65
                          Station elevation: 8.0
                            Showalter index: 2.32
                               Lifted index: -0.15
    LIFT computed using virtual temperature: -0.89
                                SWEAT index: 199.01
                                    K index: 15.10
                         Cross totals index: 18.10
                      Vertical totals index: 23.10
                        Totals totals index: 41.20
      Convective Available Potential Energy: 8.40
             CAPE using virtual temperature: 43.40
                      Convective Inhibition: -246.38
             CINS using virtual temperature: -132.47
                           Equilibrum Level: 490.43
 Equilibrum Level using virtual temperature: 463.14
                   Level of Free Convection: 640.75
             LFCT using virtual temperature: 665.54
                     Bulk Richardson Number: 1.02
          Bulk Richardson Number using CAPV: 5.28
  Temp [K] of the Lifted Condensation Level: 292.21
Pres [hPa] of the Lifted Condensation Level: 915.66
   Equivalent potential temp [K] of the LCL: 344.85
     Mean mixed layer potential temperature: 299.67
              Mean mixed layer mixing ratio: 15.53
              1000 hPa to 500 hPa thickness: 5788.00
Precipitable water [mm] for entire sounding: 32.06
</PRE>
<P>Description of the 
<A HREF="/upperair/columns.html">data columns</A>
or <A HREF="/upperair/indices.html">sounding indices</A>.

<P>
<FORM>
<INPUT CLASS="button" TYPE="button" VALUE=" Close this window " 
 onClick="window.close();">
<INPUT CLASS="button" TYPE="button" VALUE=" Select another map " 
 onClick="window.blur();">
</FORM>
<HR SIZE="1">
<I>Interested in graduate studies in atmospheric science?
Check out our program at the
<a href="http://www.uwyo.edu/atsc/howtoapply/"
target=_top>University of Wyoming
</a></I>
<HR SIZE="1"><FONT SIZE="-1">
Questions about the weather data provided by this site can be
addressed to <A HREF="mailto:ldoolman@uwyo.edu">
Larry Oolman (ldoolman@uwyo.edu)</A></FONT>
<HR SIZE="1">
<SCRIPT TYPE="text/javascript">
<!--
window.focus();
// -->
</SCRIPT>
</BODY>
</HTML>
