2013-07-20 00
<HTML>
<TITLE>University of Wyoming - Radiosonde Data</TITLE>
<BODY BGCOLOR="white">
<H2>96749 WIII Jakarta Observations at 00Z 20 Jul 2013</H2>
<PRE>
-----------------------------------------------------------------------------
   PRES   HGHT   TEMP   DWPT   RELH   MIXR   DRCT   SKNT   THTA   THTE   THTV
    hPa     m      C      C      %    g/kg    deg   knot     K      K      K 
-----------------------------------------------------------------------------
 1008.0      8   26.6   23.7     84  18.70    200      2  299.1  353.9  302.4
 1002.0     61   25.8   22.9     84  17.91    215      2  298.8  351.1  302.0
 1000.0     79   25.8   22.9     84  17.94    220      2  298.9  351.5  302.1
  975.0    301   24.4   21.7     85  17.08    295      6  299.8  349.9  302.8
  942.0    603   22.6   20.1     86  15.96    335      4  300.8  347.9  303.7
  925.0    763   21.6   19.2     86  15.38    335      4  301.4  346.9  304.2
  910.0    904   20.7   18.7     89  15.19    335      4  301.9  346.8  304.6
  879.0   1203   18.7   17.8     94  14.77    345      4  302.8  346.7  305.5
  850.0   1492   16.8   16.8    100  14.37      0      0  303.7  346.6  306.4
  820.0   1794   15.0   14.6     98  12.92    320      4  304.9  343.8  307.3
  764.0   2389   11.4   10.3     93  10.41    315      4  307.3  339.1  309.2
  711.0   2994    7.8    6.0     88   8.28    340      2  309.7  335.4  311.2
  700.0   3125    7.0    5.0     87   7.87    310      4  310.2  334.7  311.7
  699.0   3137    6.8    4.8     87   7.77    307      4  310.1  334.3  311.6
  685.0   3301    5.9    3.9     87   7.45    265      6  310.9  334.2  312.3
  661.0   3590    4.3    2.4     88   6.92    230      4  312.2  334.0  313.5
  637.0   3891    2.6    0.8     88   6.39    250      8  313.6  333.9  314.9
  614.0   4189    0.9   -0.8     88   5.90    225      6  315.0  333.9  316.1
  602.0   4349    0.0   -1.7     88   5.64    241      6  315.8  333.9  316.9
  591.0   4496   -0.5   -1.9     90   5.65    255      6  316.9  335.2  318.0
  569.0   4799   -1.4   -2.4     93   5.67      0      8  319.2  337.7  320.3
  548.0   5099   -2.4   -2.9     97   5.69     35      6  321.5  340.2  322.6
  546.0   5128   -2.5   -2.9     97   5.69     42      7  321.7  340.5  322.8
  528.0   5392   -4.2   -7.2     80   4.25    105     12  322.7  337.0  323.6
  500.0   5820   -7.1  -14.1     57   2.58    115     12  324.3  333.3  324.8
  470.0   6299  -10.0  -14.6     69   2.63    115      8  326.5  335.7  327.0
  452.0   6601  -11.8  -14.9     78   2.67     45      6  327.9  337.2  328.4
  435.0   6897  -13.6  -15.3     87   2.70     35      8  329.2  338.7  329.8
  423.0   7114  -14.9  -15.5     95   2.72     43      8  330.2  339.8  330.8
  403.0   7483  -14.7  -25.7     39   1.18     58      8  335.1  339.5  335.3
  400.0   7540  -15.1  -26.1     39   1.14     60      8  335.3  339.6  335.5
  371.0   8093  -19.0  -31.4     33   0.75     95     16  337.4  340.3  337.6
  328.0   8998  -25.4  -40.0     24   0.36    110     21  340.7  342.2  340.8
  304.0   9556  -29.3  -45.3     20   0.22    106     23  342.7  343.6  342.7
  300.0   9650  -30.1  -46.1     20   0.20    105     23  342.8  343.7  342.9
  277.0  10209  -35.1  -49.2     22   0.16    105     19  343.5  344.2  343.6
  264.0  10546  -38.1  -51.1     24   0.13     91     25  343.9  344.5  343.9
  250.0  10920  -39.7  -58.7     11   0.06     75     31  346.9  347.2  346.9
  246.0  11030  -40.1  -62.1      8   0.04     72     32  347.9  348.1  347.9
  213.0  11983  -48.6                          50     43  349.3         349.3
  200.0  12400  -52.3                          45     47  349.8         349.8
  150.0  14190  -68.1                          50     47  352.6         352.6
  131.0  14967  -74.6                          65     52  354.8         354.8
  102.0  16402  -86.7                         107     44  357.9         357.9
  100.0  16510  -86.9                         110     43  359.6         359.6
   98.5  16593  -87.1                         115     47  360.8         360.8
   97.2  16666  -83.5                         115     50  369.1         369.1
   95.0  16794  -83.1                         115     54  372.4         372.4
   93.2  16901  -82.7                         106     47  375.2         375.2
   90.0  17101  -76.5                          90     35  391.3         391.3
   88.7  17184  -73.9                          92     32  398.1         398.1
   86.0  17369  -72.8                          95     27  403.8         403.8
   81.0  17727  -70.7                         135     10  415.2         415.2
   77.0  18030  -68.9                         335      2  425.0         425.0
   74.0  18268  -67.5                         330     16  432.8         432.8
   70.0  18600  -65.5                         290     21  443.9         443.9
   67.0  18867  -64.8                         295     25  451.1         451.1
   65.2  19032  -64.3                         284     23  455.6         455.6
   60.0  19539  -64.5                         250     17  466.1         466.1
   58.0  19745  -64.6                         205     16  470.4         470.4
   52.6  20341  -64.9                         209      9  483.1         483.1
   52.0  20411  -64.7                         210      8  485.1         485.1
   50.0  20650  -64.1                         270      6  492.0         492.0
   47.0  21030  -63.0                         255      8  503.3         503.3
   46.6  21083  -62.9                         259     10  504.9         504.9
   45.0  21300  -61.2                         275     19  514.1         514.1
   42.2  21701  -58.1                         266     23  531.3         531.3
   39.0  22195  -59.8                         255     29  539.1         539.1
   37.4  22457  -60.7                         249     27  543.3         543.3
   35.0  22873  -58.6                         240     25  559.2         559.2
   34.7  22926  -58.3                         243     25  561.3         561.3
   33.1  23228  -52.7                         259     23  583.7         583.7
   32.0  23445  -53.4                         270     21  587.6         587.6
   30.0  23860  -54.7                         250     23  594.9         594.9
   28.0  24300  -55.1                         235     21  605.6         605.6
   27.0  24532  -55.4                         250     21  611.3         611.3
   26.0  24772  -55.6                         230     12  617.2         617.2
   25.5  24896  -55.7                         241     11  620.4         620.4
   23.0  25561  -51.2                         300      8  652.0         652.0
   22.3  25761  -49.9                         307     10  661.8         661.8
   20.0  26470  -50.9                         330     16  679.6         679.6
   17.0  27528  -50.5                         275     17  713.1         713.1
   15.0  28343  -50.3                         260     31  739.9         739.9
   14.0  28793  -50.1                         245     27  755.2         755.2
   12.7  29427  -49.9                         249     29  777.2         777.2
   11.0  30376  -45.8                         255     33  824.8         824.8
   10.6  30621  -44.7                         249     35  837.5         837.5
   10.0  31010  -44.7                         240     39  851.6         851.6
    8.0  32510  -43.1                         245     25  913.8         913.8
    7.1  33312  -42.3                         232     29  949.0         949.0
    7.0                                       230     29                     
</PRE><H3>Station information and sounding indices</H3><PRE>
                         Station identifier: WIII
                             Station number: 96749
                           Observation time: 130720/0000
                           Station latitude: -6.11
                          Station longitude: 106.65
                          Station elevation: 8.0
                            Showalter index: -2.81
                               Lifted index: -4.12
    LIFT computed using virtual temperature: -4.71
                                SWEAT index: 213.60
                                    K index: 38.70
                         Cross totals index: 23.90
                      Vertical totals index: 23.90
                        Totals totals index: 47.80
      Convective Available Potential Energy: 1046.62
             CAPE using virtual temperature: 1174.70
                      Convective Inhibition: -14.76
             CINS using virtual temperature: -10.30
                           Equilibrum Level: 217.61
 Equilibrum Level using virtual temperature: 217.21
                   Level of Free Convection: 885.96
             LFCT using virtual temperature: 895.03
                     Bulk Richardson Number: 1702.37
          Bulk Richardson Number using CAPV: 1910.68
  Temp [K] of the Lifted Condensation Level: 294.44
Pres [hPa] of the Lifted Condensation Level: 941.19
   Equivalent potential temp [K] of the LCL: 350.20
     Mean mixed layer potential temperature: 299.60
              Mean mixed layer mixing ratio: 17.28
              1000 hPa to 500 hPa thickness: 5741.00
Precipitable water [mm] for entire sounding: 57.42
</PRE>
<P>Description of the 
<A HREF="/upperair/columns.html">data columns</A>
or <A HREF="/upperair/indices.html">sounding indices</A>.

<P>
<FORM>
<INPUT CLASS="button" TYPE="button" VALUE=" Close this window " 
 onClick="window.close();">
<INPUT CLASS="button" TYPE="button" VALUE=" Select another map " 
 onClick="window.blur();">
</FORM>
<HR SIZE="1">
<I>Interested in graduate studies in atmospheric science?
Check out our program at the
<a href="http://www.uwyo.edu/atsc/howtoapply/"
target=_top>University of Wyoming
</a></I>
<HR SIZE="1"><FONT SIZE="-1">
Questions about the weather data provided by this site can be
addressed to <A HREF="mailto:ldoolman@uwyo.edu">
Larry Oolman (ldoolman@uwyo.edu)</A></FONT>
<HR SIZE="1">
<SCRIPT TYPE="text/javascript">
<!--
window.focus();
// -->
</SCRIPT>
</BODY>
</HTML>
