2014-07-03 00
<HTML>
<TITLE>University of Wyoming - Radiosonde Data</TITLE>
<BODY BGCOLOR="white">
<H2>96749 WIII Jakarta Observations at 00Z 03 Jul 2014</H2>
<PRE>
-----------------------------------------------------------------------------
   PRES   HGHT   TEMP   DWPT   RELH   MIXR   DRCT   SKNT   THTA   THTE   THTV
    hPa     m      C      C      %    g/kg    deg   knot     K      K      K 
-----------------------------------------------------------------------------
 1009.0      8   25.2   22.1     83  16.91    190      3  297.6  346.8  300.6
 1000.0     88   25.4   21.5     79  16.44    165      4  298.6  346.6  301.5
  976.0    301   24.4   19.9     76  15.18    100      8  299.6  344.2  302.4
  944.0    594   23.0   17.6     71  13.58    110     10  301.1  341.3  303.6
  925.0    772   22.2   16.2     69  12.68    100     12  302.0  339.7  304.3
  912.0    895   21.5   15.5     69  12.25     95     12  302.5  339.0  304.7
  911.0    905   21.4   15.4     69  12.22     95     12  302.5  338.9  304.7
  850.0   1503   18.0   12.0     68  10.47     75     10  305.0  336.6  306.9
  793.0   2094   14.5    8.5     67   8.87     90      8  307.4  334.6  309.0
  791.0   2116   14.4    8.4     67   8.82     91      8  307.5  334.5  309.1
  785.0   2180   14.4    8.4     67   8.89     96      7  308.1  335.4  309.8
  765.0   2397   13.2    8.0     71   8.90    110      6  309.2  336.6  310.8
  713.0   2987   10.0    7.1     82   8.93     40      2  311.9  339.8  313.6
  700.0   3141    9.2    6.8     85   8.93     30      2  312.6  340.6  314.3
  689.0   3273    8.6    7.2     91   9.33     26      3  313.4  342.6  315.1
  673.0   3467    7.8    5.4     85   8.43     19      5  314.6  341.2  316.2
  663.0   3591    7.0    3.5     78   7.47     15      6  315.1  338.8  316.5
  660.0   3628    6.8    2.9     76   7.20      3      6  315.2  338.1  316.6
  657.0   3666    6.8   -4.2     45   4.29    350      6  315.6  329.6  316.5
  639.0   3895    7.3  -16.5     17   1.65    275      6  318.8  324.5  319.1
  636.0   3933    7.4  -18.6     14   1.39    278      6  319.3  324.2  319.6
  626.0   4064    7.4  -19.6     13   1.30    286      7  320.7  325.4  321.0
  616.0   4195    6.7  -17.1     17   1.64    295      8  321.4  327.1  321.7
  594.0   4493    5.0  -11.3     30   2.73    335     14  322.8  332.2  323.4
  573.0   4787    3.4   -5.6     52   4.42    330     12  324.2  339.1  325.1
  552.0   5089    1.7   -7.9     49   3.84    325     10  325.7  338.8  326.4
  539.0   5281    0.6   -9.4     47   3.50    347      9  326.6  338.6  327.3
  534.0   5356    0.0  -10.0     47   3.37    356      9  326.8  338.4  327.4
  512.0   5691   -2.6  -11.3     51   3.16     35      8  327.6  338.5  328.2
  500.0   5880   -4.1  -12.1     54   3.04     45      8  328.0  338.6  328.6
  457.0   6580   -9.7  -18.5     49   1.95     70      6  329.5  336.5  329.9
  447.0   6753  -11.1  -20.1     47   1.74     71      7  329.8  336.1  330.2
  422.0   7192  -12.9  -34.8     14   0.47     75      8  333.1  334.9  333.1
  406.0   7486  -14.0  -44.7      6   0.18    115     10  335.2  336.0  335.2
  400.0   7600  -14.5  -48.5      4   0.12    120     12  336.1  336.6  336.1
  390.0   7791  -16.0  -54.1      2   0.06    125     14  336.5  336.8  336.6
  388.0   7830  -16.3  -55.3      2   0.05    123     14  336.6  336.9  336.6
  360.0   8377  -20.3  -55.2      3   0.06     90     17  338.6  338.9  338.6
  346.0   8667  -22.4  -55.1      3   0.06    115     21  339.6  339.9  339.6
  300.0   9710  -29.9  -54.9      7   0.07    100     17  343.1  343.4  343.1
  293.0   9878  -31.4  -56.5      7   0.06    105     14  343.2  343.5  343.2
  291.0   9926  -31.9  -56.9      7   0.06    107     14  343.3  343.6  343.3
  269.0  10473  -36.6  -57.0     10   0.06    125     14  344.2  344.5  344.2
  254.0  10872  -40.1  -57.1     15   0.07    105     16  344.7  345.1  344.8
  250.0  10980  -41.1                         100     17  344.8         344.8
  225.0  11674  -47.6                          80     16  345.4         345.4
  200.0  12450  -54.9                          60     23  345.7         345.7
  187.0  12877  -57.9                          55     31  347.5         347.5
  183.0  13014  -58.9                          59     39  348.1         348.1
  178.0  13185  -60.1                          65     49  348.8         348.8
  150.0  14240  -67.7                          75     37  353.3         353.3
  140.0  14642  -70.0                          75     31  356.3         356.3
  126.0  15256  -73.4                          35     19  361.0         361.0
  108.0  16154  -78.5                         245      4  367.6         367.6
  102.0  16487  -80.4                          50      6  370.1         370.1
  101.0  16544  -80.7                          30      7  370.5         370.5
  100.0  16600  -80.9                          10      8  371.2         371.2
   97.0  16770  -81.6                         305     12  373.1         373.1
   92.0  17065  -82.8                         285     17  376.3         376.3
   91.7  17084  -82.9                         285     17  376.5         376.5
   87.0  17381  -79.8                         245     10  388.4         388.4
   82.0  17715  -76.4                          80      4  402.1         402.1
   81.6  17743  -76.1                          66      5  403.2         403.2
   78.5  17972  -66.1                         318     15  428.4         428.4
   78.0  18010  -66.2                         300     17  428.9         428.9
   75.0  18246  -67.1                         265     23  432.0         432.0
   70.0  18660  -68.5                         260     29  437.5         437.5
   64.0  19193  -70.3                         260     21  444.9         444.9
   62.8  19305  -70.7                         270     23  446.4         446.4
   58.0  19781  -69.0                         290     35  460.6         460.6
   50.0  20670  -65.7                         255     29  488.2         488.2
   48.0  20918  -65.8                         245     25  493.6         493.6
   47.2  21020  -65.9                         235     21  495.9         495.9
   45.0  21314  -63.7                         205      8  508.1         508.1
   43.0  21594  -61.5                         100     16  520.0         520.0
   41.7  21783  -60.1                          95     19  528.1         528.1
   39.0  22200  -60.2                          85     27  538.0         538.0
   34.0  23056  -60.4                          85     45  559.0         559.0
   32.3  23376  -60.5                          87     44  567.0         567.0
   30.0  23840  -56.7                          90     43  589.5         589.5
   29.5  23947  -55.7                          90     43  595.0         595.0
   22.0  25821  -54.3                          85     49  651.3         651.3
   20.3  26334  -53.9                          89     51  667.6         667.6
   20.0  26430  -53.3                          90     51  672.3         672.3
   17.5  27298  -49.1                          97     48  711.8         711.8
   15.0  28318  -48.2                         105     45  746.9         746.9
   10.0  31000  -45.7                          80     45  847.8         847.8
    9.3  31485  -44.7                          60     60  869.3         869.3
    9.0  31704  -44.3                          60     60  879.1         879.1
    8.5  32090  -40.5                          36     39  908.4         908.4
    8.0  32502  -40.5                          10     16  924.1         924.1
    7.0  33411  -40.7                         250     21  959.5         959.5
    6.8  33609  -40.7                                     967.4         967.4
</PRE><H3>Station information and sounding indices</H3><PRE>
                         Station identifier: WIII
                             Station number: 96749
                           Observation time: 140703/0000
                           Station latitude: -6.11
                          Station longitude: 106.65
                          Station elevation: 8.0
                            Showalter index: 4.23
                               Lifted index: 0.97
    LIFT computed using virtual temperature: 0.61
                                SWEAT index: 172.01
                                    K index: 31.70
                         Cross totals index: 16.10
                      Vertical totals index: 22.10
                        Totals totals index: 38.20
      Convective Available Potential Energy: 11.76
             CAPE using virtual temperature: 26.45
                      Convective Inhibition: -309.57
             CINS using virtual temperature: -80.60
                           Equilibrum Level: 426.70
 Equilibrum Level using virtual temperature: 416.66
                   Level of Free Convection: 471.40
             LFCT using virtual temperature: 666.07
                     Bulk Richardson Number: 3.30
          Bulk Richardson Number using CAPV: 7.43
  Temp [K] of the Lifted Condensation Level: 292.30
Pres [hPa] of the Lifted Condensation Level: 920.13
   Equivalent potential temp [K] of the LCL: 344.52
     Mean mixed layer potential temperature: 299.36
              Mean mixed layer mixing ratio: 15.46
              1000 hPa to 500 hPa thickness: 5792.00
Precipitable water [mm] for entire sounding: 45.74
</PRE>
<P>Description of the 
<A HREF="/upperair/columns.html">data columns</A>
or <A HREF="/upperair/indices.html">sounding indices</A>.

<P>
<FORM>
<INPUT CLASS="button" TYPE="button" VALUE=" Close this window " 
 onClick="window.close();">
<INPUT CLASS="button" TYPE="button" VALUE=" Select another map " 
 onClick="window.blur();">
</FORM>
<HR SIZE="1">
<I>Interested in graduate studies in atmospheric science?
Check out our program at the
<a href="http://www.uwyo.edu/atsc/howtoapply/"
target=_top>University of Wyoming
</a></I>
<HR SIZE="1"><FONT SIZE="-1">
Questions about the weather data provided by this site can be
addressed to <A HREF="mailto:ldoolman@uwyo.edu">
Larry Oolman (ldoolman@uwyo.edu)</A></FONT>
<HR SIZE="1">
<SCRIPT TYPE="text/javascript">
<!--
window.focus();
// -->
</SCRIPT>
</BODY>
</HTML>
