2013-06-05 00
<HTML>
<TITLE>University of Wyoming - Radiosonde Data</TITLE>
<BODY BGCOLOR="white">
<H2>96749 WIII Jakarta Observations at 00Z 05 Jun 2013</H2>
<PRE>
-----------------------------------------------------------------------------
   PRES   HGHT   TEMP   DWPT   RELH   MIXR   DRCT   SKNT   THTA   THTE   THTV
    hPa     m      C      C      %    g/kg    deg   knot     K      K      K 
-----------------------------------------------------------------------------
 1008.0      8   25.4   23.8     91  18.82    230      5  297.9  352.7  301.2
 1007.0     17   26.4   22.9     81  17.81    230      5  298.9  351.1  302.1
 1000.0     78   26.2   22.7     81  17.72    230      8  299.4  351.3  302.5
  975.0    301   25.1   21.1     79  16.46    230     16  300.4  348.9  303.4
  925.0    764   22.8   17.8     73  14.06    235     16  302.6  344.4  305.2
  911.0    896   22.1   16.9     72  13.51    240     16  303.2  343.5  305.7
  880.0   1197   20.6   15.0     70  12.31    260     10  304.6  341.6  306.9
  850.0   1498   19.0   13.0     68  11.19    250     10  306.0  339.9  308.1
  821.0   1795   17.2   11.8     71  10.72    245      8  307.1  339.8  309.1
  806.0   1953   16.2   11.2     72  10.47    255      9  307.7  339.7  309.7
  792.0   2100   15.4   10.6     73  10.24    265     10  308.4  339.8  310.3
  712.0   2997   10.6    7.1     79   8.94    230     14  312.6  340.6  314.3
  700.0   3140    9.8    6.5     80   8.75    230     12  313.3  340.8  315.0
  686.0   3308    9.7    5.1     73   8.10    235     10  315.0  340.6  316.5
  681.0   3368    9.6    4.6     71   7.87    242     10  315.6  340.6  317.1
  662.0   3599    8.2    3.5     72   7.47    270      8  316.6  340.5  318.0
  615.0   4199    4.7    0.5     74   6.50    220      4  319.2  340.3  320.5
  571.0   4804    1.1   -2.5     77   5.62    205      6  321.9  340.4  323.0
  558.0   4992    0.0   -3.4     78   5.36    187      5  322.7  340.5  323.7
  550.0   5106   -0.8   -4.6     75   4.96    175      4  323.1  339.7  324.1
  530.0   5399   -2.7   -7.8     68   4.05    170      2  324.3  337.9  325.1
  510.0   5703   -4.7  -11.0     61   3.25     55      6  325.4  336.6  326.1
  500.0   5860   -5.7  -12.7     58   2.90     65      4  326.0  336.1  326.6
  491.0   6002   -6.4  -13.6     57   2.74     75      4  326.8  336.4  327.4
  455.0   6595   -9.5  -17.5     52   2.14    205      6  330.2  337.8  330.6
  437.0   6904  -11.3  -20.3     48   1.76    185      8  331.7  338.1  332.1
  400.0   7580  -15.3  -26.3     38   1.12    220      6  335.0  339.2  335.2
  388.0   7809  -16.9  -28.6     36   0.94    230      8  335.9  339.5  336.1
  382.0   7926  -17.7  -29.7     34   0.86    212      6  336.3  339.6  336.5
  373.0   8102  -18.9  -31.5     32   0.74    185      4  337.0  339.9  337.1
  358.0   8404  -21.0  -34.6     29   0.57     80      4  338.1  340.4  338.2
  344.0   8697  -23.1  -37.6     25   0.44     30      8  339.2  341.0  339.3
  330.0   9003  -25.2  -40.7     22   0.33     60     10  340.4  341.7  340.4
  323.0   9161  -26.3  -42.3     21   0.29     57     11  340.9  342.1  341.0
  300.0   9690  -30.7  -39.7     41   0.41     45     14  342.0  343.6  342.1
  297.0   9761  -31.1  -39.1     45   0.44     45     13  342.4  344.2  342.5
  291.0   9905  -32.3  -41.7     39   0.34     45     12  342.7  344.1  342.8
  280.0  10177  -34.5  -46.5     29   0.21     42     13  343.3  344.2  343.4
  270.0  10431  -36.7  -41.7     60   0.37     40     13  343.7  345.2  343.8
  253.0  10879  -40.1  -47.1     47   0.22     36     14  345.1  346.1  345.2
  250.0  10960  -40.7                          35     14  345.4         345.4
  214.0  11991  -49.6                          35     19  347.2         347.2
  200.0  12440  -53.5                          40     19  347.9         347.9
  150.0  14230  -68.3                          60     31  352.2         352.2
  131.0  15012  -74.1                          55     29  355.8         355.8
  107.0  16181  -82.7                          60     16  360.7         360.7
  105.0  16290  -83.5                          68     15  361.1         361.1
  100.0  16560  -84.5                          90     14  364.2         364.2
   98.2  16660  -84.9                         105     16  365.3         365.3
   96.0  16786  -84.5                         110     19  368.4         368.4
   86.0  17396  -82.8                          75     14  383.7         383.7
   81.0  17729  -81.8                         110     12  392.3         392.3
   79.4  17840  -81.5                          90     16  395.2         395.2
   77.3  17992  -75.1                          64     22  411.6         411.6
   77.0  18015  -75.0                          60     23  412.2         412.2
   70.0  18570  -72.7                          85     37  428.5         428.5
   66.0  18917  -72.3                          80     33  436.6         436.6
   65.8  18935  -72.3                          77     32  437.0         437.0
   64.2  19082  -65.9                          53     27  454.1         454.1
   63.0  19198  -65.6                          35     23  457.2         457.2
   60.0  19496  -65.0                          35      8  465.1         465.1
   57.0  19810  -64.3                         250      2  473.5         473.5
   55.4  19984  -63.9                         247      6  478.3         478.3
   50.0  20610  -66.5                         235     21  486.4         486.4
   49.0  20732  -66.2                         230     21  489.9         489.9
   48.6  20782  -66.1                         233     21  491.3         491.3
   45.8  21145  -61.9                         258     19  509.8         509.8
   45.0  21254  -61.9                         265     19  512.5         512.5
   41.0  21831  -61.6                         250     23  526.8         526.8
   38.4  22236  -61.5                         266     26  537.1         537.1
   37.0  22468  -59.5                         275     27  547.9         547.9
   35.6  22710  -57.5                         268     30  559.3         559.3
   33.0  23188  -57.5                         255     35  571.5         571.5
   30.0  23790  -57.5                         275     31  587.3         587.3
   28.5  24116  -56.5                         281     36  598.7         598.7
   25.0  24961  -54.5                         295     49  627.3         627.3
   21.0  26085  -51.8                         260     47  667.4         667.4
   20.0  26400  -51.1                         265     41  679.0         679.0
   17.0  27472  -48.0                         285     52  721.2         721.2
   15.0  28298  -45.6                         275     64  755.4         755.4
   13.3  29092  -43.3                         283     56  789.8         789.8
   13.0  29246  -43.2                         285     54  795.1         795.1
   10.0  31010  -42.5                         270     66  859.8         859.8
    9.2  31575  -40.5                         266     58  888.1         888.1
    9.0  31725  -40.7                         265     56  893.1         893.1
    8.1  32441  -41.4                         270     72  917.4         917.4
    8.0  32525  -41.5                         270     72  920.3         920.3
    7.1  33339  -38.9                         270     61  963.0         963.0
    7.0                                       270     60                     
</PRE><H3>Station information and sounding indices</H3><PRE>
                         Station identifier: WIII
                             Station number: 96749
                           Observation time: 130605/0000
                           Station latitude: -6.11
                          Station longitude: 106.65
                          Station elevation: 8.0
                            Showalter index: 1.22
                               Lifted index: -2.37
    LIFT computed using virtual temperature: -2.88
                                SWEAT index: 180.01
                                    K index: 34.40
                         Cross totals index: 18.70
                      Vertical totals index: 24.70
                        Totals totals index: 43.40
      Convective Available Potential Energy: 506.30
             CAPE using virtual temperature: 613.61
                      Convective Inhibition: -88.22
             CINS using virtual temperature: -54.51
                           Equilibrum Level: 190.31
 Equilibrum Level using virtual temperature: 188.94
                   Level of Free Convection: 742.68
             LFCT using virtual temperature: 797.00
                     Bulk Richardson Number: 176.98
          Bulk Richardson Number using CAPV: 214.49
  Temp [K] of the Lifted Condensation Level: 293.64
Pres [hPa] of the Lifted Condensation Level: 925.96
   Equivalent potential temp [K] of the LCL: 349.21
     Mean mixed layer potential temperature: 300.18
              Mean mixed layer mixing ratio: 16.71
              1000 hPa to 500 hPa thickness: 5782.00
Precipitable water [mm] for entire sounding: 53.56
</PRE>
<P>Description of the 
<A HREF="/upperair/columns.html">data columns</A>
or <A HREF="/upperair/indices.html">sounding indices</A>.

<P>
<FORM>
<INPUT CLASS="button" TYPE="button" VALUE=" Close this window " 
 onClick="window.close();">
<INPUT CLASS="button" TYPE="button" VALUE=" Select another map " 
 onClick="window.blur();">
</FORM>
<HR SIZE="1">
<I>Interested in graduate studies in atmospheric science?
Check out our program at the
<a href="http://www.uwyo.edu/atsc/howtoapply/"
target=_top>University of Wyoming
</a></I>
<HR SIZE="1"><FONT SIZE="-1">
Questions about the weather data provided by this site can be
addressed to <A HREF="mailto:ldoolman@uwyo.edu">
Larry Oolman (ldoolman@uwyo.edu)</A></FONT>
<HR SIZE="1">
<SCRIPT TYPE="text/javascript">
<!--
window.focus();
// -->
</SCRIPT>
</BODY>
</HTML>
