2014-05-27 12
<HTML>
<TITLE>University of Wyoming - Radiosonde Data</TITLE>
<BODY BGCOLOR="white">
<H2>96749 WIII Jakarta Observations at 00Z 27 May 2014</H2>
<PRE>
-----------------------------------------------------------------------------
   PRES   HGHT   TEMP   DWPT   RELH   MIXR   DRCT   SKNT   THTA   THTE   THTV
    hPa     m      C      C      %    g/kg    deg   knot     K      K      K 
-----------------------------------------------------------------------------
 1009.0      8   25.6   25.0     96  20.25    190      3  298.0  357.1  301.6
 1000.0     92   26.2   25.0     93  20.44    165      4  299.4  359.4  303.0
  998.0    110   26.4   25.2     93  20.73    160      5  299.7  360.7  303.4
  977.0    297   25.7   23.7     89  19.27    110     10  300.8  357.7  304.3
  944.0    601   24.5   21.2     82  17.08     95     12  302.6  353.4  305.7
  925.0    780   23.8   19.7     78  15.88    105     12  303.6  351.1  306.5
  912.0    903   23.0   19.2     79  15.58    115     12  304.1  350.7  306.9
  860.0   1414   19.8   17.0     84  14.38    106     15  305.9  349.2  308.5
  852.0   1495   19.2   16.5     85  14.08    105     16  306.0  348.5  308.6
  850.0   1515   19.0   16.4     85  14.00    105     16  306.0  348.3  308.6
  794.0   2093   15.8   13.5     86  12.39    110     16  308.6  346.4  310.9
  700.0   3162    9.8    8.1     89   9.77    120     12  313.3  343.9  315.1
  689.0   3294    9.1    7.2     88   9.31    120     12  314.0  343.2  315.7
  687.0   3318    9.0    7.0     87   9.23    120     12  314.1  343.1  315.8
  660.0   3649    7.6    2.9     72   7.20    117     13  316.1  339.1  317.5
  640.0   3901    5.7    3.1     84   7.54    115     14  316.8  340.9  318.2
  625.0   4095    4.2    3.3     94   7.82     99     13  317.2  342.2  318.7
  617.0   4199    3.6    2.6     93   7.55     90     12  317.8  342.0  319.2
  566.0   4896    0.0   -1.9     87   5.92     78     14  321.4  340.8  322.5
  506.0   5786   -4.1  -11.1     58   3.26     62     17  326.9  338.1  327.5
  500.0   5880   -4.9   -8.1     78   4.18     60     17  327.0  341.2  327.8
  493.0   5991   -5.7   -8.0     84   4.27     60     17  327.3  341.9  328.2
  439.0   6886  -11.1  -13.4     83   3.13     90     19  331.6  342.6  332.2
  411.0   7395  -14.1  -16.4     83   2.60     77     17  334.0  343.3  334.5
  406.0   7487  -14.6  -19.4     66   2.04     75     17  334.6  342.0  335.0
  400.0   7600  -15.1  -23.1     50   1.50     85     17  335.3  340.8  335.6
  378.0   8026  -17.7  -40.7     12   0.29     98     16  337.3  338.5  337.4
  375.0   8085  -18.1  -39.0     14   0.35    100     16  337.6  339.0  337.6
  360.0   8390  -20.1  -30.1     41   0.88    100     10  338.8  342.2  339.0
  355.0   8494  -19.3  -49.3      5   0.12    114     11  341.3  341.8  341.3
  346.0   8681  -20.9  -50.1      5   0.11    140     12  341.6  342.1  341.6
  319.0   9273  -26.0  -52.9      6   0.09    160     10  342.5  342.9  342.5
  306.0   9576  -28.6  -54.2      7   0.08    210      8  342.9  343.3  342.9
  300.0   9720  -29.9  -54.9      7   0.07    215      8  343.1  343.4  343.1
  251.0  10963  -40.1  -63.1      7   0.03    239     12  345.9  346.1  345.9
  250.0  10990  -40.3                         240     12  346.0         346.0
  236.0  11372  -43.5                         250     10  346.8         346.8
  225.0  11689  -46.2                         235      8  347.5         347.5
  215.0  11990  -48.8                         240      4  348.0         348.0
  200.0  12470  -52.9                         295      8  348.8         348.8
  196.0  12596  -53.9                         315     10  349.2         349.2
  162.0  13781  -63.7                         265     16  352.2         352.2
  150.0  14260  -67.7                         275     19  353.3         353.3
  133.0  14959  -72.6                         285     23  356.9         356.9
  108.0  16169  -81.1                         285     12  362.7         362.7
  102.0  16489  -82.1                         260      4  366.7         366.7
  101.0  16544  -82.3                         270      4  367.4         367.4
  100.0  16600  -81.9                         290      8  369.2         369.2
   97.0  16774  -81.2                         350     14  373.8         373.8
   92.0  17076  -80.0                           5     29  381.8         381.8
   87.0  17396  -78.8                          20     12  390.4         390.4
   83.0  17664  -77.8                         180     10  397.8         397.8
   78.0  18019  -76.4                         165     16  407.8         407.8
   71.6  18509  -74.5                         261     12  421.9         421.9
   71.0  18557  -74.6                         270     12  422.8         422.8
   70.0  18640  -74.7                         270     12  424.2         424.2
   60.9  19451  -74.5                         261     36  441.9         441.9
   60.0  19539  -74.0                         260     39  445.0         445.0
   52.0  20387  -68.9                         225     29  475.4         475.4
   50.0  20620  -67.5                         230     21  484.0         484.0
   49.0  20742  -66.8                         230     19  488.4         488.4
   47.9  20879  -66.1                         257     14  493.3         493.3
   47.0  20993  -66.1                         280     10  495.9         495.9
   43.0  21531  -66.2                         300     19  508.5         508.5
   41.0  21819  -66.2                         300     12  515.4         515.4
   39.0  22122  -66.3                          10      8  522.7         522.7
   38.6  22184  -66.3                          16      9  524.2         524.2
   35.3  22729  -62.9                          64     22  546.6         546.6
   34.9  22800  -58.5                          70     23  559.8         559.8
   33.0  23151  -58.3                         100     31  569.5         569.5
   32.0  23345  -58.2                         115     39  574.8         574.8
   30.0  23750  -57.9                         105     47  586.2         586.2
   27.1  24393  -56.7                          98     49  606.9         606.9
   25.6  24758  -53.1                          95     51  627.1         627.1
   22.0  25741  -51.4                          85     54  659.9         659.9
   20.0  26360  -50.3                          95     47  681.5         681.5
   16.9  27462  -47.5                          95     49  724.0         724.0
   14.0  28710  -46.4                          95     51  767.7         767.7
   10.0  30940  -44.5                          85     51  852.3         852.3
    8.0  32451  -41.0                          75     62  922.4         922.4
    7.7  32710  -40.4                          75     62  935.0         935.0
    7.1  33259  -39.1                          75     60  962.1         962.1
    7.0                                        75     60                     
</PRE><H3>Station information and sounding indices</H3><PRE>
                         Station identifier: WIII
                             Station number: 96749
                           Observation time: 140527/0000
                           Station latitude: -6.11
                          Station longitude: 106.65
                          Station elevation: 8.0
                            Showalter index: -1.21
                               Lifted index: -4.43
    LIFT computed using virtual temperature: -4.97
                                SWEAT index: 245.81
                                    K index: 38.60
                         Cross totals index: 21.30
                      Vertical totals index: 23.90
                        Totals totals index: 45.20
      Convective Available Potential Energy: 2147.19
             CAPE using virtual temperature: 2319.80
                      Convective Inhibition: -29.08
             CINS using virtual temperature: -16.97
                           Equilibrum Level: 129.81
 Equilibrum Level using virtual temperature: 129.55
                   Level of Free Convection: 859.71
             LFCT using virtual temperature: 880.99
                     Bulk Richardson Number: 459.40
          Bulk Richardson Number using CAPV: 496.33
  Temp [K] of the Lifted Condensation Level: 296.57
Pres [hPa] of the Lifted Condensation Level: 955.48
   Equivalent potential temp [K] of the LCL: 357.67
     Mean mixed layer potential temperature: 300.47
              Mean mixed layer mixing ratio: 19.45
              1000 hPa to 500 hPa thickness: 5788.00
Precipitable water [mm] for entire sounding: 62.67
</PRE>
<P>Description of the 
<A HREF="/upperair/columns.html">data columns</A>
or <A HREF="/upperair/indices.html">sounding indices</A>.

<P>
<FORM>
<INPUT CLASS="button" TYPE="button" VALUE=" Close this window " 
 onClick="window.close();">
<INPUT CLASS="button" TYPE="button" VALUE=" Select another map " 
 onClick="window.blur();">
</FORM>
<HR SIZE="1">
<I>Interested in graduate studies in atmospheric science?
Check out our program at the
<a href="http://www.uwyo.edu/atsc/howtoapply/"
target=_top>University of Wyoming
</a></I>
<HR SIZE="1"><FONT SIZE="-1">
Questions about the weather data provided by this site can be
addressed to <A HREF="mailto:ldoolman@uwyo.edu">
Larry Oolman (ldoolman@uwyo.edu)</A></FONT>
<HR SIZE="1">
<SCRIPT TYPE="text/javascript">
<!--
window.focus();
// -->
</SCRIPT>
</BODY>
</HTML>
