2015-04-11 12
<HTML>
<TITLE>University of Wyoming - Radiosonde Data</TITLE>
<BODY BGCOLOR="white">
<H2>96749 WIII Jakarta Observations at 00Z 11 Apr 2015</H2>
<PRE>
-----------------------------------------------------------------------------
   PRES   HGHT   TEMP   DWPT   RELH   MIXR   DRCT   SKNT   THTA   THTE   THTV
    hPa     m      C      C      %    g/kg    deg   knot     K      K      K 
-----------------------------------------------------------------------------
 1010.0      8   26.4   24.8     91  19.98    220      4  298.7  357.2  302.3
 1000.0     95   26.6   23.7     84  18.86    225      4  299.8  355.2  303.1
  977.0    300   25.4   22.4     84  17.83    235      6  300.5  353.0  303.7
  925.0    782   22.4   19.4     83  15.58    285      6  302.2  348.4  305.0
  913.0    895   21.7   18.5     82  14.95    290      6  302.6  347.0  305.3
  856.0   1454   18.0   14.3     79  12.11    359      2  304.4  340.7  306.6
  851.0   1504   17.7   14.3     81  12.18      5      2  304.5  341.1  306.8
  850.0   1514   17.6   14.3     81  12.20     10      2  304.6  341.2  306.8
  832.0   1697   16.2   13.9     86  12.14     55      6  305.0  341.5  307.2
  822.0   1800   16.3   10.0     66   9.45     80      8  306.1  334.9  307.9
  813.0   1894   16.4    6.4     52   7.47     78      8  307.2  330.2  308.6
  794.0   2093   15.2    6.5     56   7.67     75      8  308.0  331.6  309.4
  739.0   2696   11.4    6.6     72   8.33    105     10  310.3  336.1  311.8
  700.0   3151    8.6    6.7     88   8.87    105     14  312.0  339.6  313.6
  689.0   3282    7.8    6.6     92   8.95    104     14  312.5  340.5  314.2
  680.0   3391    8.0    3.3     72   7.18    103     14  313.9  336.7  315.3
  659.0   3649    7.2   -2.8     49   4.75    100     14  315.8  331.3  316.7
  653.0   3725    6.6    1.9     72   6.77     99     14  316.0  337.6  317.3
  617.0   4188    3.6   -2.4     65   5.23     95     14  317.7  334.7  318.7
  585.0   4620    2.8  -18.2     20   1.57     70     13  321.6  327.2  321.9
  573.0   4787    1.8  -19.9     18   1.38     60     12  322.4  327.3  322.6
  552.0   5087    0.0  -23.0     16   1.10     72     13  323.7  327.7  323.9
  531.0   5395   -2.3  -21.6     21   1.29     85     14  324.5  329.2  324.8
  519.0   5577   -3.7  -20.7     25   1.43     87     15  325.0  330.1  325.3
  517.0   5607   -3.9  -12.9     50   2.76     87     15  325.1  334.6  325.6
  516.0   5622   -4.1  -14.1     46   2.50     87     15  325.0  333.7  325.5
  514.0   5653   -4.1  -23.1     21   1.17     88     15  325.4  329.6  325.6
  500.0   5870   -5.5  -28.5     14   0.73     90     16  326.3  329.0  326.4
  474.0   6287   -8.5  -20.5     37   1.59     89     17  327.6  333.3  327.9
  472.0   6320   -8.7  -16.7     52   2.21     89     17  327.7  335.5  328.2
  468.0   6386   -8.7  -25.7     24   1.01     89     17  328.5  332.3  328.7
  439.0   6880  -12.1  -21.1     47   1.63     87     18  330.3  336.2  330.6
  436.0   6933  -11.9  -26.9     28   0.98     87     18  331.2  334.8  331.4
  411.0   7384  -13.9  -32.9     18   0.59     86     19  334.2  336.5  334.4
  400.0   7590  -15.5  -27.5     35   1.01     85     19  334.8  338.6  335.0
  379.0   7995  -18.1  -29.1     38   0.91     81     24  336.5  340.0  336.7
  374.0   8094  -18.4  -42.2     10   0.25     80     25  337.4  338.5  337.5
  372.0   8134  -18.5  -47.5      6   0.14     79     25  337.8  338.4  337.8
  359.0   8395  -20.6  -46.6      8   0.16     75     25  338.4  339.1  338.4
  331.0   8992  -25.5  -44.5     15   0.22     82     18  339.6  340.6  339.7
  323.0   9169  -25.3  -56.3      4   0.06     84     15  342.3  342.6  342.3
  318.0   9281  -26.2  -55.5      5   0.07     85     14  342.6  342.9  342.6
  300.0   9700  -29.5  -52.5      9   0.10    100     16  343.7  344.1  343.7
  284.0  10087  -32.9  -45.9     26   0.22    108     18  344.2  345.2  344.3
  280.0  10186  -33.6  -44.5     32   0.26    110     19  344.6  345.7  344.6
  269.0  10466  -35.7  -40.7     60   0.41    142     16  345.5  347.2  345.6
  268.0  10492  -35.9  -41.1     59   0.39    145     16  345.6  347.2  345.7
  250.0  10970  -39.9  -47.9     42   0.20    160     12  346.6  347.5  346.6
  249.0  10997  -40.1  -48.1     42   0.20    161     12  346.7  347.6  346.8
  225.0  11669  -45.9                         175     16  348.0         348.0
  200.0  12450  -52.7                         165     14  349.1         349.1
  187.0  12871  -56.2                         160     12  350.2         350.2
  178.0  13179  -58.9                         125     10  350.9         350.9
  150.0  14250  -67.9                         115     19  352.9         352.9
  139.0  14695  -71.1                         115     16  355.1         355.1
  126.0  15269  -75.1                          60      8  357.9         357.9
  119.0  15603  -77.5                          95      8  359.4         359.4
  107.0  16203  -81.1                          92     12  363.7         363.7
  102.0  16470  -82.7                          90     14  365.7         365.7
  100.0  16580  -83.3                          95     16  366.5         366.5
   96.0  16807  -84.7                         100     17  368.1         368.1
   95.4  16842  -84.9                         100     17  368.4         368.4
   86.0  17422  -81.9                         130     21  385.4         385.4
   84.1  17546  -81.3                         107     17  389.2         389.2
   82.0  17690  -80.9                          80     12  392.9         392.9
   74.0  18274  -79.2                         270     10  408.1         408.1
   70.0  18590  -78.3                         230     17  416.6         416.6
   69.0  18672  -78.3                         230     17  418.3         418.3
   66.0  18924  -79.2                         230     16  421.7         421.7
   63.6  19135  -79.9                         134      8  424.6         424.6
   63.0  19189  -79.4                         110      6  426.9         426.9
   55.4  19931  -72.1                          81     19  459.5         459.5
   54.0  20080  -72.7                          75     21  461.5         461.5
   50.0  20530  -74.5                          95     25  467.5         467.5
   48.6  20695  -75.1                         105     27  469.9         469.9
   46.0  21014  -75.4                         110     35  476.5         476.5
   44.1  21259  -75.7                         109     39  481.7         481.7
   35.1  22618  -64.7                         101     62  542.8         542.8
   30.0  23590  -59.7                          95     78  581.3         581.3
   28.1  24011  -57.1                          90     80  599.6         599.6
   28.0  24034  -56.9                          90     80  600.6         600.6
   27.0  24267  -55.5                          90     80  611.0         611.0
   23.0  25298  -49.0                          55     47  658.6         658.6
   22.0  25584  -47.2                          30     27  672.3         672.3
   21.4  25762  -46.1                         357     16  681.0         681.0
   21.0  25887  -46.3                         335      8  684.2         684.2
   20.0  26210  -46.7                         205     19  692.5         692.5
   19.0  26549  -47.5                         165     17  700.2         700.2
   18.0  26906  -48.3                         220      8  708.4         708.4
   17.0  27283  -49.2                         235     16  717.2         717.2
   16.5  27480  -49.7                         209     15  721.9         721.9
   14.0  28561  -48.7                          65     10  760.0         760.0
   13.1  28998  -48.3                          56     15  775.9         775.9
   13.0  29049  -48.5                          55     16  777.1         777.1
   12.2  29467  -49.7                          19     10  786.9         786.9
   12.0  29577  -48.7                          10      8  794.3         794.3
   11.0  30156  -43.3                         125      8  833.8         833.8
   10.0  30800  -42.3                         250      6  860.5         860.5
    9.6  31077  -40.5                                     877.4         877.4
    9.0  31519  -37.9                                     903.7         903.7
</PRE><H3>Station information and sounding indices</H3><PRE>
                         Station identifier: WIII
                             Station number: 96749
                           Observation time: 150411/0000
                           Station latitude: -6.11
                          Station longitude: 106.65
                          Station elevation: 8.0
                            Showalter index: 0.90
                               Lifted index: -3.66
    LIFT computed using virtual temperature: -4.64
                                SWEAT index: 191.61
                                    K index: 35.50
                         Cross totals index: 19.80
                      Vertical totals index: 23.10
                        Totals totals index: 42.90
      Convective Available Potential Energy: 1297.22
             CAPE using virtual temperature: 1532.35
                      Convective Inhibition: -16.93
             CINS using virtual temperature: -9.82
                           Equilibrum Level: 147.81
 Equilibrum Level using virtual temperature: 147.74
                   Level of Free Convection: 883.93
             LFCT using virtual temperature: 903.67
                     Bulk Richardson Number: 78.09
          Bulk Richardson Number using CAPV: 92.25
  Temp [K] of the Lifted Condensation Level: 295.22
Pres [hPa] of the Lifted Condensation Level: 942.58
   Equivalent potential temp [K] of the LCL: 353.49
     Mean mixed layer potential temperature: 300.26
              Mean mixed layer mixing ratio: 18.12
              1000 hPa to 500 hPa thickness: 5775.00
Precipitable water [mm] for entire sounding: 48.50
</PRE>
<P>Description of the 
<A HREF="/upperair/columns.html">data columns</A>
or <A HREF="/upperair/indices.html">sounding indices</A>.

<P>
<FORM>
<INPUT CLASS="button" TYPE="button" VALUE=" Close this window " 
 onClick="window.close();">
<INPUT CLASS="button" TYPE="button" VALUE=" Select another map " 
 onClick="window.blur();">
</FORM>
<HR SIZE="1">
<I>Interested in graduate studies in atmospheric science?
Check out our program at the
<a href="http://www.uwyo.edu/atsc/howtoapply/"
target=_top>University of Wyoming
</a></I>
<HR SIZE="1"><FONT SIZE="-1">
Questions about the weather data provided by this site can be
addressed to <A HREF="mailto:ldoolman@uwyo.edu">
Larry Oolman (ldoolman@uwyo.edu)</A></FONT>
<HR SIZE="1">
<SCRIPT TYPE="text/javascript">
<!--
window.focus();
// -->
</SCRIPT>
</BODY>
</HTML>
