2015-11-09 12
<HTML>
<TITLE>University of Wyoming - Radiosonde Data</TITLE>
<BODY BGCOLOR="white">
<H2>96749 WIII Jakarta Observations at 00Z 09 Nov 2015</H2>
<PRE>
-----------------------------------------------------------------------------
   PRES   HGHT   TEMP   DWPT   RELH   MIXR   DRCT   SKNT   THTA   THTE   THTV
    hPa     m      C      C      %    g/kg    deg   knot     K      K      K 
-----------------------------------------------------------------------------
 1010.0      8   24.4   22.8     91  17.65    190      3  296.7  347.9  299.8
 1000.0     94   24.8   20.5     77  15.43    170      2  297.9  342.9  300.7
  992.0    165   26.2   20.2     70  15.27    154      2  300.0  344.9  302.8
  977.0    299   25.4   19.4     69  14.75    125      2  300.6  344.1  303.2
  944.0    601   23.6   17.6     69  13.64    240      2  301.7  342.2  304.2
  925.0    780   22.6   16.6     69  13.01    235      2  302.4  341.1  304.8
  913.0    893   21.9   16.4     71  12.99    225      2  302.9  341.6  305.2
  882.0   1192   20.2   15.8     75  12.93     35      2  304.1  342.8  306.5
  850.0   1512   18.4   15.1     81  12.86     40      4  305.4  344.1  307.8
  794.0   2090   15.5   11.1     75  10.52     75      4  308.3  340.5  310.2
  766.0   2395   13.9    8.9     72   9.44    100      6  309.8  338.9  311.6
  722.0   2897   11.4    5.4     67   7.85     93      9  312.3  336.9  313.8
  700.0   3155   10.4   -1.6     43   4.89     90     10  314.0  329.7  314.9
  691.0   3262    9.8   -1.2     46   5.10     86     10  314.5  330.9  315.4
  688.0   3298    9.6   -1.1     47   5.17     85     10  314.6  331.2  315.6
  631.0   4010    4.8    1.3     78   6.71    184      8  317.0  338.6  318.3
  617.0   4191    3.7    0.8     81   6.60    210      8  317.8  339.0  319.0
  594.0   4498    1.7   -0.2     87   6.41    215      8  319.0  339.8  320.2
  574.0   4775    0.0   -1.0     93   6.24    172      6  320.1  340.4  321.3
  573.0   4789   -0.1   -1.1     93   6.21    170      6  320.2  340.5  321.4
  552.0   5086   -1.5   -2.6     92   5.74    200      4  321.9  340.9  323.0
  531.0   5394   -3.0   -4.3     91   5.29    100      2  323.7  341.3  324.8
  513.0   5668   -4.3   -5.7     90   4.90     69      4  325.3  341.8  326.3
  511.0   5699   -4.4   -6.3     86   4.69     65      4  325.6  341.4  326.5
  500.0   5870   -5.1   -9.9     69   3.63     70      8  326.8  339.2  327.5
  483.0   6141   -6.7  -14.7     53   2.55     70     12  328.0  337.0  328.5
  474.0   6288   -7.5  -13.2     64   2.93     70     14  328.8  339.0  329.3
  464.0   6454   -8.5  -11.5     79   3.44     78     10  329.6  341.5  330.3
  456.0   6588   -9.4  -13.4     72   2.99     85      6  330.1  340.6  330.7
  439.0   6882  -11.2  -17.7     59   2.18    125      8  331.4  339.2  331.8
  435.0   6952  -11.7  -18.7     56   2.02    124      8  331.6  338.9  332.1
  433.0   6988  -11.9  -15.3     76   2.70    123      7  331.8  341.4  332.4
  422.0   7183  -13.4  -16.1     80   2.61    120      6  332.4  341.6  332.9
  405.0   7496  -15.8  -17.2     89   2.46    145      6  333.2  342.0  333.7
  400.0   7590  -16.5  -17.6     91   2.41    140      6  333.5  342.1  333.9
  374.0   8094  -20.0  -20.0    100   2.10    120      8  335.3  343.0  335.8
  373.0   8114  -20.1  -20.1    100   2.09    117      8  335.4  343.0  335.8
  368.0   8215  -19.3  -20.9     87   1.98    104      6  337.8  345.1  338.2
  359.0   8398  -20.3  -23.1     78   1.66     80      4  338.8  345.0  339.1
  336.0   8888  -23.1  -29.1     58   1.03     92      6  341.5  345.5  341.7
  331.0   8997  -24.0  -30.0     58   0.96     95      6  341.7  345.4  341.9
  318.0   9288  -26.4  -32.4     57   0.80    125      8  342.3  345.4  342.5
  300.0   9710  -29.9  -35.9     56   0.60    125      8  343.1  345.5  343.2
  280.0  10191  -33.7  -40.8     49   0.39    145      6  344.5  346.1  344.6
  268.0  10496  -36.1  -43.9     44   0.29    170      2  345.4  346.6  345.4
  250.0  10980  -39.9  -48.9     38   0.18    260      2  346.6  347.4  346.6
  246.0  11087  -40.8                         280      2  346.8         346.8
  235.0  11390  -43.5                         270      4  347.3         347.3
  225.0  11679  -46.0                         280      6  347.8         347.8
  215.0  11980  -48.7                         245      2  348.2         348.2
  200.0  12460  -52.9                         280      6  348.8         348.8
  196.0  12586  -53.9                         295      6  349.2         349.2
  162.0  13771  -63.7                         320     12  352.2         352.2
  154.0  14086  -66.3                         355     12  352.9         352.9
  150.0  14250  -67.7                         355     14  353.3         353.3
  132.0  14992  -73.3                          20     14  356.4         356.4
  119.0  15594  -77.8                         105     14  358.8         358.8
  113.0  15895  -80.1                         110     12  359.9         359.9
  111.0  15998  -80.9                         125     10  360.3         360.3
  107.0  16205  -79.7                         160     14  366.4         366.4
  104.0  16366  -78.7                         162     14  371.2         371.2
  100.0  16590  -76.3                         165     14  380.1         380.1
   97.0  16766  -76.0                         170      6  383.9         383.9
   93.1  17003  -75.7                         271     11  389.1         389.1
   92.0  17071  -75.9                         300     12  390.0         390.0
   87.0  17392  -76.9                         305     12  394.3         394.3
   76.9  18099  -79.1                         150      2  403.9         403.9
   74.0  18320  -77.3                         130      8  412.1         412.1
   71.0  18558  -75.4                         135      4  421.1         421.1
   70.0  18640  -74.7                         110      4  424.2         424.2
   67.0  18897  -72.3                         320     10  434.8         434.8
   64.8  19093  -70.5                         306     16  442.9         442.9
   61.0  19455  -69.4                         280     27  453.1         453.1
   55.0  20076  -67.5                         255     17  471.1         471.1
   52.0  20412  -66.4                         230     14  481.1         481.1
   51.6  20458  -66.3                         231     15  482.5         482.5
   50.1  20638  -63.3                         235     17  493.6         493.6
   50.0  20650  -63.3                         235     17  493.9         493.9
   45.0  21295  -63.9                         260     23  507.4         507.4
   43.8  21461  -64.1                         248     19  511.0         511.0
   43.0  21575  -63.0                         240     17  516.4         516.4
   41.0  21871  -60.1                         285     17  530.6         530.6
   39.5  22102  -57.9                         287     23  541.9         541.9
   37.0  22509  -59.5                         290     33  548.0         548.0
   32.4  23336  -62.7                         255     31  560.7         560.7
   31.0  23608  -62.5                         230     27  568.4         568.4
   30.0  23810  -62.3                         225     25  574.2         574.2
   29.2  23977  -62.3                                     578.7         578.7
   25.0  24958  -52.1                                     634.2         634.2
</PRE><H3>Station information and sounding indices</H3><PRE>
                         Station identifier: WIII
                             Station number: 96749
                           Observation time: 151109/0000
                           Station latitude: -6.11
                          Station longitude: 106.65
                          Station elevation: 8.0
                            Showalter index: 0.14
                               Lifted index: 0.18
    LIFT computed using virtual temperature: -0.07
                                SWEAT index: 197.21
                                    K index: 26.60
                         Cross totals index: 20.20
                      Vertical totals index: 23.50
                        Totals totals index: 43.70
      Convective Available Potential Energy: 37.82
             CAPE using virtual temperature: 53.35
                      Convective Inhibition: -212.94
             CINS using virtual temperature: -163.24
                           Equilibrum Level: 371.43
 Equilibrum Level using virtual temperature: 371.39
                   Level of Free Convection: 620.56
             LFCT using virtual temperature: 640.38
                     Bulk Richardson Number: 80.03
          Bulk Richardson Number using CAPV: 112.91
  Temp [K] of the Lifted Condensation Level: 291.69
Pres [hPa] of the Lifted Condensation Level: 908.13
   Equivalent potential temp [K] of the LCL: 343.97
     Mean mixed layer potential temperature: 299.85
              Mean mixed layer mixing ratio: 15.07
              1000 hPa to 500 hPa thickness: 5776.00
Precipitable water [mm] for entire sounding: 53.68
</PRE>
<P>Description of the 
<A HREF="/upperair/columns.html">data columns</A>
or <A HREF="/upperair/indices.html">sounding indices</A>.

<P>
<FORM>
<INPUT CLASS="button" TYPE="button" VALUE=" Close this window " 
 onClick="window.close();">
<INPUT CLASS="button" TYPE="button" VALUE=" Select another map " 
 onClick="window.blur();">
</FORM>
<HR SIZE="1">
<I>Interested in graduate studies in atmospheric science?
Check out our program at the
<a href="http://www.uwyo.edu/atsc/howtoapply/"
target=_top>University of Wyoming
</a></I>
<HR SIZE="1"><FONT SIZE="-1">
Questions about the weather data provided by this site can be
addressed to <A HREF="mailto:ldoolman@uwyo.edu">
Larry Oolman (ldoolman@uwyo.edu)</A></FONT>
<HR SIZE="1">
<SCRIPT TYPE="text/javascript">
<!--
window.focus();
// -->
</SCRIPT>
</BODY>
</HTML>
