2014-06-05 00
<HTML>
<TITLE>University of Wyoming - Radiosonde Data</TITLE>
<BODY BGCOLOR="white">
<H2>96749 WIII Jakarta Observations at 00Z 05 Jun 2014</H2>
<PRE>
-----------------------------------------------------------------------------
   PRES   HGHT   TEMP   DWPT   RELH   MIXR   DRCT   SKNT   THTA   THTE   THTV
    hPa     m      C      C      %    g/kg    deg   knot     K      K      K 
-----------------------------------------------------------------------------
 1006.0      8   26.4   24.8     91  20.06    250      8  299.0  357.9  302.6
 1000.0     64   26.2   24.4     90  19.69    230      8  299.4  357.1  302.9
  974.0    296   25.1   23.4     90  19.08    140      4  300.5  356.8  303.9
  941.0    600   23.7   22.2     91  18.30    105      8  302.1  356.3  305.4
  925.0    751   23.0   21.6     92  17.91    120      6  302.8  356.1  306.1
  910.0    894   22.6   20.5     88  16.96    140      6  303.8  354.4  306.9
  878.0   1206   21.6   18.0     80  15.02    124     10  305.9  351.2  308.7
  850.0   1487   19.4   16.4     83  14.00    110     14  306.4  348.8  309.0
  820.0   1793   17.6   14.6     82  12.86    100     16  307.7  346.8  310.1
  791.0   2100   15.8   12.7     82  11.80    100     19  309.0  345.1  311.2
  742.0   2644   12.6    9.4     81  10.08    100     21  311.2  342.4  313.1
  711.0   3001   11.1    7.3     77   9.09    100     23  313.4  341.9  315.1
  700.0   3132   10.6    6.5     76   8.75    100     21  314.2  341.8  315.9
  638.0   3895    6.4    2.5     76   7.21     85     14  317.9  341.1  319.2
  615.0   4197    4.7    0.9     76   6.67    110     10  319.3  340.9  320.6
  592.0   4511    3.0   -0.8     76   6.14    105     10  320.8  340.9  322.0
  564.0   4902    0.0   -0.8     94   6.44     98     10  321.7  342.8  323.0
  510.0   5702   -3.6   -7.7     73   4.24     85     10  326.7  341.2  327.6
  500.0   5860   -4.3   -9.0     70   3.89     95      8  327.7  341.1  328.5
  491.0   6003   -5.3   -9.4     73   3.84    105      8  328.2  341.4  329.0
  482.0   6149   -6.3   -9.8     76   3.79     97      8  328.7  341.8  329.5
  464.0   6447   -8.1  -10.9     80   3.61     79      7  330.1  342.6  330.8
  421.0   7196  -12.7  -15.6     79   2.71     35      6  333.5  343.2  334.1
  400.0   7590  -15.1  -18.1     78   2.31     55     10  335.3  343.7  335.8
  399.0   7609  -15.1  -18.1     78   2.32     55     10  335.5  343.9  336.0
  398.0   7628  -14.9  -21.9     55   1.67     56     10  336.0  342.2  336.4
  393.0   7723  -15.5  -18.9     75   2.20     58     10  336.4  344.5  336.9
  390.0   7781  -15.9  -22.9     55   1.56     60     10  336.7  342.5  337.0
  388.0   7819  -15.7  -26.7     38   1.12     61     10  337.4  341.7  337.6
  373.0   8115  -17.5  -25.5     50   1.30     68     10  338.9  343.8  339.1
  359.0   8399  -19.9  -31.9     34   0.74     75     10  339.4  342.3  339.5
  345.0   8690  -22.5  -30.9     46   0.84     70      8  339.7  342.9  339.8
  336.0   8884  -24.3  -30.3     58   0.92     92      9  339.8  343.4  340.0
  331.0   8993  -24.9  -30.1     62   0.96    105     10  340.4  344.1  340.6
  318.0   9282  -26.7  -29.4     78   1.06    100     10  341.9  346.0  342.1
  317.0   9305  -26.8  -29.5     78   1.06    100     10  342.1  346.2  342.3
  304.0   9605  -28.1  -30.6     79   0.99     55     19  344.4  348.3  344.6
  300.0   9700  -28.5  -30.9     80   0.97     50     19  345.1  348.9  345.3
  289.0   9967  -30.7  -33.2     79   0.81     47     16  345.7  348.9  345.8
  268.0  10494  -35.0  -37.7     76   0.56     40     10  347.0  349.2  347.1
  257.0  10787  -37.3  -40.2     74   0.45    160      8  347.7  349.5  347.8
  250.0  10980  -38.9  -41.9     73   0.39     80      8  348.1  349.7  348.2
  246.0  11090  -39.9  -42.9     72   0.35     25      8  348.3  349.8  348.4
  245.0  11118  -40.1  -43.2     72   0.34     26      8  348.3  349.8  348.4
  225.0  11685  -44.8                          40     14  349.7         349.7
  200.0  12470  -51.3                          25     10  351.4         351.4
  187.0  12891  -55.1                          15     14  352.0         352.0
  154.0  14105  -66.2                         355     14  353.2         353.2
  150.0  14270  -67.7                           0     12  353.3         353.3
  133.0  14967  -72.9                          15     16  356.4         356.4
  120.0  15563  -77.3                           0     19  358.9         358.9
  109.0  16120  -81.5                          34     21  361.0         361.0
  107.0  16223  -81.8                          40     21  362.3         362.3
  103.0  16436  -82.5                          35     17  365.0         365.0
  102.0  16490  -82.5                          30     16  366.0         366.0
  100.0  16600  -82.5                          20     14  368.1         368.1
   91.0  17131  -79.9                         330     16  383.4         383.4
   87.3  17365  -78.7                         330     14  390.3         390.3
   87.0  17384  -78.3                         330     14  391.5         391.5
   85.2  17504  -75.7                         307     13  399.1         399.1
   82.0  17725  -75.6                         265     10  403.7         403.7
   78.0  18014  -75.4                         235     14  409.8         409.8
   74.0  18319  -75.3                         230     10  416.4         416.4
   70.0  18640  -75.1                         265     12  423.4         423.4
   69.8  18657  -74.9                         265     12  424.2         424.2
   64.0  19165  -72.9                         255     19  439.1         439.1
   60.0  19543  -71.5                         285     16  450.6         450.6
   59.0  19641  -71.1                         284     17  453.6         453.6
   52.0  20396  -67.9                         275     21  477.7         477.7
   50.0  20630  -66.9                         290     25  485.4         485.4
   45.0  21275  -64.2                         270     25  506.9         506.9
   41.0  21845  -61.8                         195     10  526.6         526.6
   40.3  21951  -61.3                         178     10  530.3         530.3
   39.0  22153  -61.7                         145     10  534.2         534.2
   35.0  22820  -63.1                         100     14  547.3         547.3
   32.5  23277  -64.1                          98     28  556.5         556.5
   31.4  23491  -57.5                          96     34  579.7         579.7
   30.0  23780  -56.9                          95     43  588.9         588.9
   29.0  23996  -56.8                          95     45  595.0         595.0
   26.0  24690  -56.5                         105     49  614.8         614.8
   23.0  25470  -56.1                          65     45  637.8         637.8
   20.4  26233  -55.7                          82     45  661.2         661.2
   20.0  26360  -54.9                          85     45  667.4         667.4
   18.0  27046  -51.3                          90     49  699.0         699.0
   16.0  27812  -47.3                          90     54  736.0         736.0
   15.7  27935  -46.7                          89     54  742.0         742.0
   15.0  28241  -46.1                          85     54  753.6         753.6
   11.0  30321  -42.4                          85     39  836.9         836.9
   10.0  30960  -41.3                          80     39  864.2         864.2
    9.1  31603  -38.9                          98     34  897.0         897.0
    9.0  31680  -38.8                         100     33  900.2         900.2
    8.0  32492  -37.8                         110     39  935.2         935.2
    7.0  33412  -36.6                          75     45  976.5         976.5
    6.8  33612  -36.3                                     985.7         985.7
    6.3  34143  -34.9                                    1013.4        1013.4
</PRE><H3>Station information and sounding indices</H3><PRE>
                         Station identifier: WIII
                             Station number: 96749
                           Observation time: 140605/0000
                           Station latitude: -6.11
                          Station longitude: 106.65
                          Station elevation: 8.0
                            Showalter index: -0.79
                               Lifted index: -3.55
    LIFT computed using virtual temperature: -4.12
                                SWEAT index: 232.81
                                    K index: 36.00
                         Cross totals index: 20.70
                      Vertical totals index: 23.70
                        Totals totals index: 44.40
      Convective Available Potential Energy: 1638.88
             CAPE using virtual temperature: 1790.95
                      Convective Inhibition: -31.47
             CINS using virtual temperature: -22.33
                           Equilibrum Level: 131.03
 Equilibrum Level using virtual temperature: 130.93
                   Level of Free Convection: 838.32
             LFCT using virtual temperature: 856.83
                     Bulk Richardson Number: 91.40
          Bulk Richardson Number using CAPV: 99.88
  Temp [K] of the Lifted Condensation Level: 296.36
Pres [hPa] of the Lifted Condensation Level: 954.75
   Equivalent potential temp [K] of the LCL: 356.81
     Mean mixed layer potential temperature: 300.33
              Mean mixed layer mixing ratio: 19.20
              1000 hPa to 500 hPa thickness: 5796.00
Precipitable water [mm] for entire sounding: 62.98
</PRE>
<P>Description of the 
<A HREF="/upperair/columns.html">data columns</A>
or <A HREF="/upperair/indices.html">sounding indices</A>.

<P>
<FORM>
<INPUT CLASS="button" TYPE="button" VALUE=" Close this window " 
 onClick="window.close();">
<INPUT CLASS="button" TYPE="button" VALUE=" Select another map " 
 onClick="window.blur();">
</FORM>
<HR SIZE="1">
<I>Interested in graduate studies in atmospheric science?
Check out our program at the
<a href="http://www.uwyo.edu/atsc/howtoapply/"
target=_top>University of Wyoming
</a></I>
<HR SIZE="1"><FONT SIZE="-1">
Questions about the weather data provided by this site can be
addressed to <A HREF="mailto:ldoolman@uwyo.edu">
Larry Oolman (ldoolman@uwyo.edu)</A></FONT>
<HR SIZE="1">
<SCRIPT TYPE="text/javascript">
<!--
window.focus();
// -->
</SCRIPT>
</BODY>
</HTML>
