2013-08-07 00
<HTML>
<TITLE>University of Wyoming - Radiosonde Data</TITLE>
<BODY BGCOLOR="white">
<H2>96749 WIII Jakarta Observations at 00Z 07 Aug 2013</H2>
<PRE>
-----------------------------------------------------------------------------
   PRES   HGHT   TEMP   DWPT   RELH   MIXR   DRCT   SKNT   THTA   THTE   THTV
    hPa     m      C      C      %    g/kg    deg   knot     K      K      K 
-----------------------------------------------------------------------------
 1010.0      8   25.0   23.1     89  17.98    140      4  297.3  349.6  300.5
 1000.0     93   24.2   22.5     90  17.50    130      6  297.4  348.2  300.5
  994.0    146   25.2   22.7     86  17.83    125      7  298.9  351.0  302.1
  991.0    173   26.4   21.8     76  16.90    122      7  300.3  350.1  303.4
  977.0    298   25.4   21.4     79  16.73    110      8  300.5  349.8  303.5
  925.0    778   21.4   19.9     91  16.09    125      6  301.2  348.7  304.1
  912.0    900   20.7   19.2     91  15.59    125      6  301.7  347.9  304.5
  882.0   1190   19.1   17.5     90  14.46     85     10  303.0  346.0  305.6
  852.0   1489   17.5   15.7     89  13.36     95      6  304.3  344.3  306.7
  850.0   1509   17.4   15.6     89  13.29     95      6  304.4  344.2  306.8
  822.0   1795   15.6   14.7     94  12.92     65      4  305.4  344.3  307.8
  800.0   2026   14.2   13.9     98  12.64    107      4  306.3  344.5  308.6
  793.0   2100   13.9   13.2     96  12.20    120      4  306.7  343.7  309.0
  739.0   2695   11.6    7.9     78   9.15    165      4  310.4  338.7  312.1
  727.0   2833   11.0    6.7     75   8.54    156      4  311.2  337.9  312.9
  700.0   3148    8.8    5.9     82   8.39    135      4  312.2  338.4  313.8
  647.0   3796    4.4    2.7     89   7.24    109      9  314.3  337.3  315.7
  641.0   3872    5.6   -6.4     42   3.71    106     10  316.5  328.8  317.2
  639.0   3897    5.5   -7.1     40   3.52    105     10  316.7  328.3  317.4
  616.0   4195    4.2  -15.8     22   1.82    105     19  318.5  324.8  318.9
  589.0   4559    2.6  -26.4     10   0.76    115     16  320.8  323.5  320.9
  563.0   4922    0.0  -23.0     16   1.07    124     14  321.9  325.8  322.1
  511.0   5688   -5.0  -25.5     18   0.94    145      8  324.9  328.3  325.1
  500.0   5860   -6.1  -26.1     19   0.91    115      6  325.5  328.9  325.7
  492.0   5986   -6.7  -29.7     14   0.67     88      6  326.3  328.8  326.4
  491.0   6002   -6.8  -26.3     20   0.91     85      6  326.4  329.8  326.6
  488.0   6049   -7.1  -16.1     49   2.24     83      7  326.6  334.5  327.0
  455.0   6589  -10.2  -20.4     43   1.67     55     19  329.4  335.4  329.7
  435.0   6936  -12.1  -23.1     40   1.38     64     16  331.1  336.2  331.4
  423.0   7148  -14.1  -22.1     51   1.55     70     13  331.2  336.9  331.6
  420.0   7202  -14.3  -17.4     77   2.34     72     13  331.7  340.0  332.1
  404.0   7495  -16.4  -18.5     83   2.21     80     10  332.7  340.6  333.1
  400.0   7570  -16.9  -18.8     85   2.18     75     12  332.9  340.8  333.4
  398.0   7608  -16.9  -20.1     76   1.96     75     13  333.4  340.5  333.8
  388.0   7799  -17.6  -27.4     42   1.05     75     17  334.9  338.9  335.1
  370.0   8155  -18.9  -40.9     12   0.29     90     18  337.8  339.0  337.8
  358.0   8394  -20.9  -42.0     13   0.27    100     19  338.2  339.3  338.3
  300.0   9680  -31.9  -47.9     19   0.17     85     29  340.3  341.0  340.3
  296.0   9775  -32.3  -47.3     21   0.18     84     30  341.0  341.8  341.1
  291.0   9894  -33.3  -43.3     36   0.29     82     31  341.3  342.5  341.3
  285.0  10040  -34.3  -52.3     14   0.11     81     32  341.9  342.4  341.9
  259.0  10700  -40.1  -53.1     24   0.11     73     37  342.8  343.3  342.9
  250.0  10940  -41.9                          70     39  343.6         343.6
  245.0  11074  -43.0                          70     35  344.0         344.0
  200.0  12420  -53.7                          75     33  347.6         347.6
  150.0  14200  -69.5                          85     29  350.2         350.2
  138.0  14683  -73.0                          85     31  352.5         352.5
  114.0  15789  -80.9                          75     45  357.5         357.5
  112.0  15889  -80.6                          80     45  359.8         359.8
  101.0  16473  -79.1                          70     29  373.6         373.6
  100.0  16530  -77.5                          75     27  377.7         377.7
   96.0  16768  -76.0                          90     21  385.2         385.2
   91.0  17079  -73.9                          70      4  395.1         395.1
   86.0  17408  -71.8                         310     12  405.9         405.9
   83.1  17608  -70.5                         282     13  412.5         412.5
   78.0  17982  -71.2                         230     14  418.7         418.7
   70.0  18620  -72.3                         245     23  429.4         429.4
   68.0  18790  -72.5                         245     19  432.5         432.5
   67.0  18878  -71.3                         245     17  436.9         436.9
   64.0  19152  -67.7                         260      8  450.5         450.5
   61.1  19430  -64.1                         269     19  464.6         464.6
   58.0  19747  -64.4                         280     31  471.0         471.0
   52.0  20411  -64.9                         265     29  484.6         484.6
   50.0  20650  -65.1                         240     27  489.7         489.7
   48.2  20872  -66.1                         246     27  492.4         492.4
   44.1  21416  -59.9                         261     25  520.2         520.2
   43.0  21575  -59.5                         265     25  524.9         524.9
   31.0  23631  -54.9                         283     43  588.8         588.8
   30.0  23840  -54.3                         285     45  596.0         596.0
   29.0  24057  -54.1                         285     47  602.4         602.4
   28.0  24282  -53.9                         275     47  609.1         609.1
   26.0  24758  -53.4                         255     37  623.5         623.5
   25.7  24832  -53.3                         256     38  625.8         625.8
   23.0  25544  -53.7                         270     43  644.7         644.7
   20.0  26440  -54.3                         240     33  669.2         669.2
   19.1  26735  -53.7                         255     32  679.9         679.9
   18.0  27122  -53.1                         275     31  693.3         693.3
   15.0  28309  -51.5                         255     43  736.0         736.0
   14.0  28759  -50.8                         275     37  752.8         752.8
   11.0  30329  -48.6                         255     37  814.6         814.6
   10.0  30950  -47.7                         245     35  840.4         840.4
    8.0  32426  -47.1                         255     31  898.0         898.0
    7.0  33309  -46.8                         255     23  934.4         934.4
    6.8  33501  -46.7                         255     21  942.4         942.4
    6.1  34228  -42.1                         255     11  991.9         991.9
    6.0                                       255     10                     
</PRE><H3>Station information and sounding indices</H3><PRE>
                         Station identifier: WIII
                             Station number: 96749
                           Observation time: 130807/0000
                           Station latitude: -6.11
                          Station longitude: 106.65
                          Station elevation: 8.0
                            Showalter index: -0.88
                               Lifted index: -2.88
    LIFT computed using virtual temperature: -3.72
                                SWEAT index: 205.21
                                    K index: 36.20
                         Cross totals index: 21.70
                      Vertical totals index: 23.50
                        Totals totals index: 45.20
      Convective Available Potential Energy: 897.69
             CAPE using virtual temperature: 1073.25
                      Convective Inhibition: -19.95
             CINS using virtual temperature: -15.41
                           Equilibrum Level: 169.67
 Equilibrum Level using virtual temperature: 165.65
                   Level of Free Convection: 858.08
             LFCT using virtual temperature: 876.70
                     Bulk Richardson Number: 12544.89
          Bulk Richardson Number using CAPV: 14998.32
  Temp [K] of the Lifted Condensation Level: 294.12
Pres [hPa] of the Lifted Condensation Level: 936.79
   Equivalent potential temp [K] of the LCL: 349.52
     Mean mixed layer potential temperature: 299.68
              Mean mixed layer mixing ratio: 17.01
              1000 hPa to 500 hPa thickness: 5767.00
Precipitable water [mm] for entire sounding: 51.36
</PRE>
<P>Description of the 
<A HREF="/upperair/columns.html">data columns</A>
or <A HREF="/upperair/indices.html">sounding indices</A>.

<P>
<FORM>
<INPUT CLASS="button" TYPE="button" VALUE=" Close this window " 
 onClick="window.close();">
<INPUT CLASS="button" TYPE="button" VALUE=" Select another map " 
 onClick="window.blur();">
</FORM>
<HR SIZE="1">
<I>Interested in graduate studies in atmospheric science?
Check out our program at the
<a href="http://www.uwyo.edu/atsc/howtoapply/"
target=_top>University of Wyoming
</a></I>
<HR SIZE="1"><FONT SIZE="-1">
Questions about the weather data provided by this site can be
addressed to <A HREF="mailto:ldoolman@uwyo.edu">
Larry Oolman (ldoolman@uwyo.edu)</A></FONT>
<HR SIZE="1">
<SCRIPT TYPE="text/javascript">
<!--
window.focus();
// -->
</SCRIPT>
</BODY>
</HTML>
