2015-12-12 12
<HTML>
<TITLE>University of Wyoming - Radiosonde Data</TITLE>
<BODY BGCOLOR="white">
<H2>96749 WIII Jakarta Observations at 00Z 12 Dec 2015</H2>
<PRE>
-----------------------------------------------------------------------------
   PRES   HGHT   TEMP   DWPT   RELH   MIXR   DRCT   SKNT   THTA   THTE   THTV
    hPa     m      C      C      %    g/kg    deg   knot     K      K      K 
-----------------------------------------------------------------------------
 1009.0      8   27.0   23.1     79  18.00    230      5  299.4  352.2  302.6
 1000.0     85   26.2   21.6     76  16.54    230      8  299.4  347.8  302.3
  997.0    111   26.1   21.6     76  16.56    230      8  299.5  348.1  302.4
  925.0    772   22.8   20.9     89  17.14    275      4  302.6  353.6  305.7
  912.0    895   22.2   20.0     87  16.39    280      4  303.2  352.0  306.2
  850.0   1506   19.0   15.3     79  13.03      0      0  306.0  345.4  308.4
  822.0   1790   17.5   13.9     79  12.26     30      2  307.4  344.6  309.6
  793.0   2094   15.8   12.3     80  11.48     70      4  308.8  343.9  310.9
  766.0   2387   14.2   10.8     80  10.76     35      4  310.1  343.3  312.1
  702.0   3126   10.2    7.1     81   9.09     20      4  313.5  342.0  315.2
  700.0   3150   10.2    6.9     80   8.99     20      4  313.8  342.0  315.4
  688.0   3292    9.4    6.1     80   8.64     20      4  314.4  341.7  316.1
  663.0   3595    7.7    4.3     79   7.93    285      6  315.9  341.1  317.4
  617.0   4183    4.4    0.9     78   6.67    240      4  318.6  340.2  319.9
  573.0   4789    1.1   -2.6     77   5.54     45      2  321.5  339.8  322.6
  560.0   4977    0.0   -3.7     76   5.23     63      2  322.4  339.7  323.4
  531.0   5401   -1.8   -5.4     77   4.85    105      2  325.1  341.4  326.1
  512.0   5691   -3.1   -6.5     77   4.60    155      4  327.0  342.6  327.9
  500.0   5880   -3.9   -7.3     77   4.45    135      2  328.2  343.4  329.1
  493.0   5990   -4.5   -8.0     77   4.28    120      2  328.8  343.5  329.7
  474.0   6296   -6.1   -9.9     75   3.84    165      6  330.5  343.9  331.3
  456.0   6597   -7.7  -11.7     73   3.44    175      4  332.2  344.3  332.9
  439.0   6892   -9.3  -13.6     71   3.08    100      8  333.9  344.8  334.5
  418.0   7274  -11.3  -15.9     69   2.66    103      7  336.0  345.6  336.5
  400.0   7610  -13.3  -18.1     67   2.31    105      6  337.6  346.1  338.1
  390.0   7800  -14.6  -19.7     65   2.06    110      4  338.4  346.0  338.8
  375.0   8094  -16.6  -22.2     62   1.72     95      4  339.5  346.0  339.9
  360.0   8399  -18.7  -24.9     58   1.42    125      4  340.7  346.1  341.0
  337.0   8894  -22.1  -29.1     53   1.03     98      6  342.6  346.6  342.8
  319.0   9293  -24.8  -32.8     48   0.76     75      8  344.2  347.2  344.3
  300.0   9740  -27.9  -36.9     42   0.54     90     10  345.9  348.1  346.1
  294.0   9882  -29.1  -38.2     41   0.48     95     10  346.2  348.2  346.4
  258.0  10799  -36.8  -46.7     35   0.22     75      8  348.0  349.0  348.1
  250.0  11020  -38.7  -48.7     34   0.18     55      6  348.4  349.2  348.4
  243.0  11215  -40.1  -52.1     27   0.13     39      6  349.1  349.7  349.2
  237.0  11381  -41.6                          25      6  349.3         349.3
  216.0  11998  -47.4                          75      6  349.8         349.8
  200.0  12510  -52.1                          60      6  350.1         350.1
  197.0  12604  -52.9                          55      4  350.3         350.3
  188.0  12895  -55.5                          40      4  350.8         350.8
  180.0  13166  -58.0                          70      4  351.2         351.2
  150.0  14300  -68.1                          50     12  352.6         352.6
  141.0  14665  -70.9                          50     16  354.0         354.0
  127.0  15281  -75.5                          65     29  356.3         356.3
  126.0  15327  -75.9                          66     28  356.5         356.5
  120.0  15610  -74.7                          70     21  363.7         363.7
  109.0  16160  -78.6                         130     10  366.5         366.5
  103.0  16484  -80.9                         123     16  368.1         368.1
  100.0  16650  -81.9                         120     19  369.2         369.2
   98.0  16762  -82.5                         115     19  370.2         370.2
   93.0  17052  -84.1                          90     17  372.7         372.7
   88.1  17352  -85.7                          90     16  375.2         375.2
   88.0  17358  -85.6                          90     16  375.6         375.6
   83.0  17683  -81.0                         160      4  391.3         391.3
   82.3  17730  -80.3                         175      5  393.6         393.6
   77.8  18047  -80.5                         275      9  399.6         399.6
   75.0  18260  -76.6                         340     12  412.1         412.1
   71.0  18578  -70.7                         325     14  431.1         431.1
   70.1  18651  -69.3                         316     16  435.6         435.6
   70.0  18660  -69.3                         315     16  435.8         435.8
   64.0  19192  -70.1                         250     21  445.3         445.3
   61.0  19476  -70.5                         225     16  450.5         450.5
   59.9  19584  -70.7                         238     16  452.5         452.5
   58.0  19776  -69.1                         260     16  460.4         460.4
   56.7  19911  -67.9                         241     18  466.0         466.0
   55.0  20092  -68.5                         215     21  468.6         468.6
   52.0  20426  -69.7                         205     16  473.5         473.5
   50.0  20660  -70.5                         235     12  476.9         476.9
   48.0  20902  -69.9                         220     12  484.0         484.0
   45.0  21293  -67.8                         195     12  498.1         498.1
   43.0  21568  -66.3                         130     12  508.2         508.2
   41.0  21856  -64.8                         135     10  519.1         519.1
   39.0  22159  -63.1                          65      4  530.7         530.7
   38.5  22237  -62.7                          36      9  533.7         533.7
   37.9  22334  -59.1                         360     14  545.3         545.3
   37.0  22484  -59.3                         305     23  548.5         548.5
   31.0  23586  -61.0                         220     21  572.4         572.4
   30.0  23790  -61.3                         220     19  577.0         577.0
   29.7  23852  -61.3                         220     18  578.6         578.6
   29.0  24002  -60.2                         220     16  585.5         585.5
   28.0  24223  -58.6                         175     19  595.9         595.9
   26.6  24545  -56.3                         197     18  611.2         611.2
   24.0  25195  -57.2                         240     16  626.8         626.8
   23.0  25465  -57.6                         235     10  633.4         633.4
   22.0  25746  -58.0                         185      4  640.3         640.3
   21.2  25980  -58.3                         125      6  646.1         646.1
   21.0  26040  -57.7                         110      6  649.7         649.7
   20.0  26350  -54.7                         110     14  668.0         668.0
   18.8  26748  -50.9                         119     10  691.7         691.7
   18.0  27033  -50.2                         125      8  702.6         702.6
   17.0  27407  -49.2                         350      6  717.2         717.2
   15.1  28184  -47.3                          32     12  748.4         748.4
   13.0  29171  -47.5                          85     19  780.3         780.3
   12.0  29698  -47.6                          65     27  798.0         798.0
   11.0  30272  -47.8                         135     23  817.6         817.6
   10.0  30900  -47.9                         110     41  839.6         839.6
    9.9  30966  -47.9                         107     41  842.1         842.1
    9.0  31601  -45.3                          75     37  875.4         875.4
    8.5  31981  -43.7                                     896.0         896.0
</PRE><H3>Station information and sounding indices</H3><PRE>
                         Station identifier: WIII
                             Station number: 96749
                           Observation time: 151212/0000
                           Station latitude: -6.11
                          Station longitude: 106.65
                          Station elevation: 8.0
                            Showalter index: 0.87
                               Lifted index: -0.69
    LIFT computed using virtual temperature: -0.96
                                SWEAT index: 185.60
                                    K index: 34.90
                         Cross totals index: 19.20
                      Vertical totals index: 22.90
                        Totals totals index: 42.10
      Convective Available Potential Energy: 116.99
             CAPE using virtual temperature: 177.53
                      Convective Inhibition: -94.16
             CINS using virtual temperature: -75.98
                           Equilibrum Level: 421.73
 Equilibrum Level using virtual temperature: 338.72
                   Level of Free Convection: 724.50
             LFCT using virtual temperature: 757.96
                     Bulk Richardson Number: 23.80
          Bulk Richardson Number using CAPV: 36.12
  Temp [K] of the Lifted Condensation Level: 293.77
Pres [hPa] of the Lifted Condensation Level: 927.32
   Equivalent potential temp [K] of the LCL: 349.55
     Mean mixed layer potential temperature: 300.20
              Mean mixed layer mixing ratio: 16.81
              1000 hPa to 500 hPa thickness: 5795.00
Precipitable water [mm] for entire sounding: 60.78
</PRE>
<P>Description of the 
<A HREF="/upperair/columns.html">data columns</A>
or <A HREF="/upperair/indices.html">sounding indices</A>.

<P>
<FORM>
<INPUT CLASS="button" TYPE="button" VALUE=" Close this window " 
 onClick="window.close();">
<INPUT CLASS="button" TYPE="button" VALUE=" Select another map " 
 onClick="window.blur();">
</FORM>
<HR SIZE="1">
<I>Interested in graduate studies in atmospheric science?
Check out our program at the
<a href="http://www.uwyo.edu/atsc/howtoapply/"
target=_top>University of Wyoming
</a></I>
<HR SIZE="1"><FONT SIZE="-1">
Questions about the weather data provided by this site can be
addressed to <A HREF="mailto:ldoolman@uwyo.edu">
Larry Oolman (ldoolman@uwyo.edu)</A></FONT>
<HR SIZE="1">
<SCRIPT TYPE="text/javascript">
<!--
window.focus();
// -->
</SCRIPT>
</BODY>
</HTML>
