2014-04-11 00
<HTML>
<TITLE>University of Wyoming - Radiosonde Data</TITLE>
<BODY BGCOLOR="white">
<H2>96749 WIII Jakarta Observations at 00Z 11 Apr 2014</H2>
<PRE>
-----------------------------------------------------------------------------
   PRES   HGHT   TEMP   DWPT   RELH   MIXR   DRCT   SKNT   THTA   THTE   THTV
    hPa     m      C      C      %    g/kg    deg   knot     K      K      K 
-----------------------------------------------------------------------------
 1009.0      8   25.4   22.3     83  17.12    210      4  297.8  347.6  300.8
 1000.0     90   25.4   20.4     74  15.33    220      6  298.6  343.4  301.3
  984.0    233   26.0   21.0     74  16.19    237      9  300.5  348.2  303.4
  977.0    295   25.6   20.8     75  16.07    245     10  300.7  348.1  303.6
  925.0    776   22.2   19.0     82  15.19    270     16  302.0  347.0  304.8
  912.0    899   21.5   18.1     81  14.53    275     16  302.5  345.7  305.1
  881.0   1198   19.8   15.8     78  13.01    285     10  303.7  342.6  306.1
  850.0   1508   18.0   13.5     75  11.57    275     16  305.0  339.9  307.1
  793.0   2095   14.8   10.8     77  10.38    285     16  307.7  339.4  309.6
  716.0   2958   10.2    6.9     80   8.79    281      8  311.7  339.1  313.4
  700.0   3146    9.2    5.7     79   8.27    280      6  312.6  338.6  314.2
  616.0   4195    3.0   -0.1     80   6.18    285     14  317.1  337.1  318.3
  614.0   4221    2.8   -0.3     80   6.14    285     14  317.2  337.0  318.4
  568.0   4849    0.0   -3.0     80   5.43    278     19  321.1  338.9  322.1
  551.0   5090   -1.4   -5.8     72   4.53    275     21  322.2  337.3  323.1
  510.0   5705   -4.9  -12.9     53   2.79    299     18  325.2  334.8  325.7
  500.0   5860   -5.7  -10.7     68   3.40    305     17  326.0  337.7  326.7
  491.0   6002   -6.6  -11.4     69   3.27    315     17  326.6  337.9  327.3
  474.0   6278   -8.3  -12.8     70   3.03    306     16  327.8  338.4  328.4
  455.0   6592  -10.3  -14.5     71   2.76    295     14  329.2  338.9  329.8
  438.0   6884  -12.1  -16.0     73   2.52    270     14  330.5  339.4  331.0
  421.0   7188  -14.0  -17.6     74   2.29    275     12  331.8  340.0  332.2
  404.0   7504  -16.0  -19.3     76   2.07    310     12  333.1  340.6  333.6
  400.0   7580  -16.5  -19.7     76   2.02    305     10  333.5  340.8  333.9
  391.0   7751  -17.5  -22.0     68   1.69    286      8  334.3  340.5  334.7
  358.0   8398  -22.0  -27.2     63   1.15    210      2  336.8  341.1  337.0
  323.0   9153  -27.3  -33.3     57   0.72    198      8  339.6  342.4  339.7
  300.0   9680  -30.9  -38.9     45   0.44    190     12  341.7  343.5  341.8
  291.0   9893  -32.7  -41.4     41   0.35    185     12  342.2  343.6  342.3
  267.0  10494  -37.7  -48.6     31   0.17    180     14  343.4  344.2  343.5
  256.0  10788  -40.1  -52.1     27   0.12    170     14  344.0  344.5  344.0
  250.0  10950  -41.3                         165     14  344.5         344.5
  245.0  11083  -42.5                         165     16  344.8         344.8
  214.0  11974  -50.2                         140     14  346.3         346.3
  200.0  12420  -54.1                         110     10  346.9         346.9
  195.0  12577  -55.4                         105     12  347.4         347.4
  150.0  14200  -69.1                          75     37  350.9         350.9
  145.0  14402  -70.7                          70     47  351.5         351.5
  142.0  14526  -71.7                          68     43  351.9         351.9
  137.0  14739  -69.1                          64     36  360.1         360.1
  131.0  14999  -70.7                          60     27  361.8         361.8
  118.0  15607  -74.5                          80     23  365.8         365.8
  107.0  16176  -78.0                          30     10  369.5         369.5
  101.0  16512  -80.1                         285      8  371.6         371.6
  100.0  16570  -80.5                         280      8  371.9         371.9
   96.0  16799  -81.9                         260     12  373.6         373.6
   94.8  16870  -82.3                         255     10  374.1         374.1
   91.0  17101  -80.3                         275      8  382.5         382.5
   87.7  17310  -78.5                         282     20  390.2         390.2
   86.0  17421  -78.7                         285     27  392.0         392.0
   74.0  18274  -80.0                         225     31  406.5         406.5
   71.3  18485  -80.3                         212     22  410.1         410.1
   70.0  18590  -78.1                         205     17  417.0         417.0
   67.9  18765  -74.7                         218     16  428.0         428.0
   66.0  18931  -74.3                         230     16  432.3         432.3
   60.0  19488  -73.1                         225      8  447.0         447.0
   57.5  19736  -72.5                         241     10  453.8         453.8
   54.6  20045  -65.7                         261     13  476.1         476.1
   54.0  20112  -65.7                         265     14  477.7         477.7
   52.0  20342  -65.5                         260     16  483.3         483.3
   50.0  20580  -65.3                         270     17  489.2         489.2
   47.0  20957  -65.3                         295     14  498.0         498.0
   37.0  22412  -65.2                         250     21  533.5         533.5
   33.0  23109  -65.1                         210     14  551.3         551.3
   31.0  23489  -65.1                         205     10  561.3         561.3
   30.9  23509  -65.1                         199     10  561.8         561.8
   30.0  23690  -62.3                         145      8  574.2         574.2
   29.0  23904  -60.5                          50      8  584.6         584.6
   27.0  24354  -56.9                          50      2  607.1         607.1
   26.0  24591  -54.9                          90      8  619.2         619.2
   25.9  24615  -54.7                          90      9  620.4         620.4
   25.0  24842  -54.8                          90     14  626.5         626.5
   24.0  25103  -54.9                          20     10  633.5         633.5
   23.0  25375  -55.0                          15     12  641.0         641.0
   22.0  25660  -55.1                         100      8  648.9         648.9
   20.2  26206  -55.3                          82     30  664.3         664.3
   20.0  26270  -54.7                          80     33  668.0         668.0
   18.5  26774  -50.7                          87     36  695.5         695.5
   18.0  26952  -50.7                          90     37  701.1         701.1
   16.1  27680  -50.5                          99     48  724.4         724.4
   16.0  27721  -50.3                         100     49  726.2         726.2
   13.8  28695  -46.3                          89     65  771.3         771.3
   13.0  29091  -46.6                          85     72  783.5         783.5
   12.2  29513  -46.9                          77     74  796.8         796.8
   12.0  29624  -46.4                          75     74  802.4         802.4
   11.9  29680  -46.1                          75     74  805.3         805.3
   10.0  30850  -40.5                          95     51  867.2         867.2
    9.4  31273  -38.5                                     890.3         890.3
</PRE><H3>Station information and sounding indices</H3><PRE>
                         Station identifier: WIII
                             Station number: 96749
                           Observation time: 140411/0000
                           Station latitude: -6.11
                          Station longitude: 106.65
                          Station elevation: 8.0
                            Showalter index: 1.26
                               Lifted index: -1.50
    LIFT computed using virtual temperature: -1.86
                                SWEAT index: 211.01
                                    K index: 33.70
                         Cross totals index: 19.20
                      Vertical totals index: 23.70
                        Totals totals index: 42.90
      Convective Available Potential Energy: 401.61
             CAPE using virtual temperature: 485.31
                      Convective Inhibition: -77.52
             CINS using virtual temperature: -54.18
                           Equilibrum Level: 224.75
 Equilibrum Level using virtual temperature: 225.01
                   Level of Free Convection: 740.90
             LFCT using virtual temperature: 784.61
                     Bulk Richardson Number: 47.49
          Bulk Richardson Number using CAPV: 57.38
  Temp [K] of the Lifted Condensation Level: 292.75
Pres [hPa] of the Lifted Condensation Level: 917.40
   Equivalent potential temp [K] of the LCL: 346.82
     Mean mixed layer potential temperature: 300.07
              Mean mixed layer mixing ratio: 15.93
              1000 hPa to 500 hPa thickness: 5770.00
Precipitable water [mm] for entire sounding: 54.73
</PRE>
<P>Description of the 
<A HREF="/upperair/columns.html">data columns</A>
or <A HREF="/upperair/indices.html">sounding indices</A>.

<P>
<FORM>
<INPUT CLASS="button" TYPE="button" VALUE=" Close this window " 
 onClick="window.close();">
<INPUT CLASS="button" TYPE="button" VALUE=" Select another map " 
 onClick="window.blur();">
</FORM>
<HR SIZE="1">
<I>Interested in graduate studies in atmospheric science?
Check out our program at the
<a href="http://www.uwyo.edu/atsc/howtoapply/"
target=_top>University of Wyoming
</a></I>
<HR SIZE="1"><FONT SIZE="-1">
Questions about the weather data provided by this site can be
addressed to <A HREF="mailto:ldoolman@uwyo.edu">
Larry Oolman (ldoolman@uwyo.edu)</A></FONT>
<HR SIZE="1">
<SCRIPT TYPE="text/javascript">
<!--
window.focus();
// -->
</SCRIPT>
</BODY>
</HTML>
