2014-06-27 00
<HTML>
<TITLE>University of Wyoming - Radiosonde Data</TITLE>
<BODY BGCOLOR="white">
<H2>96749 WIII Jakarta Observations at 00Z 27 Jun 2014</H2>
<PRE>
-----------------------------------------------------------------------------
   PRES   HGHT   TEMP   DWPT   RELH   MIXR   DRCT   SKNT   THTA   THTE   THTV
    hPa     m      C      C      %    g/kg    deg   knot     K      K      K 
-----------------------------------------------------------------------------
 1011.0      8   25.4   23.3     88  18.19    160      4  297.6  350.6  300.9
 1000.0    106   25.6   23.5     88  18.63    150      4  298.8  353.2  302.1
  978.0    303   25.3   21.7     80  16.99    130      2  300.4  350.4  303.4
  969.0    384   25.2   20.9     77  16.34    123      3  301.1  349.3  304.0
  945.0    604   23.6   20.2     82  16.09    105      6  301.6  349.2  304.5
  925.0    792   22.2   19.7     86  15.88     75      8  302.0  349.1  304.9
  913.0    905   21.6   19.0     85  15.38     60     10  302.5  348.2  305.3
  852.0   1504   18.5   15.2     81  12.94     50      8  305.3  344.3  307.7
  850.0   1524   18.4   15.1     81  12.86     55      8  305.4  344.1  307.8
  823.0   1796   16.6   13.8     84  12.22     95      8  306.4  343.4  308.6
  795.0   2088   14.8   12.5     86  11.57    105      6  307.4  342.6  309.5
  767.0   2391   12.8   11.1     89  10.92    100      6  308.4  341.9  310.5
  740.0   2693   10.8    9.7     93  10.29     70      6  309.5  341.2  311.4
  714.0   2995    8.9    8.3     96   9.70    100     10  310.5  340.5  312.3
  700.0   3162    7.8    7.5     98   9.38     90     12  311.1  340.2  312.9
  692.0   3257    7.4    6.2     92   8.67     89     12  311.7  338.7  313.3
  686.0   3329    8.6    6.7     88   9.05     89     12  313.8  342.2  315.5
  640.0   3896    5.3    3.6     89   7.81     85     14  316.3  341.2  317.8
  617.0   4195    3.6    2.0     89   7.21     90     16  317.7  340.8  319.1
  573.0   4799    0.1   -1.3     90   6.10     95     10  320.4  340.3  321.5
  572.0   4813    0.0   -1.4     90   6.08     96     10  320.4  340.3  321.6
  551.0   5110   -1.7   -4.2     83   5.10    115     14  321.8  338.7  322.8
  516.0   5632   -4.7   -9.2     71   3.71    106     20  324.3  336.9  325.0
  511.0   5709   -5.1   -8.9     75   3.84    105     21  324.7  337.7  325.4
  500.0   5880   -6.1   -8.2     85   4.15    105     21  325.5  339.6  326.4
  487.0   6086   -7.3   -8.5     91   4.16    105     21  326.5  340.7  327.3
  443.0   6816  -11.3  -20.3     47   1.73    105     20  330.4  336.7  330.8
  426.0   7115  -13.1  -29.1     25   0.81    105     20  331.9  334.9  332.0
  420.0   7222  -14.1  -20.1     60   1.86    105     19  331.9  338.6  332.3
  400.0   7590  -16.7  -27.7     38   0.99    105     19  333.2  336.9  333.4
  389.0   7799  -17.9  -31.9     29   0.69    105     25  334.2  336.9  334.4
  374.0   8093  -19.7  -37.7     19   0.40    107     24  335.7  337.3  335.8
  331.0   8990  -25.0  -29.5     66   1.01    115     21  340.3  344.2  340.5
  326.0   9102  -25.7  -28.5     77   1.12    111     20  340.9  345.2  341.1
  304.0   9605  -29.7  -32.1     80   0.86     95     17  342.1  345.4  342.2
  300.0   9700  -30.5  -32.8     80   0.81     95     17  342.3  345.5  342.4
  256.0  10808  -40.1  -42.5     78   0.35     91     19  344.0  345.4  344.1
  250.0  10970  -41.5                          90     19  344.2         344.2
  234.0  11406  -45.2                         100     16  345.1         345.1
  214.0  11994  -50.3                          70     17  346.2         346.2
  200.0  12440  -54.1                          75     19  346.9         346.9
  150.0  14220  -69.5                          60     39  350.2         350.2
  146.0  14379  -70.5                          65     41  351.1         351.1
  131.0  15015  -74.6                          65     25  354.9         354.9
  130.0  15060  -74.9                          71     24  355.1         355.1
  118.0  15617  -77.6                         150     16  360.1         360.1
  115.0  15764  -78.3                         150     17  361.5         361.5
  112.0  15917  -77.4                         150     16  365.9         365.9
  107.0  16179  -75.8                         130     14  373.8         373.8
  102.0  16455  -74.1                         192      6  382.1         382.1
  101.0  16512  -74.0                         205      4  383.4         383.4
  100.0  16570  -73.9                         220      8  384.7         384.7
   96.0  16806  -74.3                         265     16  388.5         388.5
   91.0  17115  -74.8                         250     10  393.5         393.5
   87.0  17374  -75.2                         195     10  397.8         397.8
   82.0  17716  -75.7                         275     14  403.5         403.5
   78.0  18005  -76.1                         240      8  408.4         408.4
   74.0  18309  -76.6                         295     10  413.6         413.6
   70.0  18630  -77.1                         275     16  419.1         419.1
   69.6  18663  -77.1                         272     16  419.8         419.8
   66.3  18948  -69.3                         245     12  442.6         442.6
   64.0  19162  -68.5                         225     10  448.9         448.9
   61.0  19452  -67.4                         265     14  457.5         457.5
   53.7  20223  -64.5                         261     21  481.1         481.1
   52.0  20420  -64.6                         260     23  485.4         485.4
   50.0  20660  -64.7                         235     21  490.6         490.6
   45.0  21303  -64.9                         220     16  505.0         505.0
   43.0  21580  -65.0                         115      4  511.4         511.4
   42.0  21723  -65.1                         100     10  514.7         514.7
   41.0  21871  -63.7                          85     16  521.8         521.8
   39.8  22054  -61.9                          94     17  530.7         530.7
   37.0  22504  -62.5                         115     21  540.4         540.4
   35.0  22847  -62.9                          85     23  547.9         547.9
   33.0  23216  -55.7                          85     31  576.3         576.3
   30.0  23820  -57.7                          85     45  586.8         586.8
   28.0  24255  -59.1                          90     43  594.4         594.4
   27.0  24484  -59.9                          90     43  598.5         598.5
   22.0  25792  -54.6                          80     49  650.4         650.4
   20.0  26400  -52.1                          90     51  675.9         675.9
   17.0  27463  -48.1                          95     56  720.9         720.9
   16.6  27618  -47.5                          93     56  727.7         727.7
   16.0  27862  -47.5                          90     56  735.6         735.6
   15.0  28288  -47.4                          95     56  749.6         749.6
   13.0  29234  -47.1                          95     52  781.6         781.6
   12.7  29389  -47.1                                     787.0         787.0
</PRE><H3>Station information and sounding indices</H3><PRE>
                         Station identifier: WIII
                             Station number: 96749
                           Observation time: 140627/0000
                           Station latitude: -6.11
                          Station longitude: 106.65
                          Station elevation: 8.0
                            Showalter index: -0.86
                               Lifted index: -3.32
    LIFT computed using virtual temperature: -3.67
                                SWEAT index: 218.20
                                    K index: 39.30
                         Cross totals index: 21.20
                      Vertical totals index: 24.50
                        Totals totals index: 45.70
      Convective Available Potential Energy: 1157.57
             CAPE using virtual temperature: 1269.23
                      Convective Inhibition: -41.97
             CINS using virtual temperature: -29.78
                           Equilibrum Level: 147.95
 Equilibrum Level using virtual temperature: 147.97
                   Level of Free Convection: 823.30
             LFCT using virtual temperature: 842.71
                     Bulk Richardson Number: 153.62
          Bulk Richardson Number using CAPV: 168.44
  Temp [K] of the Lifted Condensation Level: 294.46
Pres [hPa] of the Lifted Condensation Level: 938.45
   Equivalent potential temp [K] of the LCL: 350.76
     Mean mixed layer potential temperature: 299.87
              Mean mixed layer mixing ratio: 17.37
              1000 hPa to 500 hPa thickness: 5774.00
Precipitable water [mm] for entire sounding: 59.77
</PRE>
<P>Description of the 
<A HREF="/upperair/columns.html">data columns</A>
or <A HREF="/upperair/indices.html">sounding indices</A>.

<P>
<FORM>
<INPUT CLASS="button" TYPE="button" VALUE=" Close this window " 
 onClick="window.close();">
<INPUT CLASS="button" TYPE="button" VALUE=" Select another map " 
 onClick="window.blur();">
</FORM>
<HR SIZE="1">
<I>Interested in graduate studies in atmospheric science?
Check out our program at the
<a href="http://www.uwyo.edu/atsc/howtoapply/"
target=_top>University of Wyoming
</a></I>
<HR SIZE="1"><FONT SIZE="-1">
Questions about the weather data provided by this site can be
addressed to <A HREF="mailto:ldoolman@uwyo.edu">
Larry Oolman (ldoolman@uwyo.edu)</A></FONT>
<HR SIZE="1">
<SCRIPT TYPE="text/javascript">
<!--
window.focus();
// -->
</SCRIPT>
</BODY>
</HTML>
