2013-07-13 12
<HTML>
<TITLE>University of Wyoming - Radiosonde Data</TITLE>
<BODY BGCOLOR="white">
<H2>96749 WIII Jakarta Observations at 00Z 13 Jul 2013</H2>
<PRE>
-----------------------------------------------------------------------------
   PRES   HGHT   TEMP   DWPT   RELH   MIXR   DRCT   SKNT   THTA   THTE   THTV
    hPa     m      C      C      %    g/kg    deg   knot     K      K      K 
-----------------------------------------------------------------------------
 1008.0      8   24.6   24.1     97  19.17    230      4  297.1  352.8  300.5
 1000.0     83   24.4   23.0     92  18.05    215      4  297.6  350.1  300.8
  988.0    189   24.2   22.3     89  17.50    193      4  298.4  349.4  301.5
  976.0    297   24.2   21.7     86  17.07    170      4  299.4  349.4  302.5
  968.0    369   24.2   21.3     84  16.78    140      4  300.1  349.5  303.1
  943.0    598   22.6   20.3     87  16.14     45      4  300.7  348.3  303.6
  925.0    767   21.4   19.5     89  15.68     50      8  301.2  347.5  304.0
  911.0    898   20.6   18.7     89  15.16     55     10  301.6  346.5  304.4
  850.0   1496   16.8   15.2     90  12.94     55     10  303.7  342.4  306.1
  792.0   2097   13.8   12.4     91  11.55     55     10  306.8  341.8  308.9
  780.0   2227   13.2   11.8     91  11.27     63     10  307.4  341.7  309.5
  764.0   2400   12.4   10.8     90  10.73     75     10  308.3  341.2  310.3
  700.0   3133    8.8    6.4     85   8.69     60     12  312.2  339.3  313.8
  638.0   3892    4.4    2.9     90   7.44     60      8  315.6  339.2  317.0
  615.0   4192    2.6    1.5     92   6.98     70     14  316.9  339.3  318.2
  593.0   4490    0.9    0.1     95   6.55     65     16  318.2  339.3  319.4
  582.0   4643    0.0   -0.6     96   6.33     75     15  318.8  339.4  320.1
  571.0   4795   -0.8   -1.5     94   6.02     85     14  319.7  339.3  320.8
  500.0   5850   -6.1   -8.1     86   4.18     85     12  325.5  339.7  326.4
  491.0   5991   -6.8   -8.8     85   4.02     90     12  326.4  340.1  327.2
  474.0   6265   -8.1  -10.2     85   3.74     72     14  328.1  340.9  328.8
  472.0   6298   -7.7  -12.7     67   3.07     70     14  329.0  339.7  329.6
  444.0   6769  -10.9  -16.9     61   2.31     76     15  330.7  338.9  331.2
  400.0   7560  -16.3  -19.4     77   2.07     85     16  333.7  341.2  334.1
  397.0   7617  -16.7  -19.0     82   2.16     86     16  333.9  341.7  334.4
  392.0   7712  -17.1  -24.1     55   1.40     86     15  334.6  339.8  334.9
  390.0   7750  -17.3  -19.6     82   2.09     87     15  334.8  342.4  335.2
  373.0   8083  -19.3  -25.6     57   1.29     90     14  336.5  341.4  336.8
  366.0   8224  -20.1  -28.1     49   1.04     88     14  337.2  341.2  337.4
  355.0   8450  -21.7  -31.7     40   0.76     86     15  338.0  341.0  338.2
  352.0   8513  -22.3  -26.8     67   1.22     85     15  338.0  342.7  338.3
  347.0   8618  -22.5  -35.5     30   0.54     84     15  339.2  341.3  339.3
  338.0   8810  -24.1  -37.1     29   0.47     82     16  339.5  341.4  339.6
  330.0   8984  -25.6  -31.7     56   0.82     80     16  339.9  343.1  340.0
  326.0   9073  -26.3  -29.0     78   1.07     83     16  340.0  344.1  340.2
  324.0   9118  -26.3  -33.3     52   0.72     84     16  340.6  343.4  340.8
  303.0   9599  -29.7  -45.3     21   0.22    100     16  342.4  343.3  342.4
  302.0   9623  -29.9  -45.9     20   0.21    100     16  342.5  343.4  342.5
  300.0   9670  -30.1  -45.1     22   0.23    100     16  342.8  343.8  342.9
  292.0   9862  -31.9  -44.9     26   0.24    100     16  342.9  343.9  343.0
  283.0  10083  -33.3  -39.3     55   0.45    100     15  344.0  345.9  344.1
  275.0  10283  -35.1  -47.1     28   0.20    100     15  344.2  345.1  344.3
  254.0  10832  -40.1  -53.1     24   0.11    100     14  344.7  345.2  344.8
  250.0  10940  -40.9                         100     14  345.1         345.1
  244.0  11100  -42.3                         100     14  345.4         345.4
  223.0  11693  -47.6                         110     10  346.4         346.4
  213.0  11995  -50.2                          95     14  346.8         346.8
  200.0  12410  -53.9                         105     17  347.2         347.2
  194.0  12598  -55.5                         110     19  347.6         347.6
  160.0  13791  -66.0                          65     21  349.7         349.7
  150.0  14190  -69.5                          70     27  350.2         350.2
  118.0  15579  -80.3                          55     58  355.1         355.1
  116.0  15678  -81.1                          55     64  355.4         355.4
  111.0  15925  -82.1                          55     78  358.0         358.0
  110.0  15976  -82.3                          55     82  358.6         358.6
  100.0  16510  -80.7                          70     47  371.6         371.6
   95.0  16802  -79.3                          80     29  379.8         379.8
   90.0  17110  -77.8                          75     31  388.7         388.7
   89.7  17129  -77.7                          73     31  389.3         389.3
   85.4  17415  -71.9                          41     23  406.5         406.5
   77.0  18035  -68.1                         335      8  426.6         426.6
   74.0  18274  -66.7                         260      6  434.5         434.5
   73.7  18298  -66.5                         260      7  435.3         435.3
   70.0  18610  -67.1                         255     14  440.5         440.5
   63.0  19252  -65.6                         260     16  457.3         457.3
   55.0  20079  -63.7                         245     19  479.8         479.8
   50.0  20660  -62.3                         210     16  496.2         496.2
   43.0  21597  -60.0                         230     12  523.6         523.6
   42.6  21655  -59.9                         234     12  525.4         525.4
   37.0  22550  -56.2                         295     14  556.4         556.4
   36.0  22724  -55.5                         290     16  562.6         562.6
   32.8  23315  -53.1                         299     18  584.2         584.2
   31.0  23679  -53.5                         305     19  592.7         592.7
   30.0  23890  -53.7                         305     16  597.6         597.6
   27.0  24574  -52.4                         305     14  619.5         619.5
   24.2  25284  -51.1                         298     16  643.0         643.0
   23.0  25614  -51.9                         295     17  650.2         650.2
   21.0  26204  -53.2                         260     16  663.3         663.3
   20.0  26520  -53.9                         260     17  670.4         670.4
   18.9  26883  -54.3                         260     16  680.1         680.1
   18.0  27198  -53.8                         260     16  691.4         691.4
   16.0  27959  -52.4                         225     17  719.4         719.4
   15.0  28375  -51.7                         235     17  735.1         735.1
   14.0  28821  -50.9                         205      8  752.4         752.4
   13.7  28961  -50.7                                     757.9         757.9
</PRE><H3>Station information and sounding indices</H3><PRE>
                         Station identifier: WIII
                             Station number: 96749
                           Observation time: 130713/0000
                           Station latitude: -6.11
                          Station longitude: 106.65
                          Station elevation: 8.0
                            Showalter index: -0.19
                               Lifted index: -2.91
    LIFT computed using virtual temperature: -3.23
                                SWEAT index: 214.41
                                    K index: 35.70
                         Cross totals index: 21.30
                      Vertical totals index: 22.90
                        Totals totals index: 44.20
      Convective Available Potential Energy: 876.00
             CAPE using virtual temperature: 981.23
                      Convective Inhibition: -15.99
             CINS using virtual temperature: -11.96
                           Equilibrum Level: 164.59
 Equilibrum Level using virtual temperature: 163.79
                   Level of Free Convection: 884.26
             LFCT using virtual temperature: 896.53
                     Bulk Richardson Number: 58.52
          Bulk Richardson Number using CAPV: 65.55
  Temp [K] of the Lifted Condensation Level: 294.65
Pres [hPa] of the Lifted Condensation Level: 950.41
   Equivalent potential temp [K] of the LCL: 349.63
     Mean mixed layer potential temperature: 298.98
              Mean mixed layer mixing ratio: 17.34
              1000 hPa to 500 hPa thickness: 5767.00
Precipitable water [mm] for entire sounding: 59.42
</PRE>
<P>Description of the 
<A HREF="/upperair/columns.html">data columns</A>
or <A HREF="/upperair/indices.html">sounding indices</A>.

<P>
<FORM>
<INPUT CLASS="button" TYPE="button" VALUE=" Close this window " 
 onClick="window.close();">
<INPUT CLASS="button" TYPE="button" VALUE=" Select another map " 
 onClick="window.blur();">
</FORM>
<HR SIZE="1">
<I>Interested in graduate studies in atmospheric science?
Check out our program at the
<a href="http://www.uwyo.edu/atsc/howtoapply/"
target=_top>University of Wyoming
</a></I>
<HR SIZE="1"><FONT SIZE="-1">
Questions about the weather data provided by this site can be
addressed to <A HREF="mailto:ldoolman@uwyo.edu">
Larry Oolman (ldoolman@uwyo.edu)</A></FONT>
<HR SIZE="1">
<SCRIPT TYPE="text/javascript">
<!--
window.focus();
// -->
</SCRIPT>
</BODY>
</HTML>
