2013-10-07 12
<HTML>
<TITLE>University of Wyoming - Radiosonde Data</TITLE>
<BODY BGCOLOR="white">
<H2>96749 WIII Jakarta Observations at 00Z 07 Oct 2013</H2>
<PRE>
-----------------------------------------------------------------------------
   PRES   HGHT   TEMP   DWPT   RELH   MIXR   DRCT   SKNT   THTA   THTE   THTV
    hPa     m      C      C      %    g/kg    deg   knot     K      K      K 
-----------------------------------------------------------------------------
 1010.0      8   25.4   23.6     90  18.55    210      4  297.7  351.7  301.0
 1000.0    101   25.2   21.1     78  16.03    195      6  298.4  345.1  301.2
  981.0    270   24.2   19.9     77  15.15    165     11  299.0  343.3  301.7
  978.0    297   24.8   20.1     75  15.37    160     12  299.9  345.0  302.6
  976.0    315   25.2   20.2     74  15.52    159     12  300.4  346.1  303.2
  945.0    598   23.0   20.4     86  16.28    145      6  301.0  349.0  303.9
  937.0    673   22.4   20.5     89  16.49    125      5  301.1  349.8  304.1
  932.0    719   22.6   17.7     74  13.87    113      5  301.8  342.9  304.3
  925.0    785   22.2   18.2     78  14.43     95      4  302.0  344.8  304.6
  913.0    898   21.4   17.6     79  14.04     60      2  302.3  344.1  304.9
  882.0   1196   19.4   15.9     80  13.04    215      2  303.2  342.1  305.6
  852.0   1495   17.3   14.2     82  12.10    110      4  304.1  340.4  306.3
  850.0   1515   17.2   14.1     82  12.04    110      4  304.1  340.3  306.4
  813.0   1894   14.8   11.9     83  10.88     94      4  305.5  338.4  307.5
  794.0   2093   13.8    9.5     75   9.44     85      4  306.4  335.2  308.2
  739.0   2696   10.6    2.0     56   6.04    155      6  309.3  328.2  310.4
  733.0   2764   10.2    1.2     54   5.73    166      6  309.6  327.7  310.7
  700.0   3145    6.6    3.4     80   7.03    230      4  309.8  331.7  311.1
  687.0   3299    5.8    3.3     84   7.10    250      6  310.6  332.8  311.9
  677.0   3419    5.2    3.2     87   7.17    238      5  311.2  333.6  312.5
  662.0   3602    4.5    2.5     86   6.95    220      4  312.4  334.3  313.7
  659.0   3639    4.4    2.3     86   6.90    201      4  312.7  334.5  314.0
  644.0   3827    4.8   -3.2     56   4.71    104      3  315.2  330.5  316.1
  641.0   3865    5.6  -11.4     28   2.51     85      2  316.5  325.0  317.0
  638.0   3903    5.4  -11.4     28   2.51     65      2  316.7  325.2  317.2
  618.0   4163    4.2  -11.8     30   2.52     13      2  318.2  326.8  318.7
  615.0   4202    3.8  -11.1     33   2.68      5      2  318.2  327.3  318.8
  593.0   4496    1.1   -5.8     60   4.20    155      2  318.4  332.2  319.2
  588.0   4565    0.4   -4.6     69   4.65    148      3  318.4  333.6  319.3
  570.0   4814    0.0  -19.0     22   1.50    123      5  320.7  326.0  321.0
  550.0   5096   -1.7  -21.2     21   1.29     95      8  322.1  326.6  322.3
  500.0   5850   -6.1  -27.1     17   0.83    105     14  325.5  328.6  325.7
  420.0   7191  -14.0  -42.9      7   0.21    125     31  332.1  332.9  332.1
  419.0   7209  -14.1  -43.1      7   0.20    124     31  332.1  333.0  332.2
  404.0   7485  -14.7  -56.3      2   0.05    110     23  334.8  335.0  334.8
  400.0   7560  -14.9  -59.9      1   0.03    110     23  335.5  335.7  335.5
  377.0   8008  -16.1  -45.1      6   0.18    122     19  339.7  340.4  339.7
  344.0   8678  -22.1  -47.1      8   0.16    140     14  340.5  341.2  340.6
  317.0   9277  -27.5  -48.9     11   0.14    130      8  341.1  341.7  341.1
  300.0   9680  -31.1  -50.1     14   0.13    110      6  341.4  342.0  341.4
  267.0  10489  -38.4  -55.0     16   0.08     60     12  342.3  342.7  342.3
  260.0  10674  -40.1  -56.1     16   0.07     60     14  342.4  342.8  342.5
  250.0  10940  -42.3                          60     16  343.0         343.0
  200.0  12410  -54.5                          50     35  346.3         346.3
  194.0  12598  -56.0                          55     35  346.9         346.9
  177.0  13166  -60.6                          80     31  348.6         348.6
  150.0  14190  -68.9                          70     45  351.2         351.2
  145.0  14388  -70.3                          65     47  352.2         352.2
  138.0  14678  -72.4                          60     47  353.6         353.6
  122.0  15398  -77.5                          78     28  356.9         356.9
  112.0  15885  -78.3                          90     14  364.2         364.2
  106.0  16199  -78.8                         190      4  369.0         369.0
  103.0  16363  -79.1                         173      4  371.5         371.5
  100.0  16530  -80.1                         155      4  372.7         372.7
   97.4  16679  -80.9                         120      8  374.0         374.0
   95.0  16819  -80.8                         130      8  376.9         376.9
   90.0  17124  -80.6                         195      8  383.2         383.2
   84.1  17507  -80.3                         166      9  391.2         391.2
   81.0  17722  -78.2                         150     10  399.7         399.7
   77.0  18012  -75.4                         300      6  411.4         411.4
   76.9  18019  -75.3                         300      7  411.8         411.8
   75.2  18152  -66.9                         300     17  432.0         432.0
   73.0  18332  -63.6                         300     31  442.6         442.6
   72.8  18349  -63.3                         299     31  443.6         443.6
   70.0  18590  -63.9                         280     35  447.3         447.3
   67.0  18857  -64.2                         260     29  452.3         452.3
   57.4  19801  -65.3                         293     25  470.3         470.3
   57.0  19843  -65.3                         295     25  471.2         471.2
   52.0  20402  -65.3                         290     43  483.7         483.7
   50.0  20640  -65.3                         275     43  489.2         489.2
   45.0  21283  -65.0                         260     35  504.8         504.8
   42.5  21632  -64.9                         263     31  513.4         513.4
   41.0  21856  -64.1                         265     29  520.7         520.7
   39.0  22167  -63.0                         285     21  531.0         531.0
   32.0  23398  -58.5                         240     23  573.8         573.8
   31.0  23596  -57.8                         215     21  580.9         580.9
   30.0  23800  -57.1                         220     21  588.4         588.4
   28.0  24236  -56.5                         245     17  601.9         601.9
   25.8  24754  -55.7                         211     12  618.3         618.3
   24.0  25216  -55.0                         180      8  633.3         633.3
   23.0  25488  -54.5                         230      8  642.4         642.4
   22.0  25771  -54.1                         245     10  651.9         651.9
   20.0  26380  -53.1                         340     16  672.9         672.9
   15.0  28249  -50.8                         305     37  738.2         738.2
   13.0  29179  -49.6                         260     29  773.1         773.1
   12.5  29434  -49.3                                     782.9         782.9
</PRE><H3>Station information and sounding indices</H3><PRE>
                         Station identifier: WIII
                             Station number: 96749
                           Observation time: 131007/0000
                           Station latitude: -6.11
                          Station longitude: 106.65
                          Station elevation: 8.0
                            Showalter index: 0.69
                               Lifted index: -1.59
    LIFT computed using virtual temperature: -2.35
                                SWEAT index: 191.21
                                    K index: 34.20
                         Cross totals index: 20.20
                      Vertical totals index: 23.30
                        Totals totals index: 43.50
      Convective Available Potential Energy: 339.96
             CAPE using virtual temperature: 499.37
                      Convective Inhibition: -56.61
             CINS using virtual temperature: -45.79
                           Equilibrum Level: 216.89
 Equilibrum Level using virtual temperature: 216.65
                   Level of Free Convection: 823.01
             LFCT using virtual temperature: 842.00
                     Bulk Richardson Number: 79.00
          Bulk Richardson Number using CAPV: 116.05
  Temp [K] of the Lifted Condensation Level: 292.91
Pres [hPa] of the Lifted Condensation Level: 926.38
   Equivalent potential temp [K] of the LCL: 346.01
     Mean mixed layer potential temperature: 299.39
              Mean mixed layer mixing ratio: 15.95
              1000 hPa to 500 hPa thickness: 5749.00
Precipitable water [mm] for entire sounding: 44.61
</PRE>
<P>Description of the 
<A HREF="/upperair/columns.html">data columns</A>
or <A HREF="/upperair/indices.html">sounding indices</A>.

<P>
<FORM>
<INPUT CLASS="button" TYPE="button" VALUE=" Close this window " 
 onClick="window.close();">
<INPUT CLASS="button" TYPE="button" VALUE=" Select another map " 
 onClick="window.blur();">
</FORM>
<HR SIZE="1">
<I>Interested in graduate studies in atmospheric science?
Check out our program at the
<a href="http://www.uwyo.edu/atsc/howtoapply/"
target=_top>University of Wyoming
</a></I>
<HR SIZE="1"><FONT SIZE="-1">
Questions about the weather data provided by this site can be
addressed to <A HREF="mailto:ldoolman@uwyo.edu">
Larry Oolman (ldoolman@uwyo.edu)</A></FONT>
<HR SIZE="1">
<SCRIPT TYPE="text/javascript">
<!--
window.focus();
// -->
</SCRIPT>
</BODY>
</HTML>
