2013-06-17 00
<HTML>
<TITLE>University of Wyoming - Radiosonde Data</TITLE>
<BODY BGCOLOR="white">
<H2>96749 WIII Jakarta Observations at 00Z 17 Jun 2013</H2>
<PRE>
-----------------------------------------------------------------------------
   PRES   HGHT   TEMP   DWPT   RELH   MIXR   DRCT   SKNT   THTA   THTE   THTV
    hPa     m      C      C      %    g/kg    deg   knot     K      K      K 
-----------------------------------------------------------------------------
 1006.0      8   26.2   24.4     90  19.57     95      4  298.8  356.1  302.3
 1000.0     58   26.4   24.1     87  19.33    100      4  299.6  356.3  303.0
  973.0    299   24.9   22.9     89  18.50    120      6  300.4  354.9  303.7
  925.0    745   22.2   20.8     92  17.03    180      8  302.0  352.5  305.1
  909.0    897   21.6   19.3     87  15.76    205     10  302.9  349.8  305.8
  850.0   1477   17.0   16.8     99  14.37    225     16  303.9  346.9  306.6
  848.0   1497   16.9   16.7     99  14.31    225     16  304.0  346.8  306.6
  793.0   2068   14.0   14.0    100  12.83    220      8  306.8  345.7  309.2
  790.0   2100   13.8   13.8    100  12.73    220      8  307.0  345.6  309.3
  710.0   2994    9.2    8.7     96  10.03    255      8  311.4  342.5  313.3
  700.0   3113    8.6    8.0     96   9.71    265      8  312.0  342.2  313.8
  684.0   3304    7.9    6.9     93   9.22    290      6  313.3  342.2  315.0
  660.0   3599    6.9    5.3     89   8.51    260      6  315.3  342.3  316.9
  645.0   3788    6.2    4.2     87   8.08    278      7  316.6  342.4  318.2
  614.0   4188    3.7    2.5     92   7.52    315     10  318.2  342.4  319.7
  571.0   4778    0.0    0.0    100   6.75    305      9  320.6  342.6  321.9
  533.0   5327   -3.5   -4.8     91   5.05    296      9  322.8  339.6  323.8
  510.0   5674   -5.1  -14.1     49   2.53    291      8  324.9  333.7  325.4
  508.0   5705   -5.0  -13.6     51   2.64    290      8  325.4  334.6  325.9
  500.0   5830   -4.7  -11.7     58   3.14    285      8  327.2  338.1  327.9
  489.0   6005   -5.7  -12.7     58   2.96    275      8  328.1  338.4  328.7
  487.0   6037   -5.9  -12.9     58   2.93    276      8  328.2  338.4  328.8
  471.0   6296   -7.7  -13.2     64   2.94    285      6  329.2  339.5  329.8
  453.0   6599   -9.7  -13.6     73   2.96    330      6  330.4  340.8  330.9
  446.0   6720  -10.5  -13.8     77   2.97    332      7  330.8  341.2  331.4
  419.0   7196  -13.1  -16.3     77   2.58    340     12  333.4  342.6  333.9
  400.0   7550  -15.1  -18.1     78   2.31      5     14  335.3  343.7  335.8
  391.0   7722  -15.5  -19.7     70   2.06     14     16  336.9  344.5  337.4
  386.0   7819  -15.7  -26.7     38   1.12     20     17  337.9  342.2  338.1
  372.0   8091  -17.8  -29.3     36   0.91     35     21  338.8  342.3  339.0
  329.0   8993  -24.6  -38.1     27   0.44     15     23  341.5  343.3  341.6
  316.0   9289  -26.8  -41.0     25   0.34     30     23  342.4  343.8  342.4
  300.0   9670  -29.7  -44.7     22   0.24     25     23  343.4  344.4  343.4
  267.0  10487  -36.4  -49.7     24   0.15     30     23  345.2  345.9  345.2
  263.0  10592  -37.3  -50.3     25   0.15     33     23  345.4  346.1  345.5
  250.0  10940  -39.9  -48.9     38   0.18     45     25  346.6  347.4  346.6
  223.0  11698  -46.5                          45     31  348.1         348.1
  200.0  12420  -52.7                          50     33  349.1         349.1
  169.0  13474  -61.2                          45     41  352.2         352.2
  161.0  13777  -63.7                          45     41  352.9         352.9
  153.0  14096  -66.3                          45     41  353.7         353.7
  150.0  14220  -67.3                          45     41  354.0         354.0
  118.0  15602  -78.4                          65     29  358.7         358.7
  107.0  16166  -82.9                         100     27  360.3         360.3
  102.0  16441  -85.1                          93     27  361.0         361.0
  100.0  16550  -85.5                          90     27  362.3         362.3
   96.0  16774  -86.3                          75     33  365.0         365.0
   92.0  17007  -87.1                          75     31  367.9         367.9
   90.0  17129  -81.6                          85     29  381.1         381.1
   88.8  17204  -78.3                         100     29  389.2         389.2
   86.0  17389  -77.4                         135     29  394.6         394.6
   78.2  17937  -74.7                         118     19  411.0         411.0
   77.0  18028  -73.0                         115     17  416.3         416.3
   75.5  18144  -70.9                          95     13  423.1         423.1
   74.0  18262  -71.4                          75      8  424.6         424.6
   70.0  18590  -72.7                          60     12  428.5         428.5
   66.7  18874  -71.9                          35     10  436.2         436.2
   63.0  19216  -68.3                           5      8  451.3         451.3
   60.8  19428  -66.1                         259      7  460.8         460.8
   60.0  19510  -64.4                         220      6  466.4         466.4
   58.6  19654  -61.3                         227      9  476.5         476.5
   54.0  20158  -63.7                         250     19  482.2         482.2
   52.9  20285  -64.3                         250     19  483.7         483.7
   50.0  20630  -64.7                         255     29  490.6         490.6
   47.0  21005  -65.3                         240     25  497.9         497.9
   46.0  21136  -65.5                         242     21  500.5         500.5
   45.0  21272  -64.1                         245     16  507.0         507.0
   43.0  21553  -61.2                         285     19  520.8         520.8
   39.8  22031  -56.3                         273     40  544.7         544.7
   39.0  22159  -56.5                         270     45  547.4         547.4
   33.1  23191  -58.3                         253     25  568.9         568.9
   32.0  23404  -57.5                         250     21  576.6         576.6
   30.0  23810  -55.9                         270     27  591.6         591.6
   26.7  24559  -51.7                         286     35  623.5         623.5
   25.0  24990  -50.8                         295     39  637.8         637.8
   21.0  26131  -48.5                         285     51  677.3         677.3
   20.0  26450  -47.9                         280     51  688.8         688.8
   18.0  27148  -46.4                         265     39  714.6         714.6
   16.2  27846  -44.9                         274     31  741.3         741.3
   15.5  28143  -42.3                         277     28  759.2         759.2
   15.0  28362  -42.6                         280     25  765.2         765.2
   14.0  28823  -43.4                         300     29  778.0         778.0
   12.0  29852  -45.0                         280     37  807.3         807.3
   11.0  30433  -45.9                         255     35  824.3         824.3
   10.0  31070  -46.9                         255     27  843.4         843.4
    9.3  31550  -47.5                         269     35  858.8         858.8
    9.0                                       275     39                     
</PRE><H3>Station information and sounding indices</H3><PRE>
                         Station identifier: WIII
                             Station number: 96749
                           Observation time: 130617/0000
                           Station latitude: -6.11
                          Station longitude: 106.65
                          Station elevation: 8.0
                            Showalter index: -0.50
                               Lifted index: -3.39
    LIFT computed using virtual temperature: -4.03
                                SWEAT index: 241.62
                                    K index: 37.90
                         Cross totals index: 21.50
                      Vertical totals index: 21.70
                        Totals totals index: 43.20
      Convective Available Potential Energy: 1645.39
             CAPE using virtual temperature: 1786.63
                      Convective Inhibition: -8.58
             CINS using virtual temperature: -5.15
                           Equilibrum Level: 143.10
 Equilibrum Level using virtual temperature: 142.15
                   Level of Free Convection: 897.03
             LFCT using virtual temperature: 906.32
                     Bulk Richardson Number: 131.34
          Bulk Richardson Number using CAPV: 142.62
  Temp [K] of the Lifted Condensation Level: 295.82
Pres [hPa] of the Lifted Condensation Level: 949.73
   Equivalent potential temp [K] of the LCL: 355.08
     Mean mixed layer potential temperature: 300.23
              Mean mixed layer mixing ratio: 18.66
              1000 hPa to 500 hPa thickness: 5772.00
Precipitable water [mm] for entire sounding: 63.25
</PRE>
<P>Description of the 
<A HREF="/upperair/columns.html">data columns</A>
or <A HREF="/upperair/indices.html">sounding indices</A>.

<P>
<FORM>
<INPUT CLASS="button" TYPE="button" VALUE=" Close this window " 
 onClick="window.close();">
<INPUT CLASS="button" TYPE="button" VALUE=" Select another map " 
 onClick="window.blur();">
</FORM>
<HR SIZE="1">
<I>Interested in graduate studies in atmospheric science?
Check out our program at the
<a href="http://www.uwyo.edu/atsc/howtoapply/"
target=_top>University of Wyoming
</a></I>
<HR SIZE="1"><FONT SIZE="-1">
Questions about the weather data provided by this site can be
addressed to <A HREF="mailto:ldoolman@uwyo.edu">
Larry Oolman (ldoolman@uwyo.edu)</A></FONT>
<HR SIZE="1">
<SCRIPT TYPE="text/javascript">
<!--
window.focus();
// -->
</SCRIPT>
</BODY>
</HTML>
