2013-03-08 12
<HTML>
<TITLE>University of Wyoming - Radiosonde Data</TITLE>
<BODY BGCOLOR="white">
<H2>96749 WIII Jakarta Observations at 00Z 08 Mar 2013</H2>
<PRE>
-----------------------------------------------------------------------------
   PRES   HGHT   TEMP   DWPT   RELH   MIXR   DRCT   SKNT   THTA   THTE   THTV
    hPa     m      C      C      %    g/kg    deg   knot     K      K      K 
-----------------------------------------------------------------------------
 1009.0      8   24.8   23.6     93  18.57    260      4  297.2  351.1  300.5
 1000.0     90   25.8   23.3     86  18.39    265      6  298.9  352.8  302.2
  977.0    296   25.6   21.2     76  16.49    275     12  300.8  349.4  303.7
  973.0    332   25.6   20.8     75  16.17    272     12  301.1  348.9  304.0
  944.0    597   24.0   17.9     69  13.89    250     12  302.1  343.4  304.6
  925.0    776   23.0   16.0     65  12.51    250     14  302.8  340.1  305.1
  912.0    899   22.2   15.8     67  12.57    250     14  303.2  340.8  305.5
  850.0   1509   18.2   15.1     82  12.86    260     12  305.2  343.9  307.6
  822.0   1795   16.6   13.8     83  12.22    280     12  306.5  343.5  308.7
  793.0   2101   15.0   12.4     85  11.56    270     12  307.9  343.1  310.0
  770.0   2352   13.6   11.3     86  11.04    258     11  309.0  342.8  311.0
  713.0   2998   10.5    6.9     78   8.81    225     10  312.5  340.0  314.1
  700.0   3152    9.8    5.8     76   8.33    225      8  313.3  339.5  314.9
  688.0   3296    9.2    5.2     76   8.13    225      8  314.2  339.9  315.7
  684.0   3344    9.0    5.0     76   8.06    221      8  314.5  340.0  316.0
  675.0   3454    9.0    1.0     57   6.13    213      8  315.7  335.4  316.9
  617.0   4194    4.8   -4.2     52   4.56    155      6  319.0  334.1  319.9
  615.0   4220    4.6   -4.4     52   4.51    155      6  319.1  334.0  320.0
  595.0   4489    2.8   -6.2     52   4.06    150      2  320.1  333.6  320.9
  594.0   4503    2.9   -8.1     44   3.53    150      2  320.4  332.2  321.1
  589.0   4571    3.6  -17.4     20   1.67    173      3  321.9  327.8  322.3
  573.0   4793    2.1  -14.3     29   2.22    250      6  322.7  330.4  323.1
  552.0   5095    0.0  -10.0     47   3.26    285      6  323.7  334.8  324.3
  531.0   5403   -2.1  -12.1     46   2.87    295      6  324.8  334.7  325.4
  512.0   5693   -4.0  -14.0     46   2.55    280      4  325.9  334.8  326.4
  509.0   5740   -4.3  -14.3     46   2.50    284      5  326.1  334.8  326.6
  500.0   5880   -5.5  -17.5     38   1.95    295      6  326.3  333.2  326.6
  492.0   6006   -6.3  -20.3     32   1.56    305      6  326.8  332.4  327.1
  482.0   6166   -7.5  -13.5     62   2.82    286      6  327.2  337.1  327.8
  474.0   6295   -8.4  -17.2     49   2.10    270      6  327.7  335.1  328.1
  468.0   6394   -9.1  -20.1     41   1.67    267      6  328.0  334.0  328.4
  459.0   6543  -10.1  -18.1     52   2.02    262      6  328.6  335.8  329.0
  456.0   6594  -10.3  -18.9     49   1.89    260      6  328.9  335.7  329.3
  454.0   6627  -10.5  -19.5     48   1.81    249      6  329.1  335.6  329.5
  438.0   6900  -11.8  -21.9     43   1.52    155      2  330.9  336.4  331.2
  421.0   7201  -13.2  -24.6     38   1.24    175      8  332.8  337.4  333.0
  400.0   7590  -15.1  -28.1     32   0.95    165      4  335.3  338.9  335.5
  384.0   7898  -17.3  -29.3     34   0.89    159      5  336.3  339.7  336.5
  381.0   7957  -17.7  -24.7     54   1.36    158      5  336.5  341.6  336.8
  374.0   8096  -18.4  -30.3     34   0.83    155      6  337.4  340.6  337.6
  371.0   8156  -18.7  -32.7     28   0.66    161      6  337.8  340.4  337.9
  345.0   8688  -22.4  -37.4     24   0.45    215      4  339.9  341.7  339.9
  318.0   9284  -26.5  -42.7     20   0.28    165      4  342.1  343.3  342.2
  304.0   9613  -28.8  -45.6     18   0.21     55      2  343.3  344.2  343.4
  300.0   9710  -29.5  -46.5     18   0.20     50      2  343.7  344.5  343.7
  292.0   9901  -31.0  -46.1     21   0.21     50      4  344.2  345.1  344.3
  280.0  10197  -33.3  -45.5     28   0.23     20      8  345.1  346.1  345.1
  279.0  10222  -33.5  -45.5     29   0.24     20      8  345.1  346.1  345.2
  273.0  10373  -34.9  -40.9     54   0.39     23     10  345.2  346.9  345.3
  268.0  10501  -35.8  -41.6     55   0.37     25     12  345.8  347.3  345.9
  250.0  10980  -39.1  -44.1     59   0.31     10     19  347.8  349.1  347.9
  247.0  11063  -40.1  -46.1     53   0.25      6     21  347.5  348.6  347.6
  246.0  11090  -40.3                           5     21  347.6         347.6
  215.0  11988  -48.2                          25     16  348.9         348.9
  200.0  12470  -52.5                          10     16  349.5         349.5
  187.0  12888  -56.0                           0     19  350.6         350.6
  162.0  13781  -63.5                          35     16  352.7         352.7
  154.0  14096  -66.1                          30     14  353.3         353.3
  150.0  14260  -67.5                          10     12  353.6         353.6
  146.0  14420  -68.6                         350     12  354.4         354.4
  139.0  14710  -70.7                         335     10  355.8         355.8
  132.0  15016  -72.9                         280     12  357.2         357.2
  127.0  15244  -74.5                         259     12  358.2         358.2
  126.0  15289  -74.8                         255     12  358.5         358.5
  113.0  15907  -79.1                         285     10  361.8         361.8
  107.0  16217  -81.2                         320      4  363.4         363.4
  102.0  16489  -83.1                          75     12  364.8         364.8
  101.0  16545  -83.5                          75     14  365.1         365.1
  100.0  16600  -83.7                          75     16  365.8         365.8
   95.4  16861  -84.9                          65     19  368.4         368.4
   91.0  17121  -85.0                          60     14  373.1         373.1
   86.0  17432  -85.2                         110     12  378.9         378.9
   77.0  18042  -85.5                          50     21  390.4         390.4
   76.1  18106  -85.5                          53     19  391.7         391.7
   73.0  18337  -83.9                          65     14  399.8         399.8
   70.0  18570  -82.3                          95     21  408.0         408.0
   66.9  18826  -78.1                         114     21  422.4         422.4
   66.0  18904  -76.9                         120     21  426.7         426.7
   63.0  19173  -72.8                          90     19  441.4         441.4
   62.8  19191  -72.5                          90     19  442.5         442.5
   57.8  19677  -73.7                          77     31  450.4         450.4
   57.0  19759  -73.3                          75     33  453.0         453.0
   50.4  20483  -70.1                          80     33  476.8         476.8
   50.0  20530  -70.1                          80     33  477.9         477.9
   49.0  20652  -69.8                          80     35  481.4         481.4
   46.0  21033  -68.7                         100     39  492.7         492.7
   42.0  21583  -67.2                          85     58  509.4         509.4
   36.1  22497  -64.7                          95     55  538.5         538.5
   31.0  23444  -58.4                         105     51  579.5         579.5
   30.5  23545  -57.7                         107     51  584.0         584.0
   30.0  23650  -56.3                         110     52  590.6         590.6
   27.0  24334  -48.2                         110     35  631.5         631.5
   26.7  24406  -47.3                         104     32  635.9         635.9
   25.0  24844  -45.3                          70     14  653.7         653.7
   24.5  24979  -44.7                          97     10  659.2         659.2
   24.0  25115  -45.3                         125      6  661.3         661.3
   23.0  25397  -46.6                         275     16  665.6         665.6
   22.0  25692  -48.0                         260     17  670.1         670.1
   21.0  26000  -49.4                         335      8  674.9         674.9
   20.9  26031  -49.5                         270     10  675.4         675.4
   20.0  26320  -49.5                           5      6  683.9         683.9
   19.0  26654  -49.7                         205      8  693.3         693.3
   17.0  27379  -50.2                         255      8  714.1         714.1
   16.0  27775  -50.5                          90      8  725.8         725.8
   15.9  27816  -50.5                          84      8  727.0         727.0
   15.0  28198  -47.1                          25      4  750.5         750.5
   14.9  28242  -46.7                          15      4  753.2         753.2
   14.0  28652  -47.2                         285      8  765.1         765.1
   13.0  29140  -47.8                         335     19  779.5         779.5
   12.0  29667  -48.4                         265     10  795.4         795.4
   11.2  30121  -48.9                         225      8  809.3         809.3
   11.0  30240  -48.3                         215      8  815.8         815.8
   10.0  30870  -44.9                         100     17  850.8         850.8
    9.9  30937  -44.7                                     854.0         854.0
</PRE><H3>Station information and sounding indices</H3><PRE>
                         Station identifier: WIII
                             Station number: 96749
                           Observation time: 130308/0000
                           Station latitude: -6.11
                          Station longitude: 106.65
                          Station elevation: 8.0
                            Showalter index: -0.16
                               Lifted index: -2.26
    LIFT computed using virtual temperature: -2.93
                                SWEAT index: 211.21
                                    K index: 34.80
                         Cross totals index: 20.60
                      Vertical totals index: 23.70
                        Totals totals index: 44.30
      Convective Available Potential Energy: 382.24
             CAPE using virtual temperature: 527.83
                      Convective Inhibition: -64.11
             CINS using virtual temperature: -40.53
                           Equilibrum Level: 255.81
 Equilibrum Level using virtual temperature: 247.28
                   Level of Free Convection: 793.21
             LFCT using virtual temperature: 823.25
                     Bulk Richardson Number: 358.34
          Bulk Richardson Number using CAPV: 494.83
  Temp [K] of the Lifted Condensation Level: 293.72
Pres [hPa] of the Lifted Condensation Level: 926.72
   Equivalent potential temp [K] of the LCL: 349.45
     Mean mixed layer potential temperature: 300.20
              Mean mixed layer mixing ratio: 16.82
              1000 hPa to 500 hPa thickness: 5790.00
Precipitable water [mm] for entire sounding: 50.89
</PRE>
<P>Description of the 
<A HREF="/upperair/columns.html">data columns</A>
or <A HREF="/upperair/indices.html">sounding indices</A>.

<P>
<FORM>
<INPUT CLASS="button" TYPE="button" VALUE=" Close this window " 
 onClick="window.close();">
<INPUT CLASS="button" TYPE="button" VALUE=" Select another map " 
 onClick="window.blur();">
</FORM>
<HR SIZE="1">
<I>Interested in graduate studies in atmospheric science?
Check out our program at the
<a href="http://www.uwyo.edu/atsc/howtoapply/"
target=_top>University of Wyoming
</a></I>
<HR SIZE="1"><FONT SIZE="-1">
Questions about the weather data provided by this site can be
addressed to <A HREF="mailto:ldoolman@uwyo.edu">
Larry Oolman (ldoolman@uwyo.edu)</A></FONT>
<HR SIZE="1">
<SCRIPT TYPE="text/javascript">
<!--
window.focus();
// -->
</SCRIPT>
</BODY>
</HTML>
