2013-10-11 00
<HTML>
<TITLE>University of Wyoming - Radiosonde Data</TITLE>
<BODY BGCOLOR="white">
<H2>96749 WIII Jakarta Observations at 00Z 11 Oct 2013</H2>
<PRE>
-----------------------------------------------------------------------------
   PRES   HGHT   TEMP   DWPT   RELH   MIXR   DRCT   SKNT   THTA   THTE   THTV
    hPa     m      C      C      %    g/kg    deg   knot     K      K      K 
-----------------------------------------------------------------------------
 1011.0      8   24.6   21.7     84  16.46    190      4  296.8  344.5  299.7
 1000.0    106   25.4   20.4     74  15.33    180      4  298.6  343.4  301.3
  996.0    141   26.4   20.4     70  15.40    177      4  299.9  345.1  302.7
  978.0    301   25.2   20.1     73  15.35    165      4  300.3  345.4  303.0
  945.0    602   23.0   19.4     80  15.25     95      4  301.0  346.0  303.7
  925.0    790   21.6   19.0     85  15.19     95      6  301.4  346.3  304.1
  913.0    903   21.0   18.1     83  14.50     95      6  301.9  344.9  304.6
  888.0   1144   19.8   16.1     79  13.13     95      5  303.1  342.2  305.4
  866.0   1361   19.0   11.0     60   9.60     95      4  304.4  333.4  306.2
  852.0   1501   17.8   12.5     71  10.79     95      4  304.6  337.1  306.5
  850.0   1521   17.6   12.7     73  10.97     90      4  304.6  337.6  306.6
  836.0   1663   16.6   13.3     81  11.61     62      5  305.0  339.9  307.1
  823.0   1797   16.7    7.9     56   8.18     35      6  306.5  331.6  308.0
  818.0   1849   16.8    5.8     48   7.12     30      6  307.1  329.0  308.4
  795.0   2089   14.9    6.6     57   7.77      5      6  307.6  331.6  309.1
  741.0   2683   10.4    8.7     89   9.62    303      6  308.9  338.5  310.7
  716.0   2968    9.2    5.2     76   7.80    272      6  310.6  335.0  312.1
  714.0   2992    9.4    1.8     59   6.16    270      6  311.1  330.5  312.2
  707.0   3073   10.0  -10.0     23   2.54    275      7  312.6  321.1  313.1
  700.0   3156    9.6  -12.4     20   2.12    280      8  313.1  320.2  313.5
  674.0   3469    8.0  -23.0      9   0.90    305      9  314.7  317.9  314.9
  664.0   3591    6.9  -14.6     20   1.87    315     10  314.8  321.2  315.2
  650.0   3766    5.4   -2.6     56   4.89    315      9  315.0  330.8  316.0
  627.0   4060    4.8  -24.2     10   0.87    315      8  317.6  320.7  317.8
  617.0   4190    3.9  -22.3     13   1.04    315      8  318.0  321.7  318.2
  606.0   4336    2.8  -20.2     17   1.27    316      8  318.4  322.9  318.6
  602.0   4390    2.6  -15.4     25   1.93    316      8  318.8  325.4  319.1
  580.0   4690    0.4   -6.6     59   4.04    318      8  319.6  333.1  320.4
  573.0   4787    1.2  -15.8     27   1.96    318      8  321.7  328.5  322.1
  553.0   5072    0.0  -18.0     24   1.69    320      8  323.5  329.5  323.9
  551.0   5101   -0.3  -17.6     26   1.75    320      8  323.6  329.7  323.9
  531.0   5395   -3.0  -13.4     45   2.58    330     10  323.8  332.7  324.3
  527.0   5455   -3.5  -12.5     50   2.79    336     10  323.8  333.4  324.4
  521.0   5546   -3.3  -23.3     20   1.13    344      9  325.1  329.2  325.3
  500.0   5870   -5.1  -20.1     30   1.56     15      8  326.8  332.4  327.1
  496.0   5933   -5.7  -21.7     27   1.37     22      9  326.8  331.7  327.1
  474.0   6285   -7.7  -23.7     26   1.20     60     12  328.6  332.9  328.8
  437.0   6915  -11.3  -27.3     25   0.94     74     18  331.7  335.2  331.9
  435.0   6950  -10.5  -41.5      6   0.23     75     19  333.2  334.1  333.2
  422.0   7182  -12.0  -44.1      5   0.18     80     21  334.1  334.9  334.2
  400.0   7590  -14.7  -48.7      4   0.11     95     21  335.8  336.3  335.8
  374.0   8086  -18.4  -49.2      5   0.12     95     25  337.4  337.9  337.4
  319.0   9261  -27.3  -50.3      9   0.12    100     25  340.8  341.3  340.8
  318.0   9284  -27.5  -50.2     10   0.12    100     25  340.8  341.3  340.8
  300.0   9700  -30.9  -47.9     17   0.17     95     23  341.7  342.4  341.7
  257.0  10781  -40.1  -50.1     33   0.15     65     21  343.6  344.2  343.6
  250.0  10970  -41.5                          60     21  344.2         344.2
  224.0  11693  -47.9                          45     19  345.4         345.4
  200.0  12440  -54.5                          50     25  346.3         346.3
  150.0  14210  -70.5                          70     35  348.5         348.5
  134.0  14872  -75.9                          70     47  350.3         350.3
  131.0  15002  -76.1                          70     49  352.2         352.2
  118.0  15605  -76.9                          55     43  361.4         361.4
  112.0  15906  -77.3                          75     19  366.1         366.1
  107.0  16166  -79.2                         110     16  367.4         367.4
  101.0  16493  -81.5                         125     25  369.0         369.0
  100.0  16550  -81.9                         120     27  369.2         369.2
   91.0  17082  -80.3                          65     25  382.4         382.4
   86.0  17400  -79.4                          30     16  390.5         390.5
   84.4  17506  -79.1                          34     14  393.2         393.2
   82.0  17672  -75.3                          40     10  404.2         404.2
   81.1  17736  -73.9                          50      9  408.4         408.4
   78.0  17965  -73.2                          85      6  414.4         414.4
   74.0  18274  -72.3                         270     14  422.7         422.7
   70.0  18600  -71.3                         270     17  431.5         431.5
   67.0  18860  -70.7                         285     16  438.2         438.2
   60.0  19514  -69.2                         275     16  455.6         455.6
   57.7  19746  -68.7                         252     20  461.9         461.9
   57.0  19818  -68.9                         245     21  463.0         463.0
   53.2  20228  -70.3                         240     15  469.0         469.0
   50.2  20576  -65.5                         235     10  488.2         488.2
   50.0  20600  -65.5                         235     10  488.7         488.7
   49.0  20724  -65.1                         235     12  492.5         492.5
   47.0  20979  -64.2                         260     16  500.5         500.5
   45.0  21246  -63.3                         250     14  509.0         509.0
   43.0  21524  -62.3                         275     29  518.0         518.0
   42.5  21596  -62.1                                     520.3         520.3
</PRE><H3>Station information and sounding indices</H3><PRE>
                         Station identifier: WIII
                             Station number: 96749
                           Observation time: 131011/0000
                           Station latitude: -6.11
                          Station longitude: 106.65
                          Station elevation: 8.0
                            Showalter index: 2.80
                               Lifted index: -0.21
    LIFT computed using virtual temperature: -0.83
                                SWEAT index: 168.41
                                    K index: 13.40
                         Cross totals index: 17.80
                      Vertical totals index: 22.70
                        Totals totals index: 40.50
      Convective Available Potential Energy: 51.45
             CAPE using virtual temperature: 172.65
                      Convective Inhibition: -87.56
             CINS using virtual temperature: -57.56
                           Equilibrum Level: 436.72
 Equilibrum Level using virtual temperature: 435.73
                   Level of Free Convection: 765.09
             LFCT using virtual temperature: 787.50
                     Bulk Richardson Number: 8.18
          Bulk Richardson Number using CAPV: 27.46
  Temp [K] of the Lifted Condensation Level: 292.24
Pres [hPa] of the Lifted Condensation Level: 915.47
   Equivalent potential temp [K] of the LCL: 345.00
     Mean mixed layer potential temperature: 299.72
              Mean mixed layer mixing ratio: 15.45
              1000 hPa to 500 hPa thickness: 5764.00
Precipitable water [mm] for entire sounding: 40.99
</PRE>
<P>Description of the 
<A HREF="/upperair/columns.html">data columns</A>
or <A HREF="/upperair/indices.html">sounding indices</A>.

<P>
<FORM>
<INPUT CLASS="button" TYPE="button" VALUE=" Close this window " 
 onClick="window.close();">
<INPUT CLASS="button" TYPE="button" VALUE=" Select another map " 
 onClick="window.blur();">
</FORM>
<HR SIZE="1">
<I>Interested in graduate studies in atmospheric science?
Check out our program at the
<a href="http://www.uwyo.edu/atsc/howtoapply/"
target=_top>University of Wyoming
</a></I>
<HR SIZE="1"><FONT SIZE="-1">
Questions about the weather data provided by this site can be
addressed to <A HREF="mailto:ldoolman@uwyo.edu">
Larry Oolman (ldoolman@uwyo.edu)</A></FONT>
<HR SIZE="1">
<SCRIPT TYPE="text/javascript">
<!--
window.focus();
// -->
</SCRIPT>
</BODY>
</HTML>
