2013-05-31 00
<HTML>
<TITLE>University of Wyoming - Radiosonde Data</TITLE>
<BODY BGCOLOR="white">
<H2>96749 WIII Jakarta Observations at 00Z 31 May 2013</H2>
<PRE>
-----------------------------------------------------------------------------
   PRES   HGHT   TEMP   DWPT   RELH   MIXR   DRCT   SKNT   THTA   THTE   THTV
    hPa     m      C      C      %    g/kg    deg   knot     K      K      K 
-----------------------------------------------------------------------------
 1008.0      8   24.6   23.7     95  18.70    220      4  297.1  351.4  300.4
 1000.0     79   24.6   22.1     86  17.07    225      8  297.8  347.4  300.8
  975.0    301   23.7   21.3     87  16.68    240     17  299.0  347.8  302.0
  942.0    602   22.4   20.3     87  16.16    280     14  300.7  348.3  303.6
  925.0    762   21.8   19.7     88  15.88    285     16  301.6  348.6  304.5
  915.0    857   21.4   19.5     89  15.86    288     16  302.1  349.1  305.0
  910.0    904   21.1   19.2     89  15.70    290     16  302.3  348.9  305.2
  850.0   1494   18.0   16.2     89  13.82    300     17  305.0  346.5  307.5
  824.0   1761   17.8   14.1     79  12.42    291     16  307.5  345.3  309.8
  820.0   1802   17.6   13.8     79  12.26    290     16  307.7  345.0  309.9
  792.0   2097   15.7   11.9     78  11.17    285     16  308.8  343.0  310.9
  764.0   2402   13.9    9.9     77  10.12    280     14  310.0  341.2  311.9
  737.0   2707   12.0    7.9     76   9.15    259     14  311.1  339.6  312.8
  700.0   3137    9.6    4.6     71   7.65    230     14  313.1  337.2  314.5
  686.0   3302    8.6    4.1     73   7.52    225     16  313.7  337.5  315.2
  638.0   3894    4.8    2.1     83   7.04    220     14  316.1  338.6  317.4
  615.0   4194    2.9    1.1     88   6.80    250      8  317.2  339.1  318.5
  581.0   4659    0.0   -0.4     97   6.44    265      9  319.0  339.9  320.2
  550.0   5096   -1.8   -3.5     88   5.39    280     10  321.9  339.7  322.9
  536.0   5302   -2.7   -5.0     84   4.95    276     11  323.2  339.7  324.2
  500.0   5850   -6.5   -7.0     96   4.55    265     14  325.1  340.4  325.9
  437.0   6889  -11.8  -13.8     85   3.03    260     14  331.1  341.8  331.7
  420.0   7195  -13.4  -15.8     82   2.68    270     10  332.9  342.4  333.4
  406.0   7457  -14.7  -17.5     79   2.40    301      3  334.4  343.0  334.9
  404.0   7494  -14.6  -18.4     72   2.23    305      2  335.0  343.1  335.5
  400.0   7570  -14.3  -20.3     60   1.92    335      2  336.3  343.4  336.7
  388.0   7801  -15.3  -22.3     55   1.66     65      6  337.9  344.1  338.3
  373.0   8097  -17.8  -25.9     49   1.24     40      8  338.5  343.2  338.7
  362.0   8321  -19.7  -28.7     45   0.99     44     10  338.8  342.6  339.0
  346.0   8656  -21.9  -35.9     27   0.52     49     13  340.2  342.3  340.4
  330.0   8999  -24.5  -39.1     24   0.39     55     16  341.3  342.9  341.4
  317.0   9290  -26.7  -41.9     22   0.31     70     16  342.2  343.5  342.3
  300.0   9690  -29.7  -45.7     20   0.21     55     12  343.4  344.3  343.4
  291.0   9905  -31.8  -46.3     22   0.21     55     12  343.5  344.4  343.5
  279.0  10202  -34.6  -47.1     27   0.20     70     14  343.6  344.4  343.6
  276.0  10278  -35.3  -47.3     28   0.19     68     15  343.6  344.4  343.6
  253.0  10879  -40.1  -51.1     30   0.14     52     18  345.1  345.7  345.2
  250.0  10960  -40.7                          50     19  345.4         345.4
  214.0  11984  -49.6                          40     27  347.2         347.2
  200.0  12430  -53.5                          40     29  347.9         347.9
  153.0  14097  -67.7                          30     25  351.4         351.4
  150.0  14220  -68.7                          35     25  351.6         351.6
  145.0  14421  -70.0                          40     23  352.8         352.8
  139.0  14671  -71.5                          59     21  354.4         354.4
  131.0  15013  -73.6                          85     17  356.6         356.6
  125.0  15284  -75.3                         140     12  358.4         358.4
  118.0  15616  -77.3                         160     16  360.6         360.6
  111.0  15969  -79.5                         155     17  362.9         362.9
  107.0  16177  -79.3                         150     12  367.1         367.1
  101.0  16504  -79.0                          25      8  373.9         373.9
  100.0  16560  -78.9                          25      8  375.0         375.0
   96.0  16792  -78.8                          15     10  379.7         379.7
   91.0  17097  -78.6                         175     10  385.9         385.9
   82.0  17689  -78.2                         145     21  398.3         398.3
   78.0  17974  -78.1                         120     12  404.4         404.4
   74.0  18274  -77.9                          25      8  410.9         410.9
   70.0  18590  -77.7                          80      8  417.8         417.8
   65.3  18992  -75.3                         100     18  431.4         431.4
   63.0  19206  -73.8                         110     23  439.2         439.2
   54.0  20125  -67.4                          85     37  473.8         473.8
   52.4  20304  -66.1                          77     29  480.8         480.8
   50.0  20590  -65.5                          65     17  488.7         488.7
   49.0  20715  -64.6                          55     10  493.6         493.6
   47.0  20974  -62.8                          90     16  503.8         503.8
   42.0  21672  -58.0                         280     19  532.2         532.2
   41.5  21747  -57.5                         282     19  535.3         535.3
   35.0  22814  -59.7                         310     21  556.3         556.3
   32.0  23376  -60.8                         290     10  567.7         567.7
   30.8  23616  -61.3                         296     11  572.6         572.6
   30.0  23780  -59.7                         300     12  581.3         581.3
   29.0  23995  -55.2                         280     17  599.2         599.2
   28.4  24128  -52.5                         280     19  610.4         610.4
   24.5  25090  -48.7                         277     31  647.7         647.7
   21.0  26100  -49.5                         275     43  674.5         674.5
   20.0  26420  -49.7                         270     39  683.3         683.3
   19.0  26759  -49.3                         280     41  694.6         694.6
   15.0  28321  -47.4                         295     62  749.4         749.4
   13.0  29267  -46.3                         285     56  784.6         784.6
   11.0  30371  -45.0                         270     66  827.7         827.7
   10.9  30432  -44.9                         270     67  830.1         830.1
   10.0  31010  -42.7                         270     76  859.0         859.0
    9.7  31216  -41.9                         270     78  869.7         869.7
    9.3  31502  -40.7                         270     78  884.6         884.6
    9.0  31724  -41.4                         270     78  890.4         890.4
    8.5  32111  -42.5                         270     74  900.6         900.6
    8.0  32525  -40.1                         270     70  926.0         926.0
    7.5  32966  -37.5                                     953.7         953.7
</PRE><H3>Station information and sounding indices</H3><PRE>
                         Station identifier: WIII
                             Station number: 96749
                           Observation time: 130531/0000
                           Station latitude: -6.11
                          Station longitude: 106.65
                          Station elevation: 8.0
                            Showalter index: -2.15
                               Lifted index: -2.70
    LIFT computed using virtual temperature: -2.91
                                SWEAT index: 242.40
                                    K index: 35.70
                         Cross totals index: 22.70
                      Vertical totals index: 24.50
                        Totals totals index: 47.20
      Convective Available Potential Energy: 363.93
             CAPE using virtual temperature: 437.06
                      Convective Inhibition: -88.40
             CINS using virtual temperature: -71.59
                           Equilibrum Level: 219.61
 Equilibrum Level using virtual temperature: 219.89
                   Level of Free Convection: 725.49
             LFCT using virtual temperature: 753.21
                     Bulk Richardson Number: 105.27
          Bulk Richardson Number using CAPV: 126.42
  Temp [K] of the Lifted Condensation Level: 294.18
Pres [hPa] of the Lifted Condensation Level: 947.86
   Equivalent potential temp [K] of the LCL: 347.94
     Mean mixed layer potential temperature: 298.73
              Mean mixed layer mixing ratio: 16.86
              1000 hPa to 500 hPa thickness: 5771.00
Precipitable water [mm] for entire sounding: 58.99
</PRE>
<P>Description of the 
<A HREF="/upperair/columns.html">data columns</A>
or <A HREF="/upperair/indices.html">sounding indices</A>.

<P>
<FORM>
<INPUT CLASS="button" TYPE="button" VALUE=" Close this window " 
 onClick="window.close();">
<INPUT CLASS="button" TYPE="button" VALUE=" Select another map " 
 onClick="window.blur();">
</FORM>
<HR SIZE="1">
<I>Interested in graduate studies in atmospheric science?
Check out our program at the
<a href="http://www.uwyo.edu/atsc/howtoapply/"
target=_top>University of Wyoming
</a></I>
<HR SIZE="1"><FONT SIZE="-1">
Questions about the weather data provided by this site can be
addressed to <A HREF="mailto:ldoolman@uwyo.edu">
Larry Oolman (ldoolman@uwyo.edu)</A></FONT>
<HR SIZE="1">
<SCRIPT TYPE="text/javascript">
<!--
window.focus();
// -->
</SCRIPT>
</BODY>
</HTML>
