2015-06-27 12
<HTML>
<TITLE>University of Wyoming - Radiosonde Data</TITLE>
<BODY BGCOLOR="white">
<H2>96749 WIII Jakarta Observations at 00Z 27 Jun 2015</H2>
<PRE>
-----------------------------------------------------------------------------
   PRES   HGHT   TEMP   DWPT   RELH   MIXR   DRCT   SKNT   THTA   THTE   THTV
    hPa     m      C      C      %    g/kg    deg   knot     K      K      K 
-----------------------------------------------------------------------------
 1013.0      8   24.6   21.3     82  16.02    160      4  296.6  343.1  299.5
 1000.0    126   25.4   22.7     85  17.72    135      6  298.6  350.3  301.7
  981.0    295   24.9   20.2     75  15.41    100     10  299.7  345.0  302.5
  952.0    559   24.2   16.2     61  12.31     95     12  301.6  338.1  303.8
  925.0    811   22.2   16.2     69  12.68     90     14  302.0  339.7  304.3
  916.0    895   21.6   15.9     70  12.53     90     14  302.2  339.5  304.5
  850.0   1541   17.2   13.3     78  11.42     65     19  304.1  338.4  306.2
  849.0   1551   17.0   13.1     78  11.28     65     19  304.0  337.9  306.1
  824.0   1806   16.0    8.8     62   8.72     60     16  305.6  332.2  307.2
  818.0   1868   15.8    7.8     59   8.18     61     14  306.0  331.0  307.5
  800.0   2057   16.8   -8.2     17   2.59     64      9  309.0  317.5  309.5
  796.0   2100   16.6   -8.3     17   2.57     65      8  309.2  317.6  309.7
  768.0   2401   14.8   -9.2     18   2.48     15      6  310.6  318.7  311.0
  700.0   3180   10.4  -11.6     20   2.26     70      2  314.0  321.6  314.4
  665.0   3605    8.6  -14.8     17   1.83     90      4  316.6  322.9  317.0
  653.0   3756    8.0  -16.0     16   1.69    116      3  317.6  323.4  317.9
  642.0   3895    6.7  -12.8     23   2.24    140      2  317.7  325.3  318.1
  624.0   4129    4.6   -7.4     41   3.53     93      4  317.8  329.6  318.5
  619.0   4194    4.2   -7.9     41   3.42     80      4  318.1  329.5  318.8
  574.0   4805    0.9  -12.8     35   2.51     90      4  321.1  329.7  321.6
  563.0   4961    0.0  -14.0     34   2.31    108      5  321.9  329.9  322.3
  553.0   5103   -1.1  -14.7     35   2.23    125      6  322.2  329.9  322.7
  513.0   5697   -5.7  -17.4     39   1.92    150      8  323.6  330.4  324.0
  500.0   5900   -7.3  -18.3     41   1.82    175      6  324.1  330.5  324.4
  494.0   5993   -8.0  -18.1     44   1.87    190      4  324.4  331.0  324.7
  475.0   6295  -10.2  -17.4     56   2.06    295      6  325.3  332.5  325.7
  461.0   6525  -11.9  -16.9     66   2.22    349      9  325.9  333.7  326.4
  457.0   6591  -12.2  -16.8     68   2.25      5     10  326.4  334.3  326.9
  443.0   6828  -13.1  -16.6     75   2.37     48      9  328.2  336.5  328.6
  431.0   7036  -12.9  -24.9     36   1.18     86      9  331.0  335.4  331.2
  422.0   7196  -13.6  -27.8     29   0.92    115      8  332.1  335.6  332.3
  406.0   7488  -14.8  -33.2     19   0.58    115     10  334.2  336.5  334.3
  400.0   7600  -15.3  -35.3     16   0.48    125      8  335.0  336.9  335.1
  390.0   7789  -16.5  -39.6     12   0.32    140      6  335.9  337.2  336.0
  357.0   8450  -20.5  -54.5      3   0.07    122     13  339.1  339.4  339.1
  346.0   8677  -22.4  -53.2      4   0.08    115     16  339.6  339.9  339.6
  300.0   9710  -31.1  -47.1     19   0.18    100     14  341.4  342.2  341.5
  268.0  10501  -36.5  -56.3     11   0.07    100     21  344.7  345.0  344.7
  266.0  10554  -36.9  -56.9     11   0.07    101     21  344.9  345.2  344.9
  261.0  10685  -38.1  -46.1     43   0.24    102     23  345.0  346.0  345.1
  256.0  10818  -39.1  -47.1     42   0.21    103     24  345.4  346.4  345.5
  251.0  10953  -40.1  -62.1      8   0.04    105     25  345.9  346.1  345.9
  250.0  10980  -40.3                         105     25  346.0         346.0
  225.0  11679  -46.4                          95     27  347.2         347.2
  200.0  12460  -53.3                          90     29  348.2         348.2
  162.0  13780  -63.7                          60     35  352.3         352.3
  160.0  13858  -64.3                          60     33  352.6         352.6
  150.0  14250  -66.5                          60     21  355.3         355.3
  139.0  14696  -68.8                          65     14  359.2         359.2
  126.0  15270  -71.7                          60     25  364.1         364.1
  120.0  15555  -73.2                          75     14  366.5         366.5
  114.0  15855  -74.7                         125     14  369.1         369.1
  108.0  16172  -76.3                         120     16  371.8         371.8
  101.0  16564  -78.3                         145     14  375.1         375.1
  100.0  16620  -78.3                         155     16  376.2         376.2
   90.0  17225  -76.3                         223     16  391.7         391.7
   87.0  17418  -77.5                         245     16  393.2         393.2
   80.0  17897  -80.3                         220     16  396.9         396.9
   79.0  17969  -79.9                         215     14  399.1         399.1
   75.0  18266  -78.2                         155      6  408.7         408.7
   70.0  18660  -75.9                         125     23  421.7         421.7
   67.6  18862  -74.3                         113     32  429.4         429.4
   64.6  19130  -67.9                          98     43  449.0         449.0
   64.0  19186  -67.9                          95     45  450.3         450.3
   59.4  19635  -67.5                          87     48  460.8         460.8
   58.0  19780  -65.3                          85     49  469.0         469.0
   56.2  19972  -62.3                          73     50  479.9         479.9
   55.0  20104  -62.6                          65     51  482.2         482.2
   50.0  20690  -63.9                          65     45  492.5         492.5
   49.9  20702  -63.9                          65     45  492.8         492.8
   45.0  21350  -57.1                          90     31  524.1         524.1
   43.4  21576  -54.7                          78     13  535.4         535.4
   43.0  21635  -54.9                          75      8  536.2         536.2
   41.0  21937  -56.1                         250     12  540.6         540.6
   38.0  22418  -58.0                         235     27  547.7         547.7
   36.6  22656  -58.9                         225     25  551.3         551.3
   34.0  23121  -58.2                         190      8  564.9         564.9
   33.0  23309  -57.9                         260     10  570.6         570.6
   30.0  23910  -56.9                         215     16  588.9         588.9
   28.0  24354  -55.9                         200     21  603.6         603.6
   27.0  24588  -55.3                         180     27  611.5         611.5
   26.0  24831  -54.7                         135     16  619.7         619.7
   23.0  25620  -52.8                         305     10  647.3         647.3
   21.0  26206  -51.5                         305     16  668.6         668.6
   20.0  26520  -50.7                         260     17  680.2         680.2
   19.0  26856  -50.2                         250     16  691.9         691.9
   18.0  27210  -49.6                         310     16  704.4         704.4
   17.0  27584  -49.0                         280     14  717.9         717.9
   15.8  28063  -48.3                         269     18  735.5         735.5
   14.0  28870  -43.1                         250     25  778.9         778.9
   13.8  28965  -42.5                                     784.2         784.2
</PRE><H3>Station information and sounding indices</H3><PRE>
                         Station identifier: WIII
                             Station number: 96749
                           Observation time: 150627/0000
                           Station latitude: -6.11
                          Station longitude: 106.65
                          Station elevation: 8.0
                            Showalter index: 0.25
                               Lifted index: -2.32
    LIFT computed using virtual temperature: -2.89
                                SWEAT index: 203.60
                                    K index: 15.80
                         Cross totals index: 20.60
                      Vertical totals index: 24.50
                        Totals totals index: 45.10
      Convective Available Potential Energy: 162.92
             CAPE using virtual temperature: 234.20
                      Convective Inhibition: -211.19
             CINS using virtual temperature: -79.93
                           Equilibrum Level: 407.24
 Equilibrum Level using virtual temperature: 397.24
                   Level of Free Convection: 597.59
             LFCT using virtual temperature: 641.74
                     Bulk Richardson Number: 100.89
          Bulk Richardson Number using CAPV: 145.03
  Temp [K] of the Lifted Condensation Level: 292.42
Pres [hPa] of the Lifted Condensation Level: 921.68
   Equivalent potential temp [K] of the LCL: 344.77
     Mean mixed layer potential temperature: 299.34
              Mean mixed layer mixing ratio: 15.61
              1000 hPa to 500 hPa thickness: 5774.00
Precipitable water [mm] for entire sounding: 35.60
</PRE>
<P>Description of the 
<A HREF="/upperair/columns.html">data columns</A>
or <A HREF="/upperair/indices.html">sounding indices</A>.

<P>
<FORM>
<INPUT CLASS="button" TYPE="button" VALUE=" Close this window " 
 onClick="window.close();">
<INPUT CLASS="button" TYPE="button" VALUE=" Select another map " 
 onClick="window.blur();">
</FORM>
<HR SIZE="1">
<I>Interested in graduate studies in atmospheric science?
Check out our program at the
<a href="http://www.uwyo.edu/atsc/howtoapply/"
target=_top>University of Wyoming
</a></I>
<HR SIZE="1"><FONT SIZE="-1">
Questions about the weather data provided by this site can be
addressed to <A HREF="mailto:ldoolman@uwyo.edu">
Larry Oolman (ldoolman@uwyo.edu)</A></FONT>
<HR SIZE="1">
<SCRIPT TYPE="text/javascript">
<!--
window.focus();
// -->
</SCRIPT>
</BODY>
</HTML>
