2015-07-29 00
<HTML>
<TITLE>University of Wyoming - Radiosonde Data</TITLE>
<BODY BGCOLOR="white">
<H2>96749 WIII Jakarta Observations at 00Z 29 Jul 2015</H2>
<PRE>
-----------------------------------------------------------------------------
   PRES   HGHT   TEMP   DWPT   RELH   MIXR   DRCT   SKNT   THTA   THTE   THTV
    hPa     m      C      C      %    g/kg    deg   knot     K      K      K 
-----------------------------------------------------------------------------
 1011.0      8   25.4   21.7     80  16.46    110      3  297.6  345.5  300.6
 1000.0    108   25.8   21.3     76  16.23    110      8  298.9  346.4  301.9
  979.0    294   24.6   20.4     77  15.62    105     16  299.6  345.4  302.4
  946.0    594   22.7   18.8     79  14.66     85     21  300.6  343.8  303.2
  925.0    791   21.4   17.8     80  14.06     90     19  301.2  342.8  303.7
  850.0   1521   17.0   13.1     78  11.27     90     21  303.9  337.8  306.0
  821.0   1817   15.2   10.2     72   9.60     87     21  305.1  334.1  306.8
  794.0   2099   14.7    4.1     49   6.52     85     21  307.5  327.7  308.7
  766.0   2403   14.2   -2.4     32   4.21     75     21  310.1  323.6  310.9
  755.0   2525   14.0   -5.0     26   3.51     85     19  311.2  322.5  311.8
  700.0   3157    9.8   -7.2     29   3.20    135     10  313.3  323.8  313.9
  688.0   3299    8.8   -7.8     30   3.11    145     10  313.8  324.0  314.4
  663.0   3602    6.8   -9.0     31   2.93    105      6  314.8  324.5  315.4
  640.0   3891    4.8  -10.2     33   2.77     40      6  315.8  325.0  316.3
  617.0   4191    2.8  -11.4     34   2.61     10      8  316.7  325.5  317.2
  613.0   4244    2.4  -11.6     35   2.58     17      9  316.9  325.6  317.4
  594.0   4498    1.9  -22.8     14   1.04     50     14  319.2  322.9  319.4
  590.0   4553    1.8  -25.2     11   0.84     50     14  319.7  322.7  319.9
  575.0   4760    0.0  -16.0     29   1.92     50     15  319.9  326.6  320.3
  557.0   5013   -2.1  -14.1     39   2.32     50     17  320.4  328.3  320.8
  551.0   5100   -0.1  -27.1     11   0.76     50     17  323.7  326.6  323.9
  511.0   5697   -3.7  -37.6      5   0.29     80     17  326.5  327.6  326.5
  500.0   5870   -4.7  -40.7      4   0.22     80     19  327.2  328.1  327.3
  499.0   5886   -4.7  -40.7      4   0.22     80     19  327.4  328.3  327.5
  473.0   6296   -7.7  -41.5      5   0.21     80     16  328.8  329.7  328.9
  438.0   6885  -11.9  -42.6      6   0.21    135     12  330.8  331.6  330.8
  421.0   7188  -14.1  -43.2      7   0.20    110     14  331.7  332.5  331.8
  400.0   7580  -16.9  -43.9      8   0.20    100     12  332.9  333.7  333.0
  344.0   8681  -25.0  -45.7     13   0.19     55     10  336.6  337.4  336.7
  303.0   9607  -31.8  -47.2     20   0.18     85      8  339.5  340.3  339.6
  300.0   9680  -32.3  -47.3     21   0.18     70      8  339.7  340.5  339.8
  281.0  10138  -35.9  -48.9     25   0.16     20     12  341.0  341.7  341.0
  279.0  10187  -36.2  -49.4     24   0.15     15     12  341.2  341.8  341.2
  267.0  10490  -38.4  -52.6     21   0.11      5     10  342.3  342.8  342.3
  258.0  10726  -40.1  -55.1     19   0.08     27     12  343.2  343.6  343.2
  255.0  10805  -40.6                          35     12  343.6         343.6
  250.0  10940  -41.5                          35     12  344.2         344.2
  244.0  11100  -42.9                          35     14  344.6         344.6
  213.0  11995  -50.4                         290      6  346.5         346.5
  204.0  12280  -52.8                         265      8  347.0         347.0
  200.0  12410  -53.9                         270     10  347.2         347.2
  185.0  12895  -57.5                         300     12  349.3         349.3
  177.0  13170  -59.5                         285     12  350.4         350.4
  168.0  13495  -61.9                         245     16  351.7         351.7
  152.0  14118  -66.5                         215     12  354.0         354.0
  150.0  14200  -67.1                         200     14  354.3         354.3
  145.0  14401  -68.3                         180     16  355.6         355.6
  131.0  15003  -71.9                         175     23  359.6         359.6
  125.0  15281  -73.6                         150     19  361.4         361.4
  124.0  15329  -73.9                         145     19  361.8         361.8
  118.0  15618  -74.0                          90     17  366.8         366.8
  107.0  16188  -74.1                          87     22  376.9         376.9
  101.0  16522  -75.6                          85     25  380.3         380.3
  100.0  16580  -75.9                          75     27  380.8         380.8
   96.0  16817  -75.7                          60     29  385.6         385.6
   91.0  17127  -75.5                          55     21  392.0         392.0
   83.0  17661  -75.2                         185      8  403.2         403.2
   78.0  18022  -74.9                         150      6  410.9         410.9
   74.0  18327  -74.7                           5      8  417.6         417.6
   71.0  18568  -74.5                          10      4  422.9         422.9
   70.5  18609  -74.5                         355      4  423.8         423.8
   70.0  18650  -74.1                         340      4  425.5         425.5
   67.0  18907  -73.7                         205      2  431.8         431.8
   64.0  19175  -73.2                         125      4  438.5         438.5
   61.0  19456  -72.8                         135     10  445.6         445.6
   56.9  19864  -72.1                         118     20  456.0         456.0
   52.9  20303  -63.5                          99     31  485.5         485.5
   52.0  20408  -63.1                          95     33  488.9         488.9
   50.0  20650  -62.1                          70     29  496.7         496.7
   47.0  21034  -61.5                          25     17  506.9         506.9
   43.0  21587  -60.8                          40      2  521.9         521.9
   41.0  21883  -60.3                         145      6  530.1         530.1
   39.0  22194  -59.9                         115     19  538.8         538.8
   37.0  22527  -54.1                          65      2  561.9         561.9
   36.8  22562  -53.5                          48      3  564.3         564.3
   35.0  22883  -54.0                         250     10  571.1         571.1
   31.0  23660  -55.2                         245     17  588.1         588.1
   30.0  23870  -55.5                         235     16  592.7         592.7
   29.0  24090  -54.5                         225     14  601.1         601.1
   28.0  24319  -53.5                         245      6  610.0         610.0
   27.0  24555  -52.5                         310     10  619.2         619.2
   26.0  24801  -51.5                         280     12  629.0         629.0
   24.0  25321  -49.2                         310     16  650.1         650.1
   22.3  25799  -47.1                         247     11  670.1         670.1
   22.0  25889  -47.1                         235     10  672.6         672.6
   21.0  26197  -47.2                         245     10  681.3         681.3
   20.0  26520  -47.3                         275     16  690.6         690.6
   17.0  27583  -48.7                         265     35  718.9         718.9
   16.0  27980  -49.3                         260     35  729.7         729.7
   14.0  28853  -50.5                         250      8  754.1         754.1
   13.0  29338  -51.1                         270      6  767.9         767.9
   12.0  29863  -49.5                         315      8  791.5         791.5
   11.0  30434  -47.7                         265     14  818.0         818.0
   10.0  31060  -45.7                         290     16  847.8         847.8
    9.0  31766  -44.1                         290     19  879.9         879.9
    8.2  32390  -42.7                                     909.1         909.1
</PRE><H3>Station information and sounding indices</H3><PRE>
                         Station identifier: WIII
                             Station number: 96749
                           Observation time: 150729/0000
                           Station latitude: -6.11
                          Station longitude: 106.65
                          Station elevation: 8.0
                            Showalter index: 3.13
                               Lifted index: 0.05
    LIFT computed using virtual temperature: -0.79
                                SWEAT index: 218.19
                                    K index: 17.80
                         Cross totals index: 17.80
                      Vertical totals index: 21.70
                        Totals totals index: 39.50
      Convective Available Potential Energy: 281.35
             CAPE using virtual temperature: 444.16
                      Convective Inhibition: -44.69
             CINS using virtual temperature: -30.19
                           Equilibrum Level: 255.00
 Equilibrum Level using virtual temperature: 255.02
                   Level of Free Convection: 821.13
             LFCT using virtual temperature: 848.67
                     Bulk Richardson Number: 104.05
          Bulk Richardson Number using CAPV: 164.26
  Temp [K] of the Lifted Condensation Level: 292.67
Pres [hPa] of the Lifted Condensation Level: 924.28
   Equivalent potential temp [K] of the LCL: 345.37
     Mean mixed layer potential temperature: 299.34
              Mean mixed layer mixing ratio: 15.73
              1000 hPa to 500 hPa thickness: 5762.00
Precipitable water [mm] for entire sounding: 36.60
</PRE>
<P>Description of the 
<A HREF="/upperair/columns.html">data columns</A>
or <A HREF="/upperair/indices.html">sounding indices</A>.

<P>
<FORM>
<INPUT CLASS="button" TYPE="button" VALUE=" Close this window " 
 onClick="window.close();">
<INPUT CLASS="button" TYPE="button" VALUE=" Select another map " 
 onClick="window.blur();">
</FORM>
<HR SIZE="1">
<I>Interested in graduate studies in atmospheric science?
Check out our program at the
<a href="http://www.uwyo.edu/atsc/howtoapply/"
target=_top>University of Wyoming
</a></I>
<HR SIZE="1"><FONT SIZE="-1">
Questions about the weather data provided by this site can be
addressed to <A HREF="mailto:ldoolman@uwyo.edu">
Larry Oolman (ldoolman@uwyo.edu)</A></FONT>
<HR SIZE="1">
<SCRIPT TYPE="text/javascript">
<!--
window.focus();
// -->
</SCRIPT>
</BODY>
</HTML>
