2014-04-16 00
<HTML>
<TITLE>University of Wyoming - Radiosonde Data</TITLE>
<BODY BGCOLOR="white">
<H2>96749 WIII Jakarta Observations at 00Z 16 Apr 2014</H2>
<PRE>
-----------------------------------------------------------------------------
   PRES   HGHT   TEMP   DWPT   RELH   MIXR   DRCT   SKNT   THTA   THTE   THTV
    hPa     m      C      C      %    g/kg    deg   knot     K      K      K 
-----------------------------------------------------------------------------
 1009.0      8   24.8   22.9     89  17.78    220      4  297.2  348.8  300.3
 1005.0     43   25.8   21.9     79  16.77    222      6  298.5  347.5  301.5
 1000.0     88   25.6   21.7     79  16.64    225      8  298.8  347.4  301.7
  983.0    239   24.6   20.7     79  15.90    236     17  299.2  345.8  302.1
  976.0    302   24.7   20.4     77  15.76    240     21  299.9  346.2  302.7
  959.0    457   24.8   19.8     74  15.41    242     19  301.5  347.1  304.3
  925.0    774   23.8   16.8     65  13.18    245     16  303.6  343.1  306.0
  912.0    897   23.0   16.3     66  12.94    245     14  304.0  342.8  306.4
  850.0   1509   18.8   13.8     73  11.80    260     19  305.8  341.5  308.0
  793.0   2097   15.7   10.7     72  10.26    265     17  308.6  340.0  310.5
  713.0   2997   10.8    5.8     71   8.19    280     27  312.8  338.5  314.4
  700.0   3153   10.0    5.0     71   7.87    275     27  313.5  338.4  315.0
  639.0   3901    5.3    2.1     80   7.04    265     27  316.5  339.0  317.8
  616.0   4202    3.4    1.0     84   6.72    265     14  317.6  339.3  318.9
  597.0   4459    1.8    0.0     88   6.45    265     14  318.6  339.5  319.9
  575.0   4761    0.0   -0.7     95   6.36    265     13  319.9  340.7  321.2
  531.0   5393   -3.5   -4.2     94   5.30    265     12  323.1  340.7  324.2
  500.0   5870   -6.1   -6.9     94   4.59    245     14  325.5  341.0  326.4
  455.0   6593  -10.3  -11.2     93   3.58    195      8  329.1  341.5  329.9
  438.0   6885  -12.0  -13.0     92   3.22    225      4  330.6  341.9  331.2
  404.0   7504  -15.7  -16.7     91   2.57    170      8  333.6  342.8  334.1
  400.0   7580  -16.1  -17.2     91   2.50    150      8  334.0  342.9  334.5
  389.0   7788  -17.5  -18.9     88   2.22    105     10  334.9  342.9  335.3
  354.0   8491  -22.1  -24.8     79   1.45    105     13  337.8  343.2  338.1
  330.0   9000  -25.7  -28.7     76   1.09    105     16  339.7  343.9  339.9
  317.0   9291  -27.7  -30.9     74   0.93     90     12  340.8  344.4  341.0
  300.0   9690  -30.5  -33.9     72   0.73    105     12  342.3  345.2  342.4
  279.0  10197  -34.9  -38.5     69   0.49    115     14  343.1  345.1  343.2
  256.0  10798  -40.1  -44.0     66   0.30    103     16  344.0  345.2  344.0
  250.0  10960  -41.3                         100     16  344.5         344.5
  245.0  11093  -42.5                          95     16  344.7         344.7
  234.0  11396  -45.2                          70     12  345.2         345.2
  200.0  12430  -54.5                          55     25  346.3         346.3
  195.0  12588  -55.9                          55     29  346.6         346.6
  177.0  13191  -61.1                          70     29  347.8         347.8
  168.0  13516  -63.9                          70     29  348.3         348.3
  165.0  13629  -64.9                          63     29  348.5         348.5
  160.0  13816  -63.8                          50     29  353.5         353.5
  158.0  13893  -63.3                          42     27  355.5         355.5
  150.0  14210  -65.3                          10     19  357.4         357.4
  145.0  14407  -66.8                         355     14  358.2         358.2
  138.0  14695  -69.1                         305     19  359.4         359.4
  125.0  15271  -73.6                         265     17  361.5         361.5
  107.0  16176  -80.6                         260      8  364.6         364.6
  101.0  16512  -83.2                         230      6  365.6         365.6
  100.0  16570  -83.7                         265      6  365.8         365.8
   96.0  16796  -84.2                          20      2  369.2         369.2
   91.0  17093  -84.8                         325     10  373.6         373.6
   89.9  17161  -84.9                         325     10  374.7         374.7
   87.1  17337  -82.7                          61      6  382.5         382.5
   86.0  17408  -82.9                         100      4  383.5         383.5
   82.0  17673  -83.5                         125     12  387.4         387.4
   78.9  17888  -84.1                         107      8  390.6         390.6
   77.0  18026  -81.9                          95      6  397.8         397.8
   73.0  18328  -77.2                         230     12  414.0         414.0
   72.8  18343  -76.9                         229     12  414.9         414.9
   70.0  18570  -75.7                         220     17  422.1         422.1
   66.0  18918  -73.9                         215     17  433.3         433.3
   54.0  20104  -67.6                         290     27  473.3         473.3
   50.5  20500  -65.5                         281     46  487.3         487.3
   50.0  20560  -65.5                         280     49  488.7         488.7
   49.0  20684  -65.3                         275     52  492.0         492.0
   36.0  22579  -62.4                         205     14  544.8         544.8
   35.0  22752  -62.1                         135     10  549.9         549.9
   33.0  23114  -61.6                         115     10  560.7         560.7
   32.0  23303  -61.3                          55     21  566.4         566.4
   30.0  23700  -60.7                          45     29  578.6         578.6
   29.0  23912  -59.7                          40     25  586.9         586.9
   27.4  24268  -58.1                          71     18  601.0         601.0
   26.6  24456  -53.9                          87     15  618.0         618.0
   26.0  24602  -54.1                         100     12  621.3         621.3
   23.0  25385  -55.4                          35     14  639.7         639.7
   21.6  25786  -56.1                          80     24  649.3         649.3
   21.0  25967  -54.6                         100     29  658.9         658.9
   20.0  26280  -52.1                         100     37  675.9         675.9
   18.0  26972  -48.4                         100     45  708.4         708.4
   16.8  27425  -45.9                          88     50  730.4         730.4
   16.0  27747  -46.5                          80     54  738.8         738.8
   15.0  28174  -47.2                          80     56  750.0         750.0
   14.0  28630  -48.0                          95     35  762.2         762.2
   13.0  29119  -48.9                          65     27  775.4         775.4
   12.6  29326  -49.3                          73     36  781.1         781.1
   12.0  29649  -48.0                          85     49  796.8         796.8
   10.9  30285  -45.3                          85     61  828.7         828.7
   10.0  30860  -45.3                          85     72  849.3         849.3
    9.1  31489  -45.3                          85     75  872.5         872.5
    8.0  32363  -42.1                          85     78  918.0         918.0
    7.0  33270  -38.8                          85     80  967.4         967.4
    6.6  33669  -37.3                                     990.0         990.0
</PRE><H3>Station information and sounding indices</H3><PRE>
                         Station identifier: WIII
                             Station number: 96749
                           Observation time: 140416/0000
                           Station latitude: -6.11
                          Station longitude: 106.65
                          Station elevation: 8.0
                            Showalter index: 0.18
                               Lifted index: -1.83
    LIFT computed using virtual temperature: -2.01
                                SWEAT index: 217.60
                                    K index: 33.70
                         Cross totals index: 19.90
                      Vertical totals index: 24.90
                        Totals totals index: 44.80
      Convective Available Potential Energy: 326.36
             CAPE using virtual temperature: 370.12
                      Convective Inhibition: -167.29
             CINS using virtual temperature: -124.10
                           Equilibrum Level: 213.47
 Equilibrum Level using virtual temperature: 212.53
                   Level of Free Convection: 675.44
             LFCT using virtual temperature: 704.13
                     Bulk Richardson Number: 44.32
          Bulk Richardson Number using CAPV: 50.27
  Temp [K] of the Lifted Condensation Level: 292.92
Pres [hPa] of the Lifted Condensation Level: 922.73
   Equivalent potential temp [K] of the LCL: 346.65
     Mean mixed layer potential temperature: 299.74
              Mean mixed layer mixing ratio: 16.01
              1000 hPa to 500 hPa thickness: 5782.00
Precipitable water [mm] for entire sounding: 56.17
</PRE>
<P>Description of the 
<A HREF="/upperair/columns.html">data columns</A>
or <A HREF="/upperair/indices.html">sounding indices</A>.

<P>
<FORM>
<INPUT CLASS="button" TYPE="button" VALUE=" Close this window " 
 onClick="window.close();">
<INPUT CLASS="button" TYPE="button" VALUE=" Select another map " 
 onClick="window.blur();">
</FORM>
<HR SIZE="1">
<I>Interested in graduate studies in atmospheric science?
Check out our program at the
<a href="http://www.uwyo.edu/atsc/howtoapply/"
target=_top>University of Wyoming
</a></I>
<HR SIZE="1"><FONT SIZE="-1">
Questions about the weather data provided by this site can be
addressed to <A HREF="mailto:ldoolman@uwyo.edu">
Larry Oolman (ldoolman@uwyo.edu)</A></FONT>
<HR SIZE="1">
<SCRIPT TYPE="text/javascript">
<!--
window.focus();
// -->
</SCRIPT>
</BODY>
</HTML>
