2015-05-20 12
<HTML>
<TITLE>University of Wyoming - Radiosonde Data</TITLE>
<BODY BGCOLOR="white">
<H2>96749 WIII Jakarta Observations at 00Z 20 May 2015</H2>
<PRE>
-----------------------------------------------------------------------------
   PRES   HGHT   TEMP   DWPT   RELH   MIXR   DRCT   SKNT   THTA   THTE   THTV
    hPa     m      C      C      %    g/kg    deg   knot     K      K      K 
-----------------------------------------------------------------------------
 1010.0      8   25.0   23.8     93  18.78      0      0  297.3  351.9  300.6
 1008.0     26   27.0   23.7     82  18.70     17      1  299.5  354.4  302.8
 1000.0    100   26.6   22.7     79  17.72     85      4  299.8  351.8  302.9
  978.0    296   25.4   20.6     75  15.84     85     12  300.4  347.1  303.3
  945.0    597   23.5   17.2     68  13.28     80     14  301.4  340.8  303.9
  927.0    766   22.4   15.4     65  12.01     89      7  302.0  337.7  304.2
  925.0    785   22.4   16.4     69  12.84     90      6  302.2  340.4  304.5
  913.0    898   21.8   16.3     71  12.94     95      2  302.7  341.2  305.1
  882.0   1198   20.1   16.1     77  13.19    220      2  304.0  343.5  306.4
  850.0   1518   18.4   15.8     85  13.46    225      4  305.4  345.9  307.9
  823.0   1795   16.4   14.6     89  12.86    239      4  306.1  345.0  308.5
  794.0   2100   16.0    9.4     65   9.42    255      4  308.8  337.8  310.6
  768.0   2384   15.6    4.6     48   6.97    298      2  311.4  333.3  312.7
  767.0   2395   15.6    4.3     47   6.83    300      2  311.4  332.9  312.7
  740.0   2698   14.5   -4.1     27   3.84     75      4  313.5  325.9  314.2
  724.0   2883   13.8   -9.2     19   2.64     83      4  314.7  323.5  315.2
  700.0   3165   11.2   -8.8     24   2.82     95      4  314.9  324.2  315.4
  689.0   3296   10.3   -9.8     23   2.65     95      4  315.3  324.2  315.8
  664.0   3601    8.4  -12.2     22   2.28    140      4  316.5  324.2  316.9
  640.0   3905    6.4  -14.5     21   1.95    125      4  317.6  324.3  317.9
  633.0   3996    5.8  -15.2     20   1.86    110      6  317.9  324.3  318.2
  617.0   4205    5.2  -19.0     15   1.39     75     10  319.6  324.5  319.9
  599.0   4446    4.6  -23.4     11   0.97     74      9  321.6  325.1  321.7
  555.0   5062    0.0  -25.0     13   0.91     71      7  323.2  326.5  323.4
  532.0   5398   -1.7  -29.6     10   0.62     70      6  325.0  327.4  325.2
  512.0   5702   -3.3  -33.7      7   0.43     55     10  326.7  328.4  326.8
  500.0   5890   -4.3  -36.3      6   0.35     75     12  327.7  329.1  327.8
  474.0   6305   -6.7  -36.2      8   0.37    100     12  329.8  331.3  329.9
  439.0   6901  -10.1  -36.1     10   0.40     80     23  332.8  334.4  332.9
  400.0   7610  -14.5  -40.5      9   0.28    105     17  336.1  337.2  336.1
  375.0   8086  -17.9  -42.5     10   0.24    130     19  337.9  338.9  337.9
  318.0   9301  -26.5  -47.7     12   0.16     65     14  342.2  342.9  342.3
  300.0   9730  -29.5  -49.5     13   0.14     65     12  343.7  344.3  343.7
  293.0   9897  -30.9  -50.3     13   0.13     65      8  344.0  344.6  344.1
  289.0   9995  -31.7  -50.7     14   0.13     59      7  344.2  344.8  344.3
  269.0  10492  -35.7  -55.6     11   0.08     25      2  345.6  345.9  345.6
  250.0  11000  -39.7  -60.7      9   0.04     95      2  346.9  347.1  346.9
  249.0  11027  -40.1  -61.1      9   0.04     91      3  346.7  346.9  346.7
  246.0  11108  -40.7                          80      4  347.0         347.0
  236.0  11385  -42.8                          50      2  347.9         347.9
  226.0  11674  -45.0                          50      4  348.9         348.9
  216.0  11976  -47.4                          85      8  349.8         349.8
  200.0  12490  -51.3                         105     10  351.4         351.4
  171.0  13470  -59.6                         135      6  353.8         353.8
  155.0  14085  -64.8                         275      6  355.0         355.0
  150.0  14290  -66.5                         285      8  355.3         355.3
  140.0  14688  -69.5                         305     10  357.2         357.2
  127.0  15251  -73.7                         285      8  359.6         359.6
  120.0  15578  -76.2                         325     14  361.0         361.0
  103.0  16459  -82.8                         345     23  364.4         364.4
  100.0  16630  -84.1                         345     23  365.0         365.0
   97.0  16798  -84.8                         350     25  366.8         366.8
   94.2  16960  -85.5                         355     19  368.5         368.5
   92.0  17090  -85.4                           5     16  371.2         371.2
   87.0  17398  -85.1                          90      6  377.8         377.8
   83.0  17658  -84.9                         150     10  383.3         383.3
   78.0  18001  -84.6                         100     10  390.8         390.8
   74.0  18291  -84.3                          95     17  397.3         397.3
   73.3  18344  -84.3                          91     19  398.4         398.4
   70.0  18600  -82.5                          70     27  407.6         407.6
   67.0  18848  -80.2                          80     35  417.7         417.7
   66.9  18856  -80.1                          80     35  418.1         418.1
   65.0  19022  -73.9                          76     34  435.1         435.1
   60.0  19493  -73.4                          65     31  446.3         446.3
   57.2  19774  -73.1                          78     34  453.1         453.1
   52.4  20297  -68.5                         102     40  475.2         475.2
   50.0  20580  -67.7                         115     43  483.5         483.5
   49.0  20705  -67.1                         115     45  487.7         487.7
   42.0  21662  -62.7                         100     47  520.6         520.6
   32.0  23350  -54.9                          90     37  583.4         583.4
   30.0  23750  -53.1                          80     25  599.3         599.3
   29.0  23969  -51.9                          50     10  608.3         608.3
   28.8  24014  -51.7                          28      9  610.2         610.2
   28.0  24198  -51.2                         300      4  616.4         616.4
   26.0  24683  -50.0                         215      2  633.1         633.1
   25.0  24940  -49.3                          80     10  642.2         642.2
   24.0  25208  -48.6                          55     12  651.7         651.7
   23.0  25486  -47.9                         290     12  661.8         661.8
   22.0  25777  -47.2                         270     14  672.4         672.4
   21.9  25807  -47.1                         271     14  673.5         673.5
   21.0  26086  -46.3                         285     19  684.2         684.2
   20.0  26410  -45.3                         270     33  696.7         696.7
   19.8  26477  -45.3                         270     34  698.7         698.7
   18.0  27110  -48.2                         265     45  709.0         709.0
   17.0  27489  -49.9                         265     39  715.1         715.1
   15.0  28324  -48.1                         245     21  747.0         747.0
   13.0  29279  -46.2                         265     23  785.0         785.0
   12.0  29813  -45.0                         245     10  807.1         807.1
   11.0  30394  -43.8                         285     23  831.9         831.9
   10.0  31030  -42.5                         285     31  859.8         859.8
    9.0  31740  -43.0                         265     37  884.3         884.3
    8.3  32286  -43.3                                     903.6         903.6
</PRE><H3>Station information and sounding indices</H3><PRE>
                         Station identifier: WIII
                             Station number: 96749
                           Observation time: 150520/0000
                           Station latitude: -6.11
                          Station longitude: 106.65
                          Station elevation: 8.0
                            Showalter index: 0.26
                               Lifted index: -0.49
    LIFT computed using virtual temperature: -1.38
                                SWEAT index: 209.61
                                    K index: 18.50
                         Cross totals index: 20.10
                      Vertical totals index: 22.70
                        Totals totals index: 42.80
      Convective Available Potential Energy: 70.96
             CAPE using virtual temperature: 222.72
                      Convective Inhibition: -166.79
             CINS using virtual temperature: -84.67
                           Equilibrum Level: 304.51
 Equilibrum Level using virtual temperature: 282.17
                   Level of Free Convection: 640.89
             LFCT using virtual temperature: 702.09
                     Bulk Richardson Number: 22.87
          Bulk Richardson Number using CAPV: 71.79
  Temp [K] of the Lifted Condensation Level: 293.05
Pres [hPa] of the Lifted Condensation Level: 918.72
   Equivalent potential temp [K] of the LCL: 347.88
     Mean mixed layer potential temperature: 300.25
              Mean mixed layer mixing ratio: 16.27
              1000 hPa to 500 hPa thickness: 5790.00
Precipitable water [mm] for entire sounding: 38.44
</PRE>
<P>Description of the 
<A HREF="/upperair/columns.html">data columns</A>
or <A HREF="/upperair/indices.html">sounding indices</A>.

<P>
<FORM>
<INPUT CLASS="button" TYPE="button" VALUE=" Close this window " 
 onClick="window.close();">
<INPUT CLASS="button" TYPE="button" VALUE=" Select another map " 
 onClick="window.blur();">
</FORM>
<HR SIZE="1">
<I>Interested in graduate studies in atmospheric science?
Check out our program at the
<a href="http://www.uwyo.edu/atsc/howtoapply/"
target=_top>University of Wyoming
</a></I>
<HR SIZE="1"><FONT SIZE="-1">
Questions about the weather data provided by this site can be
addressed to <A HREF="mailto:ldoolman@uwyo.edu">
Larry Oolman (ldoolman@uwyo.edu)</A></FONT>
<HR SIZE="1">
<SCRIPT TYPE="text/javascript">
<!--
window.focus();
// -->
</SCRIPT>
</BODY>
</HTML>
