2015-05-19 12
<HTML>
<TITLE>University of Wyoming - Radiosonde Data</TITLE>
<BODY BGCOLOR="white">
<H2>96749 WIII Jakarta Observations at 00Z 19 May 2015</H2>
<PRE>
-----------------------------------------------------------------------------
   PRES   HGHT   TEMP   DWPT   RELH   MIXR   DRCT   SKNT   THTA   THTE   THTV
    hPa     m      C      C      %    g/kg    deg   knot     K      K      K 
-----------------------------------------------------------------------------
 1011.0      8   25.6   23.1     86  17.96    160      5  297.8  350.1  301.0
 1000.0    107   26.2   24.6     91  19.94    135      6  299.4  357.9  302.9
  979.0    294   25.3   23.1     88  18.61     80     10  300.2  355.0  303.6
  956.0    504   24.2   21.5     85  17.21     84     11  301.2  352.1  304.3
  925.0    793   22.8   19.8     83  15.98     90     12  302.6  350.1  305.5
  914.0    897   22.2   19.0     82  15.37     90     12  303.1  348.9  305.9
  865.0   1377   19.6   15.3     76  12.80    138      7  305.1  343.6  307.5
  853.0   1498   18.8   15.7     82  13.33    150      6  305.5  345.7  308.0
  850.0   1528   18.6   15.8     84  13.46    150      6  305.6  346.2  308.1
  795.0   2099   14.9   11.2     78  10.58    150      2  307.5  339.8  309.5
  791.0   2143   14.6   10.8     78  10.39    167      2  307.7  339.4  309.6
  770.0   2370   14.8    0.8     39   5.29    257      2  310.3  327.0  311.3
  767.0   2403   14.6    0.9     39   5.34    270      2  310.4  327.3  311.4
  740.0   2705   12.5    1.4     47   5.75    315      2  311.3  329.5  312.4
  739.0   2716   12.4    1.4     47   5.76    314      2  311.3  329.6  312.4
  714.0   3005   10.8    7.5     80   9.19    300      4  312.6  341.4  314.4
  700.0   3170   11.0    3.0     58   6.83    245      2  314.6  336.4  315.9
  665.0   3597    9.2   -3.6     40   4.42    150      8  317.3  331.8  318.1
  657.0   3697    8.8   -5.2     37   3.97    144      8  317.9  331.0  318.7
  618.0   4200    6.5  -12.7     24   2.34    115      8  320.9  328.9  321.3
  596.0   4497    5.1  -17.2     18   1.68     95      6  322.6  328.5  322.9
  591.0   4566    4.8  -18.2     17   1.55     85      6  323.0  328.5  323.3
  574.0   4802    2.6  -18.1     20   1.61     50      4  323.1  328.8  323.4
  555.0   5074    0.0  -18.0     24   1.68     45      4  323.2  329.1  323.5
  553.0   5103   -0.2  -18.6     24   1.61     45      4  323.3  329.0  323.6
  533.0   5394   -2.4  -24.2     17   1.02     70      8  324.1  327.8  324.3
  500.0   5900   -6.1  -34.1      9   0.43     80     14  325.5  327.2  325.6
  491.0   6042   -6.3  -38.3      6   0.29     82     14  327.0  328.1  327.0
  457.0   6598   -9.3  -39.6      6   0.27     90     16  330.0  331.1  330.1
  431.0   7052  -11.7  -40.7      7   0.25     71     17  332.5  333.6  332.6
  423.0   7195  -12.8  -40.8      8   0.26     65     17  333.0  334.0  333.0
  400.0   7620  -15.9  -40.9     10   0.27     70     21  334.2  335.3  334.3
  346.0   8684  -22.4  -47.0      9   0.16     85     17  339.5  340.2  339.5
  300.0   9730  -28.9  -52.9      8   0.09     65     17  344.5  344.9  344.6
  295.0   9850  -29.9  -53.9      8   0.08     69     15  344.8  345.1  344.8
  293.0   9897  -30.3  -54.0      8   0.08     70     14  344.9  345.2  344.9
  281.0  10187  -32.8  -54.8      9   0.08     40     14  345.4  345.7  345.4
  258.0  10781  -38.0  -56.3     13   0.07     50     14  346.3  346.6  346.3
  250.0  11000  -39.9  -56.9     15   0.07     60     12  346.6  346.9  346.6
  249.0  11027  -40.1  -58.1     13   0.06     63     12  346.7  347.0  346.7
  236.0  11385  -43.0                         110      6  347.6         347.6
  216.0  11976  -47.9                         115      8  349.0         349.0
  206.0  12293  -50.5                          85      8  349.7         349.7
  200.0  12490  -52.1                         100      6  350.1         350.1
  197.0  12585  -52.8                         110      4  350.6         350.6
  188.0  12879  -54.9                         185     10  351.9         351.9
  179.0  13188  -57.0                         185     10  353.3         353.3
  171.0  13476  -59.1                         170      8  354.6         354.6
  163.0  13777  -61.2                         170      4  355.9         355.9
  155.0  14094  -63.4                         130      6  357.2         357.2
  150.0  14300  -64.9                         125      4  358.1         358.1
  148.0  14378  -65.5                         125      2  358.4         358.4
  140.0  14702  -68.1                         215      2  359.6         359.6
  134.0  14957  -70.2                         255      4  360.5         360.5
  120.0  15600  -75.3                         265      4  362.6         362.6
  114.0  15899  -77.7                         340      6  363.5         363.5
  108.0  16214  -80.2                          10     10  364.4         364.4
  105.0  16378  -81.5                           1     12  364.9         364.9
  100.0  16650  -81.5                         345     16  370.0         370.0
   92.0  17115  -83.0                         335     10  375.9         375.9
   88.0  17362  -83.8                         250      4  379.1         379.1
   83.0  17688  -84.9                         240      6  383.3         383.3
   81.2  17811  -85.3                         295      2  384.9         384.9
   79.0  17962  -85.3                          30      6  388.0         388.0
   74.0  18323  -85.2                          70     19  395.5         395.5
   70.0  18630  -85.1                          65     25  402.0         402.0
   68.5  18749  -85.3                          73     27  404.1         404.1
   63.0  19222  -74.7                         105     35  437.2         437.2
   62.9  19231  -74.5                         105     35  437.9         437.9
   58.7  19633  -74.3                          92     38  447.0         447.0
   55.1  20008  -67.3                          81     41  471.2         471.2
   52.0  20355  -68.6                          70     43  476.0         476.0
   50.0  20590  -69.5                          80     41  479.3         479.3
   47.1  20946  -70.9                          85     45  484.2         484.2
   40.0  21943  -60.7                         100     56  532.9         532.9
   39.1  22081  -59.3                          99     58  539.9         539.9
   37.0  22431  -58.4                          95     62  550.9         550.9
   36.6  22500  -58.2                          95     62  553.0         553.0
   35.0  22783  -57.5                          95     62  562.1         562.1
   33.0  23156  -56.5                          95     62  574.2         574.2
   30.0  23760  -54.9                          85     47  594.4         594.4
   29.0  23980  -52.0                          80     35  608.1         608.1
   28.1  24184  -49.3                          66     27  621.1         621.1
   26.0  24696  -47.2                          30      6  641.0         641.0
   25.9  24721  -47.1                          47      7  642.0         642.0
   25.6  24799  -44.3                          97      8  652.1         652.1
   25.0  24956  -45.0                         200     12  654.6         654.6
   24.0  25228  -46.2                         215     17  658.8         658.8
   22.5  25657  -48.1                         210     10  665.4         665.4
   22.0  25806  -47.4                         210      8  671.7         671.7
   21.0  26116  -46.0                         170     10  685.0         685.0
   20.0  26440  -44.5                          80     10  699.2         699.2
   19.0  26786  -41.1                         305     16  720.1         720.1
   17.0  27531  -44.7                         285     52  731.7         731.7
   15.9  27979  -46.9                         280     49  738.7         738.7
   14.1  28779  -44.3                         274     38  773.3         773.3
   13.0  29323  -44.3                         270     31  791.5         791.5
   11.0  30441  -44.3                         265     43  830.1         830.1
   10.6  30689  -44.3                         261     40  839.0         839.0
   10.0  31080  -43.1                         255     35  857.5         857.5
    9.0  31791  -42.3                         280     33  887.0         887.0
    8.6  32098  -41.9                                     900.0         900.0
</PRE><H3>Station information and sounding indices</H3><PRE>
                         Station identifier: WIII
                             Station number: 96749
                           Observation time: 150519/0000
                           Station latitude: -6.11
                          Station longitude: 106.65
                          Station elevation: 8.0
                            Showalter index: -1.64
                               Lifted index: -4.62
    LIFT computed using virtual temperature: -5.69
                                SWEAT index: 215.61
                                    K index: 32.50
                         Cross totals index: 21.90
                      Vertical totals index: 24.70
                        Totals totals index: 46.60
      Convective Available Potential Energy: 1206.40
             CAPE using virtual temperature: 1476.28
                      Convective Inhibition: -26.24
             CINS using virtual temperature: -14.27
                           Equilibrum Level: 173.34
 Equilibrum Level using virtual temperature: 173.36
                   Level of Free Convection: 853.64
             LFCT using virtual temperature: 884.19
                     Bulk Richardson Number: 1119.33
          Bulk Richardson Number using CAPV: 1369.73
  Temp [K] of the Lifted Condensation Level: 295.84
Pres [hPa] of the Lifted Condensation Level: 953.09
   Equivalent potential temp [K] of the LCL: 354.59
     Mean mixed layer potential temperature: 299.94
              Mean mixed layer mixing ratio: 18.63
              1000 hPa to 500 hPa thickness: 5793.00
Precipitable water [mm] for entire sounding: 45.93
</PRE>
<P>Description of the 
<A HREF="/upperair/columns.html">data columns</A>
or <A HREF="/upperair/indices.html">sounding indices</A>.

<P>
<FORM>
<INPUT CLASS="button" TYPE="button" VALUE=" Close this window " 
 onClick="window.close();">
<INPUT CLASS="button" TYPE="button" VALUE=" Select another map " 
 onClick="window.blur();">
</FORM>
<HR SIZE="1">
<I>Interested in graduate studies in atmospheric science?
Check out our program at the
<a href="http://www.uwyo.edu/atsc/howtoapply/"
target=_top>University of Wyoming
</a></I>
<HR SIZE="1"><FONT SIZE="-1">
Questions about the weather data provided by this site can be
addressed to <A HREF="mailto:ldoolman@uwyo.edu">
Larry Oolman (ldoolman@uwyo.edu)</A></FONT>
<HR SIZE="1">
<SCRIPT TYPE="text/javascript">
<!--
window.focus();
// -->
</SCRIPT>
</BODY>
</HTML>
