2015-01-09 12
<HTML>
<TITLE>University of Wyoming - Radiosonde Data</TITLE>
<BODY BGCOLOR="white">
<H2>96749 WIII Jakarta Observations at 00Z 09 Jan 2015</H2>
<PRE>
-----------------------------------------------------------------------------
   PRES   HGHT   TEMP   DWPT   RELH   MIXR   DRCT   SKNT   THTA   THTE   THTV
    hPa     m      C      C      %    g/kg    deg   knot     K      K      K 
-----------------------------------------------------------------------------
 1010.0      8   24.6   22.9     90  17.76    230     10  296.9  348.4  300.1
 1000.0    101   25.0   22.5     86  17.50    230     12  298.1  349.2  301.3
  978.0    296   24.2   20.7     81  15.99    235     17  299.2  346.1  302.1
  925.0    784   22.2   16.2     69  12.68    240     27  302.0  339.7  304.3
  913.0    897   21.6   15.0     66  11.85    240     27  302.5  337.8  304.6
  850.0   1514   18.2    8.2     52   8.09    245     27  305.2  329.9  306.7
  847.0   1544   18.0    8.0     52   8.01    245     27  305.3  329.7  306.8
  829.0   1728   18.4    1.4     32   5.13    245     26  307.6  323.7  308.6
  822.0   1801   18.4    1.4     32   5.18    245     25  308.3  324.6  309.3
  794.0   2094   16.5   -0.0     32   4.83    245     23  309.4  324.8  310.3
  766.0   2397   14.6   -1.5     33   4.50    255     19  310.6  324.9  311.4
  713.0   3002   10.8   -4.4     34   3.88    235     16  312.8  325.3  313.5
  700.0   3157    9.8   -5.2     34   3.73    240     17  313.3  325.4  314.0
  664.0   3593    6.8   -3.2     49   4.57    231     17  314.7  329.5  315.6
  640.0   3893    4.9   -7.0     42   3.56    225     17  315.9  327.6  316.6
  616.0   4205    3.0  -10.8     35   2.73    215     17  317.1  326.3  317.6
  602.0   4392    1.8  -13.2     32   2.31    218     17  317.9  325.7  318.3
  584.0   4636    0.0   -3.2     79   5.20    223     18  318.5  335.5  319.5
  577.0   4733   -0.3   -8.3     55   3.56    224     18  319.3  331.2  320.0
  573.0   4789   -0.7   -6.7     64   4.06    225     18  319.4  332.9  320.2
  568.0   4859   -0.3   -2.8     83   5.51    227     18  320.7  338.8  321.8
  560.0   4972   -0.1  -14.1     34   2.31    229     18  322.2  330.2  322.7
  530.0   5411   -3.7   -7.3     76   4.19    237     18  323.0  337.1  323.9
  524.0   5501   -4.3  -11.3     58   3.09    238     19  323.4  333.9  324.0
  515.0   5637   -4.7   -8.3     76   3.99    241     19  324.5  338.0  325.3
  500.0   5870   -5.7   -8.6     80   4.02    245     19  326.0  339.7  326.8
  473.0   6295   -8.6  -11.0     83   3.51    260     17  327.6  339.7  328.3
  400.0   7580  -17.5  -18.2     94   2.29    270     17  332.2  340.4  332.6
  368.0   8202  -20.5  -21.8     89   1.83    274     20  336.2  342.9  336.6
  358.0   8404  -21.5  -24.7     75   1.45    275     21  337.5  343.0  337.8
  334.0   8915  -23.9  -31.9     48   0.80    266     19  341.0  344.1  341.1
  330.0   9002  -24.6  -32.9     46   0.73    265     19  341.2  344.1  341.4
  317.0   9292  -26.7  -36.2     40   0.55    275     19  342.2  344.4  342.3
  300.0   9690  -29.7  -40.7     34   0.37    265     17  343.4  344.9  343.5
  291.0   9906  -31.5  -42.5     33   0.31    267     14  343.8  345.1  343.9
  279.0  10199  -34.1  -43.9     36   0.28    270     10  344.3  345.5  344.3
  267.0  10504  -36.8  -45.3     41   0.25    240      6  344.7  345.8  344.7
  256.0  10797  -39.4  -46.7     46   0.22    250      2  345.0  346.0  345.1
  253.0  10879  -40.1  -47.1     47   0.22    275      3  345.1  346.1  345.2
  250.0  10960  -40.9                         300      4  345.1         345.1
  245.0  11094  -42.0                         345      6  345.5         345.5
  214.0  11991  -49.4                          70     17  347.6         347.6
  200.0  12440  -53.1                          60     23  348.5         348.5
  195.0  12597  -54.4                          50     25  348.9         348.9
  153.0  14097  -67.1                          80     45  352.4         352.4
  150.0  14220  -68.1                          85     45  352.6         352.6
  132.0  14962  -73.5                          90     58  356.1         356.1
  119.0  15564  -77.8                         105     80  358.8         358.8
  113.0  15864  -80.0                         105     80  360.1         360.1
  107.0  16181  -82.3                         100     80  361.4         361.4
  106.0  16235  -82.7                          98     79  361.6         361.6
  101.0  16505  -83.5                          90     72  365.1         365.1
  100.0  16560  -83.1                          90     68  366.9         366.9
   96.0  16790  -82.4                          80     49  372.6         372.6
   86.0  17409  -80.6                          95      8  388.1         388.1
   74.0  18256  -78.1                          65     29  410.3         410.3
   71.2  18473  -77.5                          48     25  416.2         416.2
   70.0  18570  -77.7                          40     23  417.8         417.8
   66.0  18909  -76.9                          15     19  426.6         426.6
   63.0  19177  -76.3                          70      4  433.7         433.7
   60.0  19458  -75.6                         125     21  441.2         441.2
   57.6  19693  -75.1                         105     18  447.6         447.6
   57.0  19754  -74.9                         100     17  449.5         449.5
   50.0  20520  -72.1                         105     27  473.2         473.2
   49.6  20567  -72.1                         105     29  474.3         474.3
   48.2  20737  -68.9                         103     34  485.8         485.8
   46.0  21021  -68.2                         100     43  494.0         494.0
   44.0  21291  -67.5                          80     43  502.0         502.0
   36.0  22511  -64.5                          95     62  539.5         539.5
   30.0  23620  -61.7                          85     51  575.9         575.9
   28.9  23851  -61.3                          87     52  583.1         583.1
   25.6  24610  -56.3                          95     57  617.9         617.9
   22.0  25574  -55.2                         105     62  648.6         648.6
   20.0  26180  -54.5                          90     64  668.6         668.6
   18.0  26862  -52.5                          80     70  695.3         695.3
   17.6  27007  -52.1                          80     70  701.1         701.1
   15.5  27829  -49.7                          72     39  734.9         734.9
   15.0  28041  -50.6                          70     31  738.6         738.6
   13.0  28965  -54.8                         350      8  755.1         755.1
   12.7  29116  -55.5                         180      4  757.8         757.8
   12.0  29480  -54.2                         135     31  774.6         774.6
   11.0  30039  -52.3                         120     31  801.1         801.1
   10.8  30156  -51.9                                     806.8         806.8
</PRE><H3>Station information and sounding indices</H3><PRE>
                         Station identifier: WIII
                             Station number: 96749
                           Observation time: 150109/0000
                           Station latitude: -6.11
                          Station longitude: 106.65
                          Station elevation: 8.0
                            Showalter index: 5.70
                               Lifted index: -1.33
    LIFT computed using virtual temperature: -1.59
                                SWEAT index: 171.40
                                    K index: 17.10
                         Cross totals index: 13.90
                      Vertical totals index: 23.90
                        Totals totals index: 37.80
      Convective Available Potential Energy: 317.45
             CAPE using virtual temperature: 411.42
                      Convective Inhibition: -160.74
             CINS using virtual temperature: -69.16
                           Equilibrum Level: 341.66
 Equilibrum Level using virtual temperature: 339.85
                   Level of Free Convection: 687.35
             LFCT using virtual temperature: 745.89
                     Bulk Richardson Number: 137.17
          Bulk Richardson Number using CAPV: 177.77
  Temp [K] of the Lifted Condensation Level: 293.37
Pres [hPa] of the Lifted Condensation Level: 936.16
   Equivalent potential temp [K] of the LCL: 346.39
     Mean mixed layer potential temperature: 298.97
              Mean mixed layer mixing ratio: 16.26
              1000 hPa to 500 hPa thickness: 5769.00
Precipitable water [mm] for entire sounding: 40.72
</PRE>
<P>Description of the 
<A HREF="/upperair/columns.html">data columns</A>
or <A HREF="/upperair/indices.html">sounding indices</A>.

<P>
<FORM>
<INPUT CLASS="button" TYPE="button" VALUE=" Close this window " 
 onClick="window.close();">
<INPUT CLASS="button" TYPE="button" VALUE=" Select another map " 
 onClick="window.blur();">
</FORM>
<HR SIZE="1">
<I>Interested in graduate studies in atmospheric science?
Check out our program at the
<a href="http://www.uwyo.edu/atsc/howtoapply/"
target=_top>University of Wyoming
</a></I>
<HR SIZE="1"><FONT SIZE="-1">
Questions about the weather data provided by this site can be
addressed to <A HREF="mailto:ldoolman@uwyo.edu">
Larry Oolman (ldoolman@uwyo.edu)</A></FONT>
<HR SIZE="1">
<SCRIPT TYPE="text/javascript">
<!--
window.focus();
// -->
</SCRIPT>
</BODY>
</HTML>
