2014-07-26 00
<HTML>
<TITLE>University of Wyoming - Radiosonde Data</TITLE>
<BODY BGCOLOR="white">
<H2>96749 WIII Jakarta Observations at 00Z 26 Jul 2014</H2>
<PRE>
-----------------------------------------------------------------------------
   PRES   HGHT   TEMP   DWPT   RELH   MIXR   DRCT   SKNT   THTA   THTE   THTV
    hPa     m      C      C      %    g/kg    deg   knot     K      K      K 
-----------------------------------------------------------------------------
 1012.0      8   23.6   23.4     99  18.28    180      4  295.7  348.5  299.0
 1002.0     95   25.4   23.5     89  18.59    155      6  298.4  352.7  301.7
 1000.0    112   25.4   23.5     89  18.63    150      6  298.6  353.0  301.9
  979.0    298   24.3   22.2     88  17.51    100     12  299.3  350.6  302.4
  925.0    796   21.4   18.6     84  14.80    105      8  301.2  344.9  303.9
  914.0    899   20.9   17.9     83  14.33    110      6  301.7  344.1  304.3
  883.0   1197   19.3   15.9     81  13.04    205      4  303.1  341.9  305.4
  853.0   1495   17.8   13.9     78  11.84    185      8  304.4  340.0  306.6
  850.0   1525   17.6   13.7     78  11.72    190      8  304.6  339.8  306.7
  823.0   1800   15.8   11.9     78  10.78    215     10  305.5  338.1  307.5
  797.0   2073   14.0   10.2     78   9.90    210      8  306.4  336.5  308.2
  795.0   2094   13.9   10.1     78   9.88    210      8  306.5  336.5  308.3
  767.0   2396   12.4    9.2     80   9.59    195      8  308.1  337.5  309.9
  740.0   2698   11.0    8.2     83   9.30    215      6  309.7  338.4  311.4
  716.0   2973   10.2    6.0     75   8.26    233      4  311.7  337.5  313.3
  714.0   2996   10.0    6.1     77   8.36    235      4  311.8  337.9  313.3
  700.0   3161    8.6    7.1     90   9.12    235      4  312.0  340.4  313.7
  689.0   3292    7.9    6.4     90   8.81    235      4  312.6  340.2  314.3
  664.0   3597    6.3    4.7     89   8.11    215      4  314.2  339.8  315.7
  653.0   3735    5.6    3.9     89   7.81    147      3  314.9  339.6  316.3
  646.0   3823    5.8   -0.2     65   5.87    103      3  316.0  335.0  317.2
  640.0   3899    5.4   -0.5     66   5.81     65      2  316.4  335.1  317.5
  617.0   4196    3.7   -1.6     68   5.55     85      8  317.8  335.9  318.9
  573.0   4797    0.4   -3.8     73   5.06    115      8  320.7  337.4  321.7
  568.0   4868    0.0   -4.1     74   5.00    111      8  321.1  337.6  322.0
  553.0   5082   -1.3   -8.3     59   3.72    101      9  322.0  334.5  322.7
  549.0   5140   -1.9   -4.2     84   5.13     98      9  321.9  338.9  322.9
  546.0   5184   -1.5   -8.5     59   3.71     96      9  322.9  335.4  323.6
  513.0   5678   -4.5  -21.5     25   1.34     70     11  325.1  329.9  325.4
  500.0   5880   -5.9  -12.9     58   2.85     60     12  325.8  335.6  326.3
  499.0   5896   -5.9  -13.9     53   2.63     59     12  326.0  335.1  326.5
  492.0   6006   -6.5  -17.4     42   2.00     55     14  326.6  333.6  327.0
  487.0   6086   -6.9  -19.9     35   1.63     55     13  327.0  332.9  327.3
  474.0   6294   -8.3  -19.5     40   1.74     55     10  327.8  334.0  328.1
  440.0   6868  -12.3  -18.3     61   2.07    107      8  329.8  337.2  330.2
  438.0   6903  -12.5  -18.4     61   2.06    110      8  330.0  337.4  330.4
  421.0   7204  -14.3  -19.1     67   2.01    115      8  331.5  338.7  331.9
  417.0   7276  -14.7  -19.3     68   2.00    121      9  331.8  339.1  332.2
  405.0   7496  -16.0  -20.3     69   1.89    140     12  333.0  339.9  333.4
  400.0   7590  -16.5  -20.7     70   1.85    140     12  333.5  340.2  333.8
  379.0   7994  -19.1  -23.0     71   1.60    128     16  335.2  341.1  335.5
  373.0   8113  -20.1  -23.1     77   1.61    125     17  335.5  341.4  335.8
  369.0   8193  -20.7  -23.1     81   1.62    119     17  335.6  341.6  336.0
  355.0   8479  -20.5  -34.5     27   0.58     98     18  339.6  342.0  339.8
  344.0   8710  -22.5  -35.8     29   0.53     80     19  340.0  342.1  340.1
  325.0   9126  -26.1  -38.1     31   0.44     80     22  340.6  342.4  340.7
  317.0   9305  -27.7  -38.1     36   0.45     80     23  340.9  342.7  341.0
  300.0   9700  -31.1  -38.1     50   0.48    100     19  341.4  343.4  341.5
  299.0   9724  -31.3  -38.3     50   0.47    101     19  341.5  343.4  341.6
  287.0  10012  -33.7  -50.7     16   0.13    110     20  342.1  342.6  342.1
  267.0  10511  -38.1  -49.6     29   0.16    125     21  342.7  343.4  342.8
  262.0  10641  -39.3  -49.3     34   0.16    122     21  342.9  343.6  342.9
  258.0  10746  -40.1  -49.1     38   0.17    120     21  343.2  343.9  343.2
  250.0  10960  -41.7                         115     21  343.9         343.9
  200.0  12430  -53.7                          80     43  347.6         347.6
  195.0  12588  -55.0                          75     45  348.1         348.1
  186.0  12882  -57.3                          75     47  349.0         349.0
  177.0  13190  -59.8                          75     47  349.9         349.9
  150.0  14220  -68.1                          95     39  352.6         352.6
  146.0  14380  -69.5                          90     39  352.8         352.8
  133.0  14932  -74.5                          81     39  353.5         353.5
  125.0  15288  -75.7                          75     39  357.6         357.6
  101.0  16513  -79.9                          55     35  372.0         372.0
  100.0  16570  -80.1                          55     33  372.7         372.7
   91.0  17108  -78.3                          55     25  386.4         386.4
   86.0  17431  -77.3                          70     10  394.9         394.9
   82.0  17703  -76.4                         130      4  402.1         402.1
   78.0  17989  -75.4                         315      6  409.9         409.9
   74.3  18266  -74.5                         283     10  417.5         417.5
   74.0  18290  -73.8                         280     10  419.5         419.5
   71.2  18518  -66.9                         270     25  438.8         438.8
   70.0  18620  -65.9                         265     31  443.1         443.1
   67.4  18851  -63.9                         265     32  452.2         452.2
   61.0  19453  -66.8                         265     35  458.9         458.9
   53.6  20234  -70.5                         250     29  467.6         467.6
   52.0  20415  -69.0                         245     21  475.1         475.1
   50.0  20650  -67.1                         230      6  484.9         484.9
   47.0  21027  -65.7                          70     10  496.9         496.9
   43.0  21569  -63.7                          75     20  514.7         514.7
   35.5  22748  -63.1                          86     41  545.2         545.2
   32.4  23320  -56.5                          91     51  577.2         577.2
   30.0  23810  -55.9                          95     60  591.6         591.6
   28.0  24252  -55.2                          90     62  605.3         605.3
   27.8  24298  -55.1                          90     62  606.8         606.8
   20.0  26410  -51.9                         100     49  676.6         676.6
   18.6  26880  -52.3                          97     49  689.5         689.5
   18.0  27093  -52.1                          95     49  696.7         696.7
   15.0  28279  -50.8                          80     49  738.1         738.1
   13.0  29210  -49.8                          95     45  772.3         772.3
   12.4  29517  -49.5                                     784.0         784.0
</PRE><H3>Station information and sounding indices</H3><PRE>
                         Station identifier: WIII
                             Station number: 96749
                           Observation time: 140726/0000
                           Station latitude: -6.11
                          Station longitude: 106.65
                          Station elevation: 8.0
                            Showalter index: 1.07
                               Lifted index: -3.02
    LIFT computed using virtual temperature: -3.58
                                SWEAT index: 192.41
                                    K index: 35.70
                         Cross totals index: 19.60
                      Vertical totals index: 23.50
                        Totals totals index: 43.10
      Convective Available Potential Energy: 1065.85
             CAPE using virtual temperature: 1221.73
                      Convective Inhibition: -15.22
             CINS using virtual temperature: -6.79
                           Equilibrum Level: 173.77
 Equilibrum Level using virtual temperature: 173.45
                   Level of Free Convection: 863.34
             LFCT using virtual temperature: 905.86
                     Bulk Richardson Number: 337.84
          Bulk Richardson Number using CAPV: 387.25
  Temp [K] of the Lifted Condensation Level: 295.06
Pres [hPa] of the Lifted Condensation Level: 956.16
   Equivalent potential temp [K] of the LCL: 350.50
     Mean mixed layer potential temperature: 298.88
              Mean mixed layer mixing ratio: 17.68
              1000 hPa to 500 hPa thickness: 5768.00
Precipitable water [mm] for entire sounding: 54.15
</PRE>
<P>Description of the 
<A HREF="/upperair/columns.html">data columns</A>
or <A HREF="/upperair/indices.html">sounding indices</A>.

<P>
<FORM>
<INPUT CLASS="button" TYPE="button" VALUE=" Close this window " 
 onClick="window.close();">
<INPUT CLASS="button" TYPE="button" VALUE=" Select another map " 
 onClick="window.blur();">
</FORM>
<HR SIZE="1">
<I>Interested in graduate studies in atmospheric science?
Check out our program at the
<a href="http://www.uwyo.edu/atsc/howtoapply/"
target=_top>University of Wyoming
</a></I>
<HR SIZE="1"><FONT SIZE="-1">
Questions about the weather data provided by this site can be
addressed to <A HREF="mailto:ldoolman@uwyo.edu">
Larry Oolman (ldoolman@uwyo.edu)</A></FONT>
<HR SIZE="1">
<SCRIPT TYPE="text/javascript">
<!--
window.focus();
// -->
</SCRIPT>
</BODY>
</HTML>
