2015-10-31 00
<HTML>
<TITLE>University of Wyoming - Radiosonde Data</TITLE>
<BODY BGCOLOR="white">
<H2>96749 WIII Jakarta Observations at 00Z 31 Oct 2015</H2>
<PRE>
-----------------------------------------------------------------------------
   PRES   HGHT   TEMP   DWPT   RELH   MIXR   DRCT   SKNT   THTA   THTE   THTV
    hPa     m      C      C      %    g/kg    deg   knot     K      K      K 
-----------------------------------------------------------------------------
 1011.0      8   26.0   22.3     80  17.09    180      4  298.2  348.1  301.3
 1000.0    102   25.4   22.1     82  17.07    170      4  298.6  348.4  301.6
  978.0    297   24.3   21.7     85  17.00    140      2  299.3  349.1  302.4
  945.0    599   22.5   21.0     91  16.89     45      4  300.5  350.2  303.5
  925.0    787   21.4   20.6     95  16.82     70      4  301.2  350.9  304.2
  913.0    901   20.9   19.4     91  15.80     80      4  301.8  348.6  304.6
  906.0    968   20.6   18.7     89  15.22     90      4  302.1  347.3  304.9
  885.0   1171   19.8   14.8     73  12.10    121      4  303.4  339.5  305.6
  882.0   1200   19.6   14.8     74  12.15    125      4  303.5  339.9  305.7
  857.0   1448   18.4   14.9     80  12.58    125     10  304.7  342.5  307.0
  850.0   1519   18.4   12.4     68  10.75    125     12  305.4  337.9  307.4
  830.0   1723   17.8    9.8     59   9.24    122     14  306.9  335.1  308.6
  794.0   2098   15.6    8.4     63   8.81    115     17  308.4  335.5  310.0
  713.0   3006   10.1    5.2     71   7.82    110     12  312.0  336.5  313.5
  700.0   3161    9.2    4.6     73   7.65    105     16  312.6  336.7  314.1
  688.0   3305    8.4    4.6     77   7.79    103     16  313.3  337.8  314.8
  679.0   3414    8.6   -9.4     27   2.77    102     16  314.7  323.9  315.2
  672.0   3499    8.8   -8.2     29   3.08    101     16  315.9  326.1  316.4
  664.0   3598    8.1   -7.0     34   3.42    100     16  316.2  327.5  316.8
  651.0   3761    7.0   -5.0     42   4.07    104     14  316.7  330.1  317.5
  617.0   4197    3.9   -8.5     40   3.28    115     10  318.1  329.0  318.7
  595.0   4492    1.9  -10.9     38   2.82     80     10  319.0  328.5  319.5
  576.0   4756    0.0  -13.0     37   2.45     67     10  319.8  328.2  320.3
  573.0   4797   -0.3  -14.6     33   2.17     65     10  319.9  327.4  320.4
  562.0   4952   -1.3  -20.3     22   1.36     83     13  320.5  325.3  320.8
  556.0   5038   -1.7   -8.7     59   3.58     93     15  321.0  333.1  321.7
  553.0   5081   -1.9   -7.9     64   3.83     98     16  321.3  334.1  322.0
  552.0   5095   -1.9   -8.8     59   3.59    100     16  321.4  333.5  322.1
  535.0   5344   -1.7  -23.7     17   1.06    102     17  324.6  328.4  324.8
  528.0   5449   -2.7  -14.7     39   2.33    103     18  324.6  332.7  325.1
  526.0   5479   -2.1  -32.1      8   0.50    103     18  325.7  327.6  325.8
  518.0   5601   -3.3  -25.3     16   0.95    104     18  325.6  329.1  325.8
  511.0   5708   -3.7  -27.6     14   0.78    105     19  326.4  329.4  326.6
  500.0   5880   -4.3  -31.3     10   0.56    100     21  327.7  329.9  327.8
  474.0   6297   -6.6  -35.3      8   0.40     80     31  330.0  331.6  330.1
  457.0   6582   -8.1  -38.1      7   0.31     86     33  331.5  332.8  331.6
  422.0   7191  -12.7  -35.5     13   0.44    100     37  333.3  335.1  333.4
  400.0   7600  -15.7  -33.7     20   0.56    100     29  334.5  336.7  334.6
  383.0   7926  -18.7  -37.7     17   0.39    101     25  334.7  336.3  334.8
  324.0   9156  -25.5  -51.5      7   0.10    105     12  341.7  342.2  341.8
  318.0   9291  -26.5  -46.6     13   0.18    105     10  342.1  342.9  342.1
  307.0   9545  -28.5  -37.5     42   0.50    118     10  342.8  344.9  342.9
  305.0   9592  -28.9  -38.2     40   0.47    120     10  342.9  344.8  343.0
  300.0   9710  -29.9  -39.9     37   0.40    110     10  343.1  344.8  343.2
  289.0   9975  -32.1  -44.1     29   0.26     91      9  343.7  344.8  343.7
  284.0  10097  -32.7  -55.7      8   0.07     82      8  344.5  344.9  344.5
  280.0  10196  -33.5  -54.7     10   0.08     75      8  344.7  345.1  344.7
  257.0  10789  -38.7  -48.7     34   0.18    110     12  345.7  346.4  345.7
  251.0  10953  -40.1  -47.1     47   0.22    110     14  345.9  346.9  346.0
  250.0  10980  -40.3                         110     14  346.0         346.0
  235.0  11390  -43.9                         110     12  346.7         346.7
  225.0  11679  -46.4                         125      6  347.2         347.2
  215.0  11980  -49.1                         185      4  347.6         347.6
  205.0  12296  -51.9                         120      4  348.0         348.0
  200.0  12460  -53.3                         100      6  348.2         348.2
  187.0  12878  -56.8                          60     12  349.3         349.3
  162.0  13771  -64.3                          35      8  351.3         351.3
  154.0  14086  -66.9                          15      6  351.9         351.9
  150.0  14250  -68.3                          20      6  352.2         352.2
  132.0  14997  -73.8                          80     16  355.5         355.5
  119.0  15603  -78.3                          70     19  358.0         358.0
  113.0  15897  -78.8                          20     14  362.3         362.3
  106.0  16260  -79.5                         289     17  367.7         367.7
  102.0  16478  -79.5                         235     19  371.8         371.8
  100.0  16590  -79.5                         225     17  373.9         373.9
   97.0  16763  -79.4                         210     16  377.4         377.4
   92.0  17063  -79.2                         210     16  383.4         383.4
   87.0  17379  -79.0                         175     10  390.0         390.0
   82.0  17715  -78.8                         235      2  397.1         397.1
   78.7  17947  -78.7                         197      5  402.0         402.0
   74.0  18300  -76.7                         140     10  413.3         413.3
   71.7  18481  -75.7                          46     11  419.2         419.2
   70.0  18620  -72.7                         335     12  428.5         428.5
   68.4  18757  -69.7                         320     12  437.8         437.8
   64.0  19151  -70.6                         275     12  444.3         444.3
   58.6  19673  -71.7                         248      5  453.1         453.1
   58.0  19734  -70.8                         245      4  456.4         456.4
   55.3  20019  -66.7                         263      8  472.1         472.1
   50.0  20630  -65.1                         300     16  489.7         489.7
   43.0  21565  -61.7                         250     16  519.7         519.7
   39.0  22170  -59.4                         265     21  540.0         540.0
   36.8  22529  -58.1                         259     20  552.5         552.5
   34.0  23029  -57.6                         250     19  566.3         566.3
   31.0  23613  -57.1                         260     17  582.9         582.9
   30.0  23820  -56.9                         255     17  588.9         588.9
   28.0  24255  -58.0                         235     10  597.7         597.7
   27.4  24392  -58.3                         256      5  600.5         600.5
   27.0  24486  -57.6                         270      2  605.1         605.1
   25.0  24975  -53.7                          90      8  629.6         629.6
   24.8  25026  -53.3                          77      8  632.2         632.2
   23.0  25512  -53.2                         315     12  646.4         646.4
   21.0  26098  -53.0                         275     25  663.9         663.9
   20.1  26380  -52.9                         275     30  672.5         672.5
   20.0                                       275     31                     
</PRE><H3>Station information and sounding indices</H3><PRE>
                         Station identifier: WIII
                             Station number: 96749
                           Observation time: 151031/0000
                           Station latitude: -6.11
                          Station longitude: 106.65
                          Station elevation: 8.0
                            Showalter index: 3.46
                               Lifted index: -0.85
    LIFT computed using virtual temperature: -1.73
                                SWEAT index: 193.81
                                    K index: 30.50
                         Cross totals index: 16.70
                      Vertical totals index: 22.70
                        Totals totals index: 39.40
      Convective Available Potential Energy: 407.98
             CAPE using virtual temperature: 592.67
                      Convective Inhibition: -59.33
             CINS using virtual temperature: -28.97
                           Equilibrum Level: 198.57
 Equilibrum Level using virtual temperature: 198.57
                   Level of Free Convection: 754.93
             LFCT using virtual temperature: 803.33
                     Bulk Richardson Number: 35.65
          Bulk Richardson Number using CAPV: 51.79
  Temp [K] of the Lifted Condensation Level: 294.25
Pres [hPa] of the Lifted Condensation Level: 944.11
   Equivalent potential temp [K] of the LCL: 348.90
     Mean mixed layer potential temperature: 299.14
              Mean mixed layer mixing ratio: 17.01
              1000 hPa to 500 hPa thickness: 5778.00
Precipitable water [mm] for entire sounding: 45.53
</PRE>
<P>Description of the 
<A HREF="/upperair/columns.html">data columns</A>
or <A HREF="/upperair/indices.html">sounding indices</A>.

<P>
<FORM>
<INPUT CLASS="button" TYPE="button" VALUE=" Close this window " 
 onClick="window.close();">
<INPUT CLASS="button" TYPE="button" VALUE=" Select another map " 
 onClick="window.blur();">
</FORM>
<HR SIZE="1">
<I>Interested in graduate studies in atmospheric science?
Check out our program at the
<a href="http://www.uwyo.edu/atsc/howtoapply/"
target=_top>University of Wyoming
</a></I>
<HR SIZE="1"><FONT SIZE="-1">
Questions about the weather data provided by this site can be
addressed to <A HREF="mailto:ldoolman@uwyo.edu">
Larry Oolman (ldoolman@uwyo.edu)</A></FONT>
<HR SIZE="1">
<SCRIPT TYPE="text/javascript">
<!--
window.focus();
// -->
</SCRIPT>
</BODY>
</HTML>
