2014-12-21 12
<HTML>
<TITLE>University of Wyoming - Radiosonde Data</TITLE>
<BODY BGCOLOR="white">
<H2>96749 WIII Jakarta Observations at 00Z 21 Dec 2014</H2>
<PRE>
-----------------------------------------------------------------------------
   PRES   HGHT   TEMP   DWPT   RELH   MIXR   DRCT   SKNT   THTA   THTE   THTV
    hPa     m      C      C      %    g/kg    deg   knot     K      K      K 
-----------------------------------------------------------------------------
 1006.0      8   25.0   23.8     93  18.86    220      2  297.6  352.5  301.0
 1000.0     63   25.6   22.3     82  17.28    220      4  298.8  349.3  301.8
  974.0    295   24.8   21.0     80  16.38    230      8  300.2  348.4  303.1
  944.0    571   23.8   19.5     77  15.36    260      8  301.9  347.4  304.7
  925.0    749   22.8   19.0     79  15.19    280      8  302.6  347.8  305.4
  909.0    900   21.9   18.5     81  14.98    295      6  303.2  347.8  305.9
  850.0   1483   18.4   16.6     89  14.18    290      4  305.4  348.1  308.0
  848.0   1503   18.3   16.5     89  14.10    290      4  305.5  347.9  308.1
  819.0   1799   17.0   14.6     86  12.90    335      2  307.1  346.3  309.5
  791.0   2095   15.6   12.7     83  11.78    355      6  308.8  344.8  310.9
  764.0   2390   14.3   10.8     80  10.74    350      4  310.4  343.5  312.4
  737.0   2696   12.9    8.8     76   9.74     60      4  312.1  342.4  313.9
  717.0   2930   11.8    7.3     74   9.03     57      5  313.4  341.7  315.1
  700.0   3131   10.8    5.8     71   8.33     55      6  314.4  340.7  316.0
  686.0   3296    9.9    5.1     72   8.08     55      8  315.2  340.8  316.7
  638.0   3890    6.5    2.5     76   7.24     80      4  318.0  341.3  319.4
  615.0   4190    4.8    1.2     77   6.84     15      2  319.4  341.6  320.7
  593.0   4488    3.1   -0.1     79   6.46    305      2  320.8  341.9  322.0
  572.0   4783    1.5   -1.4     81   6.09    325      4  322.1  342.2  323.3
  554.0   5045    0.0   -2.5     83   5.78    308      5  323.4  342.5  324.5
  530.0   5397   -1.9   -5.3     78   4.89    285      6  325.1  341.6  326.1
  500.0   5860   -4.5   -9.0     71   3.89    320      4  327.5  340.8  328.3
  474.0   6276   -6.8  -12.1     66   3.20    355      4  329.7  340.9  330.3
  425.0   7126  -11.5  -18.5     56   2.10    318      8  334.1  341.8  334.5
  421.0   7199  -11.9  -18.6     58   2.11    315      8  334.5  342.1  334.9
  405.0   7495  -13.6  -19.0     64   2.12    230      2  336.1  343.8  336.5
  400.0   7590  -14.1  -19.1     66   2.12    225      2  336.6  344.3  337.0
  389.0   7799  -15.6  -20.8     64   1.89    215      2  337.4  344.3  337.7
  359.0   8401  -19.8  -25.6     60   1.34     55      2  339.5  344.6  339.8
  350.0   8591  -21.1  -27.1     58   1.19     23      7  340.2  344.8  340.5
  345.0   8695  -21.9  -27.8     59   1.13      5     10  340.5  344.9  340.7
  318.0   9287  -26.6  -31.9     60   0.83     30      8  342.1  345.3  342.2
  305.0   9590  -29.0  -34.1     61   0.71     60      8  342.8  345.6  343.0
  300.0   9710  -29.9  -34.9     62   0.66     50      6  343.1  345.8  343.3
  299.0   9734  -30.1  -35.1     62   0.65     48      6  343.2  345.8  343.3
  292.0   9899  -31.4                          30      4  343.6         343.6
  280.0  10191  -33.8                         310      4  344.4         344.4
  268.0  10496  -36.2                         295      2  345.2         345.2
  257.0  10788  -38.6                          20      4  345.9         345.9
  250.0  10980  -40.1                          45      4  346.3         346.3
  235.0  11390  -43.6                         100      6  347.1         347.1
  215.0  11980  -48.8                         145      6  348.1         348.1
  200.0  12460  -52.9                         140      6  348.8         348.8
  196.0  12586  -54.0                         140      6  349.1         349.1
  187.0  12878  -56.5                         110      4  349.8         349.8
  150.0  14250  -68.3                          90     17  352.2         352.2
  119.0  15591  -79.1                          75     29  356.5         356.5
  113.0  15891  -81.5                          75     37  357.3         357.3
  104.0  16353  -83.9                          75     51  361.3         361.3
  101.0  16515  -83.5                          70     52  365.2         365.2
  100.0  16570  -83.3                          70     49  366.5         366.5
   92.9  16979  -81.9                          58     20  377.1         377.1
   91.0  17094  -82.3                          55     12  378.4         378.4
   86.0  17407  -83.6                         215      4  382.1         382.1
   82.0  17670  -84.6                         205     10  385.2         385.2
   80.2  17793  -85.1                         171      9  386.7         386.7
   77.0  18018  -83.9                         110      8  393.6         393.6
   73.7  18260  -82.7                          85     17  401.2         401.2
   73.0  18313  -80.7                          80     19  406.5         406.5
   72.5  18352  -79.3                          87     19  410.3         410.3
   70.0  18550  -79.7                         120     19  413.6         413.6
   69.0  18632  -79.8                         130     19  415.0         415.0
   68.1  18706  -79.9                         131     20  416.4         416.4
   66.0  18887  -76.0                         135     21  428.5         428.5
   65.5  18930  -75.1                         130     20  431.5         431.5
   63.0  19157  -74.9                         105     14  436.7         436.7
   59.0  19540  -74.7                          45      6  445.6         445.6
   57.0  19741  -74.5                         260      4  450.4         450.4
   54.0  20057  -74.3                         205      4  457.9         457.9
   51.9  20288  -74.1                         122      8  463.5         463.5
   51.0  20392  -70.8                          85     10  473.6         473.6
   50.6  20439  -69.3                          85     10  478.1         478.1
   50.0  20510  -69.7                          85     10  478.8         478.8
   44.7  21175  -72.1                          83     27  488.6         488.6
   38.0  22153  -65.6                          80     51  528.4         528.4
   36.1  22462  -63.5                          89     51  541.5         541.5
   34.0  22830  -64.5                         100     52  548.2         548.2
   32.9  23031  -65.1                          97     56  551.9         551.9
   30.0  23600  -61.1                          90     66  577.5         577.5
   28.1  24007  -58.3                          95     70  596.2         596.2
   28.0  24030  -58.2                          95     70  597.0         597.0
   27.0  24261  -57.5                          95     70  605.2         605.2
   26.0  24501  -56.8                          90     70  613.8         613.8
   24.0  25010  -55.2                          85     70  632.5         632.5
   23.0  25281  -54.4                          80     70  642.7         642.7
   20.0  26170  -51.7                          90     68  677.2         677.2
   19.8  26235  -51.5                          90     68  679.7         679.7
   18.2  26780  -53.1                          90     70  691.3         691.3
   18.0  26853  -52.7                          90     70  694.7         694.7
   16.0  27630  -48.6                          90     60  731.7         731.7
   15.0  28055  -46.4                         110     21  752.8         752.8
   13.4  28799  -42.5                          94     40  790.8         790.8
   13.0  29002  -43.2                          90     45  795.1         795.1
   12.0  29538  -45.2                          60     19  806.5         806.5
   11.3  29940  -46.7                                     815.1         815.1
</PRE><H3>Station information and sounding indices</H3><PRE>
                         Station identifier: WIII
                             Station number: 96749
                           Observation time: 141221/0000
                           Station latitude: -6.11
                          Station longitude: 106.65
                          Station elevation: 8.0
                            Showalter index: -0.74
                               Lifted index: -0.94
    LIFT computed using virtual temperature: -1.27
                                SWEAT index: 211.20
                                    K index: 34.50
                         Cross totals index: 21.10
                      Vertical totals index: 22.90
                        Totals totals index: 44.00
      Convective Available Potential Energy: 155.02
             CAPE using virtual temperature: 217.00
                      Convective Inhibition: -121.91
             CINS using virtual temperature: -89.97
                           Equilibrum Level: 233.56
 Equilibrum Level using virtual temperature: 233.65
                   Level of Free Convection: 636.23
             LFCT using virtual temperature: 677.43
                     Bulk Richardson Number: 27.00
          Bulk Richardson Number using CAPV: 37.80
  Temp [K] of the Lifted Condensation Level: 293.59
Pres [hPa] of the Lifted Condensation Level: 928.43
   Equivalent potential temp [K] of the LCL: 348.59
     Mean mixed layer potential temperature: 299.90
              Mean mixed layer mixing ratio: 16.61
              1000 hPa to 500 hPa thickness: 5797.00
Precipitable water [mm] for entire sounding: 59.01
</PRE>
<P>Description of the 
<A HREF="/upperair/columns.html">data columns</A>
or <A HREF="/upperair/indices.html">sounding indices</A>.

<P>
<FORM>
<INPUT CLASS="button" TYPE="button" VALUE=" Close this window " 
 onClick="window.close();">
<INPUT CLASS="button" TYPE="button" VALUE=" Select another map " 
 onClick="window.blur();">
</FORM>
<HR SIZE="1">
<I>Interested in graduate studies in atmospheric science?
Check out our program at the
<a href="http://www.uwyo.edu/atsc/howtoapply/"
target=_top>University of Wyoming
</a></I>
<HR SIZE="1"><FONT SIZE="-1">
Questions about the weather data provided by this site can be
addressed to <A HREF="mailto:ldoolman@uwyo.edu">
Larry Oolman (ldoolman@uwyo.edu)</A></FONT>
<HR SIZE="1">
<SCRIPT TYPE="text/javascript">
<!--
window.focus();
// -->
</SCRIPT>
</BODY>
</HTML>
