2014-09-24 12
<HTML>
<TITLE>University of Wyoming - Radiosonde Data</TITLE>
<BODY BGCOLOR="white">
<H2>96749 WIII Jakarta Observations at 00Z 24 Sep 2014</H2>
<PRE>
-----------------------------------------------------------------------------
   PRES   HGHT   TEMP   DWPT   RELH   MIXR   DRCT   SKNT   THTA   THTE   THTV
    hPa     m      C      C      %    g/kg    deg   knot     K      K      K 
-----------------------------------------------------------------------------
 1011.0      8   24.2   21.3     84  16.05    190      5  296.4  342.9  299.3
 1000.0    103   24.6   20.3     77  15.24    175      6  297.8  342.1  300.5
  978.0    298   24.3   18.8     71  14.17    145      8  299.4  341.0  301.9
  952.0    535   24.0   17.0     65  12.97    130     12  301.4  339.8  303.7
  925.0    786   22.2   16.2     69  12.68    115     17  302.0  339.7  304.3
  913.0    899   21.7   14.5     64  11.52    110     19  302.6  336.9  304.7
  873.0   1287   19.8    8.8     49   8.20    100     28  304.5  329.5  306.1
  852.0   1497   19.2    1.0     29   4.84     95     33  306.1  321.2  307.0
  850.0   1517   19.2    0.2     28   4.59     90     33  306.2  320.6  307.1
  847.0   1547   18.8    0.8     30   4.81     89     32  306.1  321.2  307.0
  830.0   1721   17.2    9.2     59   8.87     81     28  306.2  333.3  307.9
  794.0   2095   15.4    7.9     61   8.51     65     19  308.2  334.4  309.8
  766.0   2398   14.0    6.9     62   8.22     35     17  309.8  335.4  311.4
  701.0   3146   10.4    4.4     66   7.54     40     17  313.8  337.7  315.3
  700.0   3158   10.4    3.4     62   7.03     40     17  314.0  336.3  315.3
  688.0   3300    9.5    2.5     62   6.69     35     16  314.5  335.8  315.8
  664.0   3592    7.6    0.6     61   6.05     65      8  315.6  335.0  316.7
  640.0   3895    5.6   -1.4     61   5.43     65     10  316.7  334.3  317.7
  617.0   4196    3.7   -3.3     60   4.87     80     10  317.8  333.7  318.7
  598.0   4453    2.0   -5.0     60   4.43     67      8  318.7  333.3  319.6
  573.0   4798    0.0   -7.0     59   3.97     50      6  320.3  333.5  321.0
  552.0   5095   -1.6  -11.4     47   2.92     60      4  321.8  331.7  322.4
  531.0   5404   -3.3  -15.9     37   2.10     15      6  323.4  330.7  323.8
  514.0   5663   -4.7  -19.7     30   1.57    359      7  324.7  330.3  325.0
  500.0   5880   -5.5  -22.5     25   1.26    345      8  326.3  330.9  326.5
  492.0   6004   -6.2  -24.9     21   1.03    335      8  326.9  330.7  327.1
  474.0   6291   -7.9  -30.6     14   0.64      0      8  328.3  330.7  328.4
  438.0   6900  -11.4  -42.5      6   0.21    260      4  331.3  332.2  331.4
  426.0   7114  -12.7  -46.7      4   0.14    320      4  332.4  332.9  332.4
  421.0   7203  -13.2  -45.4      5   0.16    345      4  332.8  333.5  332.8
  405.0   7496  -14.9  -40.9      9   0.27    265      4  334.3  335.4  334.3
  400.0   7590  -15.5  -39.5     11   0.31    275      4  334.8  336.0  334.8
  380.0   7973  -19.3  -39.3     15   0.33    317      6  334.7  336.0  334.8
  374.0   8090  -20.1  -41.0     14   0.29    330      6  335.2  336.4  335.3
  348.0   8619  -23.5  -48.5      8   0.14    347     11  337.5  338.1  337.6
  344.0   8704  -23.2  -53.3      5   0.08    350     12  339.1  339.4  339.1
  341.0   8768  -22.9  -56.9      3   0.05    357     11  340.3  340.5  340.3
  330.0   9004  -24.7  -60.2      2   0.03     25      8  341.1  341.2  341.1
  300.0   9690  -29.9  -69.9      1   0.01     45      8  343.1  343.2  343.1
  291.0   9904  -31.6                          50      6  343.7         343.7
  279.0  10199  -34.0                         355      2  344.5         344.5
  268.0  10482  -36.2                         170      4  345.2         345.2
  250.0  10970  -40.1                         185      4  346.3         346.3
  245.0  11104  -41.3                         190      2  346.6         346.6
  235.0  11380  -43.7                         315      2  347.0         347.0
  205.0  12286  -51.7                          25     16  348.3         348.3
  200.0  12450  -53.1                          25     16  348.5         348.5
  195.0  12607  -54.5                          25     14  348.9         348.9
  178.0  13171  -59.3                          55     12  350.1         350.1
  153.0  14107  -67.4                          40     10  351.7         351.7
  150.0  14230  -68.5                          25     10  351.9         351.9
  146.0  14390  -69.6                           0      8  352.7         352.7
  139.0  14680  -71.7                          40     14  354.1         354.1
  131.0  15030  -74.1                          54     24  355.8         355.8
  125.0  15304  -73.9                          65     31  361.0         361.0
  121.0  15493  -73.7                          83     30  364.7         364.7
  113.0  15883  -77.1                         120     29  365.6         365.6
  101.0  16523  -82.6                         130     25  366.8         366.8
  100.0  16580  -83.1                         120     23  366.9         366.9
   96.0  16809  -81.8                          95     21  373.7         373.7
   91.0  17110  -80.2                         105     10  382.7         382.7
   88.9  17241  -79.5                         128     10  386.7         386.7
   86.0  17432  -77.8                         160     10  393.7         393.7
   82.0  17707  -75.4                         165      8  404.0         404.0
   78.0  17996  -72.9                         250     17  415.1         415.1
   77.1  18063  -72.3                         251     17  417.7         417.7
   70.0  18630  -73.1                         255     21  427.7         427.7
   60.0  19538  -71.7                         230     25  450.1         450.1
   57.0  19840  -71.2                         195     12  457.9         457.9
   55.3  20018  -70.9                         159     10  462.5         462.5
   54.0  20160  -70.0                         130      8  467.6         467.6
   50.0  20620  -67.3                          80     12  484.5         484.5
   49.0  20743  -67.0                          70     12  488.1         488.1
   47.0  20996  -66.3                          60     16  495.5         495.5
   45.0  21260  -65.6                          75     14  503.4         503.4
   42.5  21607  -64.7                          70     21  513.9         513.9
   40.0  21976  -66.3                          65     29  518.9         518.9
   39.0  22132  -65.5                          90     35  524.7         524.7
   34.6  22866  -61.7                          97     50  552.9         552.9
   33.0  23159  -61.8                         100     56  560.2         560.2
   30.0  23750  -61.9                          90     56  575.3         575.3
   29.0  23962  -61.5                          90     62  581.9         581.9
   26.1  24619  -60.5                          90     74  602.8         602.8
   26.0  24643  -60.4                          90     74  603.5         603.5
   21.0  25976  -58.2                          95     74  648.2         648.2
   20.0  26280  -57.7                          95     74  658.8         658.8
   19.0  26605  -56.6                          90     68  672.0         672.0
   18.6  26739  -56.1                                     677.6         677.6
</PRE><H3>Station information and sounding indices</H3><PRE>
                         Station identifier: WIII
                             Station number: 96749
                           Observation time: 140924/0000
                           Station latitude: -6.11
                          Station longitude: 106.65
                          Station elevation: 8.0
                            Showalter index: 10.62
                               Lifted index: 0.91
    LIFT computed using virtual temperature: 0.35
                                SWEAT index: 76.41
                                    K index: 17.90
                         Cross totals index: 5.70
                      Vertical totals index: 24.70
                        Totals totals index: 30.40
      Convective Available Potential Energy: 0.00
             CAPE using virtual temperature: 4.10
                      Convective Inhibition: 0.00
             CINS using virtual temperature: -249.40
 Equilibrum Level using virtual temperature: 510.99
             LFCT using virtual temperature: 584.06
                     Bulk Richardson Number: 0.00
          Bulk Richardson Number using CAPV: 0.20
  Temp [K] of the Lifted Condensation Level: 291.09
Pres [hPa] of the Lifted Condensation Level: 910.97
   Equivalent potential temp [K] of the LCL: 341.13
     Mean mixed layer potential temperature: 298.97
              Mean mixed layer mixing ratio: 14.45
              1000 hPa to 500 hPa thickness: 5777.00
Precipitable water [mm] for entire sounding: 40.80
</PRE>
<P>Description of the 
<A HREF="/upperair/columns.html">data columns</A>
or <A HREF="/upperair/indices.html">sounding indices</A>.

<P>
<FORM>
<INPUT CLASS="button" TYPE="button" VALUE=" Close this window " 
 onClick="window.close();">
<INPUT CLASS="button" TYPE="button" VALUE=" Select another map " 
 onClick="window.blur();">
</FORM>
<HR SIZE="1">
<I>Interested in graduate studies in atmospheric science?
Check out our program at the
<a href="http://www.uwyo.edu/atsc/howtoapply/"
target=_top>University of Wyoming
</a></I>
<HR SIZE="1"><FONT SIZE="-1">
Questions about the weather data provided by this site can be
addressed to <A HREF="mailto:ldoolman@uwyo.edu">
Larry Oolman (ldoolman@uwyo.edu)</A></FONT>
<HR SIZE="1">
<SCRIPT TYPE="text/javascript">
<!--
window.focus();
// -->
</SCRIPT>
</BODY>
</HTML>
