2015-03-27 00
<HTML>
<TITLE>University of Wyoming - Radiosonde Data</TITLE>
<BODY BGCOLOR="white">
<H2>96749 WIII Jakarta Observations at 00Z 27 Mar 2015</H2>
<PRE>
-----------------------------------------------------------------------------
   PRES   HGHT   TEMP   DWPT   RELH   MIXR   DRCT   SKNT   THTA   THTE   THTV
    hPa     m      C      C      %    g/kg    deg   knot     K      K      K 
-----------------------------------------------------------------------------
 1012.0      8   24.8   22.9     89  17.72    160      5  296.9  348.4  300.1
 1000.0    114   26.0   22.3     80  17.28    135      4  299.1  349.8  302.2
  998.0    132   26.2   22.1     78  17.10    130      4  299.5  349.7  302.6
  979.0    301   25.2   21.0     77  16.29     85      4  300.2  348.1  303.1
  946.0    603   23.5   19.1     76  14.91     55      6  301.4  345.5  304.1
  925.0    800   22.4   17.8     75  14.06     50      8  302.2  344.0  304.8
  914.0    903   21.8   17.1     75  13.64     50      8  302.6  343.2  305.1
  853.0   1501   18.2   13.3     73  11.37     25     12  304.9  339.1  307.0
  850.0   1531   18.0   13.1     73  11.27     25     12  305.0  338.9  307.1
  795.0   2096   15.2   10.8     75  10.30     35     10  307.9  339.4  309.8
  700.0   3172    9.8    6.3     79   8.63     50     12  313.3  340.4  314.9
  693.0   3256    9.4    5.8     78   8.41     51     12  313.8  340.2  315.4
  618.0   4190    4.3    0.3     75   6.38     65      6  318.4  339.0  319.6
  561.0   4979    0.0   -4.3     73   4.99    120      3  322.2  338.8  323.2
  532.0   5399   -3.0   -6.0     80   4.62    150      2  323.6  339.0  324.5
  512.0   5703   -5.1   -7.2     85   4.36    100      4  324.5  339.2  325.4
  503.0   5843   -6.1   -7.8     88   4.25     93      6  325.0  339.4  325.8
  500.0   5890   -4.7   -9.0     72   3.89     90      6  327.2  340.6  328.0
  498.0   5922   -4.9   -9.7     69   3.70     89      6  327.4  340.1  328.1
  493.0   6001   -5.4  -10.3     68   3.55     85      6  327.7  339.9  328.4
  475.0   6292   -7.3  -12.7     66   3.05     95      6  328.8  339.4  329.4
  447.0   6768  -10.5  -16.5     61   2.37     33      6  330.6  339.0  331.1
  439.0   6906  -11.2  -17.7     59   2.17     15      6  331.4  339.1  331.8
  406.0   7506  -14.5  -23.1     48   1.48     75      6  334.6  340.1  334.9
  400.0   7620  -15.1  -24.1     46   1.37     70      8  335.3  340.4  335.6
  375.0   8103  -18.4  -30.2     35   0.83     75     14  337.1  340.3  337.3
  373.0   8143  -18.7  -30.7     34   0.80     75     14  337.3  340.4  337.4
  346.0   8691  -23.1  -34.2     36   0.62     80     12  338.6  341.0  338.7
  332.0   8992  -25.6  -36.1     37   0.53    105     12  339.3  341.4  339.4
  319.0   9283  -27.9  -37.9     38   0.46     99     14  339.9  341.8  340.0
  300.0   9720  -31.3  -42.3     33   0.31     90     16  341.1  342.4  341.2
  293.0   9888  -32.7  -43.7     33   0.27     92     16  341.5  342.6  341.5
  280.0  10207  -35.1  -41.5     52   0.36     95     16  342.5  343.9  342.5
  279.0  10232  -35.3  -41.3     54   0.37     95     16  342.5  344.1  342.6
  258.0  10775  -39.9  -48.9     38   0.17     99     13  343.5  344.2  343.5
  250.0  10990  -41.7                         100     12  343.9         343.9
  214.0  12014  -50.2                         100     14  346.4         346.4
  200.0  12460  -53.9                          90     16  347.2         347.2
  195.0  12617  -55.2                          85     17  347.7         347.7
  169.0  13502  -62.5                          85     17  350.2         350.2
  153.0  14117  -67.5                         100     14  351.6         351.6
  150.0  14240  -68.5                          95     14  351.9         351.9
  139.0  14693  -71.7                          90      8  354.1         354.1
  133.0  14955  -73.5                         161     10  355.3         355.3
  125.0  15311  -75.5                         260     12  358.1         358.1
  119.0  15594  -77.1                         255     16  360.2         360.2
  113.0  15891  -78.7                         275     14  362.5         362.5
  103.0  16424  -81.7                         238     14  366.5         366.5
  101.0  16534  -82.2                         230     14  367.6         367.6
  100.0  16590  -82.5                         220     14  368.1         368.1
   96.0  16815  -83.5                         195     12  370.4         370.4
   91.0  17109  -84.9                         145      8  373.4         373.4
   83.4  17589  -87.1                         100     17  378.3         378.3
   81.0  17748  -86.2                          95     21  383.3         383.3
   78.6  17912  -85.3                          95     20  388.5         388.5
   77.5  17991  -81.1                          95     19  398.8         398.8
   77.0  18028  -80.7                          95     19  400.3         400.3
   73.0  18331  -77.8                          70     17  412.6         412.6
   70.0  18570  -75.5                          30     23  422.5         422.5
   69.8  18587  -75.3                          28     23  423.3         423.3
   69.0  18653  -75.8                          20     25  423.6         423.6
   66.0  18909  -77.9                          25     23  424.5         424.5
   63.0  19178  -73.5                         115     10  439.9         439.9
   59.0  19559  -74.7                         140     21  445.5         445.5
   56.4  19822  -75.5                         128     23  449.4         449.4
   50.0  20530  -69.1                          95     27  480.2         480.2
   49.0  20652  -68.3                          95     23  485.0         485.0
   44.5  21235  -64.3                          97     38  508.2         508.2
   40.4  21824  -65.5                         100     52  519.4         519.4
   40.0  21886  -65.1                         100     54  521.8         521.8
   34.7  22762  -59.9                          94     54  557.1         557.1
   31.0  23465  -60.2                          90     54  574.5         574.5
   30.0  23670  -60.3                          90     58  579.7         579.7
   20.3  26136  -56.5                          95     78  659.8         659.8
   20.0  26230  -56.3                          95     78  663.1         663.1
   18.8  26623  -54.7                          95     74  679.9         679.9
   15.0  28109  -44.5                          95     58  759.2         759.2
   14.0  28563  -41.4                          75     35  784.9         784.9
   13.8  28658  -40.7                          69     32  790.3         790.3
   13.0  29061  -41.4                          45     21  801.7         801.7
   12.0  29603  -42.2                          45     14  817.2         817.2
   11.9  29659  -42.3                          50     14  818.8         818.8
   11.2  30071  -38.1                          85     16  848.3         848.3
   11.0  30195  -38.0                          95     17  853.0         853.0
   10.0  30850  -37.5                         105      8  878.4         878.4
    9.0  31581  -35.1                         355     17  914.3         914.3
    8.9  31658  -34.9                         352     17  918.2         918.2
    8.0  32394  -37.9                         320     17  934.7         934.7
    7.5  32840  -39.7                                     944.8         944.8
</PRE><H3>Station information and sounding indices</H3><PRE>
                         Station identifier: WIII
                             Station number: 96749
                           Observation time: 150327/0000
                           Station latitude: -6.11
                          Station longitude: 106.65
                          Station elevation: 8.0
                            Showalter index: 2.63
                               Lifted index: -0.99
    LIFT computed using virtual temperature: -1.31
                                SWEAT index: 187.21
                                    K index: 32.30
                         Cross totals index: 17.80
                      Vertical totals index: 22.70
                        Totals totals index: 40.50
      Convective Available Potential Energy: 474.18
             CAPE using virtual temperature: 570.10
                      Convective Inhibition: -71.38
             CINS using virtual temperature: -40.29
                           Equilibrum Level: 195.55
 Equilibrum Level using virtual temperature: 195.43
                   Level of Free Convection: 728.39
             LFCT using virtual temperature: 813.15
                     Bulk Richardson Number: 118.37
          Bulk Richardson Number using CAPV: 142.31
  Temp [K] of the Lifted Condensation Level: 293.52
Pres [hPa] of the Lifted Condensation Level: 929.21
   Equivalent potential temp [K] of the LCL: 348.17
     Mean mixed layer potential temperature: 299.76
              Mean mixed layer mixing ratio: 16.53
              1000 hPa to 500 hPa thickness: 5776.00
Precipitable water [mm] for entire sounding: 54.77
</PRE>
<P>Description of the 
<A HREF="/upperair/columns.html">data columns</A>
or <A HREF="/upperair/indices.html">sounding indices</A>.

<P>
<FORM>
<INPUT CLASS="button" TYPE="button" VALUE=" Close this window " 
 onClick="window.close();">
<INPUT CLASS="button" TYPE="button" VALUE=" Select another map " 
 onClick="window.blur();">
</FORM>
<HR SIZE="1">
<I>Interested in graduate studies in atmospheric science?
Check out our program at the
<a href="http://www.uwyo.edu/atsc/howtoapply/"
target=_top>University of Wyoming
</a></I>
<HR SIZE="1"><FONT SIZE="-1">
Questions about the weather data provided by this site can be
addressed to <A HREF="mailto:ldoolman@uwyo.edu">
Larry Oolman (ldoolman@uwyo.edu)</A></FONT>
<HR SIZE="1">
<SCRIPT TYPE="text/javascript">
<!--
window.focus();
// -->
</SCRIPT>
</BODY>
</HTML>
