2014-02-01 00
<HTML>
<TITLE>University of Wyoming - Radiosonde Data</TITLE>
<BODY BGCOLOR="white">
<H2>96749 WIII Jakarta Observations at 00Z 01 Feb 2014</H2>
<PRE>
-----------------------------------------------------------------------------
   PRES   HGHT   TEMP   DWPT   RELH   MIXR   DRCT   SKNT   THTA   THTE   THTV
    hPa     m      C      C      %    g/kg    deg   knot     K      K      K 
-----------------------------------------------------------------------------
 1009.0      8   24.6   23.4     93  18.34    290      4  297.0  350.2  300.2
 1000.0     89   24.8   22.1     85  17.07    295      8  297.9  347.7  301.0
  976.0    301   23.4   21.1     87  16.43    310     19  298.6  346.6  301.5
  925.0    770   20.2   18.9     92  15.09    300     19  300.0  344.3  302.7
  911.0    901   19.4   18.1     92  14.57    295     19  300.4  343.4  303.1
  850.0   1496   15.8   14.5     92  12.36    260     19  302.7  339.5  304.9
  805.0   1958   14.2   12.2     88  11.21    245     19  305.7  339.6  307.8
  792.0   2096   13.8   11.0     83  10.51    240     19  306.7  338.7  308.6
  774.0   2290   13.2    9.3     77   9.59    242     20  308.1  337.5  309.9
  700.0   3133   10.2    4.2     66   7.44    250     23  313.8  337.3  315.2
  657.0   3658    8.4    2.4     66   6.97    248     21  317.4  339.9  318.8
  615.0   4196    4.3    0.5     77   6.51    245     19  318.8  339.9  320.0
  574.0   4757    0.0   -1.4     90   6.05    249     18  320.1  339.9  321.3
  509.0   5709   -5.1   -9.0     74   3.83    255     16  325.1  338.1  325.8
  500.0   5850   -5.9  -10.1     72   3.57    240     16  325.8  338.0  326.5
  490.0   6008   -6.9  -11.2     71   3.33    230     16  326.4  337.9  327.1
  484.0   6105   -7.5  -11.9     71   3.19    236     16  326.9  337.9  327.5
  466.0   6399   -9.5  -10.7     91   3.65    256     16  327.9  340.5  328.6
  460.0   6500   -8.7  -13.0     71   3.07    263     16  330.1  340.9  330.8
  454.0   6601   -9.4  -14.0     69   2.87    270     16  330.5  340.6  331.1
  424.0   7127  -13.1  -19.1     61   2.00    270     15  332.3  339.5  332.7
  400.0   7570  -15.3  -22.3     55   1.61    270     14  335.0  340.9  335.3
  388.0   7798  -16.8  -25.6     47   1.24    275     10  336.0  340.7  336.2
  367.0   8216  -19.5  -31.5     34   0.75    292     10  337.8  340.7  337.9
  358.0   8398  -20.9  -31.6     38   0.76    300     10  338.3  341.2  338.4
  330.0   8995  -25.6  -32.0     55   0.79    100      4  339.8  342.9  340.0
  327.0   9062  -26.1  -32.1     57   0.80    101      5  340.0  343.1  340.2
  303.0   9609  -30.4  -35.5     61   0.62    110     16  341.5  344.0  341.6
  300.0   9680  -30.9  -35.9     61   0.60    115     16  341.7  344.1  341.8
  291.0   9893  -32.7  -37.9     60   0.50    130     16  342.1  344.1  342.2
  257.0  10761  -40.1  -46.1     53   0.24    118     18  343.6  344.6  343.6
  250.0  10950  -41.7                         115     19  343.9         343.9
  244.0  11110  -43.0                         115     23  344.3         344.3
  223.0  11703  -48.0                          80     29  345.8         345.8
  200.0  12420  -53.9                          85     43  347.2         347.2
  150.0  14200  -68.7                         100     52  351.6         351.6
  138.0  14685  -72.1                          95     52  354.0         354.0
  118.0  15596  -78.5                          80     72  358.5         358.5
  114.0  15797  -79.9                          75     72  359.4         359.4
  112.0  15897  -79.6                          70     70  361.7         361.7
  106.0  16209  -78.8                          65     47  369.0         369.0
  105.0  16263  -78.7                          67     44  370.2         370.2
  100.0  16540  -79.9                          80     27  373.1         373.1
   95.0  16830  -79.4                          95     25  379.6         379.6
   86.4  17367  -78.5                          76     19  391.8         391.8
   86.0  17393  -78.3                          75     19  392.7         392.7
   81.0  17737  -76.4                           0     10  403.4         403.4
   77.0  18029  -74.8                         270     12  412.8         412.8
   74.1  18249  -73.5                         251      8  419.9         419.9
   74.0  18257  -73.5                         250      8  420.1         420.1
   70.0  18580  -74.1                         250      8  425.5         425.5
   66.0  18923  -74.9                         210     10  431.1         431.1
   64.8  19030  -75.1                         194      9  432.8         432.8
   60.0  19487  -72.6                         125      4  448.0         448.0
   57.0  19792  -70.9                         275     10  458.4         458.4
   54.0  20113  -69.2                         255     19  469.6         469.6
   50.0  20570  -66.7                         270     25  485.9         485.9
   47.7  20854  -66.5                         272     27  492.9         492.9
   44.0  21337  -68.0                         275     31  500.9         500.9
   40.0  21908  -69.7                         250     17  510.3         510.3
   39.6  21968  -69.9                         250     17  511.3         511.3
   38.0  22219  -67.5                         280     10  523.5         523.5
   36.0  22548  -64.4                         270      8  539.8         539.8
   35.0  22720  -62.7                         220      2  548.4         548.4
   33.0  23078  -59.3                         115     16  566.8         566.8
   30.0  23670  -61.5                          95     17  576.4         576.4
   29.9  23691  -61.7                          92     16  576.4         576.4
   28.0  24101  -60.9                          40      6  589.7         589.7
   26.0  24565  -59.9                         105     10  605.0         605.0
   24.1  25039  -58.9                          86     14  621.2         621.2
   24.0  25066  -58.9                          85     14  622.0         622.0
   21.2  25848  -58.1                          25     14  646.7         646.7
   21.0  25908  -57.2                          20     14  651.2         651.2
   20.5  26062  -54.9                          40     11  662.7         662.7
   20.0  26220  -55.5                          60      8  665.5         665.5
   17.2  27184  -53.3                          70     32  701.9         701.9
   16.0  27652  -52.6                          75     43  718.8         718.8
   15.0  28069  -52.0                          70     23  734.2         734.2
   13.1  28945  -50.7                          98     21  767.6         767.6
   13.0  28995  -50.7                         100     21  769.3         769.3
   12.0  29515  -50.8                          95     35  786.9         786.9
   10.0  30700  -50.9                          90     72  828.5         828.5
    9.2  31244  -49.9                          94     85  852.2         852.2
    9.0  31389  -49.1                          95     89  860.6         860.6
    8.8  31537  -48.3                          95     89  869.3         869.3
    8.0  32167  -44.9                                     906.8         906.8
</PRE><H3>Station information and sounding indices</H3><PRE>
                         Station identifier: WIII
                             Station number: 96749
                           Observation time: 140201/0000
                           Station latitude: -6.11
                          Station longitude: 106.65
                          Station elevation: 8.0
                            Showalter index: 1.20
                               Lifted index: -1.72
    LIFT computed using virtual temperature: -2.06
                                SWEAT index: 228.00
                                    K index: 30.20
                         Cross totals index: 20.40
                      Vertical totals index: 21.70
                        Totals totals index: 42.10
      Convective Available Potential Energy: 322.41
             CAPE using virtual temperature: 404.56
                      Convective Inhibition: -5.98
             CINS using virtual temperature: -3.95
                           Equilibrum Level: 218.85
 Equilibrum Level using virtual temperature: 218.79
                   Level of Free Convection: 908.96
             LFCT using virtual temperature: 920.20
                     Bulk Richardson Number: 14.88
          Bulk Richardson Number using CAPV: 18.67
  Temp [K] of the Lifted Condensation Level: 294.00
Pres [hPa] of the Lifted Condensation Level: 949.60
   Equivalent potential temp [K] of the LCL: 346.91
     Mean mixed layer potential temperature: 298.39
              Mean mixed layer mixing ratio: 16.65
              1000 hPa to 500 hPa thickness: 5761.00
Precipitable water [mm] for entire sounding: 55.65
</PRE>
<P>Description of the 
<A HREF="/upperair/columns.html">data columns</A>
or <A HREF="/upperair/indices.html">sounding indices</A>.

<P>
<FORM>
<INPUT CLASS="button" TYPE="button" VALUE=" Close this window " 
 onClick="window.close();">
<INPUT CLASS="button" TYPE="button" VALUE=" Select another map " 
 onClick="window.blur();">
</FORM>
<HR SIZE="1">
<I>Interested in graduate studies in atmospheric science?
Check out our program at the
<a href="http://www.uwyo.edu/atsc/howtoapply/"
target=_top>University of Wyoming
</a></I>
<HR SIZE="1"><FONT SIZE="-1">
Questions about the weather data provided by this site can be
addressed to <A HREF="mailto:ldoolman@uwyo.edu">
Larry Oolman (ldoolman@uwyo.edu)</A></FONT>
<HR SIZE="1">
<SCRIPT TYPE="text/javascript">
<!--
window.focus();
// -->
</SCRIPT>
</BODY>
</HTML>
