2015-10-08 12
<HTML>
<TITLE>University of Wyoming - Radiosonde Data</TITLE>
<BODY BGCOLOR="white">
<H2>96749 WIII Jakarta Observations at 00Z 08 Oct 2015</H2>
<PRE>
-----------------------------------------------------------------------------
   PRES   HGHT   TEMP   DWPT   RELH   MIXR   DRCT   SKNT   THTA   THTE   THTV
    hPa     m      C      C      %    g/kg    deg   knot     K      K      K 
-----------------------------------------------------------------------------
 1012.0      8   23.6   21.5     88  16.24    170      4  295.7  342.6  298.6
 1000.0    114   24.6   20.9     80  15.83    160      6  297.8  343.8  300.6
  992.0    185   25.6   20.6     74  15.66    154      8  299.4  345.4  302.2
  979.0    300   24.8   20.4     77  15.70    145     10  299.8  345.9  302.6
  947.0    592   22.8   20.0     84  15.81     95      8  300.6  347.2  303.4
  925.0    798   21.4   19.7     90  15.88     90      6  301.2  348.1  304.1
  914.0    901   20.9   19.1     89  15.42     85      6  301.7  347.4  304.5
  853.0   1499   18.1   15.3     83  12.97    220      2  304.8  343.8  307.2
  850.0   1529   18.0   15.1     83  12.86    210      2  305.0  343.6  307.3
  824.0   1794   16.4   13.7     84  12.08    135      4  306.0  342.5  308.2
  795.0   2099   14.5   12.0     85  11.23    140      4  307.1  341.2  309.2
  779.0   2272   13.4   11.1     86  10.76    149      4  307.7  340.6  309.7
  768.0   2392   13.1    8.8     75   9.33    155      4  308.7  337.4  310.4
  754.0   2547   12.8    5.8     62   7.73    122      4  310.0  334.0  311.4
  741.0   2693   11.9    7.0     72   8.57     90      4  310.5  337.1  312.1
  732.0   2795   11.2    7.9     80   9.21    114      4  310.9  339.4  312.6
  715.0   2992   10.3    3.7     64   7.03    160      4  312.0  334.1  313.3
  713.0   3015   10.2    3.2     62   6.80    161      5  312.1  333.5  313.4
  700.0   3168    9.0    4.2     72   7.44    165      8  312.4  335.8  313.8
  665.0   3593    6.7   -0.1     62   5.73    175     10  314.5  332.8  315.6
  663.0   3617    6.6   -0.4     61   5.64    175     10  314.6  332.7  315.7
  618.0   4189    4.0  -11.6     31   2.56    185     17  318.0  326.7  318.5
  574.0   4789    1.3  -23.4     14   1.02    190     16  321.6  325.3  321.8
  554.0   5077    0.0  -29.0      9   0.63    175     14  323.4  325.7  323.5
  506.0   5796   -5.7  -21.7     27   1.34    135     11  324.9  329.7  325.2
  500.0   5890   -6.5  -12.5     62   2.94    130     10  325.1  335.2  325.6
  496.0   5952   -7.1   -9.8     81   3.68    127      9  325.1  337.6  325.8
  494.0   5984   -7.1  -10.3     78   3.55    125      8  325.4  337.6  326.1
  491.0   6031   -7.1  -11.1     73   3.36    114      8  326.0  337.5  326.7
  483.0   6159   -5.7  -26.7     17   0.90     85      7  329.3  332.6  329.4
  475.0   6287   -6.6  -27.9     17   0.81     55      6  329.7  332.8  329.9
  423.0   7173  -12.7  -36.7     12   0.39    150     12  333.0  334.6  333.1
  403.0   7544  -15.3  -40.3     10   0.28    137     18  334.3  335.5  334.4
  400.0   7600  -15.1  -40.1     10   0.29    135     19  335.3  336.5  335.3
  383.0   7928  -15.3  -41.3      9   0.27    130     20  339.2  340.3  339.2
  302.0   9673  -29.9  -50.9     11   0.12    106     23  342.5  343.0  342.5
  300.0   9720  -30.5  -50.5     12   0.12    105     23  342.3  342.8  342.3
  269.0  10483  -37.4  -54.5     15   0.09     95     23  343.0  343.4  343.0
  258.0  10775  -40.1  -56.1     16   0.07    109     23  343.2  343.5  343.2
  250.0  10990  -41.7                         120     23  343.9         343.9
  247.0  11070  -42.4                         125     23  344.1         344.1
  200.0  12460  -54.1                          80     23  346.9         346.9
  197.0  12554  -54.8                          75     23  347.3         347.3
  170.0  13471  -61.7                          40     17  350.9         350.9
  150.0  14250  -67.5                          75     14  353.6         353.6
  147.0  14369  -68.5                          85     14  353.9         353.9
  127.0  15233  -75.7                          61     24  356.1         356.1
  126.0  15279  -75.5                          60     25  357.2         357.2
  120.0  15562  -74.3                          60     45  364.4         364.4
  117.0  15709  -73.7                          59     40  368.2         368.2
  102.0  16497  -80.0                          55     10  370.7         370.7
  101.0  16554  -80.5                          65      6  370.9         370.9
  100.0  16610  -80.1                          75     10  372.7         372.7
   97.0  16785  -77.7                         100     12  380.6         380.6
   92.0  17088  -73.6                          95     14  394.5         394.5
   91.4  17126  -73.1                          99     14  396.3         396.3
   88.0  17348  -72.8                         125     16  401.1         401.1
   75.0  18285  -71.8                         115     14  422.1         422.1
   70.0  18690  -71.3                          85      8  431.5         431.5
   68.0  18861  -71.3                          70      4  435.1         435.1
   65.0  19127  -71.3                         120     10  440.8         440.8
   63.8  19237  -71.3                         117     11  443.1         443.1
   55.0  20134  -65.5                          95     17  475.7         475.7
   53.0  20358  -64.0                          60     12  484.1         484.1
   50.0  20710  -61.7                         245      2  497.7         497.7
   48.8  20861  -61.3                         197      6  502.1         502.1
   48.0  20963  -61.2                         165      8  504.6         504.6
   46.0  21228  -61.1                         190      4  511.1         511.1
   44.0  21504  -61.0                         150      6  518.0         518.0
   42.0  21793  -60.8                         165      6  525.3         525.3
   40.5  22018  -60.7                         221      5  531.0         531.0
   40.0  22096  -59.4                         240      4  536.2         536.2
   39.3  22207  -57.5                         218      5  543.7         543.7
   38.0  22420  -57.2                         175      6  549.6         549.6
   36.0  22763  -56.9                         270      6  559.2         559.2
   34.0  23125  -56.4                         255      4  569.5         569.5
   33.0  23314  -56.2                         210      4  574.9         574.9
   31.0  23711  -55.8                         210      8  586.5         586.5
   30.8  23752  -55.7                         215      7  587.8         587.8
   30.0  23920  -54.1                         235      4  596.6         596.6
   29.2  24094  -52.5                         251      6  605.6         605.6
   28.0  24364  -52.7                         275      8  612.4         612.4
   25.0  25093  -53.1                         185     10  631.3         631.3
   24.0  25355  -53.3                         215      8  638.3         638.3
   21.4  26093  -53.7                         224     10  658.2         658.2
   21.0  26215  -52.9                         225     10  664.1         664.1
   20.0  26530  -50.9                         240     10  679.6         679.6
   19.0  26865  -50.5                         250      8  690.8         690.8
   17.0  27590  -49.7                         185     14  715.6         715.6
   16.9  27629  -49.7                                     717.0         717.0
</PRE><H3>Station information and sounding indices</H3><PRE>
                         Station identifier: WIII
                             Station number: 96749
                           Observation time: 151008/0000
                           Station latitude: -6.11
                          Station longitude: 106.65
                          Station elevation: 8.0
                            Showalter index: -1.07
                               Lifted index: -1.68
    LIFT computed using virtual temperature: -2.07
                                SWEAT index: 195.21
                                    K index: 34.80
                         Cross totals index: 21.60
                      Vertical totals index: 24.50
                        Totals totals index: 46.10
      Convective Available Potential Energy: 43.43
             CAPE using virtual temperature: 147.72
                      Convective Inhibition: -94.12
             CINS using virtual temperature: -72.56
                           Equilibrum Level: 256.04
 Equilibrum Level using virtual temperature: 255.22
                   Level of Free Convection: 703.12
             LFCT using virtual temperature: 782.37
                     Bulk Richardson Number: 77.50
          Bulk Richardson Number using CAPV: 263.62
  Temp [K] of the Lifted Condensation Level: 292.82
Pres [hPa] of the Lifted Condensation Level: 929.31
   Equivalent potential temp [K] of the LCL: 345.18
     Mean mixed layer potential temperature: 299.04
              Mean mixed layer mixing ratio: 15.79
              1000 hPa to 500 hPa thickness: 5776.00
Precipitable water [mm] for entire sounding: 47.43
</PRE>
<P>Description of the 
<A HREF="/upperair/columns.html">data columns</A>
or <A HREF="/upperair/indices.html">sounding indices</A>.

<P>
<FORM>
<INPUT CLASS="button" TYPE="button" VALUE=" Close this window " 
 onClick="window.close();">
<INPUT CLASS="button" TYPE="button" VALUE=" Select another map " 
 onClick="window.blur();">
</FORM>
<HR SIZE="1">
<I>Interested in graduate studies in atmospheric science?
Check out our program at the
<a href="http://www.uwyo.edu/atsc/howtoapply/"
target=_top>University of Wyoming
</a></I>
<HR SIZE="1"><FONT SIZE="-1">
Questions about the weather data provided by this site can be
addressed to <A HREF="mailto:ldoolman@uwyo.edu">
Larry Oolman (ldoolman@uwyo.edu)</A></FONT>
<HR SIZE="1">
<SCRIPT TYPE="text/javascript">
<!--
window.focus();
// -->
</SCRIPT>
</BODY>
</HTML>
