2014-02-25 00
<HTML>
<TITLE>University of Wyoming - Radiosonde Data</TITLE>
<BODY BGCOLOR="white">
<H2>96749 WIII Jakarta Observations at 00Z 25 Feb 2014</H2>
<PRE>
-----------------------------------------------------------------------------
   PRES   HGHT   TEMP   DWPT   RELH   MIXR   DRCT   SKNT   THTA   THTE   THTV
    hPa     m      C      C      %    g/kg    deg   knot     K      K      K 
-----------------------------------------------------------------------------
 1011.0      8   23.6   23.1     97  17.96    220      3  295.8  347.7  299.0
 1000.0    106   24.8   22.5     87  17.50    255      8  297.9  348.9  301.1
  990.0    195   24.6   21.9     85  17.03    284     12  298.6  348.4  301.6
  978.0    301   23.9   21.3     86  16.63    320     16  298.9  347.5  301.9
  925.0    789   20.4   18.7     90  14.90    320     19  300.2  344.0  302.8
  913.0    901   19.8   18.0     90  14.47    315     19  300.6  343.3  303.2
  852.0   1496   16.3   14.5     89  12.35    315     16  303.0  339.9  305.3
  850.0   1516   16.2   14.4     89  12.28    315     16  303.1  339.8  305.3
  794.0   2094   13.4   12.1     92  11.27    270     10  306.1  340.2  308.1
  790.0   2137   13.2   11.9     92  11.20    275     10  306.3  340.2  308.4
  766.0   2396   11.9   10.3     90  10.39    305     10  307.6  339.3  309.5
  739.0   2697   10.4    8.5     88   9.50    285      8  309.1  338.4  310.9
  725.0   2857    9.6    7.5     87   9.05    237      5  310.0  337.9  311.6
  713.0   2996    9.7    5.5     75   8.00    195      2  311.6  336.6  313.1
  703.0   3113    9.8    3.8     66   7.20    195      4  312.9  335.6  314.3
  700.0   3149    9.6    3.6     66   7.13    195      4  313.1  335.6  314.4
  688.0   3291    8.8    3.2     68   7.05    190      4  313.7  336.0  315.0
  663.0   3595    7.0    2.4     72   6.89    230      4  315.0  337.0  316.3
  640.0   3885    5.2    1.5     77   6.73    340      4  316.3  337.8  317.6
  617.0   4186    3.5    0.7     82   6.57    285      4  317.6  338.7  318.8
  601.0   4402    2.2    0.1     86   6.46    295      7  318.5  339.4  319.7
  594.0   4497    2.2   -0.6     82   6.23    300      8  319.5  339.8  320.7
  585.0   4620    2.2   -1.4     77   5.94    292     10  320.9  340.4  322.1
  573.0   4787    0.9   -2.6     77   5.53    280     12  321.3  339.5  322.4
  565.0   4901    0.0   -3.5     77   5.26    282     13  321.6  338.9  322.6
  511.0   5697   -5.7   -7.9     85   4.17    300     23  324.0  338.1  324.9
  500.0   5870   -6.9   -8.8     86   3.95    295     21  324.6  338.0  325.3
  475.0   6269   -8.9  -11.9     79   3.25    300     22  326.9  338.1  327.5
  455.0   6597  -10.8  -13.5     81   2.98    305     23  328.5  338.9  329.1
  421.0   7190  -14.4  -16.5     84   2.52    300     17  331.3  340.3  331.8
  400.0   7580  -16.7  -18.4     87   2.25    270     16  333.2  341.3  333.6
  358.0   8397  -22.6  -24.5     84   1.48    200     14  336.1  341.6  336.4
  344.0   8691  -24.7  -26.7     83   1.26    250      6  337.1  341.8  337.3
  326.0   9087  -27.5  -29.6     82   1.01    265     10  338.4  342.3  338.6
  304.0   9585  -31.2  -33.5     80   0.75    285     16  340.0  342.9  340.1
  300.0   9680  -31.9  -34.2     80   0.71    280     14  340.3  343.1  340.4
  279.0  10184  -36.1  -38.6     78   0.49    210      6  341.4  343.4  341.5
  267.0  10489  -38.6  -41.2     76   0.39    155      8  342.1  343.7  342.2
  260.0  10674  -40.1  -42.8     75   0.34    151      8  342.4  343.9  342.5
  250.0  10940  -42.5                         145      8  342.7         342.7
  200.0  12400  -55.5                         100     12  344.7         344.7
  185.0  12880  -59.6                          80     12  345.9         345.9
  168.0  13473  -64.6                          75     17  347.2         347.2
  150.0  14170  -70.5                          60     33  348.5         348.5
  144.0  14411  -72.2                          60     35  349.6         349.6
  143.0  14452  -72.5                          60     33  349.8         349.8
  137.0  14706  -70.3                          60     21  358.0         358.0
  136.0  14749  -69.9                          66     20  359.4         359.4
  130.0  15012  -71.6                         105     17  361.1         361.1
  112.0  15880  -77.1                         185     14  366.5         366.5
  106.0  16200  -79.1                         201     16  368.5         368.5
  101.0  16474  -80.4                         215     17  371.0         371.0
  100.0  16530  -80.7                         210     17  371.6         371.6
   97.5  16672  -81.5                         210     17  372.7         372.7
   95.0  16819  -81.1                         200     17  376.3         376.3
   86.0  17380  -79.5                         105     16  390.3         390.3
   82.7  17601  -78.9                          95     16  395.9         395.9
   81.6  17678  -73.9                          92     16  407.7         407.7
   81.0  17721  -73.9                          90     16  408.5         408.5
   73.0  18326  -74.5                         335     14  419.7         419.7
   70.0  18570  -74.7                         285     14  424.2         424.2
   66.0  18913  -74.3                         275     19  432.2         432.2
   63.0  19185  -74.1                         300     19  438.6         438.6
   60.0  19470  -73.8                         260     16  445.4         445.4
   57.4  19728  -73.5                         273     13  451.7         451.7
   54.0  20092  -70.5                         290     10  466.6         466.6
   51.0  20432  -67.7                         330      6  480.9         480.9
   50.0  20550  -66.7                         275      8  485.9         485.9
   49.0  20673  -65.8                         225     10  490.8         490.8
   47.6  20849  -64.5                         207     10  498.0         498.0
   46.0  21057  -65.0                         185     10  501.7         501.7
   44.0  21327  -65.7                         285      6  506.5         506.5
   42.0  21610  -66.3                         280     12  511.6         511.6
   41.0  21757  -66.7                         265     12  514.2         514.2
   40.0  21909  -65.9                         250     12  519.9         519.9
   38.0  22226  -64.3                         245     10  531.7         531.7
   36.0  22560  -62.6                         340      2  544.4         544.4
   35.0  22734  -61.7                         290      4  551.1         551.1
   33.0  23097  -59.8                         290      4  565.5         565.5
   31.3  23424  -58.1                         307      6  578.6         578.6
   31.0  23484  -58.4                         310      6  579.3         579.3
   30.0  23690  -59.5                         165      8  581.9         581.9
   29.0  23903  -59.3                         185     10  588.0         588.0
   26.0  24587  -58.8                         115     16  608.1         608.1
   25.0  24833  -58.6                          45     10  615.5         615.5
   23.0  25356  -58.2                          15     12  631.5         631.5
   22.4  25522  -58.1                          27     12  636.6         636.6
   20.0  26240  -54.9                          80     10  667.4         667.4
   19.0  26570  -53.0                         110     21  683.0         683.0
   18.2  26846  -51.5                         110     18  696.3         696.3
   17.0  27286  -52.8                         110     14  705.9         705.9
   16.2  27597  -53.7                         134     16  712.7         712.7
   16.0  27678  -52.7                         140     17  718.5         718.5
   15.0  28099  -47.6                          80     41  748.9         748.9
   14.8  28186  -46.5                          80     43  755.3         755.3
   12.0  29572  -47.6                          85     70  798.0         798.0
   11.4  29911  -47.9                          85     69  808.8         808.8
   10.0  30780  -44.5                          85     68  852.3         852.3
    9.2  31342  -41.3                          81     76  885.1         885.1
    9.0  31491  -41.3                          80     78  890.5         890.5
    8.0  32290  -41.5                          90     72  920.2         920.2
    7.2  33004  -41.7                          98     93  947.6         947.6
    7.0  33196  -41.0                         100     99  958.3         958.3
    6.6  33598  -39.5                         100     99  980.8         980.8
    6.3  33915  -38.3                         100     96  999.0         999.0
    6.0                                       100     93                     
</PRE><H3>Station information and sounding indices</H3><PRE>
                         Station identifier: WIII
                             Station number: 96749
                           Observation time: 140225/0000
                           Station latitude: -6.11
                          Station longitude: 106.65
                          Station elevation: 8.0
                            Showalter index: 0.10
                               Lifted index: -2.97
    LIFT computed using virtual temperature: -3.27
                                SWEAT index: 225.81
                                    K index: 31.50
                         Cross totals index: 21.30
                      Vertical totals index: 23.10
                        Totals totals index: 44.40
      Convective Available Potential Energy: 832.71
             CAPE using virtual temperature: 930.02
                      Convective Inhibition: -7.78
             CINS using virtual temperature: -4.85
                           Equilibrum Level: 164.93
 Equilibrum Level using virtual temperature: 164.58
                   Level of Free Convection: 903.67
             LFCT using virtual temperature: 920.23
                     Bulk Richardson Number: 5784.06
          Bulk Richardson Number using CAPV: 6459.98
  Temp [K] of the Lifted Condensation Level: 294.22
Pres [hPa] of the Lifted Condensation Level: 951.22
   Equivalent potential temp [K] of the LCL: 347.58
     Mean mixed layer potential temperature: 298.47
              Mean mixed layer mixing ratio: 16.85
              1000 hPa to 500 hPa thickness: 5764.00
Precipitable water [mm] for entire sounding: 57.37
</PRE>
<P>Description of the 
<A HREF="/upperair/columns.html">data columns</A>
or <A HREF="/upperair/indices.html">sounding indices</A>.

<P>
<FORM>
<INPUT CLASS="button" TYPE="button" VALUE=" Close this window " 
 onClick="window.close();">
<INPUT CLASS="button" TYPE="button" VALUE=" Select another map " 
 onClick="window.blur();">
</FORM>
<HR SIZE="1">
<I>Interested in graduate studies in atmospheric science?
Check out our program at the
<a href="http://www.uwyo.edu/atsc/howtoapply/"
target=_top>University of Wyoming
</a></I>
<HR SIZE="1"><FONT SIZE="-1">
Questions about the weather data provided by this site can be
addressed to <A HREF="mailto:ldoolman@uwyo.edu">
Larry Oolman (ldoolman@uwyo.edu)</A></FONT>
<HR SIZE="1">
<SCRIPT TYPE="text/javascript">
<!--
window.focus();
// -->
</SCRIPT>
</BODY>
</HTML>
