2015-03-24 00
<HTML>
<TITLE>University of Wyoming - Radiosonde Data</TITLE>
<BODY BGCOLOR="white">
<H2>96749 WIII Jakarta Observations at 00Z 24 Mar 2015</H2>
<PRE>
-----------------------------------------------------------------------------
   PRES   HGHT   TEMP   DWPT   RELH   MIXR   DRCT   SKNT   THTA   THTE   THTV
    hPa     m      C      C      %    g/kg    deg   knot     K      K      K 
-----------------------------------------------------------------------------
 1010.0      8   26.0   23.3     85  18.21    150      3  298.3  351.4  301.5
 1000.0    102   26.0   24.0     89  19.21    130      4  299.1  355.5  302.6
  978.0    297   24.9   22.9     89  18.34     80      8  300.0  353.9  303.2
  925.0    787   22.2   20.1     88  16.29     40      4  302.0  350.3  304.9
  913.0    900   21.5   19.6     89  15.98     30      4  302.5  349.9  305.4
  861.0   1409   18.6   17.3     92  14.65     13      4  304.5  348.4  307.2
  852.0   1500   18.3   16.4     89  13.97     10      4  305.1  347.0  307.6
  850.0   1520   18.2   16.2     88  13.82     10      4  305.2  346.7  307.7
  823.0   1793   16.8   14.7     87  12.95     30      2  306.6  345.8  309.0
  794.0   2096   15.3   13.0     86  12.03      5      2  308.1  344.8  310.4
  767.0   2389   13.9   11.4     85  11.19     75      2  309.6  344.0  311.7
  714.0   2995   10.8    8.1     83   9.59    110      4  312.7  342.6  314.5
  700.0   3162   10.0    7.2     83   9.18    135      4  313.5  342.3  315.3
  664.0   3597    7.4    4.2     80   7.87    185      6  315.4  340.4  316.9
  640.0   3900    5.7    2.2     78   7.05    205      6  316.7  339.3  318.1
  621.0   4149    4.2    0.5     77   6.43    180      8  317.8  338.6  319.0
  617.0   4201    3.9    0.2     77   6.33    175      8  318.0  338.5  319.2
  595.0   4494    2.1   -1.5     77   5.80    160      6  319.3  338.2  320.4
  573.0   4799    0.3   -3.2     77   5.28    180      2  320.6  337.9  321.6
  570.0   4841    0.0   -3.5     77   5.21    188      3  320.7  337.9  321.8
  552.0   5096   -1.4   -5.0     77   4.81    235      6  322.0  338.0  322.9
  511.0   5707   -4.9   -8.6     75   3.93    260     10  324.9  338.3  325.7
  500.0   5880   -5.9   -9.6     75   3.71    230      8  325.8  338.5  326.5
  492.0   6006   -6.6  -10.3     75   3.58    215      6  326.4  338.6  327.1
  474.0   6297   -8.3  -11.8     76   3.28    135      4  327.8  339.1  328.4
  462.0   6497   -9.5  -12.9     76   3.08    105      4  328.7  339.5  329.4
  456.0   6597  -10.0  -14.0     72   2.85     90      4  329.3  339.3  329.9
  421.0   7211  -13.1  -20.9     52   1.73    110      8  332.9  339.3  333.3
  419.0   7248  -13.3  -21.3     51   1.68    109      8  333.2  339.3  333.5
  405.0   7506  -14.9  -21.4     57   1.71    105      6  334.3  340.6  334.7
  400.0   7600  -15.5  -21.5     60   1.73     90      4  334.8  341.1  335.1
  390.0   7785  -16.9  -22.7     61   1.59     55      2  335.4  341.2  335.7
  374.0   8091  -19.2  -24.7     62   1.39    145      2  336.4  341.5  336.6
  359.0   8389  -21.4  -26.7     63   1.21     60      4  337.3  341.9  337.6
  345.0   8680  -23.6  -28.6     64   1.05     60      4  338.2  342.2  338.4
  331.0   8982  -25.9  -30.6     65   0.91     30      2  339.1  342.6  339.3
  318.0   9275  -28.1  -32.5     66   0.79     30      2  339.9  343.0  340.1
  300.0   9700  -31.3  -35.3     68   0.64     60      4  341.1  343.7  341.3
  282.0  10137  -34.7  -38.3     70   0.50     91      2  342.4  344.4  342.4
  280.0  10187  -35.1  -39.0     67   0.47     95      2  342.5  344.4  342.6
  256.0  10808  -40.1  -48.1     42   0.19    111      5  344.0  344.8  344.0
  250.0  10970  -41.5                         115      6  344.2         344.2
  235.0  11378  -44.9                         125      4  345.2         345.2
  224.0  11693  -47.6                         145      6  345.9         345.9
  214.0  11994  -50.1                         135      2  346.4         346.4
  205.0  12277  -52.5                          75      8  347.0         347.0
  200.0  12440  -53.9                          75      8  347.2         347.2
  186.0  12889  -57.7                          85      6  348.4         348.4
  177.0  13196  -60.3                          60      4  349.1         349.1
  169.0  13482  -62.7                          70      4  349.8         349.8
  161.0  13782  -65.2                         230      4  350.4         350.4
  150.0  14220  -68.9                         235      6  351.2         351.2
  132.0  14972  -75.3                         235      8  352.8         352.8
  131.0  15016  -75.7                         222      8  352.9         352.9
  125.0  15285  -76.6                         145      6  356.1         356.1
  119.0  15566  -77.5                         135      6  359.4         359.4
  112.0  15913  -78.7                         180      8  363.5         363.5
  107.0  16174  -79.5                         160      4  366.6         366.6
  105.0  16282  -79.9                         131      7  367.9         367.9
  103.0  16391  -77.7                         101      9  374.2         374.2
  101.0  16503  -78.2                          70     12  375.3         375.3
  100.0  16560  -78.5                          65     12  375.8         375.8
   96.0  16790  -79.4                          50     10  378.4         378.4
   91.0  17091  -80.7                         355     10  381.8         381.8
   86.0  17409  -82.0                           0     14  385.4         385.4
   84.7  17495  -82.3                         345     14  386.4         386.4
   73.0  18325  -82.1                         245      6  403.5         403.5
   71.9  18409  -82.1                         198      7  405.3         405.3
   70.0  18560  -79.5                         115      8  414.0         414.0
   68.0  18725  -77.3                         118      9  422.2         422.2
   63.0  19169  -75.7                         125     12  435.1         435.1
   60.0  19453  -74.6                          95     17  443.6         443.6
   53.0  20174  -71.9                          72     22  465.8         465.8
   51.0  20402  -69.4                          65     23  476.9         476.9
   50.0  20520  -68.1                          70     23  482.6         482.6
   49.3  20604  -67.9                          71     24  485.0         485.0
   38.8  22050  -64.7                          79     38  527.5         527.5
   38.0  22178  -61.6                          80     39  538.4         538.4
   37.6  22243  -60.1                          81     40  544.0         544.0
   31.0  23446  -59.4                         105     60  576.6         576.6
   30.0  23650  -59.3                         105     62  582.4         582.4
   28.3  24017  -58.8                         100     64  593.6         593.6
   28.0  24084  -58.7                         100     64  595.6         595.6
   26.1  24525  -58.1                          91     64  609.4         609.4
   26.0  24550  -58.0                          90     64  610.3         610.3
   22.5  25467  -55.1                          90     58  644.7         644.7
   20.0  26220  -54.9                          90     54  667.4         667.4
   17.7  27007  -50.7                          86     50  704.4         704.4
   17.0  27273  -46.7                          85     49  725.5         725.5
   16.7  27390  -44.9                          81     45  734.9         734.9
   15.0  28104  -45.2                          60     21  756.6         756.6
   14.0  28563  -45.5                          65     19  770.9         770.9
   13.0  29056  -45.7                         320     17  786.6         786.6
   12.0  29588  -46.0                         240      8  803.9         803.9
   11.0  30166  -46.2                         160      8  823.1         823.1
   10.1  30734  -46.5                         232     12  842.5         842.5
   10.0  30800  -46.1                         240     12  846.4         846.4
    9.0  31514  -42.1                         190     27  887.7         887.7
    8.0  32312  -37.6                         200     23  935.9         935.9
    7.9  32398  -37.1                                     941.2         941.2
    7.7  32576  -33.5                                     962.6         962.6
</PRE><H3>Station information and sounding indices</H3><PRE>
                         Station identifier: WIII
                             Station number: 96749
                           Observation time: 150324/0000
                           Station latitude: -6.11
                          Station longitude: 106.65
                          Station elevation: 8.0
                            Showalter index: -1.65
                               Lifted index: -4.13
    LIFT computed using virtual temperature: -4.64
                                SWEAT index: 210.41
                                    K index: 37.50
                         Cross totals index: 22.10
                      Vertical totals index: 24.10
                        Totals totals index: 46.20
      Convective Available Potential Energy: 1724.46
             CAPE using virtual temperature: 1866.24
                      Convective Inhibition: -13.88
             CINS using virtual temperature: -8.96
                           Equilibrum Level: 129.55
 Equilibrum Level using virtual temperature: 129.51
                   Level of Free Convection: 881.16
             LFCT using virtual temperature: 897.05
                     Bulk Richardson Number: 557.27
          Bulk Richardson Number using CAPV: 603.09
  Temp [K] of the Lifted Condensation Level: 295.64
Pres [hPa] of the Lifted Condensation Level: 952.85
   Equivalent potential temp [K] of the LCL: 353.71
     Mean mixed layer potential temperature: 299.76
              Mean mixed layer mixing ratio: 18.39
              1000 hPa to 500 hPa thickness: 5778.00
Precipitable water [mm] for entire sounding: 61.19
</PRE>
<P>Description of the 
<A HREF="/upperair/columns.html">data columns</A>
or <A HREF="/upperair/indices.html">sounding indices</A>.

<P>
<FORM>
<INPUT CLASS="button" TYPE="button" VALUE=" Close this window " 
 onClick="window.close();">
<INPUT CLASS="button" TYPE="button" VALUE=" Select another map " 
 onClick="window.blur();">
</FORM>
<HR SIZE="1">
<I>Interested in graduate studies in atmospheric science?
Check out our program at the
<a href="http://www.uwyo.edu/atsc/howtoapply/"
target=_top>University of Wyoming
</a></I>
<HR SIZE="1"><FONT SIZE="-1">
Questions about the weather data provided by this site can be
addressed to <A HREF="mailto:ldoolman@uwyo.edu">
Larry Oolman (ldoolman@uwyo.edu)</A></FONT>
<HR SIZE="1">
<SCRIPT TYPE="text/javascript">
<!--
window.focus();
// -->
</SCRIPT>
</BODY>
</HTML>
