2013-04-02 12
<HTML>
<TITLE>University of Wyoming - Radiosonde Data</TITLE>
<BODY BGCOLOR="white">
<H2>96749 WIII Jakarta Observations at 00Z 02 Apr 2013</H2>
<PRE>
-----------------------------------------------------------------------------
   PRES   HGHT   TEMP   DWPT   RELH   MIXR   DRCT   SKNT   THTA   THTE   THTV
    hPa     m      C      C      %    g/kg    deg   knot     K      K      K 
-----------------------------------------------------------------------------
 1008.0      8   27.0   24.5     86  19.65    205      2  299.5  357.2  303.0
 1000.0     81   26.4   23.3     83  18.39    220      2  299.6  353.5  302.8
  976.0    295   25.4   21.9     81  17.31    270      2  300.6  351.7  303.7
  943.0    598   24.0   20.0     78  15.86     45      2  302.2  349.2  305.0
  925.0    768   23.2   18.9     77  15.09     65      4  303.0  348.0  305.8
  911.0    901   22.4   18.0     76  14.49     85      6  303.6  346.9  306.2
  880.0   1202   20.7   16.1     75  13.21    125      6  304.8  344.5  307.2
  867.0   1332   20.0   15.2     74  12.68    127      6  305.4  343.6  307.7
  850.0   1503   18.6   16.0     85  13.64    130      6  305.6  346.7  308.1
  821.0   1797   17.0   14.4     85  12.74    160      6  306.9  345.6  309.3
  793.0   2091   15.3   12.8     85  11.89    110      4  308.2  344.5  310.4
  738.0   2699   11.9    9.6     86  10.27    130      2  310.9  342.7  312.8
  712.0   3003   10.2    8.0     86   9.52    180      4  312.2  341.9  314.0
  700.0   3147    9.4    7.2     86   9.18    185      6  312.9  341.6  314.6
  679.0   3400    8.2    5.8     85   8.59    187      7  314.3  341.3  315.9
  639.0   3897    5.9    1.4     73   6.68    190     10  317.1  338.6  318.4
  616.0   4197    4.5   -1.2     66   5.71    180     12  318.9  337.5  320.0
  561.0   4961    1.0   -8.0     51   3.75    172     13  323.4  336.1  324.1
  550.0   5121    0.0   -6.0     64   4.47    171     13  324.0  339.1  324.9
  511.0   5707   -3.5   -9.5     63   3.67    165     14  326.7  339.3  327.4
  500.0   5880   -4.5  -10.5     63   3.46    160     14  327.5  339.4  328.2
  465.0   6445   -9.1  -10.6     89   3.69    141     11  328.6  341.4  329.4
  455.0   6614   -8.6  -12.9     71   3.13    135     10  331.3  342.3  331.9
  449.0   6716   -8.3  -14.3     62   2.83    136     10  332.9  343.0  333.5
  421.0   7209  -11.9  -17.9     61   2.24    140     12  334.6  342.7  335.0
  405.0   7505  -14.0  -20.0     60   1.94     95     12  335.5  342.6  335.9
  400.0   7600  -14.7  -20.7     60   1.85     95     12  335.8  342.6  336.2
  394.0   7714  -15.5  -19.7     70   2.05    102     12  336.2  343.7  336.6
  374.0   8102  -17.8  -26.1     48   1.22    125     10  338.2  342.8  338.4
  335.0   8921  -22.7  -39.7     20   0.36    179     10  342.3  343.8  342.4
  331.0   9008  -23.4  -40.5     19   0.34    185     10  342.6  344.0  342.7
  305.0   9600  -27.8  -45.6     17   0.21    170     10  344.4  345.4  344.5
  300.0   9720  -28.7  -46.7     16   0.19    180     12  344.8  345.6  344.9
  293.0   9887  -30.1  -47.4     17   0.18    195     14  345.2  345.9  345.2
  272.0  10415  -34.5  -49.5     20   0.15    165     12  346.2  346.9  346.2
  269.0  10492  -35.1  -49.5     22   0.16    160     12  346.4  347.1  346.4
  257.0  10808  -37.6  -49.2     29   0.17    170      6  347.3  348.0  347.3
  250.0  11000  -39.1  -49.1     34   0.18    155      6  347.8  348.6  347.8
  246.0  11110  -39.9  -49.1     37   0.18    145      6  348.2  349.0  348.2
  245.0  11138  -40.1  -49.1     38   0.18    145      6  348.3  349.1  348.4
  236.0  11388  -42.3                         145      4  348.8         348.8
  226.0  11676  -44.8                          70      4  349.3         349.3
  216.0  11977  -47.4                          50      8  349.7         349.7
  206.0  12293  -50.2                          65      6  350.2         350.2
  200.0  12490  -51.9                          55     10  350.4         350.4
  179.0  13184  -57.7                          45     14  352.2         352.2
  150.0  14290  -66.9                          45     23  354.6         354.6
  126.0  15292  -74.7                          50     14  358.6         358.6
  120.0  15572  -76.9                          70      8  359.6         359.6
  114.0  15867  -79.2                         125      6  360.7         360.7
  102.0  16506  -84.2                         165     14  362.7         362.7
  100.0  16620  -85.1                         160     14  363.1         363.1
   97.0  16786  -85.9                         150     12  364.6         364.6
   92.0  17073  -87.4                          80      6  367.2         367.2
   87.0  17377  -89.0                         105     10  370.1         370.1
   84.1  17561  -89.9                         110     19  371.7         371.7
   78.0  17979  -82.5                          95     29  395.1         395.1
   74.0  18271  -77.4                          70     35  412.0         412.0
   73.8  18286  -77.1                          70     34  412.8         412.8
   70.0  18590  -76.5                          75     17  420.4         420.4
   68.3  18732  -74.7                          75     14  427.2         427.2
   66.0  18930  -75.5                          75     10  429.8         429.8
   61.9  19300  -76.9                          84     14  434.6         434.6
   59.4  19538  -73.3                          89     16  447.8         447.8
   51.9  20322  -75.5                         108     24  460.2         460.2
   51.0  20424  -73.7                         110     25  466.7         466.7
   50.0  20540  -71.7                         105     29  474.1         474.1
   49.2  20636  -70.1                         101     31  480.1         480.1
   46.4  20985  -71.5                          87     38  484.8         484.8
   46.0  21037  -70.3                          85     39  488.9         488.9
   44.0  21306  -64.2                          90     39  510.0         510.0
   43.9  21320  -63.9                          90     39  511.1         511.1
   40.0  21894  -63.4                         105     27  526.1         526.1
   36.0  22545  -62.8                          70     31  543.7         543.7
   35.1  22702  -62.7                          77     28  548.0         548.0
   31.9  23304  -55.5                         103     14  582.4         582.4
   30.0  23700  -52.3                         120      6  601.5         601.5
   29.6  23787  -51.7                         107      6  605.4         605.4
   26.0  24620  -53.4                         340      6  623.6         623.6
   25.3  24795  -53.7                         302     13  627.5         627.5
   25.0  24872  -51.0                         285     16  637.3         637.3
   24.7  24950  -48.3                         279     21  647.3         647.3
   24.0  25138  -48.5                         265     33  652.2         652.2
   22.0  25707  -49.0                         255     17  667.1         667.1
   20.0  26330  -49.5                         265      8  683.9         683.9
   17.0  27398  -49.1                         270     14  717.7         717.7
   16.0  27803  -48.0                         315      8  733.6         733.6
   13.0  29190  -44.5                         285     16  790.9         790.9
   12.0  29724  -43.1                         205     17  814.1         814.1
   11.6  29951  -42.5                         217     17  824.1         824.1
   11.0  30312  -41.9                         235     16  839.0         839.0
   10.0  30960  -40.7                         195      8  866.5         866.5
    9.0  31683  -38.9                         215     10  899.8         899.8
    8.0  32491  -36.9                         225     12  938.6         938.6
    7.9  32578  -36.7                                     942.8         942.8
</PRE><H3>Station information and sounding indices</H3><PRE>
                         Station identifier: WIII
                             Station number: 96749
                           Observation time: 130402/0000
                           Station latitude: -6.11
                          Station longitude: 106.65
                          Station elevation: 8.0
                            Showalter index: -0.23
                               Lifted index: -2.19
    LIFT computed using virtual temperature: -2.69
                                SWEAT index: 218.01
                                    K index: 36.90
                         Cross totals index: 20.50
                      Vertical totals index: 23.10
                        Totals totals index: 43.60
      Convective Available Potential Energy: 634.88
             CAPE using virtual temperature: 766.26
                      Convective Inhibition: -53.54
             CINS using virtual temperature: -36.49
                           Equilibrum Level: 186.38
 Equilibrum Level using virtual temperature: 186.16
                   Level of Free Convection: 815.70
             LFCT using virtual temperature: 841.59
                     Bulk Richardson Number: 133.60
          Bulk Richardson Number using CAPV: 161.25
  Temp [K] of the Lifted Condensation Level: 294.56
Pres [hPa] of the Lifted Condensation Level: 933.13
   Equivalent potential temp [K] of the LCL: 352.11
     Mean mixed layer potential temperature: 300.46
              Mean mixed layer mixing ratio: 17.58
              1000 hPa to 500 hPa thickness: 5799.00
Precipitable water [mm] for entire sounding: 57.76
</PRE>
<P>Description of the 
<A HREF="/upperair/columns.html">data columns</A>
or <A HREF="/upperair/indices.html">sounding indices</A>.

<P>
<FORM>
<INPUT CLASS="button" TYPE="button" VALUE=" Close this window " 
 onClick="window.close();">
<INPUT CLASS="button" TYPE="button" VALUE=" Select another map " 
 onClick="window.blur();">
</FORM>
<HR SIZE="1">
<I>Interested in graduate studies in atmospheric science?
Check out our program at the
<a href="http://www.uwyo.edu/atsc/howtoapply/"
target=_top>University of Wyoming
</a></I>
<HR SIZE="1"><FONT SIZE="-1">
Questions about the weather data provided by this site can be
addressed to <A HREF="mailto:ldoolman@uwyo.edu">
Larry Oolman (ldoolman@uwyo.edu)</A></FONT>
<HR SIZE="1">
<SCRIPT TYPE="text/javascript">
<!--
window.focus();
// -->
</SCRIPT>
</BODY>
</HTML>
