2014-01-02 12
<HTML>
<TITLE>University of Wyoming - Radiosonde Data</TITLE>
<BODY BGCOLOR="white">
<H2>96749 WIII Jakarta Observations at 00Z 02 Jan 2014</H2>
<PRE>
-----------------------------------------------------------------------------
   PRES   HGHT   TEMP   DWPT   RELH   MIXR   DRCT   SKNT   THTA   THTE   THTV
    hPa     m      C      C      %    g/kg    deg   knot     K      K      K 
-----------------------------------------------------------------------------
 1010.0      8   24.6   23.6     94  18.55    230      3  296.9  350.7  300.2
 1000.0    101   25.0   22.1     84  17.07    250      4  298.1  347.9  301.2
  978.0    295   23.8   21.0     84  16.29    290      8  298.9  346.5  301.8
  928.0    754   21.0   18.4     85  14.57    299     10  300.5  343.4  303.1
  925.0    782   20.8   18.0     84  14.24    300     10  300.6  342.6  303.1
  913.0    895   20.2   17.3     84  13.83    300      8  301.1  342.0  303.6
  881.0   1202   18.6   15.5     82  12.75    240      2  302.5  340.4  304.8
  851.0   1501   17.1   13.8     81  11.76    315      2  303.9  339.1  306.0
  850.0   1511   17.0   13.7     81  11.72    315      2  303.9  339.1  306.1
  793.0   2103   15.0   11.6     80  10.93    265      8  307.9  341.3  309.9
  739.0   2695   11.6    7.5     76   8.89    295     12  310.5  338.1  312.1
  700.0   3150    9.0    4.4     73   7.55    255     12  312.4  336.1  313.8
  687.0   3303    8.1    3.5     72   7.20    245     12  313.1  335.9  314.5
  639.0   3896    4.7   -0.1     71   5.99    270     14  315.8  335.1  317.0
  616.0   4196    3.0   -1.9     70   5.44    260     14  317.2  334.8  318.2
  595.0   4480    1.4   -3.6     69   4.95    255     15  318.4  334.7  319.4
  583.0   4644    0.0   -3.5     77   5.09    253     15  318.7  335.4  319.7
  551.0   5092   -2.5   -7.2     70   4.05    245     16  320.9  334.4  321.7
  530.0   5401   -4.2   -9.8     65   3.44    205     12  322.4  334.0  323.1
  520.0   5552   -5.1  -11.1     63   3.17    212      8  323.1  333.9  323.7
  510.0   5705   -5.8   -9.7     74   3.62    220      4  324.1  336.4  324.8
  500.0   5860   -6.5   -8.2     88   4.15    245      4  325.1  339.1  325.9
  489.0   6034   -7.5   -9.1     88   3.95    277      6  325.9  339.3  326.7
  473.0   6291   -8.6  -11.0     83   3.50    325     10  327.6  339.7  328.3
  455.0   6591  -10.0  -13.3     77   3.03    330     14  329.6  340.2  330.2
  425.0   7119  -12.3  -17.3     66   2.33    290      7  333.1  341.5  333.6
  404.0   7504  -15.5  -18.9     75   2.14    260      2  333.8  341.6  334.3
  400.0   7580  -16.1  -19.2     77   2.11    265      2  334.0  341.6  334.4
  358.0   8407  -21.6  -24.9     74   1.42    315      8  337.4  342.8  337.7
  354.0   8491  -22.1  -25.5     74   1.36    329      7  337.8  342.9  338.1
  330.0   9003  -25.5  -31.9     55   0.80     60      4  339.9  343.1  340.1
  318.0   9273  -27.3  -35.3     47   0.60     44      7  341.1  343.4  341.2
  304.0   9595  -29.8  -38.5     42   0.45     25     10  342.0  343.8  342.1
  300.0   9690  -30.5  -39.5     41   0.41     30     10  342.3  344.0  342.4
  279.0  10193  -34.9  -43.4     41   0.29     50     14  343.1  344.4  343.2
  256.0  10789  -40.1  -48.1     42   0.19     46     16  344.0  344.8  344.0
  250.0  10950  -41.5                          45     17  344.2         344.2
  214.0  11974  -50.6                          50     23  345.8         345.8
  200.0  12420  -54.5                          65     25  346.3         346.3
  177.0  13176  -61.0                          70     31  348.0         348.0
  150.0  14200  -69.7                          55     37  349.8         349.8
  145.0  14398  -71.1                          60     41  350.7         350.7
  126.0  15220  -77.1                          71     56  354.3         354.3
  112.0  15891  -80.3                          80     68  360.6         360.6
  111.0  15942  -80.5                          80     68  361.0         361.0
  102.0  16425  -75.3                          53     46  379.8         379.8
  101.0  16482  -75.5                          50     43  380.5         380.5
  100.0  16540  -75.7                          50     41  381.2         381.2
   96.0  16774  -76.5                          40     23  384.1         384.1
   91.0  17081  -77.6                         335      8  387.9         387.9
   86.1  17398  -78.7                         235     10  391.8         391.8
   86.0  17405  -78.7                         235     10  392.0         392.0
   77.0  18041  -76.2                         260     17  409.7         409.7
   74.0  18270  -75.3                         240     17  416.2         416.2
   70.6  18540  -74.3                         248     16  424.1         424.1
   70.0  18590  -74.5                         250     16  424.7         424.7
   66.0  18932  -75.1                         220     14  430.5         430.5
   64.9  19029  -75.3                         216     14  432.2         432.2
   60.0  19493  -73.0                         200     12  447.3         447.3
   57.0  19796  -71.4                         215      6  457.3         457.3
   54.0  20115  -69.8                         325      6  468.2         468.2
   50.0  20570  -67.5                         275     16  484.0         484.0
   47.0  20949  -66.1                         215     14  496.0         496.0
   44.0  21353  -64.6                         165     12  509.1         509.1
   42.0  21638  -63.5                         140      6  518.5         518.5
   40.0  21937  -62.4                         230     10  528.6         528.6
   37.7  22300  -61.1                         246      9  541.0         541.0
   35.0  22763  -60.5                         265      8  554.2         554.2
   33.0  23130  -60.0                         325     10  564.9         564.9
   32.6  23206  -59.9                         322     13  567.1         567.1
   31.4  23442  -57.1                         315     21  580.8         580.8
   30.0  23730  -58.7                         305     31  584.0         584.0
   29.0  23941  -60.0                         290     29  586.1         586.1
   28.2  24115  -61.1                         280     29  587.8         587.8
   25.0  24861  -60.9                         230     25  609.0         609.0
   22.9  25405  -60.7                         158     21  625.0         625.0
   22.0  25657  -57.9                         125     19  640.5         640.5
   21.2  25889  -55.3                         125     17  655.2         655.2
   21.0  25950  -55.3                         125     17  656.9         656.9
   20.0  26260  -55.3                         105     16  666.2         666.2
   16.5  27491  -53.9                          79     44  708.3         708.3
   16.0  27690  -50.9                          75     49  724.3         724.3
   15.7  27813  -49.1                          75     48  734.2         734.2
   13.0  29053  -48.5                          75     41  776.9         776.9
   12.1  29524  -48.3                          79     51  793.7         793.7
   11.0  30157  -45.7                          85     64  825.0         825.0
   10.6  30402  -44.7                                     837.5         837.5
</PRE><H3>Station information and sounding indices</H3><PRE>
                         Station identifier: WIII
                             Station number: 96749
                           Observation time: 140102/0000
                           Station latitude: -6.11
                          Station longitude: 106.65
                          Station elevation: 8.0
                            Showalter index: 0.77
                               Lifted index: -2.31
    LIFT computed using virtual temperature: -2.56
                                SWEAT index: 172.40
                                    K index: 32.60
                         Cross totals index: 20.20
                      Vertical totals index: 23.50
                        Totals totals index: 43.70
      Convective Available Potential Energy: 405.06
             CAPE using virtual temperature: 497.51
                      Convective Inhibition: -37.24
             CINS using virtual temperature: -12.25
                           Equilibrum Level: 199.19
 Equilibrum Level using virtual temperature: 199.13
                   Level of Free Convection: 743.51
             LFCT using virtual temperature: 878.13
                     Bulk Richardson Number: 300.46
          Bulk Richardson Number using CAPV: 369.04
  Temp [K] of the Lifted Condensation Level: 293.81
Pres [hPa] of the Lifted Condensation Level: 944.72
   Equivalent potential temp [K] of the LCL: 346.87
     Mean mixed layer potential temperature: 298.64
              Mean mixed layer mixing ratio: 16.55
              1000 hPa to 500 hPa thickness: 5759.00
Precipitable water [mm] for entire sounding: 54.18
</PRE>
<P>Description of the 
<A HREF="/upperair/columns.html">data columns</A>
or <A HREF="/upperair/indices.html">sounding indices</A>.

<P>
<FORM>
<INPUT CLASS="button" TYPE="button" VALUE=" Close this window " 
 onClick="window.close();">
<INPUT CLASS="button" TYPE="button" VALUE=" Select another map " 
 onClick="window.blur();">
</FORM>
<HR SIZE="1">
<I>Interested in graduate studies in atmospheric science?
Check out our program at the
<a href="http://www.uwyo.edu/atsc/howtoapply/"
target=_top>University of Wyoming
</a></I>
<HR SIZE="1"><FONT SIZE="-1">
Questions about the weather data provided by this site can be
addressed to <A HREF="mailto:ldoolman@uwyo.edu">
Larry Oolman (ldoolman@uwyo.edu)</A></FONT>
<HR SIZE="1">
<SCRIPT TYPE="text/javascript">
<!--
window.focus();
// -->
</SCRIPT>
</BODY>
</HTML>
