2015-08-03 12
<HTML>
<TITLE>University of Wyoming - Radiosonde Data</TITLE>
<BODY BGCOLOR="white">
<H2>96749 WIII Jakarta Observations at 00Z 03 Aug 2015</H2>
<PRE>
-----------------------------------------------------------------------------
   PRES   HGHT   TEMP   DWPT   RELH   MIXR   DRCT   SKNT   THTA   THTE   THTV
    hPa     m      C      C      %    g/kg    deg   knot     K      K      K 
-----------------------------------------------------------------------------
 1013.0      8   22.4   19.2     82  14.02    170      5  294.5  334.7  296.9
 1000.0    119   24.2   17.2     65  12.50    175      8  297.4  333.8  299.6
  991.0    198   24.6   15.6     57  11.37    179     10  298.5  331.9  300.6
  980.0    296   23.9   15.6     60  11.50    185     12  298.8  332.6  300.9
  925.0    799   20.6   15.6     73  12.19    205     12  300.4  336.4  302.6
  919.0    855   20.4   13.4     64  10.62    205     12  300.7  332.2  302.6
  915.0    893   20.2   13.2     64  10.54    205     12  300.9  332.1  302.8
  884.0   1189   18.2   11.8     66   9.94    210      8  301.9  331.5  303.7
  858.0   1446   16.6   10.6     68   9.44    168      3  302.7  331.0  304.4
  853.0   1496   16.6    9.3     62   8.72    160      2  303.2  329.5  304.8
  850.0   1526   16.6    8.6     59   8.31    160      2  303.5  328.6  305.0
  823.0   1800   14.1   10.6     79   9.83    200      2  303.7  333.2  305.4
  816.0   1872   13.4   11.1     86  10.27    191      3  303.7  334.5  305.6
  795.0   2092   12.8    6.1     64   7.47    165      6  305.3  328.2  306.7
  780.0   2252   12.4    2.4     50   5.87    181      9  306.6  324.8  307.6
  774.0   2317   12.6   -5.4     28   3.32    187     10  307.4  318.1  308.1
  767.0   2392   12.0   -6.0     28   3.20    195     12  307.6  317.9  308.2
  714.0   2986    7.2  -10.8     27   2.36    226     17  308.7  316.4  309.1
  700.0   3149    7.2  -10.8     27   2.41    235     19  310.4  318.4  310.9
  659.0   3644    6.2  -10.8     28   2.56    255     20  314.7  323.2  315.2
  639.0   3893    4.8  -16.2     20   1.69    265     21  315.9  321.7  316.2
  616.0   4190    3.2  -22.7     13   1.01    260     19  317.4  320.9  317.6
  579.0   4691    0.4  -33.6      6   0.39    252      5  319.8  321.2  319.9
  572.0   4789    0.8  -36.5      4   0.30    250      2  321.3  322.5  321.4
  564.0   4902    1.2  -39.8      3   0.21    194      5  323.1  324.0  323.2
  551.0   5088    0.2  -40.0      3   0.22    100     10  324.1  325.0  324.2
  548.0   5132    0.0  -40.0      3   0.22     96     11  324.4  325.2  324.4
  531.0   5382   -1.2  -42.2      3   0.18     70     14  325.9  326.6  325.9
  500.0   5860   -3.5  -46.5      2   0.12     85     23  328.7  329.2  328.7
  473.0   6290   -6.3  -45.3      3   0.14     90     27  330.5  331.1  330.5
  405.0   7494  -14.1  -42.0      7   0.24     70     16  335.4  336.4  335.5
  400.0   7590  -14.7  -41.7      8   0.25     65     16  335.8  336.8  335.9
  389.0   7799  -16.1  -40.5     10   0.29     50     16  336.7  337.9  336.7
  375.0   8074  -17.9  -38.9     14   0.35     51     16  337.8  339.2  337.9
  304.0   9594  -32.0  -41.7     38   0.32     55     14  338.9  340.2  338.9
  300.0   9690  -32.9  -41.9     40   0.32     50     14  338.9  340.2  339.0
  297.0   9761  -33.5  -42.5     40   0.31     43     15  339.0  340.3  339.1
  291.0   9902  -34.5  -43.9     38   0.27     30     16  339.6  340.7  339.6
  259.0  10709  -40.1  -52.1     27   0.12     42     29  342.8  343.4  342.9
  250.0  10950  -41.9                          45     33  343.6         343.6
  234.0  11386  -45.2                          45     35  345.2         345.2
  214.0  11974  -49.7                          35     43  347.1         347.1
  200.0  12420  -53.1                          40     39  348.5         348.5
  169.0  13468  -62.0                          65     16  350.9         350.9
  161.0  13770  -64.6                          65      8  351.5         351.5
  153.0  14087  -67.2                         325      4  352.0         352.0
  150.0  14210  -68.3                         320      4  352.2         352.2
  146.0  14368  -69.4                         310      6  353.1         353.1
  138.0  14698  -71.7                          75      2  354.7         354.7
  131.0  15003  -73.8                         125      6  356.2         356.2
  118.0  15615  -78.1                         105     15  359.2         359.2
  112.0  15912  -79.5                          95     19  362.0         362.0
  107.0  16173  -78.2                         105     21  369.2         369.2
  100.0  16560  -76.3                          75     25  380.1         380.1
   96.0  16797  -75.0                          65     21  387.2         387.2
   91.0  17107  -73.2                         145     12  396.6         396.6
   90.8  17119  -73.1                         146     12  397.0         397.0
   87.0  17367  -74.7                         175     16  398.8         398.8
   81.4  17752  -77.1                         145     12  401.4         401.4
   71.6  18489  -75.5                          94     18  419.8         419.8
   70.0  18620  -74.1                          85     19  425.5         425.5
   65.0  19056  -69.5                         110     21  444.7         444.7
   64.0  19149  -69.3                         115     21  447.1         447.1
   60.0  19535  -68.6                          95     25  457.0         457.0
   58.0  19738  -68.2                         100     29  462.4         462.4
   57.6  19779  -68.1                          97     28  463.5         463.5
   55.3  20026  -63.1                          82     25  480.3         480.3
   55.0  20060  -62.9                          80     25  481.5         481.5
   50.0  20650  -59.9                          95      8  501.9         501.9
   47.0  21038  -58.0                         310      8  515.5         515.5
   46.3  21132  -57.5                         296      8  518.8         518.8
   41.0  21898  -57.4                         180     10  537.5         537.5
   36.0  22718  -57.2                         310     14  558.3         558.3
   33.6  23153  -57.1                         284     26  569.6         569.6
   32.0  23462  -56.6                         265     35  579.0         579.0
   30.0  23870  -55.9                         260     27  591.6         591.6
   27.0  24542  -54.6                         260     27  613.2         613.2
   24.0  25292  -53.2                         290     25  638.3         638.3
   23.7  25373  -53.1                         286     26  641.0         641.0
   22.0  25853  -51.5                         265     29  659.5         659.5
   20.6  26278  -50.1                         265     25  676.3         676.3
   20.0  26470  -50.3                         265     23  681.5         681.5
   15.0  28350  -48.8                         245     19  744.8         744.8
   14.7  28482  -48.7                         247     20  749.5         749.5
   13.3  29145  -44.5                         257     24  785.6         785.6
   11.0  30407  -46.1                         275     31  823.6         823.6
   10.0  31040  -46.9                         270     31  843.4         843.4
    9.5  31380  -46.5                         270     28  857.3         857.3
    9.0  31743  -44.9                         270     25  877.0         877.0
    8.0  32535  -41.3                         285     29  921.2         921.2
    7.8  32705  -40.5                                     931.0         931.0
</PRE><H3>Station information and sounding indices</H3><PRE>
                         Station identifier: WIII
                             Station number: 96749
                           Observation time: 150803/0000
                           Station latitude: -6.11
                          Station longitude: 106.65
                          Station elevation: 8.0
                            Showalter index: 8.48
                               Lifted index: 6.34
    LIFT computed using virtual temperature: 5.78
                                SWEAT index: 130.20
                                    K index: 10.70
                         Cross totals index: 12.10
                      Vertical totals index: 20.10
                        Totals totals index: 32.20
      Convective Available Potential Energy: 0.00
             CAPE using virtual temperature: 0.00
                      Convective Inhibition: 0.00
             CINS using virtual temperature: 0.00
                     Bulk Richardson Number: 0.00
          Bulk Richardson Number using CAPV: 0.00
  Temp [K] of the Lifted Condensation Level: 287.79
Pres [hPa] of the Lifted Condensation Level: 884.03
   Equivalent potential temp [K] of the LCL: 333.13
     Mean mixed layer potential temperature: 298.12
              Mean mixed layer mixing ratio: 12.02
              1000 hPa to 500 hPa thickness: 5741.00
Precipitable water [mm] for entire sounding: 29.74
</PRE>
<P>Description of the 
<A HREF="/upperair/columns.html">data columns</A>
or <A HREF="/upperair/indices.html">sounding indices</A>.

<P>
<FORM>
<INPUT CLASS="button" TYPE="button" VALUE=" Close this window " 
 onClick="window.close();">
<INPUT CLASS="button" TYPE="button" VALUE=" Select another map " 
 onClick="window.blur();">
</FORM>
<HR SIZE="1">
<I>Interested in graduate studies in atmospheric science?
Check out our program at the
<a href="http://www.uwyo.edu/atsc/howtoapply/"
target=_top>University of Wyoming
</a></I>
<HR SIZE="1"><FONT SIZE="-1">
Questions about the weather data provided by this site can be
addressed to <A HREF="mailto:ldoolman@uwyo.edu">
Larry Oolman (ldoolman@uwyo.edu)</A></FONT>
<HR SIZE="1">
<SCRIPT TYPE="text/javascript">
<!--
window.focus();
// -->
</SCRIPT>
</BODY>
</HTML>
