2015-12-11 12
<HTML>
<TITLE>University of Wyoming - Radiosonde Data</TITLE>
<BODY BGCOLOR="white">
<H2>96749 WIII Jakarta Observations at 00Z 11 Dec 2015</H2>
<PRE>
-----------------------------------------------------------------------------
   PRES   HGHT   TEMP   DWPT   RELH   MIXR   DRCT   SKNT   THTA   THTE   THTV
    hPa     m      C      C      %    g/kg    deg   knot     K      K      K 
-----------------------------------------------------------------------------
 1009.0      8   25.6   24.2     92  19.27    210      2  298.0  354.2  301.4
 1000.0     85   26.0   22.9     83  17.94    185      2  299.1  351.7  302.4
  976.0    301   27.3   20.6     67  15.91    120      2  302.5  349.8  305.4
  974.0    319   27.4   20.4     66  15.75    131      2  302.8  349.7  305.7
  944.0    595   25.2   20.0     73  15.83    300      4  303.3  350.5  306.2
  925.0    775   23.8   19.7     78  15.88    255      2  303.6  351.1  306.5
  912.0    898   23.0   19.0     78  15.44    230      2  304.1  350.3  306.9
  850.0   1511   19.2   15.7     80  13.37      0      0  306.2  346.6  308.7
  822.0   1795   17.5   14.0     80  12.40    125      6  307.4  345.1  309.7
  794.0   2089   15.8   12.3     80  11.46    115      8  308.6  343.7  310.8
  739.0   2698   12.2    8.8     79   9.68    105     10  311.2  341.2  313.0
  712.0   3014   10.4    6.9     79   8.84     84      9  312.4  340.1  314.1
  700.0   3156    9.8    5.8     76   8.33     75      8  313.3  339.5  314.9
  688.0   3298    9.0    5.1     76   8.07     75      8  314.0  339.5  315.5
  617.0   4194    4.2    0.8     78   6.59     55      6  318.4  339.7  319.6
  601.0   4410    3.0   -0.3     79   6.27     48      5  319.4  339.8  320.6
  594.0   4505    2.7   -3.2     65   5.13     45      4  320.1  337.0  321.1
  591.0   4546    2.6   -4.4     60   4.70     67      4  320.5  336.0  321.4
  573.0   4796    0.7   -2.6     78   5.54    200      2  321.1  339.4  322.2
  566.0   4895    0.0   -1.9     87   5.92    184      2  321.4  340.8  322.5
  544.0   5212   -2.1   -5.6     77   4.66    132      2  322.6  338.1  323.5
  531.0   5404   -2.9   -5.3     83   4.87    100      2  323.9  340.1  324.8
  524.0   5509   -3.3   -5.2     87   4.99    124      2  324.6  341.3  325.6
  513.0   5677   -3.9  -10.9     58   3.26    162      2  325.8  337.0  326.5
  512.0   5693   -4.0   -8.6     71   3.94    165      2  325.9  339.3  326.7
  511.0   5708   -4.1   -6.2     85   4.74    167      2  325.9  341.9  326.9
  500.0   5880   -4.7  -11.7     58   3.14    185      6  327.2  338.1  327.9
  496.0   5943   -5.1  -13.1     53   2.83    190      6  327.5  337.4  328.1
  487.0   6086   -6.3   -8.1     87   4.29    202      6  327.8  342.4  328.6
  474.0   6295   -7.4   -9.8     83   3.86    220      6  329.0  342.3  329.7
  456.0   6595   -8.9  -12.2     77   3.31    270      4  330.7  342.3  331.4
  439.0   6888  -10.4  -14.6     72   2.83     40      2  332.4  342.4  333.0
  423.0   7175  -11.9  -16.9     66   2.42      2      6  334.1  342.8  334.5
  406.0   7487  -13.7  -18.5     67   2.20    320     10  335.7  343.7  336.2
  400.0   7600  -14.3  -19.1     67   2.12    320     10  336.3  344.1  336.8
  342.0   8770  -22.7  -26.1     74   1.34    326     10  340.3  345.4  340.6
  305.0   9601  -28.2  -34.9     53   0.65    330     10  343.9  346.4  344.0
  302.0   9672  -28.7  -35.7     51   0.61    336     11  344.2  346.6  344.3
  300.0   9720  -29.3  -36.3     51   0.57    340     12  344.0  346.3  344.1
  293.0   9886  -30.6  -37.1     53   0.54    355     14  344.5  346.7  344.6
  250.0  11000  -39.3  -42.3     73   0.37    355     12  347.5  349.1  347.6
  247.0  11082  -40.1  -42.3     79   0.38    350     14  347.5  349.1  347.6
  206.0  12284  -50.6                         330     14  349.5         349.5
  200.0  12480  -52.3                         340     14  349.8         349.8
  162.0  13798  -63.9                          25     23  352.0         352.0
  150.0  14280  -68.1                          25     29  352.6         352.6
  126.0  15301  -76.1                          50     37  356.2         356.2
  120.0  15586  -78.3                          50     37  357.1         357.1
  114.0  15878  -79.0                          40     23  361.0         361.0
  106.0  16291  -80.1                         355     16  366.6         366.6
  102.0  16508  -80.1                         340     14  370.6         370.6
  100.0  16620  -80.1                           5     10  372.7         372.7
   97.0  16792  -80.5                          40      2  375.2         375.2
   92.0  17090  -81.2                         155      2  379.6         379.6
   89.7  17233  -81.5                         218      7  381.7         381.7
   87.0  17407  -80.7                         295     14  386.8         386.8
   74.0  18331  -76.1                         265     16  414.6         414.6
   71.3  18543  -75.1                         238     16  421.2         421.2
   71.0  18568  -75.2                         235     16  421.6         421.6
   70.0  18650  -75.3                         225     14  423.0         423.0
   67.0  18904  -75.9                         180      6  427.0         427.0
   66.9  18912  -75.9                         184      6  427.2         427.2
   65.4  19045  -71.9                         241      6  438.7         438.7
   64.0  19174  -71.3                         295      6  442.6         442.6
   61.0  19461  -70.0                         240     14  451.6         451.6
   58.0  19762  -68.7                         290     10  461.2         461.2
   55.4  20035  -67.5                         294     13  470.0         470.0
   52.0  20415  -69.1                         300     17  474.9         474.9
   50.0  20650  -70.1                         295     14  477.9         477.9
   49.7  20686  -70.3                         295     14  478.2         478.2
   41.5  21766  -67.3                         169     15  511.0         511.0
   39.0  22149  -63.6                         125     16  529.6         529.6
   36.1  22625  -58.9                         111     17  553.4         553.4
   35.0  22819  -58.7                         105     17  558.8         558.8
   34.0  23002  -58.6                         110      2  563.8         563.8
   32.0  23384  -58.2                         300      8  574.6         574.6
   30.0  23790  -57.9                         245     14  586.2         586.2
   29.0  24005  -57.6                         225     19  592.7         592.7
   25.0  24946  -56.3                         170     17  622.2         622.2
   23.0  25475  -55.5                         265     19  639.4         639.4
   22.9  25502  -55.5                         265     19  640.3         640.3
   21.0  26051  -57.4                         255     23  650.7         650.7
   20.1  26329  -58.3                         233     17  656.0         656.0
   20.0  26360  -57.9                         230     16  658.2         658.2
   19.0  26690  -54.3                         155      6  679.1         679.1
   18.0  27038  -50.5                          55      4  701.7         701.7
   17.6  27183  -48.9                          58      6  711.2         711.2
   15.0  28230  -49.6                          80     23  742.0         742.0
   14.2  28589  -49.9                         112     18  752.9         752.9
   14.0  28683  -49.5                         120     17  757.5         757.5
   12.3  29538  -45.3                          82     27  800.5         800.5
   12.0  29702  -45.7                          75     29  804.9         804.9
   11.0  30278  -47.0                         110     27  820.2         820.2
   10.0  30910  -48.5                         115     37  837.4         837.4
    9.4  31317  -48.7                         111     38  851.6         851.6
    8.4  32070  -40.3                         103     39  912.3         912.3
    8.0  32401  -40.9                         100     39  922.9         922.9
    7.2  33116  -42.1                         104     41  946.0         946.0
    7.0                                       105     41                     
</PRE><H3>Station information and sounding indices</H3><PRE>
                         Station identifier: WIII
                             Station number: 96749
                           Observation time: 151211/0000
                           Station latitude: -6.11
                          Station longitude: 106.65
                          Station elevation: 8.0
                            Showalter index: -0.41
                               Lifted index: -1.88
    LIFT computed using virtual temperature: -2.39
                                SWEAT index: 194.40
                                    K index: 35.60
                         Cross totals index: 20.40
                      Vertical totals index: 23.90
                        Totals totals index: 44.30
      Convective Available Potential Energy: 509.30
             CAPE using virtual temperature: 605.99
                      Convective Inhibition: -92.37
             CINS using virtual temperature: -74.53
                           Equilibrum Level: 196.67
 Equilibrum Level using virtual temperature: 196.13
                   Level of Free Convection: 763.94
             LFCT using virtual temperature: 790.11
                     Bulk Richardson Number: 440.24
          Bulk Richardson Number using CAPV: 523.82
  Temp [K] of the Lifted Condensation Level: 293.38
Pres [hPa] of the Lifted Condensation Level: 910.76
   Equivalent potential temp [K] of the LCL: 350.62
     Mean mixed layer potential temperature: 301.34
              Mean mixed layer mixing ratio: 16.73
              1000 hPa to 500 hPa thickness: 5795.00
Precipitable water [mm] for entire sounding: 59.12
</PRE>
<P>Description of the 
<A HREF="/upperair/columns.html">data columns</A>
or <A HREF="/upperair/indices.html">sounding indices</A>.

<P>
<FORM>
<INPUT CLASS="button" TYPE="button" VALUE=" Close this window " 
 onClick="window.close();">
<INPUT CLASS="button" TYPE="button" VALUE=" Select another map " 
 onClick="window.blur();">
</FORM>
<HR SIZE="1">
<I>Interested in graduate studies in atmospheric science?
Check out our program at the
<a href="http://www.uwyo.edu/atsc/howtoapply/"
target=_top>University of Wyoming
</a></I>
<HR SIZE="1"><FONT SIZE="-1">
Questions about the weather data provided by this site can be
addressed to <A HREF="mailto:ldoolman@uwyo.edu">
Larry Oolman (ldoolman@uwyo.edu)</A></FONT>
<HR SIZE="1">
<SCRIPT TYPE="text/javascript">
<!--
window.focus();
// -->
</SCRIPT>
</BODY>
</HTML>
