2013-05-13 00
<HTML>
<TITLE>University of Wyoming - Radiosonde Data</TITLE>
<BODY BGCOLOR="white">
<H2>96749 WIII Jakarta Observations at 00Z 13 May 2013</H2>
<PRE>
-----------------------------------------------------------------------------
   PRES   HGHT   TEMP   DWPT   RELH   MIXR   DRCT   SKNT   THTA   THTE   THTV
    hPa     m      C      C      %    g/kg    deg   knot     K      K      K 
-----------------------------------------------------------------------------
 1008.0      8   25.8   25.5     98  20.90      0      0  298.3  359.4  302.0
 1000.0     82   26.6   24.3     87  19.57     80      2  299.8  357.3  303.2
  981.0    252   25.8   22.9     84  18.30     80      7  300.6  354.5  303.9
  976.0    297   25.6   22.7     84  18.13     80      8  300.8  354.3  304.1
  925.0    769   23.4   20.2     82  16.40     65     12  303.2  352.1  306.2
  911.0    901   22.5   19.6     84  16.07     60     12  303.6  351.6  306.5
  850.0   1503   18.2   17.1     93  14.65     55     14  305.2  349.2  307.9
  793.0   2090   14.8   13.5     92  12.44     55     12  307.6  345.5  309.9
  713.0   2989    9.5    8.1     91   9.56     50      8  311.3  341.0  313.1
  700.0   3145    8.6    7.1     90   9.12     35      8  312.0  340.4  313.7
  690.0   3264    8.2    6.5     89   8.88     27      8  312.8  340.6  314.5
  687.0   3300    8.5    6.1     85   8.69     25      8  313.5  340.8  315.1
  676.0   3434    9.4    4.8     73   8.04     26      8  316.0  341.6  317.5
  616.0   4193    4.7    0.9     76   6.68     30     10  319.1  340.8  320.4
  572.0   4797    1.0   -2.2     79   5.73     70     12  321.6  340.4  322.7
  561.0   4956    0.0   -3.0     80   5.50     44     14  322.2  340.4  323.3
  551.0   5099   -0.8   -3.7     80   5.30     20     16  322.9  340.6  324.0
  511.0   5697   -4.0   -6.8     81   4.52     10     14  326.1  341.4  327.0
  500.0   5870   -4.9   -7.7     81   4.31     30     12  327.0  341.7  327.9
  492.0   5997   -5.6   -8.1     82   4.25     50     10  327.7  342.2  328.5
  488.0   6061   -5.9   -8.3     83   4.21     46     10  328.1  342.5  328.9
  485.0   6109   -5.7  -11.7     63   3.24     42      9  328.9  340.1  329.5
  474.0   6287   -6.9  -12.6     64   3.08     30      8  329.6  340.3  330.2
  456.0   6587   -8.9  -14.1     66   2.83     50      8  330.7  340.7  331.3
  438.0   6899  -11.0  -15.7     68   2.58     40     12  331.9  341.1  332.4
  437.0   6917  -11.1  -15.8     68   2.57     40     12  332.0  341.1  332.5
  400.0   7590  -15.5  -18.3     79   2.27     45     10  334.8  343.0  335.2
  361.0   8360  -20.5  -24.1     73   1.52     52     14  338.0  343.7  338.3
  345.0   8695  -22.7  -27.4     65   1.17     55     16  339.5  343.9  339.7
  342.0   8760  -23.1  -28.1     64   1.11     56     17  339.8  344.0  340.0
  332.0   8977  -24.7  -27.9     75   1.17     59     20  340.4  344.9  340.7
  300.0   9710  -29.7  -33.1     72   0.79     70     29  343.4  346.5  343.6
  264.0  10606  -36.1  -44.1     44   0.29     66     28  346.8  348.0  346.9
  250.0  10980  -38.9  -49.9     30   0.16     65     27  348.1  348.8  348.1
  246.0  11090  -39.9  -52.5     25   0.12     65     27  348.3  348.8  348.3
  245.0  11118  -40.1  -53.1     24   0.11     66     27  348.3  348.8  348.3
  236.0  11368  -42.2                          75     25  348.9         348.9
  200.0  12470  -51.3                          45     29  351.4         351.4
  197.0  12565  -52.1                          45     29  351.6         351.6
  171.0  13456  -59.4                          45     14  354.1         354.1
  163.0  13757  -61.8                          60     12  354.9         354.9
  155.0  14074  -64.4                         100     12  355.6         355.6
  150.0  14280  -66.1                         115     14  356.0         356.0
  133.0  14977  -71.7                         175     19  358.5         358.5
  108.0  16184  -81.3                         175     19  362.3         362.3
  104.0  16403  -83.1                         165     20  362.8         362.8
  100.0  16620  -83.7                         155     21  365.8         365.8
   92.0  17081  -85.2                         125     25  371.6         371.6
   87.4  17364  -86.1                          95     21  375.3         375.3
   87.0  17389  -86.1                          90     21  375.8         375.8
   78.0  17988  -86.1                          90     19  387.7         387.7
   75.5  18167  -86.1                         102     23  391.3         391.3
   74.0  18279  -84.2                         110     25  397.6         397.6
   70.0  18590  -78.9                         105     33  415.3         415.3
   67.0  18848  -74.4                         125     35  430.3         430.3
   63.0  19211  -68.0                         100     27  451.9         451.9
   61.1  19391  -64.9                          79     22  462.8         462.8
   57.0  19811  -66.7                          30     12  468.1         468.1
   55.0  20026  -67.6                          40      8  470.8         470.8
   51.9  20376  -69.1                          75     10  475.1         475.1
   50.0  20600  -67.7                          95     17  483.5         483.5
   47.0  20977  -66.3                         125     21  495.4         495.4
   45.0  21243  -65.4                         105     19  503.9         503.9
   39.1  22100  -62.3                         352     23  532.4         532.4
   39.0  22116  -61.6                         350     23  534.5         534.5
   38.4  22213  -57.5                         342     23  547.3         547.3
   35.0  22801  -56.8                         295     21  564.0         564.0
   32.0  23370  -56.0                         315     17  580.5         580.5
   30.0  23780  -55.5                         290     14  592.7         592.7
   28.1  24197  -53.9                         252     17  608.4         608.4
   28.0  24220  -53.8                         250     17  609.2         609.2
   25.0  24956  -51.1                         280     16  636.9         636.9
   23.0  25498  -49.2                         285     19  658.0         658.0
   21.4  25966  -47.5                         254     21  676.8         676.8
   20.0  26410  -48.9                         225     23  685.7         685.7
   19.1  26712  -49.9                         229     17  691.7         691.7
   19.0  26746  -49.8                         230     16  692.9         692.9
   18.0  27106  -49.2                         255     16  705.7         705.7
   17.0  27485  -48.5                         320      6  719.5         719.5
   15.0  28317  -47.0                         280     12  750.6         750.6
   14.0  28775  -46.2                         315     10  768.3         768.3
   13.0  29267  -45.4                         265     10  787.8         787.8
   12.0  29799  -44.4                         205      2  809.4         809.4
   11.0  30377  -43.4                         300     19  833.4         833.4
   10.2  30879  -42.5                                     854.9         854.9
</PRE><H3>Station information and sounding indices</H3><PRE>
                         Station identifier: WIII
                             Station number: 96749
                           Observation time: 130513/0000
                           Station latitude: -6.11
                          Station longitude: 106.65
                          Station elevation: 8.0
                            Showalter index: -1.55
                               Lifted index: -3.60
    LIFT computed using virtual temperature: -4.05
                                SWEAT index: 245.22
                                    K index: 38.70
                         Cross totals index: 22.00
                      Vertical totals index: 23.10
                        Totals totals index: 45.10
      Convective Available Potential Energy: 1356.76
             CAPE using virtual temperature: 1494.25
                      Convective Inhibition: -28.42
             CINS using virtual temperature: -21.47
                           Equilibrum Level: 163.02
 Equilibrum Level using virtual temperature: 163.03
                   Level of Free Convection: 869.98
             LFCT using virtual temperature: 879.84
                     Bulk Richardson Number: 296.93
          Bulk Richardson Number using CAPV: 327.02
  Temp [K] of the Lifted Condensation Level: 295.61
Pres [hPa] of the Lifted Condensation Level: 943.82
   Equivalent potential temp [K] of the LCL: 355.12
     Mean mixed layer potential temperature: 300.55
              Mean mixed layer mixing ratio: 18.55
              1000 hPa to 500 hPa thickness: 5788.00
Precipitable water [mm] for entire sounding: 62.92
</PRE>
<P>Description of the 
<A HREF="/upperair/columns.html">data columns</A>
or <A HREF="/upperair/indices.html">sounding indices</A>.

<P>
<FORM>
<INPUT CLASS="button" TYPE="button" VALUE=" Close this window " 
 onClick="window.close();">
<INPUT CLASS="button" TYPE="button" VALUE=" Select another map " 
 onClick="window.blur();">
</FORM>
<HR SIZE="1">
<I>Interested in graduate studies in atmospheric science?
Check out our program at the
<a href="http://www.uwyo.edu/atsc/howtoapply/"
target=_top>University of Wyoming
</a></I>
<HR SIZE="1"><FONT SIZE="-1">
Questions about the weather data provided by this site can be
addressed to <A HREF="mailto:ldoolman@uwyo.edu">
Larry Oolman (ldoolman@uwyo.edu)</A></FONT>
<HR SIZE="1">
<SCRIPT TYPE="text/javascript">
<!--
window.focus();
// -->
</SCRIPT>
</BODY>
</HTML>
