2015-09-26 12
<HTML>
<TITLE>University of Wyoming - Radiosonde Data</TITLE>
<BODY BGCOLOR="white">
<H2>96749 WIII Jakarta Observations at 00Z 26 Sep 2015</H2>
<PRE>
-----------------------------------------------------------------------------
   PRES   HGHT   TEMP   DWPT   RELH   MIXR   DRCT   SKNT   THTA   THTE   THTV
    hPa     m      C      C      %    g/kg    deg   knot     K      K      K 
-----------------------------------------------------------------------------
 1010.0      8   24.0   21.3     85  16.07    190      6  296.3  342.8  299.1
 1000.0     98   24.0   20.5     81  15.43    170      6  297.1  342.0  299.9
  994.0    151   25.0   21.3     80  16.33    158      7  298.7  346.4  301.6
  977.0    302   23.9   20.9     83  16.22    125      8  299.0  346.5  301.9
  925.0    780   20.4   19.7     96  15.88     85     12  300.2  346.9  303.0
  913.0    893   19.8   18.6     93  15.04     80     12  300.6  345.0  303.4
  898.0   1036   19.0   17.3     90  14.03     73     11  301.3  342.8  303.8
  881.0   1201   18.2   16.2     88  13.29     65     10  302.1  341.6  304.5
  867.0   1338   17.6   15.2     86  12.68     74      8  302.9  340.7  305.2
  850.0   1508   17.0   13.5     80  11.57     85      6  303.9  338.6  306.1
  822.0   1793   15.4   12.4     82  11.10    100      4  305.2  338.7  307.2
  793.0   2098   13.8   11.2     84  10.61     80      2  306.6  338.8  308.5
  787.0   2163   13.4   10.9     85  10.51     58      2  306.9  338.8  308.8
  776.0   2281   13.2    8.2     72   8.87     17      3  307.9  335.1  309.5
  765.0   2401   12.8    7.4     70   8.54    335      4  308.6  335.0  310.2
  712.0   3003   10.5    3.6     63   7.03    320     14  312.5  334.7  313.9
  706.0   3074   10.2    3.2     62   6.87    320     15  313.0  334.7  314.3
  700.0   3145   10.2    1.2     54   6.00    320     16  313.8  332.9  314.9
  628.0   4040    4.6    0.7     76   6.45    307     19  317.2  338.0  318.5
  616.0   4196    4.0   -0.6     72   6.00    305     19  318.3  337.8  319.4
  574.0   4769    1.8   -5.2     60   4.55    281     14  322.2  337.4  323.1
  572.0   4797    1.7   -5.9     57   4.34    280     14  322.4  336.9  323.2
  551.0   5098    0.4  -12.9     36   2.58    255     17  324.3  333.2  324.8
  545.0   5186    0.0  -15.0     31   2.20    251     17  324.9  332.6  325.3
  511.0   5698   -3.3  -16.7     35   2.04    230     14  326.9  334.1  327.3
  503.0   5823   -4.1  -17.1     36   2.00    223     15  327.4  334.5  327.8
  500.0   5870   -4.5  -15.5     42   2.30    220     16  327.5  335.6  327.9
  473.0   6304   -8.2  -13.7     64   2.81    205     14  328.2  338.0  328.7
  465.0   6438   -9.3  -13.2     73   2.99    207     14  328.4  338.8  329.0
  455.0   6605  -10.2  -16.7     59   2.29    210     14  329.2  337.4  329.7
  438.0   6899  -11.9  -22.8     40   1.41    245     14  330.8  335.9  331.0
  430.0   7041  -12.7  -25.7     33   1.10    245     15  331.5  335.6  331.7
  421.0   7202  -13.8  -26.4     34   1.06    245     17  332.1  336.1  332.3
  407.0   7459  -15.5  -27.5     35   0.99    232     16  333.1  336.8  333.3
  400.0   7590  -15.7  -29.7     29   0.82    225     16  334.5  337.6  334.7
  389.0   7796  -17.2  -32.0     26   0.67    220     14  335.2  337.9  335.4
  359.0   8390  -21.4  -38.8     19   0.37    215     10  337.4  338.9  337.4
  341.0   8771  -24.1  -43.1     16   0.25    193      6  338.7  339.7  338.7
  331.0   8985  -25.8  -44.1     16   0.23    180      4  339.3  340.2  339.3
  317.0   9295  -28.2  -45.5     17   0.21    105      4  340.1  341.0  340.2
  304.0   9595  -30.6  -46.9     19   0.19     70      8  340.9  341.7  340.9
  300.0   9690  -31.3  -47.3     19   0.18     80      8  341.1  341.9  341.2
  268.0  10479  -37.9  -53.1     19   0.10    160      6  342.7  343.2  342.8
  258.0  10745  -40.1  -55.1     19   0.08    135     10  343.2  343.6  343.2
  250.0  10960  -41.7                         115     14  343.9         343.9
  224.0  11683  -47.4                          60     21  346.1         346.1
  200.0  12430  -53.3                          50     23  348.2         348.2
  177.0  13190  -59.3                          40     29  350.7         350.7
  150.0  14220  -67.5                          60     29  353.6         353.6
  146.0  14379  -68.6                          65     27  354.4         354.4
  116.0  15731  -78.1                         105     19  360.9         360.9
  108.0  16144  -73.9                         119     20  376.3         376.3
  102.0  16475  -76.3                         130     21  378.0         378.0
  100.0  16590  -77.1                         130     21  378.5         378.5
   91.0  17132  -75.8                         145     25  391.5         391.5
   85.5  17490  -74.9                         151     24  400.3         400.3
   82.0  17731  -75.4                         155     23  404.1         404.1
   79.8  17888  -75.7                         139     16  406.6         406.6
   78.0  18022  -73.9                         125     10  412.9         412.9
   74.0  18330  -69.9                         280     10  427.7         427.7
   72.5  18450  -68.3                         265     13  433.6         433.6
   71.0  18575  -68.3                         250     16  436.2         436.2
   70.0  18660  -68.3                         250     16  437.9         437.9
   58.0  19795  -67.8                         240     21  463.1         463.1
   52.0  20453  -67.6                         205     16  478.4         478.4
   50.0  20690  -67.5                         225      8  484.0         484.0
   47.0  21065  -65.5                         335      6  497.4         497.4
   46.7  21104  -65.3                         333      7  498.8         498.8
   39.0  22222  -58.9                         285     25  541.3         541.3
   37.7  22433  -57.7                         281     31  549.7         549.7
   36.0  22722  -59.2                         275     39  553.2         553.2
   34.1  23062  -60.9                         270     33  557.3         557.3
   31.6  23535  -61.5                         254     28  567.9         567.9
   31.0  23655  -60.4                         250     27  574.0         574.0
   30.0  23860  -58.5                         255     23  584.6         584.6
   29.0  24075  -57.3                         260     21  593.6         593.6
   27.0  24527  -54.8                         225     21  612.9         612.9
   26.5  24646  -54.1                         232     21  618.1         618.1
   24.0  25284  -52.6                         270     21  640.0         640.0
   22.2  25785  -51.5                         268     24  657.9         657.9
   20.0  26460  -52.1                         265     27  675.9         675.9
   18.0  27143  -51.7                         260     35  697.8         697.8
   15.1  28283  -51.1                         294     27  735.8         735.8
   15.0                                       295     27                     
</PRE><H3>Station information and sounding indices</H3><PRE>
                         Station identifier: WIII
                             Station number: 96749
                           Observation time: 150926/0000
                           Station latitude: -6.11
                          Station longitude: 106.65
                          Station elevation: 8.0
                            Showalter index: 2.96
                               Lifted index: 0.22
    LIFT computed using virtual temperature: -0.28
                                SWEAT index: 190.01
                                    K index: 26.00
                         Cross totals index: 18.00
                      Vertical totals index: 21.50
                        Totals totals index: 39.50
      Convective Available Potential Energy: 112.62
             CAPE using virtual temperature: 187.46
                      Convective Inhibition: -25.95
             CINS using virtual temperature: -17.00
                           Equilibrum Level: 251.56
 Equilibrum Level using virtual temperature: 251.40
                   Level of Free Convection: 808.41
             LFCT using virtual temperature: 845.13
                     Bulk Richardson Number: 7.52
          Bulk Richardson Number using CAPV: 12.52
  Temp [K] of the Lifted Condensation Level: 293.30
Pres [hPa] of the Lifted Condensation Level: 940.08
   Equivalent potential temp [K] of the LCL: 345.46
     Mean mixed layer potential temperature: 298.54
              Mean mixed layer mixing ratio: 16.09
              1000 hPa to 500 hPa thickness: 5772.00
Precipitable water [mm] for entire sounding: 50.46
</PRE>
<P>Description of the 
<A HREF="/upperair/columns.html">data columns</A>
or <A HREF="/upperair/indices.html">sounding indices</A>.

<P>
<FORM>
<INPUT CLASS="button" TYPE="button" VALUE=" Close this window " 
 onClick="window.close();">
<INPUT CLASS="button" TYPE="button" VALUE=" Select another map " 
 onClick="window.blur();">
</FORM>
<HR SIZE="1">
<I>Interested in graduate studies in atmospheric science?
Check out our program at the
<a href="http://www.uwyo.edu/atsc/howtoapply/"
target=_top>University of Wyoming
</a></I>
<HR SIZE="1"><FONT SIZE="-1">
Questions about the weather data provided by this site can be
addressed to <A HREF="mailto:ldoolman@uwyo.edu">
Larry Oolman (ldoolman@uwyo.edu)</A></FONT>
<HR SIZE="1">
<SCRIPT TYPE="text/javascript">
<!--
window.focus();
// -->
</SCRIPT>
</BODY>
</HTML>
