2015-07-03 00
<HTML>
<TITLE>University of Wyoming - Radiosonde Data</TITLE>
<BODY BGCOLOR="white">
<H2>96749 WIII Jakarta Observations at 00Z 03 Jul 2015</H2>
<PRE>
-----------------------------------------------------------------------------
   PRES   HGHT   TEMP   DWPT   RELH   MIXR   DRCT   SKNT   THTA   THTE   THTV
    hPa     m      C      C      %    g/kg    deg   knot     K      K      K 
-----------------------------------------------------------------------------
 1011.0      8   22.6   20.1     86  14.88    210      2  294.8  337.6  297.4
 1000.0    109   24.0   18.0     69  13.16    200      4  297.1  335.4  299.5
  993.0    171   25.6   17.6     61  12.92    193      5  299.4  337.3  301.7
  979.0    295   24.8   17.2     63  12.77    180      8  299.8  337.4  302.1
  925.0    793   21.6   15.6     69  12.19    135      4  301.4  337.5  303.6
  914.0    896   20.9   14.9     69  11.78    125      4  301.7  336.7  303.8
  882.0   1203   18.8   12.8     68  10.63    200      4  302.6  334.4  304.5
  852.0   1501   16.7   10.7     68   9.59    220      6  303.5  332.3  305.2
  850.0   1521   16.6   10.6     68   9.53    220      6  303.5  332.2  305.3
  822.0   1803   14.4    8.1     66   8.29    210      4  304.1  329.2  305.6
  794.0   2095   12.2    5.4     64   7.15    225      6  304.7  326.6  306.1
  773.0   2321   10.4    3.4     62   6.36    218      8  305.2  324.8  306.4
  766.0   2397   11.1    2.2     54   5.87    215      8  306.7  325.0  307.8
  755.0   2518   12.2    0.2     44   5.17    219      9  309.2  325.5  310.2
  754.0   2529   12.8   -3.2     33   4.02    219      9  310.0  322.9  310.7
  712.0   3006    8.9   -4.3     39   3.92    235     14  310.8  323.4  311.5
  709.0   3041    8.6   -4.4     40   3.91    234     14  310.8  323.4  311.6
  700.0   3147    9.8  -11.2     22   2.33    230     14  313.3  321.1  313.8
  695.0   3207   11.0  -16.0     13   1.59    228     15  315.3  320.8  315.6
  687.0   3303   11.2  -23.8      7   0.82    225     16  316.5  319.5  316.7
  678.0   3412   11.4  -32.6      3   0.37    230     15  318.0  319.4  318.0
  639.0   3896    8.4  -34.0      3   0.34    255     12  320.0  321.3  320.0
  616.0   4194    6.5  -34.9      3   0.32    250     14  321.2  322.4  321.2
  572.0   4799    2.7  -36.7      4   0.29    270      8  323.6  324.8  323.7
  551.0   5104    0.8  -37.6      4   0.27    240      6  324.9  325.9  324.9
  542.0   5238    0.0  -38.0      4   0.27    249      4  325.4  326.4  325.4
  531.0   5401   -0.5  -39.0      4   0.25    260      2  326.7  327.7  326.8
  512.0   5691   -1.3  -40.8      3   0.21     85      6  329.1  330.0  329.1
  500.0   5880   -1.9  -41.9      3   0.19     95      8  330.7  331.4  330.7
  474.0   6304   -4.1  -37.2      6   0.33    125     14  333.0  334.3  333.0
  470.0   6371   -4.5  -36.5      6   0.36    125     14  333.3  334.8  333.4
  400.0   7620  -14.9  -35.9     15   0.45    120     12  335.5  337.3  335.6
  346.0   8689  -23.0  -40.4     19   0.33    120     14  338.8  340.2  338.9
  327.0   9105  -26.1  -42.1     21   0.29    108     18  340.0  341.2  340.1
  300.0   9720  -30.7  -46.7     19   0.19     90     25  342.0  342.8  342.0
  292.0   9910  -32.3  -48.3     19   0.16     90     27  342.3  343.0  342.4
  268.0  10513  -37.5  -53.5     17   0.10     79     30  343.3  343.7  343.3
  257.0  10801  -40.1  -49.1     38   0.17     74     32  343.6  344.3  343.6
  250.0  10990  -41.5                          70     33  344.2         344.2
  246.0  11096  -42.4                          70     31  344.5         344.5
  215.0  11984  -49.6                          50     37  346.8         346.8
  200.0  12460  -53.5                          50     45  347.9         347.9
  186.0  12914  -56.6                          45     52  350.2         350.2
  178.0  13189  -58.4                          45     52  351.6         351.6
  154.0  14095  -64.6                          65     19  355.9         355.9
  150.0  14260  -65.7                          75     16  356.7         356.7
  146.0  14419  -66.8                          85     10  357.6         357.6
  139.0  14709  -68.8                         145      8  359.1         359.1
  126.0  15288  -72.8                         185     12  362.2         362.2
  116.0  15775  -76.1                         246      9  364.6         364.6
  113.0  15925  -76.5                         265      8  366.6         366.6
  109.0  16132  -77.1                         242     10  369.3         369.3
  102.0  16508  -79.7                         200     14  371.4         371.4
  100.0  16620  -80.5                         180     14  371.9         371.9
   98.6  16700  -81.1                         165     12  372.3         372.3
   97.0  16793  -80.8                         140     12  374.6         374.6
   92.0  17096  -79.8                         125     10  382.2         382.2
   87.0  17416  -78.8                         130     16  390.4         390.4
   78.0  18041  -76.9                         110     19  406.9         406.9
   74.0  18342  -75.9                         125     27  415.0         415.0
   70.0  18660  -74.9                          90     35  423.8         423.8
   67.0  18916  -73.5                          65     43  432.1         432.1
   64.8  19111  -72.5                          70     42  438.5         438.5
   58.0  19767  -70.5                          85     39  457.1         457.1
   54.1  20179  -69.3                          79     34  469.1         469.1
   52.0  20416  -68.9                          75     31  475.4         475.4
   50.0  20650  -68.5                          80     35  481.6         481.6
   48.6  20820  -67.1                          78     36  488.9         488.9
   47.0  21025  -64.4                          75     37  500.0         500.0
   44.2  21401  -59.5                          82     25  520.9         520.9
   43.0  21574  -59.3                          85     19  525.4         525.4
   41.0  21872  -59.1                          65     14  533.2         533.2
   39.0  22186  -58.8                          10      2  541.6         541.6
   37.0  22516  -58.5                         215      8  550.6         550.6
   35.0  22864  -58.2                         185     12  560.2         560.2
   34.0  23046  -58.0                         125     10  565.3         565.3
   32.0  23426  -57.7                         195      4  576.1         576.1
   30.0  23830  -57.3                         195      8  587.8         587.8
   29.0  24048  -54.8                         195     10  600.5         600.5
   28.0  24274  -52.2                         265      8  613.8         613.8
   27.3  24437  -50.3                         265     14  623.5         623.5
   27.0  24509  -50.4                         265     17  625.2         625.2
   25.0  25009  -51.0                         245     19  637.4         637.4
   22.0  25840  -52.0                         285     35  658.2         658.2
   20.0  26460  -52.7                         280     47  674.1         674.1
   19.3  26690  -52.9                         280     41  680.4         680.4
   19.0  26793  -52.3                         280     39  685.2         685.2
   16.0  27927  -46.0                         280     21  740.2         740.2
   14.6  28531  -42.7                                     771.0         771.0
   13.0  29306  -47.5                                     780.4         780.4
</PRE><H3>Station information and sounding indices</H3><PRE>
                         Station identifier: WIII
                             Station number: 96749
                           Observation time: 150703/0000
                           Station latitude: -6.11
                          Station longitude: 106.65
                          Station elevation: 8.0
                            Showalter index: 8.40
                               Lifted index: 6.25
    LIFT computed using virtual temperature: 5.61
                                SWEAT index: 147.21
                                    K index: 8.10
                         Cross totals index: 12.50
                      Vertical totals index: 18.50
                        Totals totals index: 31.00
      Convective Available Potential Energy: 0.09
             CAPE using virtual temperature: 4.31
                      Convective Inhibition: -119.12
             CINS using virtual temperature: -97.55
                           Equilibrum Level: 771.99
 Equilibrum Level using virtual temperature: 766.93
                   Level of Free Convection: 777.49
             LFCT using virtual temperature: 796.70
                     Bulk Richardson Number: 0.03
          Bulk Richardson Number using CAPV: 1.74
  Temp [K] of the Lifted Condensation Level: 289.13
Pres [hPa] of the Lifted Condensation Level: 890.13
   Equivalent potential temp [K] of the LCL: 336.95
     Mean mixed layer potential temperature: 298.92
              Mean mixed layer mixing ratio: 13.02
              1000 hPa to 500 hPa thickness: 5771.00
Precipitable water [mm] for entire sounding: 30.47
</PRE>
<P>Description of the 
<A HREF="/upperair/columns.html">data columns</A>
or <A HREF="/upperair/indices.html">sounding indices</A>.

<P>
<FORM>
<INPUT CLASS="button" TYPE="button" VALUE=" Close this window " 
 onClick="window.close();">
<INPUT CLASS="button" TYPE="button" VALUE=" Select another map " 
 onClick="window.blur();">
</FORM>
<HR SIZE="1">
<I>Interested in graduate studies in atmospheric science?
Check out our program at the
<a href="http://www.uwyo.edu/atsc/howtoapply/"
target=_top>University of Wyoming
</a></I>
<HR SIZE="1"><FONT SIZE="-1">
Questions about the weather data provided by this site can be
addressed to <A HREF="mailto:ldoolman@uwyo.edu">
Larry Oolman (ldoolman@uwyo.edu)</A></FONT>
<HR SIZE="1">
<SCRIPT TYPE="text/javascript">
<!--
window.focus();
// -->
</SCRIPT>
</BODY>
</HTML>
