2013-04-07 12
<HTML>
<TITLE>University of Wyoming - Radiosonde Data</TITLE>
<BODY BGCOLOR="white">
<H2>96749 WIII Jakarta Observations at 00Z 07 Apr 2013</H2>
<PRE>
-----------------------------------------------------------------------------
   PRES   HGHT   TEMP   DWPT   RELH   MIXR   DRCT   SKNT   THTA   THTE   THTV
    hPa     m      C      C      %    g/kg    deg   knot     K      K      K 
-----------------------------------------------------------------------------
 1006.0      8   25.2   23.4     90  18.40    200      3  297.8  351.4  301.1
 1000.0     63   25.4   23.1     87  18.17    215      4  298.6  351.6  301.8
  975.0    286   25.4   20.6     75  15.94    273     10  300.7  347.7  303.6
  974.0    295   25.4   20.6     75  15.91    275     10  300.8  347.7  303.6
  925.0    748   22.6   18.4     77  14.62    285     10  302.4  345.8  305.1
  909.0    899   21.8   17.6     77  14.13    285     12  303.1  345.2  305.6
  878.0   1200   20.1   16.0     77  13.19    300      8  304.4  343.9  306.8
  850.0   1481   18.6   14.5     77  12.36    295      6  305.6  342.9  307.9
  819.0   1795   16.9   13.1     78  11.70    300      8  307.1  342.6  309.2
  791.0   2090   15.3   11.8     79  11.11    320     10  308.5  342.4  310.5
  711.0   2992   10.5    7.8     83   9.42    310      6  312.7  342.1  314.5
  700.0   3124    9.8    7.2     84   9.18    280      6  313.3  342.1  315.0
  686.0   3290    9.0    6.3     83   8.80    235      4  314.2  341.9  315.9
  661.0   3596    7.4    4.6     83   8.13    220      2  315.8  341.6  317.3
  638.0   3887    5.9    3.1     82   7.53     55      2  317.3  341.5  318.8
  615.0   4190    4.4    1.4     81   6.94     95      2  318.9  341.4  320.2
  612.0   4230    4.2    1.2     81   6.87     96      2  319.1  341.4  320.4
  571.0   4790    1.4   -1.6     81   6.02    105      4  322.2  342.0  323.4
  552.0   5064    0.0   -2.9     81   5.63     87      5  323.7  342.4  324.8
  510.0   5693   -3.4   -6.1     82   4.78     45      6  326.9  343.1  327.9
  500.0   5850   -4.3   -6.9     82   4.59     45      8  327.7  343.4  328.6
  455.0   6581   -8.6  -10.8     84   3.70     35      8  331.3  344.2  332.0
  438.0   6876  -10.3  -12.4     85   3.38     50      2  332.7  344.6  333.4
  405.0   7484  -13.9  -15.7     87   2.80     15      4  335.6  345.6  336.2
  400.0   7580  -14.5  -16.2     87   2.72     25      4  336.1  345.8  336.6
  389.0   7787  -15.8  -17.6     86   2.48     35      2  337.0  346.0  337.5
  374.0   8079  -17.8  -19.6     85   2.17     90      2  338.3  346.2  338.7
  345.0   8678  -21.7  -23.7     83   1.65     45      6  340.9  347.1  341.2
  324.0   9145  -24.7  -26.9     82   1.31     38      8  342.8  347.9  343.1
  300.0   9700  -28.7  -32.6     69   0.83     30     10  344.8  348.1  345.0
  292.0   9890  -30.1  -35.0     63   0.68     35     10  345.4  348.1  345.6
  250.0  10980  -38.5  -48.5     34   0.19     40      6  348.7  349.5  348.7
  246.0  11090  -39.4  -49.4     34   0.17     35      6  348.9  349.7  349.0
  243.0  11175  -40.1  -50.1     33   0.16     32      6  349.1  349.8  349.2
  225.0  11686  -44.8                          15      8  349.8         349.8
  206.0  12273  -50.1                          50      8  350.3         350.3
  200.0  12470  -51.9                          50     10  350.4         350.4
  162.0  13788  -63.9                          60     19  352.0         352.0
  150.0  14270  -68.3                          75     19  352.2         352.2
  133.0  14970  -73.8                         110     16  354.7         354.7
  126.0  15284  -76.3                         105     19  355.8         355.8
  117.0  15716  -79.7                         136     19  357.1         357.1
  113.0  15911  -81.0                         150     19  358.2         358.2
  108.0  16164  -82.7                         137     21  359.7         359.7
  102.0  16481  -84.5                         120     23  362.2         362.2
  100.0  16590  -85.1                         105     21  363.1         363.1
   96.0  16814  -85.8                          80     16  365.9         365.9
   87.1  17346  -87.5                          75     29  372.9         372.9
   82.0  17677  -85.1                          75     31  384.2         384.2
   81.5  17711  -84.9                          70     29  385.3         385.3
   79.7  17835  -80.3                          52     22  397.3         397.3
   77.0  18030  -80.1                          25     10  401.5         401.5
   74.0  18255  -80.0                         325     10  406.5         406.5
   70.0  18570  -79.7                         310     12  413.6         413.6
   66.0  18904  -79.6                          50      4  420.7         420.7
   63.0  19167  -79.6                         110     19  426.5         426.5
   58.6  19578  -79.5                          92     31  435.6         435.6
   56.0  19842  -76.8                          80     39  447.4         447.4
   50.0  20500  -70.1                          85     51  477.9         477.9
   47.7  20784  -64.9                          91     53  496.8         496.8
   46.0  21010  -63.8                          95     54  504.7         504.7
   42.0  21576  -60.9                          85     23  525.0         525.0
   40.0  21880  -59.4                         215      2  536.2         536.2
   38.0  22199  -57.8                         145      6  548.1         548.1
   36.2  22501  -56.3                         192      6  559.7         559.7
   35.0  22715  -57.0                         225      6  563.3         563.3
   33.0  23086  -58.2                         190     12  569.7         569.7
   32.5  23183  -58.5                         195     12  571.4         571.4
   31.0  23482  -56.6                         210     12  584.2         584.2
   30.0  23690  -55.3                         210     12  593.3         593.3
   29.0  23908  -54.1                         205     14  602.4         602.4
   27.0  24369  -51.5                          75      2  622.0         622.0
   26.1  24588  -50.3                         345     11  631.5         631.5
   26.0  24612  -50.3                         335     12  632.2         632.2
   25.0  24867  -50.6                         310     17  638.5         638.5
   23.0  25409  -51.2                         305      4  652.2         652.2
   22.0  25698  -51.5                          20      6  659.7         659.7
   21.9  25728  -51.5                          12      7  660.4         660.4
   21.0  26002  -50.2                         295     14  672.3         672.3
   20.0  26320  -48.7                         275     17  686.3         686.3
   19.0  26660  -47.8                         215      6  699.3         699.3
   17.0  27396  -45.8                         205      4  728.3         728.3
   16.0  27797  -44.7                         249     12  744.6         744.6
   15.0  28229  -44.6                         295     21  758.7         758.7
   14.0  28690  -44.5                         265     31  774.2         774.2
   13.0  29185  -44.4                         280     19  791.2         791.2
   12.3  29555  -44.3                         301     17  804.1         804.1
   12.0  29722  -43.9                         310     16  811.1         811.1
   10.0  30950  -41.1                         295     31  865.0         865.0
    9.2  31518  -39.9                         287     22  890.4         890.4
    9.0                                       285     19                     
</PRE><H3>Station information and sounding indices</H3><PRE>
                         Station identifier: WIII
                             Station number: 96749
                           Observation time: 130407/0000
                           Station latitude: -6.11
                          Station longitude: 106.65
                          Station elevation: 8.0
                            Showalter index: 1.42
                               Lifted index: -0.76
    LIFT computed using virtual temperature: -0.98
                                SWEAT index: 194.01
                                    K index: 34.80
                         Cross totals index: 18.80
                      Vertical totals index: 22.90
                        Totals totals index: 41.70
      Convective Available Potential Energy: 133.44
             CAPE using virtual temperature: 183.23
                      Convective Inhibition: -86.01
             CINS using virtual temperature: -59.74
                           Equilibrum Level: 331.69
 Equilibrum Level using virtual temperature: 329.80
                   Level of Free Convection: 728.72
             LFCT using virtual temperature: 764.22
                     Bulk Richardson Number: 45.46
          Bulk Richardson Number using CAPV: 62.42
  Temp [K] of the Lifted Condensation Level: 293.44
Pres [hPa] of the Lifted Condensation Level: 924.34
   Equivalent potential temp [K] of the LCL: 348.64
     Mean mixed layer potential temperature: 300.13
              Mean mixed layer mixing ratio: 16.55
              1000 hPa to 500 hPa thickness: 5787.00
Precipitable water [mm] for entire sounding: 59.50
</PRE>
<P>Description of the 
<A HREF="/upperair/columns.html">data columns</A>
or <A HREF="/upperair/indices.html">sounding indices</A>.

<P>
<FORM>
<INPUT CLASS="button" TYPE="button" VALUE=" Close this window " 
 onClick="window.close();">
<INPUT CLASS="button" TYPE="button" VALUE=" Select another map " 
 onClick="window.blur();">
</FORM>
<HR SIZE="1">
<I>Interested in graduate studies in atmospheric science?
Check out our program at the
<a href="http://www.uwyo.edu/atsc/howtoapply/"
target=_top>University of Wyoming
</a></I>
<HR SIZE="1"><FONT SIZE="-1">
Questions about the weather data provided by this site can be
addressed to <A HREF="mailto:ldoolman@uwyo.edu">
Larry Oolman (ldoolman@uwyo.edu)</A></FONT>
<HR SIZE="1">
<SCRIPT TYPE="text/javascript">
<!--
window.focus();
// -->
</SCRIPT>
</BODY>
</HTML>
