2013-03-28 00
<HTML>
<TITLE>University of Wyoming - Radiosonde Data</TITLE>
<BODY BGCOLOR="white">
<H2>96749 WIII Jakarta Observations at 00Z 28 Mar 2013</H2>
<PRE>
-----------------------------------------------------------------------------
   PRES   HGHT   TEMP   DWPT   RELH   MIXR   DRCT   SKNT   THTA   THTE   THTV
    hPa     m      C      C      %    g/kg    deg   knot     K      K      K 
-----------------------------------------------------------------------------
 1008.0      8   24.8   24.1     96  19.17      0      0  297.3  353.0  300.7
 1001.0     69   26.2   23.1     83  18.15    140      2  299.3  352.5  302.5
 1000.0     78   26.2   23.1     83  18.17    160      2  299.4  352.6  302.6
  975.0    301   25.4   21.4     78  16.71    160      8  300.8  350.0  303.8
  943.0    595   24.4   19.0     72  14.93    155      6  302.6  347.0  305.3
  929.0    727   24.0   18.0     69  14.18    171      4  303.5  345.8  306.1
  925.0    765   23.6   17.6     69  13.88    175      4  303.4  344.9  306.0
  911.0    898   22.6   17.1     71  13.68    190      2  303.7  344.6  306.2
  884.0   1160   20.6   16.2     76  13.28    214      5  304.3  344.1  306.7
  877.0   1229   21.6   12.6     57  10.56    220      5  306.0  338.0  308.0
  850.0   1500   19.8    9.8     52   9.02    245      8  306.9  334.5  308.5
  821.0   1794   18.1    8.6     54   8.62    235      8  308.1  334.6  309.7
  793.0   2087   16.4    7.4     55   8.23    250     10  309.4  334.9  310.9
  700.0   3143   10.2    3.2     62   6.93    255     10  313.8  335.7  315.1
  663.0   3594    7.8    1.5     65   6.48    245     12  315.9  336.7  317.1
  652.0   3732    7.0    1.0     66   6.35    240     10  316.6  337.0  317.8
  639.0   3897    6.0    0.4     67   6.22    235      8  317.3  337.3  318.4
  616.0   4195    4.2   -0.6     71   5.98    265      6  318.5  337.9  319.7
  594.0   4491    2.4   -1.6     75   5.75    215      6  319.8  338.6  320.9
  566.0   4885    0.0   -3.0     80   5.45    202      7  321.4  339.4  322.4
  551.0   5099   -1.4   -5.2     75   4.74    195      8  322.2  338.0  323.1
  535.0   5335   -2.9   -7.6     70   4.06    207      6  323.1  336.8  323.9
  531.0   5394   -2.9  -10.2     57   3.32    210      6  323.8  335.2  324.5
  530.0   5409   -2.9  -10.9     54   3.16    210      6  324.0  334.8  324.6
  516.0   5622   -4.1  -10.1     63   3.46    203      5  325.0  336.9  325.7
  511.0   5698   -4.4  -14.6     45   2.43    200      4  325.5  334.0  326.0
  504.0   5807   -4.9  -20.9     27   1.44    184      3  326.3  331.4  326.5
  500.0   5870   -5.1  -22.1     25   1.31    175      2  326.8  331.5  327.0
  492.0   5996   -5.8  -21.3     28   1.43    155      2  327.4  332.6  327.7
  484.0   6125   -6.5  -20.5     32   1.56    122      3  328.1  333.7  328.4
  473.0   6304   -7.5  -19.8     37   1.69     75      4  329.0  335.1  329.3
  471.0   6337   -7.7  -19.7     38   1.71     74      4  329.2  335.3  329.5
  438.0   6897  -11.1  -25.0     31   1.15     55      2  331.8  336.1  332.0
  421.0   7202  -12.9  -27.9     27   0.92    185      4  333.2  336.7  333.4
  400.0   7590  -16.1  -30.1     29   0.79    150      2  334.0  337.0  334.1
  390.0   7780  -17.5  -30.5     31   0.78    127      4  334.6  337.6  334.7
  389.0   7799  -17.7  -26.7     45   1.11    125      4  334.6  338.7  334.8
  388.0   7819  -17.5  -33.5     23   0.59    132      4  335.1  337.4  335.2
  373.0   8111  -19.4  -34.2     26   0.57    245      4  336.4  338.6  336.5
  359.0   8394  -21.2  -35.0     28   0.55    195      2  337.7  339.8  337.8
  349.0   8604  -22.5  -35.5     30   0.54    122      2  338.6  340.7  338.7
  344.0   8710  -23.1  -38.6     23   0.40     85      2  339.2  340.8  339.2
  341.0   8774  -23.5  -40.5     19   0.33     89      2  339.5  340.8  339.6
  334.0   8925  -24.3  -35.3     35   0.57     99      2  340.4  342.7  340.5
  330.0   9013  -24.7  -34.3     41   0.64    105      2  341.0  343.5  341.1
  323.0   9169  -25.5  -32.5     52   0.78     70      3  342.0  345.1  342.2
  317.0   9303  -26.5  -34.0     49   0.68     40      4  342.5  345.2  342.6
  304.0   9605  -28.8  -37.4     43   0.51    355      2  343.4  345.4  343.5
  300.0   9700  -29.5  -38.5     41   0.46    355      2  343.7  345.6  343.8
  292.0   9889  -31.1  -40.4     39   0.39      0      4  344.1  345.8  344.2
  268.0  10489  -36.0  -46.5     33   0.22    230      2  345.5  346.5  345.6
  260.0  10701  -37.7  -48.7     31   0.18    174      5  346.0  346.7  346.0
  256.0  10808  -38.5  -52.3     22   0.12    145      6  346.4  346.9  346.4
  250.0  10970  -39.7  -57.7     13   0.06    140      6  346.9  347.2  346.9
  248.0  11025  -40.1  -58.1     13   0.06    139      6  347.1  347.4  347.1
  235.0  11381  -43.2                         135      4  347.7         347.7
  205.0  12286  -51.2                          75      2  349.0         349.0
  200.0  12450  -52.7                         110      4  349.1         349.1
  196.0  12576  -53.8                         145      4  349.4         349.4
  178.0  13175  -58.9                         100      6  350.8         350.8
  162.0  13761  -64.0                         110      4  351.9         351.9
  154.0  14076  -66.7                          80      6  352.4         352.4
  150.0  14240  -68.1                          80      6  352.6         352.6
  113.0  15876  -80.8                          40     12  358.6         358.6
  107.0  16191  -83.2                          25     10  359.6         359.6
  105.0  16300  -84.1                          27      9  359.9         359.9
  101.0  16515  -85.1                          30      8  362.1         362.1
  100.0  16570  -85.3                          50     10  362.7         362.7
   99.5  16597  -85.5                          80      8  362.8         362.8
   96.0  16795  -84.5                         125     17  368.5         368.5
   88.2  17264  -82.1                         106     16  382.3         382.3
   86.0  17404  -82.5                         100     16  384.3         384.3
   82.0  17668  -83.3                         135     17  388.0         388.0
   76.1  18081  -84.5                         103     26  393.8         393.8
   74.3  18214  -80.9                          93     29  404.1         404.1
   73.0  18314  -80.5                          85     31  407.0         407.0
   70.0  18550  -79.5                          85     25  414.0         414.0
   66.0  18888  -77.8                          75     16  424.8         424.8
   59.9  19445  -74.9                          97     17  443.1         443.1
   59.0  19533  -75.2                         100     17  444.5         444.5
   56.5  19784  -75.9                          88     24  448.3         448.3
   54.7  19974  -71.1                          79     29  463.5         463.5
   54.0  20051  -70.7                          75     31  466.1         466.1
   50.0  20510  -68.3                          85     43  482.1         482.1
   46.0  21021  -64.3                         100     49  503.4         503.4
   44.0  21293  -62.1                         100     49  515.1         515.1
   42.0  21578  -59.9                          95     27  527.5         527.5
   41.3  21681  -59.1                         109     23  532.1         532.1
   40.0  21880  -59.4                         135     16  536.2         536.2
   38.0  22200  -59.9                         145     19  542.8         542.8
   36.0  22537  -60.4                         130     17  549.9         549.9
   35.0  22712  -60.7                         133     16  553.6         553.6
   32.3  23215  -57.1                         141     13  576.1         576.1
   31.0  23474  -58.1                         145     12  580.2         580.2
   30.0  23680  -58.9                         115     12  583.5         583.5
   29.7  23743  -59.3                         110     13  584.1         584.1
   26.0  24594  -52.7                          50     23  625.5         625.5
   25.0  24844  -50.7                          45      8  638.2         638.2
   24.7  24922  -50.1                          78     11  642.1         642.1
   24.0  25111  -49.6                         155     19  648.8         648.8
   22.0  25683  -48.2                          80     21  669.3         669.3
   21.0  25989  -47.5                          15      6  680.5         680.5
   20.0  26310  -46.7                         135      4  692.5         692.5
   19.2  26581  -45.9                         234      9  703.0         703.0
   19.0  26650  -46.1                         260     10  704.7         704.7
   16.0  27786  -48.7                         245     21  731.5         731.5
   14.0  28677  -46.1                          75      6  768.6         768.6
   13.0  29172  -44.7                         245     10  790.0         790.0
   12.0  29706  -43.2                         110     17  813.7         813.7
   11.1  30226  -41.7                          70     11  837.4         837.4
   11.0                                        65     10                     
</PRE><H3>Station information and sounding indices</H3><PRE>
                         Station identifier: WIII
                             Station number: 96749
                           Observation time: 130328/0000
                           Station latitude: -6.11
                          Station longitude: 106.65
                          Station elevation: 8.0
                            Showalter index: 4.17
                               Lifted index: -2.19
    LIFT computed using virtual temperature: -2.99
                                SWEAT index: 135.61
                                    K index: 27.70
                         Cross totals index: 14.90
                      Vertical totals index: 24.90
                        Totals totals index: 39.80
      Convective Available Potential Energy: 607.33
             CAPE using virtual temperature: 746.60
                      Convective Inhibition: -123.46
             CINS using virtual temperature: -67.97
                           Equilibrum Level: 189.77
 Equilibrum Level using virtual temperature: 189.53
                   Level of Free Convection: 723.06
             LFCT using virtual temperature: 780.58
                     Bulk Richardson Number: 102.84
          Bulk Richardson Number using CAPV: 126.42
  Temp [K] of the Lifted Condensation Level: 293.97
Pres [hPa] of the Lifted Condensation Level: 927.61
   Equivalent potential temp [K] of the LCL: 350.40
     Mean mixed layer potential temperature: 300.37
              Mean mixed layer mixing ratio: 17.05
              1000 hPa to 500 hPa thickness: 5792.00
Precipitable water [mm] for entire sounding: 48.17
</PRE>
<P>Description of the 
<A HREF="/upperair/columns.html">data columns</A>
or <A HREF="/upperair/indices.html">sounding indices</A>.

<P>
<FORM>
<INPUT CLASS="button" TYPE="button" VALUE=" Close this window " 
 onClick="window.close();">
<INPUT CLASS="button" TYPE="button" VALUE=" Select another map " 
 onClick="window.blur();">
</FORM>
<HR SIZE="1">
<I>Interested in graduate studies in atmospheric science?
Check out our program at the
<a href="http://www.uwyo.edu/atsc/howtoapply/"
target=_top>University of Wyoming
</a></I>
<HR SIZE="1"><FONT SIZE="-1">
Questions about the weather data provided by this site can be
addressed to <A HREF="mailto:ldoolman@uwyo.edu">
Larry Oolman (ldoolman@uwyo.edu)</A></FONT>
<HR SIZE="1">
<SCRIPT TYPE="text/javascript">
<!--
window.focus();
// -->
</SCRIPT>
</BODY>
</HTML>
