2014-10-03 00
<HTML>
<TITLE>University of Wyoming - Radiosonde Data</TITLE>
<BODY BGCOLOR="white">
<H2>96749 WIII Jakarta Observations at 00Z 03 Oct 2014</H2>
<PRE>
-----------------------------------------------------------------------------
   PRES   HGHT   TEMP   DWPT   RELH   MIXR   DRCT   SKNT   THTA   THTE   THTV
    hPa     m      C      C      %    g/kg    deg   knot     K      K      K 
-----------------------------------------------------------------------------
 1009.0      8   25.2   23.3     89  18.23    200      4  297.6  350.6  300.8
 1000.0     90   25.6   22.7     84  17.72    165      2  298.8  350.6  301.9
  976.0    304   24.3   21.0     82  16.30      0      0  299.6  347.4  302.5
  944.0    597   22.6   18.6     78  14.50     80      8  300.7  343.4  303.3
  925.0    774   21.8   17.2     75  13.53     75     12  301.6  341.7  304.0
  912.0    896   20.9   16.7     77  13.32     70     16  301.9  341.4  304.3
  881.0   1196   18.8   15.6     82  12.82     70     12  302.7  340.9  305.1
  878.0   1225   18.6   15.5     82  12.77     74     12  302.8  340.9  305.1
  872.0   1284   19.4   16.6     84  13.82     83     11  304.2  345.6  306.8
  851.0   1494   17.7   15.3     86  12.98    115     10  304.6  343.5  306.9
  850.0   1504   17.6   15.2     86  12.94    115     10  304.6  343.4  306.9
  793.0   2091   13.0   12.1     94  11.27     90     10  305.8  339.8  307.8
  765.0   2395   10.6   10.4     99  10.47     50      4  306.3  338.1  308.3
  758.0   2473   10.0   10.0    100  10.27     50      4  306.5  337.7  308.4
  746.0   2606   12.0    6.0     67   7.92     50      4  310.1  334.7  311.5
  738.0   2697   13.0   -3.0     33   4.17     50      4  312.1  325.6  312.9
  712.0   2997   11.6  -11.1     19   2.30    140      6  313.8  321.5  314.3
  700.0   3139   11.0  -15.0     15   1.71    145      8  314.6  320.5  315.0
  674.0   3453    9.2  -20.8     10   1.09    159      8  316.0  319.9  316.2
  662.0   3600    8.1  -19.1     13   1.28    165      8  316.4  320.9  316.6
  638.0   3904    5.7  -15.6     20   1.80    205      6  317.1  323.2  317.4
  637.0   3916    5.6  -15.4     20   1.82    203      6  317.1  323.4  317.4
  615.0   4201    4.5  -19.4     16   1.34    150      8  319.0  323.7  319.2
  593.0   4496    3.2  -23.6     12   0.97    110     14  320.9  324.4  321.1
  557.0   5002    1.2  -30.8      7   0.53    118     21  324.3  326.3  324.4
  546.0   5162    0.0  -40.0      3   0.22    121     23  324.7  325.6  324.8
  511.0   5687   -3.1  -40.1      4   0.23    130     31  327.2  328.1  327.2
  500.0   5860   -4.1  -40.1      4   0.23    130     31  328.0  328.9  328.0
  455.0   6597   -9.7  -41.6      5   0.22    125     35  329.9  330.8  329.9
  446.0   6754  -10.9  -41.9      6   0.22    120     33  330.3  331.2  330.3
  418.0   7253  -11.9  -57.9      1   0.04    103     28  335.2  335.4  335.2
  405.0   7495  -13.6  -58.9      1   0.03     95     25  336.0  336.1  336.0
  400.0   7590  -14.3  -59.3      1   0.03    100     27  336.3  336.5  336.3
  345.0   8685  -22.4  -64.4      1   0.02    105     27  339.9  340.0  339.9
  327.0   9082  -25.3  -66.3      1   0.02    115     24  341.1  341.2  341.1
  318.0   9282  -26.9  -65.9      1   0.02    120     23  341.7  341.8  341.7
  300.0   9700  -30.1  -65.1      2   0.02    110     23  342.8  342.9  342.8
  255.0  10835  -40.1  -69.1      3   0.01    101     27  344.4  344.4  344.4
  250.0  10970  -41.3                         100     27  344.5         344.5
  246.0  11076  -42.2                         100     27  344.7         344.7
  200.0  12440  -54.3                          95     33  346.6         346.6
  150.0  14220  -68.9                          70     43  351.2         351.2
  146.0  14380  -70.2                          70     45  351.7         351.7
  141.0  14587  -71.9                          70     53  352.2         352.2
  132.0  14970  -73.0                          70     68  356.9         356.9
  107.0  16190  -76.6                          70     19  372.1         372.1
  103.0  16411  -77.3                         106     24  374.9         374.9
  102.0  16467  -77.5                         115     25  375.6         375.6
  100.0  16580  -77.9                         115     25  377.0         377.0
   96.3  16796  -78.9                         110     25  379.1         379.1
   92.0  17057  -78.1                          90     12  385.6         385.6
   87.0  17378  -77.2                         200      4  393.7         393.7
   85.5  17478  -76.9                         230      8  396.2         396.2
   83.0  17648  -77.4                         280     14  398.6         398.6
   78.0  18004  -78.4                         255     14  403.7         403.7
   76.4  18123  -78.7                         275     12  405.4         405.4
   74.0  18308  -76.6                         305      8  413.6         413.6
   71.0  18548  -73.8                         270     12  424.4         424.4
   70.0  18630  -72.9                         260     12  428.1         428.1
   66.5  18932  -70.5                         177     13  439.6         439.6
   64.0  19160  -70.2                         115     14  445.1         445.1
   61.0  19446  -69.9                          10      4  451.9         451.9
   58.0  19746  -69.5                         315     12  459.3         459.3
   52.0  20396  -68.8                         265      4  475.6         475.6
   50.0  20630  -68.5                         210      8  481.6         481.6
   47.0  21001  -68.5                         135     14  490.2         490.2
   45.0  21262  -68.5                         100     16  496.4         496.4
   40.5  21894  -68.5                          97     31  511.5         511.5
   33.6  23049  -55.9                          91     57  572.8         572.8
   33.0  23164  -56.0                          90     60  575.5         575.5
   30.0  23770  -56.5                          95     66  590.0         590.0
   29.0  23985  -56.4                          90     68  596.0         596.0
   24.5  25055  -55.9                          86     72  626.9         626.9
   24.0  25188  -54.5                          85     72  634.6         634.6
   23.0  25461  -51.7                          85     72  650.7         650.7
   22.8  25517  -51.1                          85     71  654.0         654.0
   20.0  26370  -50.1                          90     62  682.1         682.1
   15.0  28270  -46.2                          85     52  753.4         753.4
   14.0  28726  -45.3                          75     52  771.5         771.5
   13.6  28917  -44.9                                     779.3         779.3
</PRE><H3>Station information and sounding indices</H3><PRE>
                         Station identifier: WIII
                             Station number: 96749
                           Observation time: 141003/0000
                           Station latitude: -6.11
                          Station longitude: 106.65
                          Station elevation: 8.0
                            Showalter index: 1.42
                               Lifted index: -0.28
    LIFT computed using virtual temperature: -1.19
                                SWEAT index: 233.41
                                    K index: 10.90
                         Cross totals index: 19.30
                      Vertical totals index: 21.70
                        Totals totals index: 41.00
      Convective Available Potential Energy: 243.17
             CAPE using virtual temperature: 441.89
                      Convective Inhibition: -37.14
             CINS using virtual temperature: -17.36
                           Equilibrum Level: 191.23
 Equilibrum Level using virtual temperature: 189.87
                   Level of Free Convection: 836.13
             LFCT using virtual temperature: 882.25
                     Bulk Richardson Number: 27.28
          Bulk Richardson Number using CAPV: 49.58
  Temp [K] of the Lifted Condensation Level: 293.73
Pres [hPa] of the Lifted Condensation Level: 936.33
   Equivalent potential temp [K] of the LCL: 347.87
     Mean mixed layer potential temperature: 299.31
              Mean mixed layer mixing ratio: 16.62
              1000 hPa to 500 hPa thickness: 5770.00
Precipitable water [mm] for entire sounding: 39.41
</PRE>
<P>Description of the 
<A HREF="/upperair/columns.html">data columns</A>
or <A HREF="/upperair/indices.html">sounding indices</A>.

<P>
<FORM>
<INPUT CLASS="button" TYPE="button" VALUE=" Close this window " 
 onClick="window.close();">
<INPUT CLASS="button" TYPE="button" VALUE=" Select another map " 
 onClick="window.blur();">
</FORM>
<HR SIZE="1">
<I>Interested in graduate studies in atmospheric science?
Check out our program at the
<a href="http://www.uwyo.edu/atsc/howtoapply/"
target=_top>University of Wyoming
</a></I>
<HR SIZE="1"><FONT SIZE="-1">
Questions about the weather data provided by this site can be
addressed to <A HREF="mailto:ldoolman@uwyo.edu">
Larry Oolman (ldoolman@uwyo.edu)</A></FONT>
<HR SIZE="1">
<SCRIPT TYPE="text/javascript">
<!--
window.focus();
// -->
</SCRIPT>
</BODY>
</HTML>
