2014-12-12 00
<HTML>
<TITLE>University of Wyoming - Radiosonde Data</TITLE>
<BODY BGCOLOR="white">
<H2>96749 WIII Jakarta Observations at 00Z 12 Dec 2014</H2>
<PRE>
-----------------------------------------------------------------------------
   PRES   HGHT   TEMP   DWPT   RELH   MIXR   DRCT   SKNT   THTA   THTE   THTV
    hPa     m      C      C      %    g/kg    deg   knot     K      K      K 
-----------------------------------------------------------------------------
 1009.0      8   25.6   24.0     91  19.04    170      6  298.0  353.5  301.4
 1000.0     89   25.6   23.1     86  18.17    190     10  298.8  351.9  302.0
  976.0    302   24.6   21.4     83  16.79    240     19  299.8  349.2  302.8
  925.0    774   22.4   17.8     75  14.06    260     17  302.2  344.0  304.8
  912.0    897   21.8   16.6     73  13.24    265     17  302.8  342.3  305.2
  870.0   1306   19.8   12.8     64  10.79    268     18  304.8  337.4  306.8
  850.0   1506   18.4   12.4     68  10.75    270     19  305.4  337.9  307.4
  793.0   2094   15.3    9.3     67   9.34    255     17  308.2  336.8  309.9
  715.0   2972   10.6    4.6     66   7.49    218     13  312.3  335.8  313.7
  700.0   3149    9.4    4.4     71   7.55    210     12  312.9  336.6  314.3
  687.0   3304    8.7    3.7     71   7.31    200     12  313.8  336.9  315.1
  671.0   3499    7.8    2.8     71   7.03    183     15  314.9  337.2  316.2
  663.0   3598    7.2    2.7     73   7.04    175     16  315.3  337.7  316.6
  639.0   3901    5.4    2.2     80   7.07    175     16  316.6  339.3  318.0
  628.0   4043    4.6    2.0     83   7.09    189     15  317.2  340.0  318.6
  618.0   4174    5.0   -3.0     56   4.99    202     14  319.1  335.5  320.1
  616.0   4201    4.8   -3.1     56   4.98    205     14  319.3  335.6  320.2
  594.0   4496    3.2   -3.9     60   4.86    230     17  320.7  336.8  321.7
  591.0   4538    3.0   -4.0     60   4.84    231     17  320.9  336.9  321.9
  561.0   4957    0.0   -4.3     73   4.99    240     18  322.2  338.8  323.2
  531.0   5393   -2.8   -7.0     73   4.28    250     19  323.9  338.3  324.8
  502.0   5839   -5.7   -9.8     73   3.64    236     17  325.6  338.1  326.4
  500.0   5870   -5.7  -12.7     58   2.90    235     17  326.0  336.1  326.6
  483.0   6141   -7.5  -17.5     45   2.01    231     14  327.1  334.2  327.4
  477.0   6239   -7.9  -25.9     22   0.98    230     13  327.7  331.3  327.9
  466.0   6420   -9.1  -18.1     48   1.98    227     11  328.4  335.5  328.8
  438.0   6898  -11.8  -20.8     47   1.67    220      6  330.9  336.9  331.2
  433.0   6987  -12.3  -21.3     47   1.62    232      5  331.3  337.2  331.6
  421.0   7201  -13.8  -22.3     49   1.53    260      4  332.1  337.7  332.4
  411.0   7385  -15.1  -23.1     50   1.46    253      6  332.7  338.1  333.0
  400.0   7590  -15.9  -29.9     29   0.80    245      8  334.2  337.3  334.4
  391.0   7761  -17.1  -33.1     24   0.61    237      8  334.9  337.2  335.0
  364.0   8292  -20.5  -33.5     30   0.63    214      9  337.2  339.7  337.4
  344.0   8706  -23.4  -35.6     32   0.54    195     10  338.7  340.9  338.8
  341.0   8770  -23.9  -35.9     32   0.53    199     10  338.9  341.1  339.1
  326.0   9096  -25.9  -41.9     21   0.30    217      9  340.6  341.8  340.6
  319.0   9252  -27.3  -37.3     38   0.49    226      9  340.8  342.7  340.9
  304.0   9596  -30.0  -41.5     32   0.33    245      8  341.7  343.1  341.8
  300.0   9690  -30.7  -42.7     30   0.30    240      8  342.0  343.2  342.1
  296.0   9785  -31.3  -42.3     33   0.31    240      7  342.5  343.8  342.5
  293.0   9858  -31.9  -37.9     55   0.50    240      6  342.6  344.6  342.7
  291.0   9905  -32.3  -38.3     55   0.48    240      6  342.7  344.7  342.8
  279.0  10198  -34.7  -40.7     54   0.39    275      2  343.4  345.0  343.5
  267.0  10504  -37.2  -43.2     54   0.31    170      8  344.0  345.4  344.1
  256.0  10797  -39.6  -45.6     53   0.25     20     14  344.6  345.7  344.7
  254.0  10852  -40.1  -46.1     53   0.24     23     15  344.7  345.8  344.8
  250.0  10960  -40.9                          30     16  345.1         345.1
  200.0  12440  -53.5                          85     12  347.9         347.9
  195.0  12597  -54.9                          95     12  348.2         348.2
  153.0  14097  -68.4                          85     33  350.1         350.1
  150.0  14220  -69.5                          85     41  350.2         350.2
  145.0  14422  -71.1                          75     48  350.8         350.8
  140.0  14631  -69.3                          64     55  357.5         357.5
  138.0  14714  -69.9                          60     58  357.9         357.9
  125.0  15287  -74.2                          40     31  360.4         360.4
  105.0  16298  -81.7                          44     15  364.5         364.5
  101.0  16515  -83.8                          45     12  364.6         364.6
  100.0  16570  -84.3                          50     12  364.6         364.6
   96.0  16795  -86.3                          60      8  365.0         365.0
   86.0  17410  -82.8                         100     25  383.6         383.6
   77.0  18029  -79.4                          90     27  403.1         403.1
   74.9  18183  -78.5                          74     23  408.2         408.2
   70.0  18570  -78.1                          35     12  417.0         417.0
   66.4  18873  -75.5                         320     13  429.0         429.0
   63.0  19179  -73.8                         245     14  439.2         439.2
   59.8  19482  -72.1                         203     18  449.6         449.6
   55.2  19949  -74.1                         138     25  455.4         455.4
   54.0  20078  -73.2                         120     27  460.3         460.3
   50.0  20530  -70.1                          95     25  477.9         477.9
   49.0  20652  -69.2                          85     21  482.8         482.8
   44.2  21273  -64.7                          75     33  508.2         508.2
   44.0  21301  -64.7                          75     33  508.9         508.9
   38.0  22197  -64.2                          95     45  532.0         532.0
   37.3  22310  -64.1                          95     45  535.0         535.0
   35.9  22546  -60.9                          95     44  549.1         549.1
   34.0  22884  -61.1                          95     43  557.1         557.1
   30.0  23660  -61.7                         100     58  575.9         575.9
   28.3  24022  -61.1                          90     64  587.3         587.3
   28.0  24088  -60.9                          90     64  589.4         589.4
   27.9  24110  -60.9                          90     64  590.1         590.1
   27.0  24315  -60.1                          85     64  598.0         598.0
   26.2  24502  -59.3                                     605.4         605.4
</PRE><H3>Station information and sounding indices</H3><PRE>
                         Station identifier: WIII
                             Station number: 96749
                           Observation time: 141212/0000
                           Station latitude: -6.11
                          Station longitude: 106.65
                          Station elevation: 8.0
                            Showalter index: 2.06
                               Lifted index: -2.54
    LIFT computed using virtual temperature: -3.06
                                SWEAT index: 203.79
                                    K index: 31.50
                         Cross totals index: 18.10
                      Vertical totals index: 24.10
                        Totals totals index: 42.20
      Convective Available Potential Energy: 714.42
             CAPE using virtual temperature: 854.56
                      Convective Inhibition: -63.43
             CINS using virtual temperature: -31.74
                           Equilibrum Level: 169.13
 Equilibrum Level using virtual temperature: 165.75
                   Level of Free Convection: 770.71
             LFCT using virtual temperature: 841.22
                     Bulk Richardson Number: 1302.98
          Bulk Richardson Number using CAPV: 1558.58
  Temp [K] of the Lifted Condensation Level: 294.26
Pres [hPa] of the Lifted Condensation Level: 939.52
   Equivalent potential temp [K] of the LCL: 349.68
     Mean mixed layer potential temperature: 299.57
              Mean mixed layer mixing ratio: 17.13
              1000 hPa to 500 hPa thickness: 5781.00
Precipitable water [mm] for entire sounding: 50.68
</PRE>
<P>Description of the 
<A HREF="/upperair/columns.html">data columns</A>
or <A HREF="/upperair/indices.html">sounding indices</A>.

<P>
<FORM>
<INPUT CLASS="button" TYPE="button" VALUE=" Close this window " 
 onClick="window.close();">
<INPUT CLASS="button" TYPE="button" VALUE=" Select another map " 
 onClick="window.blur();">
</FORM>
<HR SIZE="1">
<I>Interested in graduate studies in atmospheric science?
Check out our program at the
<a href="http://www.uwyo.edu/atsc/howtoapply/"
target=_top>University of Wyoming
</a></I>
<HR SIZE="1"><FONT SIZE="-1">
Questions about the weather data provided by this site can be
addressed to <A HREF="mailto:ldoolman@uwyo.edu">
Larry Oolman (ldoolman@uwyo.edu)</A></FONT>
<HR SIZE="1">
<SCRIPT TYPE="text/javascript">
<!--
window.focus();
// -->
</SCRIPT>
</BODY>
</HTML>
