2015-05-01 12
<HTML>
<TITLE>University of Wyoming - Radiosonde Data</TITLE>
<BODY BGCOLOR="white">
<H2>96749 WIII Jakarta Observations at 00Z 01 May 2015</H2>
<PRE>
-----------------------------------------------------------------------------
   PRES   HGHT   TEMP   DWPT   RELH   MIXR   DRCT   SKNT   THTA   THTE   THTV
    hPa     m      C      C      %    g/kg    deg   knot     K      K      K 
-----------------------------------------------------------------------------
 1009.0      8   25.2   22.3     84  17.12    230      6  297.6  347.4  300.6
 1004.0     55   27.2   22.6     76  17.54    227      7  300.0  351.6  303.1
 1000.0     92   26.8   22.2     76  17.17    225      8  299.9  350.4  303.0
  977.0    297   25.7   21.2     76  16.50    210     10  300.8  349.5  303.8
  925.0    778   23.0   18.8     77  15.00    215     14  302.8  347.4  305.5
  912.0    901   22.2   18.1     78  14.56    215     14  303.2  346.6  305.9
  850.0   1512   18.2   14.7     80  12.52    240      8  305.2  342.9  307.5
  822.0   1798   16.7   11.7     72  10.60    250      6  306.6  338.8  308.5
  805.0   1977   15.8    9.8     68   9.53    250      5  307.4  336.6  309.2
  793.0   2104   15.3    7.7     60   8.35    250      4  308.2  334.0  309.8
  766.0   2397   14.3    2.7     46   6.10    250      6  310.2  329.4  311.3
  739.0   2700   13.2   -2.5     34   4.34    300      4  312.2  326.2  313.0
  730.0   2804   12.8   -4.2     30   3.86    290      5  312.9  325.4  313.6
  713.0   3001   11.5    3.9     60   7.16    270      8  313.5  336.2  314.9
  712.0   3013   11.4    4.4     62   7.42    270      8  313.6  337.0  314.9
  700.0   3155   10.4    3.4     62   7.03    275      6  314.0  336.3  315.3
  675.0   3457    8.8   -1.2     49   5.22    289      7  315.5  332.3  316.4
  664.0   3592    7.9   -0.9     53   5.41    295      8  316.0  333.5  317.0
  617.0   4196    4.1    0.2     76   6.34    300      4  318.2  338.8  319.4
  614.0   4236    3.8    0.3     78   6.41    299      4  318.4  339.1  319.6
  573.0   4794    0.8   -2.8     77   5.45    285      8  321.2  339.2  322.3
  562.0   4951    0.0   -3.7     76   5.21    290      9  322.0  339.3  323.1
  552.0   5094   -0.8   -4.4     77   5.05    295     10  322.7  339.5  323.7
  531.0   5402   -2.6   -5.8     79   4.71    280      4  324.2  340.0  325.1
  512.0   5692   -4.3   -7.1     81   4.41    305      2  325.5  340.4  326.4
  501.0   5864   -5.3   -7.9     82   4.23    346      4  326.3  340.7  327.2
  500.0   5880   -5.3   -8.5     78   4.05    350      4  326.5  340.3  327.3
  497.0   5927   -5.1  -12.1     58   3.06      1      4  327.3  337.9  327.9
  492.0   6006   -5.6  -12.5     58   3.00     20      4  327.7  338.1  328.3
  474.0   6296   -7.3  -13.8     59   2.78    265      2  329.1  338.8  329.6
  446.0   6770  -10.1  -16.1     61   2.45    249      4  331.3  340.1  331.8
  422.0   7192  -12.6  -19.1     58   2.00    235      6  333.3  340.6  333.7
  400.0   7600  -15.1  -22.1     55   1.64    195      8  335.3  341.3  335.6
  374.0   8100  -18.7  -25.2     56   1.32    160     10  337.0  342.0  337.3
  360.0   8384  -20.8  -27.0     57   1.17    150     14  337.9  342.4  338.2
  346.0   8680  -22.9  -28.9     58   1.02    119     12  338.9  342.8  339.1
  331.0   9000  -25.1  -31.1     57   0.86     85     10  340.1  343.5  340.3
  306.0   9569  -29.1  -35.1     56   0.64     73     12  342.3  344.8  342.4
  300.0   9710  -30.3  -36.3     56   0.57     70     12  342.6  344.9  342.7
  265.0  10580  -37.3  -45.3     43   0.25     50     16  344.7  345.8  344.7
  256.0  10818  -39.4  -45.9     50   0.25     45     17  345.0  346.1  345.1
  253.0  10899  -40.1  -46.1     53   0.24     47     18  345.1  346.2  345.2
  250.0  10980  -40.7                          50     19  345.4         345.4
  200.0  12460  -53.5                          55     35  347.9         347.9
  178.0  13181  -59.8                          60     35  349.3         349.3
  150.0  14240  -69.1                          70     39  350.9         350.9
  125.0  15303  -77.3                          75     43  354.8         354.8
  119.0  15589  -79.5                          70     33  355.8         355.8
  107.0  16189  -81.2                         135     14  363.6         363.6
  102.0  16459  -81.9                         145     17  367.2         367.2
  100.0  16570  -81.3                         155     16  370.4         370.4
   96.0  16800  -80.1                         175      6  377.0         377.0
   92.6  17004  -79.1                         256     11  383.0         383.0
   91.0  17102  -79.9                         295     14  383.3         383.3
   86.0  17418  -82.4                         300     19  384.5         384.5
   82.8  17631  -84.1                         272     15  385.2         385.2
   82.0  17685  -83.5                         265     14  387.5         387.5
   77.0  18039  -79.8                         150      4  402.2         402.2
   74.3  18240  -77.7                         146      8  410.8         410.8
   74.0  18263  -77.7                         145      8  411.2         411.2
   70.0  18580  -78.1                         100     14  417.0         417.0
   66.0  18919  -75.6                          60     21  429.6         429.6
   65.9  18928  -75.5                          60     21  429.9         429.9
   60.0  19479  -73.7                          60     31  445.5         445.5
   54.0  20098  -71.8                         115     29  463.7         463.7
   50.0  20550  -70.3                         115     33  477.4         477.4
   49.0  20670  -69.9                         105     37  481.1         481.1
   47.9  20805  -69.5                          99     40  485.2         485.2
   44.0  21317  -65.3                          75     51  507.3         507.3
   43.6  21372  -64.9                          75     51  509.7         509.7
   36.0  22537  -65.5                          80     56  536.8         536.8
   30.0  23660  -59.7                         100     74  581.3         581.3
   29.8  23703  -59.4                         100     74  583.3         583.3
   27.0  24335  -54.6                         105     74  613.4         613.4
   24.5  24957  -49.9                          89     45  644.2         644.2
   24.0  25093  -48.5                          85     39  652.1         652.1
   22.9  25404  -45.3                          54     31  670.3         670.3
   20.6  26106  -48.7                         345     14  680.6         680.6
   20.0  26300  -48.9                         315     16  685.7         685.7
   18.0  26993  -48.4                         270      8  708.3         708.3
   17.0  27369  -48.1                         305     12  720.8         720.8
   16.2  27686  -47.9                         289     18  731.5         731.5
   16.0  27769  -47.4                         285     19  735.9         735.9
   15.1  28153  -44.9                         316     15  756.3         756.3
   15.0  28197  -44.9                         320     14  757.8         757.8
   14.0  28658  -44.9                         305     23  772.8         772.8
   12.1  29633  -44.9                         229     11  805.7         805.7
   12.0  29689  -44.2                         225     10  810.1         810.1
   11.6  29917  -41.3                         224     15  828.4         828.4
   10.1  30853  -43.1                         220     34  855.1         855.1
   10.0  30920  -42.3                         220     35  860.5         860.5
    9.0  31640  -40.0                         200     16  895.6         895.6
    8.0  32445  -37.5                         245     21  936.4         936.4
    7.8  32619  -36.9                                     945.4         945.4
</PRE><H3>Station information and sounding indices</H3><PRE>
                         Station identifier: WIII
                             Station number: 96749
                           Observation time: 150501/0000
                           Station latitude: -6.11
                          Station longitude: 106.65
                          Station elevation: 8.0
                            Showalter index: 0.42
                               Lifted index: -2.08
    LIFT computed using virtual temperature: -2.41
                                SWEAT index: 196.41
                                    K index: 31.20
                         Cross totals index: 20.00
                      Vertical totals index: 23.50
                        Totals totals index: 43.50
      Convective Available Potential Energy: 540.52
             CAPE using virtual temperature: 660.02
                      Convective Inhibition: -82.79
             CINS using virtual temperature: -43.09
                           Equilibrum Level: 180.42
 Equilibrum Level using virtual temperature: 180.25
                   Level of Free Convection: 693.04
             LFCT using virtual temperature: 835.12
                     Bulk Richardson Number: 125.99
          Bulk Richardson Number using CAPV: 153.84
  Temp [K] of the Lifted Condensation Level: 293.47
Pres [hPa] of the Lifted Condensation Level: 919.91
   Equivalent potential temp [K] of the LCL: 349.50
     Mean mixed layer potential temperature: 300.57
              Mean mixed layer mixing ratio: 16.64
              1000 hPa to 500 hPa thickness: 5788.00
Precipitable water [mm] for entire sounding: 51.27
</PRE>
<P>Description of the 
<A HREF="/upperair/columns.html">data columns</A>
or <A HREF="/upperair/indices.html">sounding indices</A>.

<P>
<FORM>
<INPUT CLASS="button" TYPE="button" VALUE=" Close this window " 
 onClick="window.close();">
<INPUT CLASS="button" TYPE="button" VALUE=" Select another map " 
 onClick="window.blur();">
</FORM>
<HR SIZE="1">
<I>Interested in graduate studies in atmospheric science?
Check out our program at the
<a href="http://www.uwyo.edu/atsc/howtoapply/"
target=_top>University of Wyoming
</a></I>
<HR SIZE="1"><FONT SIZE="-1">
Questions about the weather data provided by this site can be
addressed to <A HREF="mailto:ldoolman@uwyo.edu">
Larry Oolman (ldoolman@uwyo.edu)</A></FONT>
<HR SIZE="1">
<SCRIPT TYPE="text/javascript">
<!--
window.focus();
// -->
</SCRIPT>
</BODY>
</HTML>
