2014-05-24 12
<HTML>
<TITLE>University of Wyoming - Radiosonde Data</TITLE>
<BODY BGCOLOR="white">
<H2>96749 WIII Jakarta Observations at 00Z 24 May 2014</H2>
<PRE>
-----------------------------------------------------------------------------
   PRES   HGHT   TEMP   DWPT   RELH   MIXR   DRCT   SKNT   THTA   THTE   THTV
    hPa     m      C      C      %    g/kg    deg   knot     K      K      K 
-----------------------------------------------------------------------------
 1009.0      8   24.0   23.0     94  17.89    210      4  296.4  348.2  299.6
 1004.0     53   25.8   22.9     84  17.87    191      5  298.6  350.8  301.8
 1000.0     89   26.0   22.7     82  17.72    175      6  299.1  351.1  302.3
  976.0    303   25.0   20.9     78  16.20     85     10  300.3  347.9  303.2
  927.0    756   23.0   17.0     69  13.32     75     12  302.6  342.3  305.1
  925.0    775   22.8   16.8     69  13.18     75     12  302.6  341.9  305.0
  912.0    898   21.8   17.8     78  14.24     75     10  302.8  345.2  305.4
  897.0   1043   20.6   18.9     90  15.57     75      9  303.0  349.4  305.8
  881.0   1198   20.0   17.5     86  14.49     75      8  303.9  347.3  306.6
  851.0   1498   18.8   14.8     77  12.59     55      6  305.8  343.8  308.1
  850.0   1508   18.8   14.7     77  12.52     55      6  305.8  343.6  308.1
  793.0   2096   15.8   10.7     72  10.26     70      8  308.7  340.2  310.6
  739.0   2694   12.8    6.6     66   8.31     85      8  311.7  337.7  313.3
  713.0   2998   11.2    4.5     63   7.44     55      4  313.2  336.7  314.6
  700.0   3154   10.4    3.4     62   7.03     15      2  314.0  336.3  315.3
  663.0   3605    8.2    1.9     65   6.67    275      4  316.4  337.8  317.6
  651.0   3757    7.4    1.4     66   6.55    281      5  317.2  338.2  318.4
  617.0   4194    5.1   -1.2     64   5.70    300      8  319.4  338.0  320.5
  549.0   5146    0.0   -7.0     59   4.14    276     11  324.2  338.2  325.0
  532.0   5397   -1.7   -9.6     55   3.48    270     12  325.1  336.9  325.8
  513.0   5687   -3.7  -12.7     50   2.82    276     11  326.1  335.9  326.6
  508.0   5765   -4.5   -8.6     73   3.95    277     11  326.0  339.5  326.8
  500.0   5890   -4.9  -12.9     53   2.85    280     10  327.0  336.9  327.6
  493.0   6000   -5.6  -13.2     55   2.81    280     10  327.5  337.3  328.0
  461.0   6521   -8.9  -14.9     62   2.62    280     10  329.7  338.9  330.2
  457.0   6587   -9.3  -15.7     60   2.49    280     10  329.9  338.8  330.4
  439.0   6893  -11.4  -19.1     53   1.93    260      8  331.2  338.2  331.6
  400.0   7600  -16.1  -27.1     38   1.04    305      6  334.0  337.9  334.2
  374.0   8099  -19.3  -32.0     32   0.70    325      4  336.2  339.0  336.4
  360.0   8383  -21.1  -34.8     28   0.56    335      6  337.5  339.7  337.6
  342.0   8764  -23.5  -38.5     24   0.40    308      6  339.2  340.8  339.3
  331.0   9000  -25.2  -40.2     23   0.35    290      6  340.0  341.4  340.1
  300.0   9710  -30.5  -45.5     22   0.22    320      6  342.3  343.2  342.3
  292.0   9899  -32.0  -45.7     24   0.22    330      4  342.8  343.7  342.8
  280.0  10192  -34.4  -46.1     30   0.22     30      6  343.5  344.4  343.5
  254.0  10872  -39.9  -46.9     47   0.22     26     17  345.0  346.0  345.1
  250.0  10980  -40.9                          25     19  345.1         345.1
  235.0  11390  -44.2                          35     21  346.3         346.3
  200.0  12460  -52.7                          50     29  349.1         349.1
  187.0  12878  -56.2                          45     29  350.3         350.3
  150.0  14250  -67.7                          30     17  353.3         353.3
  139.0  14701  -70.2                          20     17  356.6         356.6
  132.0  15006  -71.9                         350     10  358.9         358.9
  129.0  15142  -72.7                         313     11  359.9         359.9
  126.0  15277  -73.5                         275     12  360.9         360.9
  113.0  15900  -77.0                         230     29  365.8         365.8
  102.0  16487  -80.3                         225     35  370.3         370.3
  100.0  16600  -80.9                         225     33  371.2         371.2
   92.0  17067  -82.6                         220     21  376.7         376.7
   87.4  17355  -83.7                         235     21  380.1         380.1
   87.0  17380  -83.2                         235     23  381.6         381.6
   83.4  17618  -78.9                         233     27  395.0         395.0
   78.0  18005  -77.0                         230     33  406.6         406.6
   74.0  18308  -75.5                         265     17  416.0         416.0
   71.1  18539  -74.3                         272     11  423.2         423.2
   70.0  18630  -74.5                         275      8  424.7         424.7
   67.0  18884  -75.2                          40      8  428.5         428.5
   65.8  18989  -75.5                          21     12  430.1         430.1
   63.8  19170  -69.5                         349     18  447.1         447.1
   60.0  19540  -68.2                         285     31  457.8         457.8
   55.0  20065  -66.5                         260     31  473.4         473.4
   50.9  20531  -64.9                         264     36  487.6         487.6
   50.0  20640  -65.5                         265     37  488.7         488.7
   47.0  21014  -65.9                         255     43  496.5         496.5
   43.0  21552  -66.5                         240     25  507.9         507.9
   42.7  21594  -66.5                         233     22  508.8         508.8
   41.0  21842  -64.9                         190      4  518.8         518.8
   39.0  22147  -62.9                          25     14  531.4         531.4
   37.9  22322  -61.7                          20     21  538.7         538.7
   37.0  22469  -62.2                          15     27  541.2         541.2
   32.0  23357  -65.0                         100     21  556.6         556.6
   31.8  23396  -65.1                         100     21  557.2         557.2
   30.0  23750  -64.5                         110     29  568.2         568.2
   28.1  24152  -62.5                         103     35  584.5         584.5
   27.3  24333  -55.5                          99     38  608.9         608.9
   24.4  25047  -56.7                          87     48  625.3         625.3
   23.7  25233  -52.7                          83     51  642.2         642.2
   23.0  25428  -51.5                          80     54  651.1         651.1
   21.8  25777  -49.5                          82     52  667.3         667.3
   20.0  26340  -50.7                          85     49  680.2         680.2
   19.0  26675  -50.2                          95     54  691.9         691.9
   18.1  26992  -49.7                          91     54  703.0         703.0
   18.0  27029  -49.6                          90     54  704.4         704.4
   17.0  27410  -49.0                          90     54  718.1         718.1
   16.0  27813  -48.2                          90     54  733.0         733.0
   11.0  30306  -43.8                          95     45  831.9         831.9
   10.0  30940  -42.7                          95     45  859.0         859.0
    8.0  32456  -39.5                                     928.3         928.3
</PRE><H3>Station information and sounding indices</H3><PRE>
                         Station identifier: WIII
                             Station number: 96749
                           Observation time: 140524/0000
                           Station latitude: -6.11
                          Station longitude: 106.65
                          Station elevation: 8.0
                            Showalter index: 0.54
                               Lifted index: -1.22
    LIFT computed using virtual temperature: -1.72
                                SWEAT index: 198.41
                                    K index: 31.40
                         Cross totals index: 19.60
                      Vertical totals index: 23.70
                        Totals totals index: 43.30
      Convective Available Potential Energy: 330.83
             CAPE using virtual temperature: 427.77
                      Convective Inhibition: -122.28
             CINS using virtual temperature: -74.75
                           Equilibrum Level: 224.94
 Equilibrum Level using virtual temperature: 224.94
                   Level of Free Convection: 617.55
             LFCT using virtual temperature: 733.78
                     Bulk Richardson Number: 72.10
          Bulk Richardson Number using CAPV: 93.22
  Temp [K] of the Lifted Condensation Level: 293.46
Pres [hPa] of the Lifted Condensation Level: 927.15
   Equivalent potential temp [K] of the LCL: 348.26
     Mean mixed layer potential temperature: 299.89
              Mean mixed layer mixing ratio: 16.52
              1000 hPa to 500 hPa thickness: 5801.00
Precipitable water [mm] for entire sounding: 52.52
</PRE>
<P>Description of the 
<A HREF="/upperair/columns.html">data columns</A>
or <A HREF="/upperair/indices.html">sounding indices</A>.

<P>
<FORM>
<INPUT CLASS="button" TYPE="button" VALUE=" Close this window " 
 onClick="window.close();">
<INPUT CLASS="button" TYPE="button" VALUE=" Select another map " 
 onClick="window.blur();">
</FORM>
<HR SIZE="1">
<I>Interested in graduate studies in atmospheric science?
Check out our program at the
<a href="http://www.uwyo.edu/atsc/howtoapply/"
target=_top>University of Wyoming
</a></I>
<HR SIZE="1"><FONT SIZE="-1">
Questions about the weather data provided by this site can be
addressed to <A HREF="mailto:ldoolman@uwyo.edu">
Larry Oolman (ldoolman@uwyo.edu)</A></FONT>
<HR SIZE="1">
<SCRIPT TYPE="text/javascript">
<!--
window.focus();
// -->
</SCRIPT>
</BODY>
</HTML>
