2013-03-07 12
<HTML>
<TITLE>University of Wyoming - Radiosonde Data</TITLE>
<BODY BGCOLOR="white">
<H2>96749 WIII Jakarta Observations at 00Z 07 Mar 2013</H2>
<PRE>
-----------------------------------------------------------------------------
   PRES   HGHT   TEMP   DWPT   RELH   MIXR   DRCT   SKNT   THTA   THTE   THTV
    hPa     m      C      C      %    g/kg    deg   knot     K      K      K 
-----------------------------------------------------------------------------
 1010.0      8   24.2   23.5     96  18.44    200      3  296.5  349.9  299.8
 1000.0     94   26.0   21.2     75  16.13    210      4  299.1  346.4  302.0
  997.0    121   26.2   20.2     70  15.19    213      4  299.6  344.2  302.3
  977.0    299   25.3   19.3     69  14.62    235      6  300.4  343.5  303.1
  944.0    601   23.7   17.7     69  13.71    220      4  301.8  342.4  304.3
  925.0    780   22.8   16.8     69  13.18    235      6  302.6  341.9  305.0
  912.0    902   22.0   16.2     69  12.83    240      6  303.0  341.3  305.4
  881.0   1201   20.0   14.6     71  12.01    260      8  304.0  340.0  306.2
  851.0   1501   18.1   13.1     73  11.22    255      6  305.0  338.8  307.0
  850.0   1511   18.0   13.0     73  11.19    255      6  305.0  338.7  307.0
  793.0   2103   14.7    7.2     60   8.07    215     16  307.6  332.4  309.1
  784.0   2200   14.2    6.2     59   7.64    214     16  308.0  331.6  309.5
  776.0   2287   14.2    3.2     48   6.24    213     16  308.9  328.5  310.1
  744.0   2641   11.8    8.6     81   9.51    209     15  310.1  339.5  311.9
  724.0   2870   11.2    3.2     58   6.70    206     14  311.8  332.9  313.1
  713.0   2997   10.6    2.6     58   6.50    205     14  312.5  333.1  313.7
  700.0   3151    9.8    1.8     57   6.27    200     14  313.3  333.2  314.5
  658.0   3663    7.2   -2.8     49   4.75    183     15  316.0  331.4  316.9
  639.0   3902    5.3   -2.9     55   4.85    175     16  316.5  332.3  317.4
  626.0   4070    4.0   -3.0     60   4.92    181     14  316.8  332.9  317.8
  617.0   4188    4.6  -13.4     26   2.22    185     12  318.8  326.4  319.3
  616.0   4201    4.5  -11.7     30   2.55    185     12  318.9  327.6  319.4
  613.0   4241    4.4   -6.6     45   3.83    193     11  319.2  331.9  319.9
  593.0   4509    2.7   -7.5     47   3.70    245      6  320.3  332.7  321.0
  572.0   4800    0.9   -8.4     50   3.56    260      4  321.5  333.5  322.2
  564.0   4914    0.2   -8.8     51   3.50    288      3  321.9  333.8  322.6
  561.0   4957    0.0   -5.0     69   4.73    299      3  322.2  337.9  323.1
  551.0   5099   -0.8   -6.1     67   4.42    335      2  322.9  337.7  323.8
  510.0   5713   -4.2  -10.9     60   3.29    290      8  326.0  337.3  326.6
  500.0   5870   -5.1  -12.1     58   3.04    290     10  326.8  337.3  327.4
  496.0   5933   -5.1  -12.1     58   3.06    288     11  327.5  338.1  328.1
  491.0   6013   -5.6  -15.9     44   2.26    285     12  327.8  335.8  328.3
  490.0   6029   -5.7  -16.7     42   2.12    286     12  327.9  335.4  328.3
  469.0   6371   -8.7  -11.7     79   3.35    307     10  328.3  339.9  329.0
  438.0   6897  -11.3  -18.3     56   2.07    340      8  331.5  339.0  331.9
  424.0   7147  -12.5  -21.5     47   1.63    314      9  333.1  339.0  333.4
  412.0   7366  -14.3  -19.3     66   2.03    291     10  333.5  340.8  333.9
  404.0   7515  -15.1  -23.1     50   1.48    275     10  334.3  339.8  334.6
  400.0   7590  -15.5  -23.5     50   1.45    270     10  334.8  340.1  335.1
  384.0   7897  -17.7  -25.7     50   1.24    265     10  335.8  340.4  336.0
  330.0   9007  -25.5  -34.2     44   0.64    245      8  339.9  342.4  340.0
  317.0   9302  -27.6  -36.5     43   0.53    235      8  340.9  343.1  341.1
  308.0   9512  -29.1  -38.1     42   0.47    211      5  341.7  343.6  341.8
  304.0   9606  -30.1  -36.3     55   0.57    200      4  341.6  343.8  341.7
  300.0   9700  -31.1  -34.5     72   0.69    225      2  341.4  344.1  341.6
  293.0   9867  -31.9  -35.1     73   0.66    241      3  342.6  345.2  342.7
  279.0  10211  -34.1  -40.9     50   0.39    275      4  344.2  345.8  344.3
  278.0  10237  -34.3  -41.3     49   0.37    267      4  344.3  345.9  344.4
  256.0  10806  -39.0  -48.4     36   0.19     95      8  345.6  346.4  345.7
  251.0  10943  -40.1  -50.1     33   0.16     87     10  345.9  346.6  345.9
  250.0  10970  -40.3                          85     10  346.0         346.0
  234.0  11409  -44.1                          85     12  346.9         346.9
  204.0  12319  -52.0                          85     10  348.3         348.3
  200.0  12450  -53.1                          80     10  348.5         348.5
  186.0  12902  -56.8                          60     14  349.9         349.9
  153.0  14117  -66.7                          75     29  353.0         353.0
  150.0  14240  -67.7                          70     27  353.3         353.3
  146.0  14403  -68.5                          58     22  354.6         354.6
  139.0  14689  -70.3                          35     12  356.4         356.4
  132.0  14989  -72.3                         290     10  358.3         358.3
  119.0  15592  -76.1                         230     16  361.9         361.9
  113.0  15893  -78.1                         220     10  363.7         363.7
  102.0  16489  -81.9                         101     14  367.2         367.2
  101.0  16544  -82.1                          90     14  367.8         367.8
  100.0  16600  -82.3                          85     14  368.5         368.5
   96.0  16826  -83.2                          75     14  371.0         371.0
   91.0  17122  -84.4                          25     12  374.3         374.3
   86.0  17436  -85.7                          30      6  377.9         377.9
   85.2  17487  -85.9                          45      6  378.4         378.4
   77.0  18049  -82.2                         100     14  397.2         397.2
   75.9  18129  -81.7                         104     12  399.9         399.9
   74.5  18234  -78.5                         109      9  408.8         408.8
   73.0  18350  -78.2                         115      6  411.7         411.7
   70.0  18590  -77.7                          75      8  417.8         417.8
   60.0  19474  -76.8                          75     21  438.6         438.6
   57.0  19768  -76.5                         100     27  445.8         445.8
   51.1  20394  -75.9                          87     40  461.4         461.4
   50.0  20520  -73.9                          85     43  468.9         468.9
   46.0  21027  -69.4                          90     47  491.2         491.2
   42.0  21580  -64.4                          95     58  516.3         516.3
   36.3  22466  -56.5                          90     21  558.8         558.8
   36.0  22518  -56.5                          90     19  560.0         560.0
   34.0  22879  -56.8                         105     10  568.4         568.4
   31.0  23463  -57.3                         170     17  582.3         582.3
   30.0  23670  -57.5                         175     16  587.3         587.3
   27.5  24221  -56.9                         138     27  603.8         603.8
   27.0  24339  -55.9                         130     29  609.7         609.7
   25.5  24705  -52.9                         118     28  628.3         628.3
   23.2  25316  -52.5                          97     25  646.7         646.7
   23.0  25372  -52.0                          95     25  649.6         649.6
   22.0  25663  -49.8                          60     19  664.7         664.7
   21.3  25874  -48.1                          63     14  675.9         675.9
   21.0  25968  -48.1                          65     12  678.5         678.5
   20.0  26290  -48.3                          85     14  687.6         687.6
   18.0  26986  -46.9                          55     10  713.0         713.0
   17.5  27172  -46.5                          11     10  720.0         720.0
   17.0  27363  -47.5                         325     10  722.8         722.8
   16.0  27761  -49.6                          80     17  728.6         728.6
   15.4  28012  -50.9                          85     17  732.3         732.3
   15.0  28186  -50.4                          70     16  739.6         739.6
   14.0  28640  -49.0                         345     21  759.1         759.1
   13.0  29128  -47.5                         315     12  780.5         780.5
   12.0  29655  -45.8                         335     14  804.3         804.3
   11.8  29766  -45.5                                     809.4         809.4
</PRE><H3>Station information and sounding indices</H3><PRE>
                         Station identifier: WIII
                             Station number: 96749
                           Observation time: 130307/0000
                           Station latitude: -6.11
                          Station longitude: 106.65
                          Station elevation: 8.0
                            Showalter index: 2.32
                               Lifted index: 0.09
    LIFT computed using virtual temperature: -0.27
                                SWEAT index: 178.01
                                    K index: 28.10
                         Cross totals index: 18.10
                      Vertical totals index: 23.10
                        Totals totals index: 41.20
      Convective Available Potential Energy: 7.25
             CAPE using virtual temperature: 35.16
                      Convective Inhibition: -165.00
             CINS using virtual temperature: -99.71
                           Equilibrum Level: 442.60
 Equilibrum Level using virtual temperature: 407.35
                   Level of Free Convection: 636.39
             LFCT using virtual temperature: 656.59
                     Bulk Richardson Number: 4.73
          Bulk Richardson Number using CAPV: 22.94
  Temp [K] of the Lifted Condensation Level: 291.73
Pres [hPa] of the Lifted Condensation Level: 907.43
   Equivalent potential temp [K] of the LCL: 344.22
     Mean mixed layer potential temperature: 299.95
              Mean mixed layer mixing ratio: 15.12
              1000 hPa to 500 hPa thickness: 5776.00
Precipitable water [mm] for entire sounding: 46.93
</PRE>
<P>Description of the 
<A HREF="/upperair/columns.html">data columns</A>
or <A HREF="/upperair/indices.html">sounding indices</A>.

<P>
<FORM>
<INPUT CLASS="button" TYPE="button" VALUE=" Close this window " 
 onClick="window.close();">
<INPUT CLASS="button" TYPE="button" VALUE=" Select another map " 
 onClick="window.blur();">
</FORM>
<HR SIZE="1">
<I>Interested in graduate studies in atmospheric science?
Check out our program at the
<a href="http://www.uwyo.edu/atsc/howtoapply/"
target=_top>University of Wyoming
</a></I>
<HR SIZE="1"><FONT SIZE="-1">
Questions about the weather data provided by this site can be
addressed to <A HREF="mailto:ldoolman@uwyo.edu">
Larry Oolman (ldoolman@uwyo.edu)</A></FONT>
<HR SIZE="1">
<SCRIPT TYPE="text/javascript">
<!--
window.focus();
// -->
</SCRIPT>
</BODY>
</HTML>
