2014-10-25 12
<HTML>
<TITLE>University of Wyoming - Radiosonde Data</TITLE>
<BODY BGCOLOR="white">
<H2>96749 WIII Jakarta Observations at 00Z 25 Oct 2014</H2>
<PRE>
-----------------------------------------------------------------------------
   PRES   HGHT   TEMP   DWPT   RELH   MIXR   DRCT   SKNT   THTA   THTE   THTV
    hPa     m      C      C      %    g/kg    deg   knot     K      K      K 
-----------------------------------------------------------------------------
 1011.0      8   23.2   20.9     87  15.65    180      2  295.4  340.5  298.2
 1009.0     26   25.2   22.5     85  17.34    175      3  297.6  348.0  300.7
 1000.0    110   25.6   22.3     82  17.28    150      6  298.8  349.3  301.8
  997.0    137   26.2   22.7     81  17.77    142      7  299.6  351.8  302.8
  979.0    297   25.1   22.0     83  17.35     90     14  300.1  351.1  303.2
  925.0    796   21.8   19.9     89  16.09     90     16  301.6  349.2  304.5
  914.0    900   21.2   18.8     87  15.22     95     16  302.0  347.1  304.7
  888.0   1150   19.6   16.3     81  13.30     89     15  302.9  342.5  305.3
  862.0   1407   18.4   14.1     76  11.87     83     14  304.2  339.8  306.4
  850.0   1527   17.4   14.9     85  12.69     80     14  304.4  342.4  306.7
  833.0   1700   16.2   15.4     95  13.39     77     13  304.9  345.1  307.3
  827.0   1762   16.6   10.6     68   9.79     76     13  305.9  335.7  307.7
  795.0   2097   15.1    5.0     51   6.95     70     12  307.8  329.3  309.1
  788.0   2172   14.8    3.8     48   6.42     64     11  308.2  328.2  309.4
  780.0   2259   14.2    8.2     67   8.82     57     10  308.5  335.6  310.1
  767.0   2401   13.9    5.4     57   7.41     45      8  309.6  332.7  311.0
  764.0   2434   13.8    4.8     55   7.11     46      7  309.9  332.1  311.2
  740.0   2702   12.2    5.9     65   7.91     55      2  311.0  335.7  312.5
  737.0   2736   12.0    6.0     67   8.02     50      2  311.1  336.2  312.6
  734.0   2771   12.0    2.0     50   6.06     46      2  311.5  330.6  312.6
  714.0   3001   10.2    2.0     57   6.23     15      4  312.0  331.8  313.2
  700.0   3166    9.0    2.0     62   6.36     20      8  312.4  332.5  313.6
  692.0   3261    8.2    3.3     71   7.06     19      9  312.6  334.8  313.9
  664.0   3602    6.8   -8.8     32   2.97     15     12  314.7  324.6  315.3
  648.0   3803    6.0  -16.0     19   1.70     20     13  316.0  321.8  316.3
  619.0   4176    2.8   -3.2     65   4.91     29     16  316.5  332.4  317.4
  617.0   4202    3.2   -7.2     47   3.64     30     16  317.2  329.3  317.9
  609.0   4309    4.8  -23.2     11   0.98     44     15  320.3  323.8  320.4
  595.0   4497    3.8  -24.2     11   0.91     70     14  321.2  324.5  321.4
  546.0   5192    0.0  -28.0     10   0.70     87     16  324.7  327.3  324.8
  500.0   5890   -5.5  -18.5     35   1.79    105     19  326.3  332.6  326.6
  485.0   6127   -7.1  -22.1     29   1.35    111     19  327.1  332.1  327.4
  475.0   6287   -8.0  -24.2     26   1.14    115     19  328.0  332.1  328.2
  439.0   6889  -11.6  -32.2     16   0.59    115     17  331.0  333.2  331.1
  422.0   7191  -13.3  -36.2     13   0.41     95     17  332.5  334.1  332.6
  400.0   7600  -15.7  -41.7      9   0.25    100     19  334.5  335.5  334.6
  390.0   7790  -17.2  -41.2     10   0.27    105     19  335.0  336.1  335.0
  380.0   7984  -18.7  -40.7     13   0.29    117     19  335.5  336.7  335.5
  324.0   9150  -27.7  -40.7     28   0.34    191     16  338.7  340.1  338.8
  318.0   9284  -28.3  -43.5     22   0.26    200     16  339.7  340.8  339.8
  300.0   9700  -30.1  -52.1     10   0.10    115      6  342.8  343.3  342.9
  299.0   9724  -30.3  -53.3      9   0.09    109      6  342.9  343.3  342.9
  292.0   9889  -31.8  -53.0     10   0.10     70      8  343.1  343.5  343.1
  268.0  10488  -37.2  -51.8     21   0.12    355      6  343.7  344.2  343.7
  256.0  10808  -40.1  -51.1     30   0.14     10      6  344.0  344.6  344.0
  250.0  10970  -41.5                          35      8  344.2         344.2
  245.0  11103  -42.6                          50      8  344.6         344.6
  235.0  11378  -44.9                          65     10  345.2         345.2
  214.0  11994  -50.1                          50     10  346.4         346.4
  200.0  12440  -53.9                           5      8  347.2         347.2
  195.0  12597  -55.2                         345      8  347.6         347.6
  169.0  13482  -62.8                          10      2  349.6         349.6
  153.0  14097  -68.0                          70      2  350.7         350.7
  150.0  14220  -69.1                          70      2  350.9         350.9
  146.0  14377  -70.3                          75      4  351.4         351.4
  139.0  14663  -72.6                         140      2  352.4         352.4
  125.0  15279  -77.5                          90     12  354.5         354.5
  119.0  15565  -79.7                          90     12  355.3         355.3
  116.0  15714  -80.9                          85     12  355.8         355.8
  112.0  15913  -78.4                          65     10  364.0         364.0
  110.0  16016  -77.1                          79      8  368.3         368.3
  107.0  16174  -77.9                         100      4  369.7         369.7
  101.0  16504  -79.7                          91     14  372.4         372.4
  100.0  16560  -79.9                          90     16  373.1         373.1
   95.0  16849  -81.3                          70     21  375.9         375.9
   91.0  17095  -80.1                          65     16  382.9         382.9
   86.0  17419  -78.5                          40      8  392.3         392.3
   82.0  17692  -77.2                         125      4  400.4         400.4
   78.0  17979  -75.8                         140      4  409.1         409.1
   74.0  18280  -74.3                         300      8  418.4         418.4
   70.9  18525  -73.1                         315     16  426.1         426.1
   70.0  18600  -73.5                         320     19  426.8         426.8
   67.0  18855  -73.3                         315     21  432.6         432.6
   57.3  19767  -72.7                         286     16  453.8         453.8
   54.0  20117  -71.2                         275     14  464.9         464.9
   52.0  20339  -70.3                         275      8  472.1         472.1
   50.0  20570  -69.3                         175     10  479.8         479.8
   49.0  20691  -68.8                         105     10  483.7         483.7
   47.0  20941  -67.8                          80     19  492.0         492.0
   44.7  21241  -66.5                          89     25  502.2         502.2
   42.0  21618  -66.1                         100     33  512.1         512.1
   36.6  22451  -65.3                          97     50  534.8         534.8
   32.3  23219  -59.7                          95     65  569.2         569.2
   32.0  23278  -59.7                          95     66  570.8         570.8
   31.5  23376  -59.6                          95     66  573.4         573.4
   30.0  23680  -59.5                          90     64  581.9         581.9
   21.9  25674  -55.1                          82     59  649.7         649.7
   20.0  26260  -51.1                          80     58  679.0         679.0
   19.0  26596  -49.7                          85     56  693.5         693.5
   17.6  27098  -47.5                          87     57  715.7         715.7
   13.5  28852  -46.7                          94     61  774.8         774.8
   11.0  30226  -42.6                         100     64  836.2         836.2
   10.4  30602  -41.5                          97     63  853.9         853.9
   10.0                                        95     62                     
</PRE><H3>Station information and sounding indices</H3><PRE>
                         Station identifier: WIII
                             Station number: 96749
                           Observation time: 141025/0000
                           Station latitude: -6.11
                          Station longitude: 106.65
                          Station elevation: 8.0
                            Showalter index: 0.41
                               Lifted index: -2.55
    LIFT computed using virtual temperature: -3.28
                                SWEAT index: 225.81
                                    K index: 30.80
                         Cross totals index: 20.40
                      Vertical totals index: 22.90
                        Totals totals index: 43.30
      Convective Available Potential Energy: 894.61
             CAPE using virtual temperature: 1132.01
                      Convective Inhibition: -23.17
             CINS using virtual temperature: -15.74
                           Equilibrum Level: 161.26
 Equilibrum Level using virtual temperature: 160.83
                   Level of Free Convection: 857.08
             LFCT using virtual temperature: 892.83
                     Bulk Richardson Number: 249.36
          Bulk Richardson Number using CAPV: 315.53
  Temp [K] of the Lifted Condensation Level: 294.44
Pres [hPa] of the Lifted Condensation Level: 940.53
   Equivalent potential temp [K] of the LCL: 350.30
     Mean mixed layer potential temperature: 299.66
              Mean mixed layer mixing ratio: 17.28
              1000 hPa to 500 hPa thickness: 5780.00
Precipitable water [mm] for entire sounding: 43.73
</PRE>
<P>Description of the 
<A HREF="/upperair/columns.html">data columns</A>
or <A HREF="/upperair/indices.html">sounding indices</A>.

<P>
<FORM>
<INPUT CLASS="button" TYPE="button" VALUE=" Close this window " 
 onClick="window.close();">
<INPUT CLASS="button" TYPE="button" VALUE=" Select another map " 
 onClick="window.blur();">
</FORM>
<HR SIZE="1">
<I>Interested in graduate studies in atmospheric science?
Check out our program at the
<a href="http://www.uwyo.edu/atsc/howtoapply/"
target=_top>University of Wyoming
</a></I>
<HR SIZE="1"><FONT SIZE="-1">
Questions about the weather data provided by this site can be
addressed to <A HREF="mailto:ldoolman@uwyo.edu">
Larry Oolman (ldoolman@uwyo.edu)</A></FONT>
<HR SIZE="1">
<SCRIPT TYPE="text/javascript">
<!--
window.focus();
// -->
</SCRIPT>
</BODY>
</HTML>
