2015-11-12 12
<HTML>
<TITLE>University of Wyoming - Radiosonde Data</TITLE>
<BODY BGCOLOR="white">
<H2>96749 WIII Jakarta Observations at 00Z 12 Nov 2015</H2>
<PRE>
-----------------------------------------------------------------------------
   PRES   HGHT   TEMP   DWPT   RELH   MIXR   DRCT   SKNT   THTA   THTE   THTV
    hPa     m      C      C      %    g/kg    deg   knot     K      K      K 
-----------------------------------------------------------------------------
 1010.0      8   25.6   22.7     84  17.54    190      4  297.9  349.0  301.0
 1000.0    101   26.6   22.2     77  17.17    180      4  299.8  350.2  302.8
  995.0    146   27.2   22.2     74  17.26    174      4  300.8  351.7  303.9
  978.0    298   26.2   21.3     75  16.63    155      2  301.3  350.4  304.3
  945.0    600   24.2   19.6     75  15.43    210      2  302.2  348.0  305.0
  925.0    789   23.0   18.5     76  14.71    150      2  302.8  346.6  305.5
  913.0    902   22.4   17.6     75  14.09    120      2  303.3  345.3  305.9
  850.0   1522   18.8   12.8     68  11.04    110      2  305.8  339.2  307.9
  823.0   1798   17.2   10.9     66  10.02    100      4  307.0  337.6  308.9
  795.0   2093   15.6    8.8     64   9.01    105      4  308.3  336.0  310.0
  782.0   2234   14.8    7.8     63   8.56    100      4  308.9  335.3  310.5
  767.0   2397   13.7    7.9     68   8.81     95      4  309.4  336.6  311.0
  740.0   2698   11.5    8.2     80   9.29    115     10  310.3  339.0  312.0
  726.0   2859   10.4    8.3     87   9.55    110     11  310.7  340.3  312.5
  715.0   2987   10.6    2.6     58   6.50    106     11  312.3  332.8  313.5
  700.0   3163    9.2    4.2     71   7.44    100     12  312.6  336.1  314.0
  671.0   3514    7.8    3.6     75   7.44    104     12  314.9  338.5  316.3
  664.0   3600    7.4    2.7     72   7.03    105     12  315.4  337.8  316.7
  617.0   4202    4.5   -3.8     55   4.69     95     16  318.7  334.2  319.6
  609.0   4309    4.0   -5.0     52   4.35     92     16  319.3  333.7  320.2
  595.0   4498    3.6  -12.4     30   2.49     87     15  321.0  329.6  321.5
  552.0   5103    0.3  -15.7     29   2.05     70     14  324.1  331.3  324.5
  548.0   5162    0.0  -16.0     29   2.01     70     14  324.4  331.4  324.8
  500.0   5890   -4.7  -22.7     23   1.24     65     10  327.2  331.8  327.5
  493.0   6000   -5.3  -21.8     26   1.37     60     10  327.8  332.8  328.1
  474.0   6308   -7.1  -19.1     38   1.79     95      9  329.3  335.8  329.7
  456.0   6607   -9.1  -17.4     51   2.15    130      8  330.5  338.2  330.9
  440.0   6883  -10.9  -15.9     67   2.53    142      5  331.6  340.6  332.1
  438.0   6918  -10.7  -18.7     52   2.01    143      5  332.3  339.5  332.7
  422.0   7203  -12.6  -18.6     61   2.11    155      2  333.3  341.0  333.8
  415.0   7331  -13.5  -18.5     66   2.15    224      3  333.8  341.6  334.3
  406.0   7497  -14.2  -20.0     62   1.94    315      4  334.9  342.0  335.4
  403.0   7553  -14.5  -20.5     60   1.87    315      4  335.3  342.2  335.7
  400.0   7610  -14.3  -26.3     35   1.12    315      4  336.3  340.6  336.5
  395.0   7705  -14.1  -34.1     17   0.54    317      4  337.8  339.9  337.9
  390.0   7801  -14.8  -33.7     18   0.57    320      4  338.1  340.4  338.2
  375.0   8095  -16.9  -32.4     25   0.68     80      2  339.1  341.8  339.3
  356.0   8485  -19.7  -30.7     37   0.84    138      4  340.4  343.7  340.6
  332.0   8993  -23.6  -36.2     30   0.52    215      6  341.9  344.1  342.1
  300.0   9730  -29.3  -44.3     22   0.25    220     19  344.0  345.0  344.0
  293.0   9897  -30.8  -45.5     22   0.23    215     23  344.2  345.1  344.2
  280.0  10218  -33.7  -47.7     23   0.18    204     18  344.5  345.3  344.5
  252.0  10946  -40.1  -46.1     53   0.24    177      5  345.5  346.6  345.6
  250.0  11000  -40.5                         175      4  345.7         345.7
  246.0  11107  -41.4                         170      2  345.9         345.9
  236.0  11382  -43.8                         220      2  346.5         346.5
  225.0  11699  -46.5                         325      4  347.2         347.2
  200.0  12480  -53.1                         335     12  348.5         348.5
  170.0  13491  -61.7                         340     16  350.8         350.8
  154.0  14106  -66.9                          25     12  352.0         352.0
  150.0  14270  -68.3                          20     14  352.2         352.2
  147.0  14387  -69.2                          15     16  352.7         352.7
  132.0  15012  -74.0                          55     12  355.2         355.2
  126.0  15281  -76.1                          90     10  356.2         356.2
  113.0  15913  -80.9                         110     14  358.4         358.4
  111.0  16017  -81.7                         102     15  358.8         358.8
  107.0  16222  -82.1                          85     17  361.8         361.8
  105.0  16328  -82.3                          75     21  363.4         363.4
  100.0  16600  -82.5                          85     16  368.1         368.1
   96.0  16830  -81.0                          90      8  375.4         375.4
   91.2  17120  -79.1                         171     12  384.6         384.6
   89.6  17221  -76.1                         199     14  392.6         392.6
   87.0  17391  -76.2                         245     16  395.8         395.8
   80.3  17854  -76.3                         245     17  404.6         404.6
   70.0  18650  -74.5                         245     19  424.7         424.7
   67.0  18908  -73.6                         240     17  432.0         432.0
   60.0  19557  -71.3                         280     16  451.0         451.0
   57.0  19859  -70.2                         240     17  460.0         460.0
   52.0  20399  -68.3                         250     21  476.7         476.7
   50.0  20630  -67.5                         235     23  484.0         484.0
   48.1  20863  -66.5                         222     15  491.8         491.8
   47.0  21005  -64.4                         215     10  500.0         500.0
   45.0  21271  -60.5                         188     11  515.8         515.8
   43.0  21554  -60.4                         160     12  522.9         522.9
   41.0  21850  -60.2                         245     10  530.4         530.4
   39.0  22161  -60.1                         265     14  538.4         538.4
   37.0  22489  -59.9                         255     17  547.0         547.0
   33.0  23201  -59.5                         270      4  566.1         566.1
   32.5  23296  -59.5                         325      6  568.7         568.7
   32.0  23393  -58.4                          20      8  574.1         574.1
   31.2  23552  -56.7                         349     12  582.9         582.9
   30.0  23800  -56.9                         300     17  588.9         588.9
   29.0  24015  -57.0                         300     17  594.4         594.4
   28.0  24238  -57.1                         330     12  600.0         600.0
   26.5  24587  -57.3                         330     17  609.0         609.0
   26.0  24709  -56.3                         330     19  615.3         615.3
   24.6  25063  -53.3                         309     26  633.7         633.7
   24.0  25222  -53.3                         300     29  638.2         638.2
   23.0  25497  -53.2                         300     29  646.1         646.1
   21.0  26085  -53.1                         265     27  663.4         663.4
   20.0  26400  -53.1                         270     29  672.9         672.9
   18.0  27079  -52.9                         255     29  694.0         694.0
   17.9  27115  -52.9                         250     28  695.2         695.2
   17.0  27451  -50.8                         205     21  712.1         712.1
   16.0  27847  -48.4                         165     14  732.5         732.5
   15.8  27929  -47.9                                     736.8         736.8
</PRE><H3>Station information and sounding indices</H3><PRE>
                         Station identifier: WIII
                             Station number: 96749
                           Observation time: 151112/0000
                           Station latitude: -6.11
                          Station longitude: 106.65
                          Station elevation: 8.0
                            Showalter index: 2.50
                               Lifted index: -1.68
    LIFT computed using virtual temperature: -2.48
                                SWEAT index: 167.61
                                    K index: 31.30
                         Cross totals index: 17.50
                      Vertical totals index: 23.50
                        Totals totals index: 41.00
      Convective Available Potential Energy: 441.36
             CAPE using virtual temperature: 604.47
                      Convective Inhibition: -73.03
             CINS using virtual temperature: -43.11
                           Equilibrum Level: 185.72
 Equilibrum Level using virtual temperature: 184.98
                   Level of Free Convection: 775.58
             LFCT using virtual temperature: 824.08
                     Bulk Richardson Number: 64.18
          Bulk Richardson Number using CAPV: 87.90
  Temp [K] of the Lifted Condensation Level: 293.54
Pres [hPa] of the Lifted Condensation Level: 918.20
   Equivalent potential temp [K] of the LCL: 350.06
     Mean mixed layer potential temperature: 300.80
              Mean mixed layer mixing ratio: 16.74
              1000 hPa to 500 hPa thickness: 5789.00
Precipitable water [mm] for entire sounding: 48.74
</PRE>
<P>Description of the 
<A HREF="/upperair/columns.html">data columns</A>
or <A HREF="/upperair/indices.html">sounding indices</A>.

<P>
<FORM>
<INPUT CLASS="button" TYPE="button" VALUE=" Close this window " 
 onClick="window.close();">
<INPUT CLASS="button" TYPE="button" VALUE=" Select another map " 
 onClick="window.blur();">
</FORM>
<HR SIZE="1">
<I>Interested in graduate studies in atmospheric science?
Check out our program at the
<a href="http://www.uwyo.edu/atsc/howtoapply/"
target=_top>University of Wyoming
</a></I>
<HR SIZE="1"><FONT SIZE="-1">
Questions about the weather data provided by this site can be
addressed to <A HREF="mailto:ldoolman@uwyo.edu">
Larry Oolman (ldoolman@uwyo.edu)</A></FONT>
<HR SIZE="1">
<SCRIPT TYPE="text/javascript">
<!--
window.focus();
// -->
</SCRIPT>
</BODY>
</HTML>
