2015-11-21 00
<HTML>
<TITLE>University of Wyoming - Radiosonde Data</TITLE>
<BODY BGCOLOR="white">
<H2>96749 WIII Jakarta Observations at 00Z 21 Nov 2015</H2>
<PRE>
-----------------------------------------------------------------------------
   PRES   HGHT   TEMP   DWPT   RELH   MIXR   DRCT   SKNT   THTA   THTE   THTV
    hPa     m      C      C      %    g/kg    deg   knot     K      K      K 
-----------------------------------------------------------------------------
 1008.0      8   26.6   25.7     95  21.16      0      0  299.1  361.2  302.8
 1000.0     85   26.4   22.3     78  17.28      0      0  299.6  350.3  302.6
  996.0    121   26.8   22.4     77  17.46     16      0  300.3  351.7  303.4
  976.0    299   25.7   21.7     79  17.11     95      2  300.9  351.4  304.0
  943.0    602   23.8   20.6     82  16.52     65     10  302.0  351.0  305.0
  925.0    772   22.8   20.0     84  16.19     75     12  302.6  350.7  305.6
  911.0    904   22.0   19.2     84  15.61     80     12  303.1  349.6  305.9
  850.0   1505   18.2   15.5     84  13.20     90     14  305.2  344.9  307.6
  842.0   1586   17.8   15.1     84  12.98     90     14  305.6  344.7  308.0
  801.0   2013   15.8    9.8     68   9.58     90     17  307.9  337.2  309.6
  793.0   2098   15.3    9.5     69   9.51     90     17  308.2  337.4  309.9
  733.0   2762   11.2    7.5     78   8.95     99     16  310.7  338.5  312.4
  700.0   3147   10.4   -1.6     43   4.89    105     16  314.0  329.7  314.9
  693.0   3231    9.8   -2.2     43   4.72    105     15  314.2  329.5  315.1
  687.0   3302    9.3   -1.2     48   5.13    105     14  314.4  330.9  315.4
  656.0   3684    6.4    4.2     86   7.94    137     10  315.3  340.6  316.9
  639.0   3898    5.6    1.8     76   6.87    155      8  316.8  338.9  318.1
  616.0   4198    4.5   -1.5     65   5.58    120      4  318.9  337.1  320.0
  597.0   4454    3.6   -4.4     56   4.65     38      2  320.7  336.1  321.6
  594.0   4494    3.3   -4.2     58   4.75     25      2  320.8  336.6  321.7
  572.0   4799    1.1   -2.4     78   5.63    205      2  321.6  340.2  322.8
  562.0   4941    0.0   -1.6     89   6.09    210      3  322.0  342.1  323.2
  551.0   5098   -0.8   -2.5     89   5.84    215      4  322.9  342.2  324.0
  511.0   5697   -4.0   -5.7     88   4.93    330      6  326.1  342.7  327.1
  500.0   5870   -4.9   -6.6     88   4.69    325      4  327.0  342.9  327.9
  482.0   6159   -6.5   -9.2     81   3.98    315      3  328.5  342.1  329.3
  455.0   6607  -10.3  -11.8     89   3.42    300      2  329.2  341.1  329.9
  448.0   6727  -11.3  -12.5     91   3.29    255      2  329.4  340.8  330.0
  443.0   6814   -8.7  -15.7     57   2.56    223      2  333.7  342.9  334.2
  438.0   6902   -9.3  -17.0     54   2.32    190      2  334.0  342.4  334.5
  414.0   7337  -12.3  -23.3     39   1.42    255      6  335.6  340.9  335.9
  405.0   7505  -13.2  -28.0     28   0.95    280      8  336.6  340.2  336.8
  400.0   7600  -13.7  -30.7     22   0.75    275      8  337.1  340.0  337.2
  374.0   8105  -17.2  -36.0     18   0.47    250      6  339.0  340.9  339.1
  359.0   8412  -19.4  -39.3     15   0.35    215      2  340.1  341.6  340.2
  358.0   8433  -19.5  -39.5     15   0.35    219      2  340.2  341.6  340.2
  345.0   8706  -21.9  -36.6     25   0.48    275      2  340.5  342.4  340.6
  341.0   8792  -22.7  -35.7     30   0.54    260      3  340.6  342.7  340.7
  339.0   8835  -22.5  -44.5     12   0.22    252      3  341.4  342.3  341.5
  331.0   9008  -23.7  -45.3     12   0.20    220      4  342.1  343.0  342.1
  318.0   9298  -25.7  -46.7     12   0.18    240      6  343.2  344.0  343.3
  305.0   9600  -27.9  -48.1     13   0.16    240      8  344.4  345.1  344.4
  300.0   9720  -28.7  -48.7     13   0.15    230      8  344.8  345.5  344.9
  280.0  10210  -32.6  -48.4     19   0.17    185      8  346.0  346.7  346.0
  272.0  10415  -34.3  -48.3     23   0.18    181      9  346.5  347.2  346.5
  250.0  11000  -39.7  -48.7     38   0.18    170     10  346.9  347.7  346.9
  249.0  11027  -40.1  -49.1     38   0.18    169     10  346.7  347.5  346.7
  236.0  11383  -43.0                         155      6  347.6         347.6
  225.0  11699  -45.6                         165      4  348.4         348.4
  215.0  12001  -48.1                          95      2  349.1         349.1
  206.0  12284  -50.5                         120      4  349.7         349.7
  200.0  12480  -52.1                         115      6  350.1         350.1
  187.0  12898  -55.9                         120      2  350.8         350.8
  179.0  13170  -58.4                         125      2  351.2         351.2
  170.0  13491  -61.2                         100      2  351.6         351.6
  162.0  13791  -64.0                          25      6  351.9         351.9
  150.0  14270  -68.3                          35     10  352.2         352.2
  140.0  14674  -71.3                          30     14  353.9         353.9
  126.0  15292  -76.0                          15     19  356.4         356.4
  119.0  15627  -78.5                          46     17  357.6         357.6
  113.0  15920  -79.9                          75     16  360.3         360.3
  105.0  16336  -81.9                          93     18  364.1         364.1
  102.0  16499  -81.8                         100     19  367.4         367.4
  100.0  16610  -81.7                         100     21  369.6         369.6
   97.0  16780  -82.5                         105     25  371.2         371.2
   92.9  17021  -83.7                          90     25  373.6         373.6
   87.1  17386  -75.1                          65     17  397.8         397.8
   87.0  17393  -75.1                          65     17  397.9         397.9
   84.2  17583  -74.9                          62     11  402.0         402.0
   82.1  17731  -70.7                          60      6  413.5         413.5
   82.0  17738  -70.7                          60      6  413.6         413.6
   78.0  18033  -71.5                         315      8  418.0         418.0
   71.0  18586  -72.9                         290     25  426.4         426.4
   70.0  18670  -73.1                         285     25  427.7         427.7
   67.0  18925  -74.5                         265     29  430.1         430.1
   64.9  19110  -75.5                         265     27  431.8         431.8
   61.0  19476  -73.5                         255     16  443.8         443.8
   55.0  20087  -70.3                         180     10  464.6         464.6
   52.0  20418  -68.5                         190     12  476.2         476.2
   50.0  20650  -67.3                         175      8  484.5         484.5
   47.0  21027  -65.8                         230     12  496.8         496.8
   45.0  21292  -64.7                         250     12  505.6         505.6
   43.0  21569  -63.6                         225     14  514.9         514.9
   42.5  21640  -63.3                         227     14  517.4         517.4
   39.0  22173  -61.4                         240     12  535.0         535.0
   37.0  22499  -60.3                         310     10  546.1         546.1
   36.4  22600  -59.9                         316     11  549.5         549.5
   35.0  22847  -58.6                         330     12  559.1         559.1
   33.0  23218  -56.7                         281     21  573.6         573.6
   32.0  23412  -57.2                         255     25  577.3         577.3
   30.0  23820  -58.3                         240     17  585.1         585.1
   28.8  24076  -59.1                         231      9  589.8         589.8
   28.0  24254  -58.0                         225      4  597.7         597.7
   27.0  24484  -56.5                         340      2  608.0         608.0
   25.0  24972  -53.5                         310     14  630.3         630.3
   24.9  24997  -53.3                         309     14  631.5         631.5
   22.0  25790  -53.9                         290     23  652.5         652.5
   21.0  26088  -54.1                         255     16  660.6         660.6
   20.0  26400  -54.3                         240     16  669.2         669.2
   19.3  26628  -53.9                         240     13  677.3         677.3
   18.0  27080  -52.8                         240      8  694.5         694.5
   17.0  27451  -51.9                         215      4  708.9         708.9
   15.0  28262  -49.8                          25     21  741.4         741.4
   14.7  28393  -49.5                          18     23  746.8         746.8
   14.0  28712  -50.0                           0     27  755.6         755.6
   13.3  29047  -50.5                                     765.0         765.0
</PRE><H3>Station information and sounding indices</H3><PRE>
                         Station identifier: WIII
                             Station number: 96749
                           Observation time: 151121/0000
                           Station latitude: -6.11
                          Station longitude: 106.65
                          Station elevation: 8.0
                            Showalter index: 0.05
                               Lifted index: -2.50
    LIFT computed using virtual temperature: -2.80
                                SWEAT index: 218.01
                                    K index: 26.60
                         Cross totals index: 20.40
                      Vertical totals index: 23.10
                        Totals totals index: 43.50
      Convective Available Potential Energy: 659.78
             CAPE using virtual temperature: 813.49
                      Convective Inhibition: -35.97
             CINS using virtual temperature: -27.09
                           Equilibrum Level: 169.37
 Equilibrum Level using virtual temperature: 169.25
                   Level of Free Convection: 827.43
             LFCT using virtual temperature: 861.19
                     Bulk Richardson Number: 130.43
          Bulk Richardson Number using CAPV: 160.81
  Temp [K] of the Lifted Condensation Level: 294.33
Pres [hPa] of the Lifted Condensation Level: 928.33
   Equivalent potential temp [K] of the LCL: 351.85
     Mean mixed layer potential temperature: 300.66
              Mean mixed layer mixing ratio: 17.41
              1000 hPa to 500 hPa thickness: 5785.00
Precipitable water [mm] for entire sounding: 55.40
</PRE>
<P>Description of the 
<A HREF="/upperair/columns.html">data columns</A>
or <A HREF="/upperair/indices.html">sounding indices</A>.

<P>
<FORM>
<INPUT CLASS="button" TYPE="button" VALUE=" Close this window " 
 onClick="window.close();">
<INPUT CLASS="button" TYPE="button" VALUE=" Select another map " 
 onClick="window.blur();">
</FORM>
<HR SIZE="1">
<I>Interested in graduate studies in atmospheric science?
Check out our program at the
<a href="http://www.uwyo.edu/atsc/howtoapply/"
target=_top>University of Wyoming
</a></I>
<HR SIZE="1"><FONT SIZE="-1">
Questions about the weather data provided by this site can be
addressed to <A HREF="mailto:ldoolman@uwyo.edu">
Larry Oolman (ldoolman@uwyo.edu)</A></FONT>
<HR SIZE="1">
<SCRIPT TYPE="text/javascript">
<!--
window.focus();
// -->
</SCRIPT>
</BODY>
</HTML>
