2015-11-10 00
<HTML>
<TITLE>University of Wyoming - Radiosonde Data</TITLE>
<BODY BGCOLOR="white">
<H2>96749 WIII Jakarta Observations at 00Z 10 Nov 2015</H2>
<PRE>
-----------------------------------------------------------------------------
   PRES   HGHT   TEMP   DWPT   RELH   MIXR   DRCT   SKNT   THTA   THTE   THTV
    hPa     m      C      C      %    g/kg    deg   knot     K      K      K 
-----------------------------------------------------------------------------
 1009.0      8   26.6   25.2     92  20.50    200      2  299.0  359.1  302.6
 1000.0     87   25.8   21.5     77  16.44      0      0  298.9  347.1  301.9
  996.0    122   25.7   21.4     77  16.38      0      0  299.2  347.1  302.1
  954.0    502   24.2   20.1     78  15.80    260      2  301.4  348.1  304.3
  925.0    774   23.2   19.2     78  15.38    320      2  303.0  348.8  305.8
  914.0    878   22.6   18.5     78  14.92    340      2  303.5  348.0  306.2
  851.0   1498   19.3   14.6     74  12.40    100      4  306.2  343.7  308.5
  850.0   1508   19.2   14.5     74  12.36    100      4  306.2  343.6  308.5
  822.0   1796   17.2   13.0     77  11.60    125      6  307.1  342.3  309.2
  814.0   1880   16.6   12.6     77  11.39    115      6  307.3  341.9  309.4
  794.0   2091   15.4   11.1     75  10.53     90      6  308.2  340.4  310.2
  758.0   2485   13.2    8.2     72   9.08     64      7  309.9  338.0  311.6
  739.0   2698   12.0    5.5     64   7.70     50      8  310.9  334.9  312.3
  721.0   2904   10.8    2.8     58   6.54     52      8  311.8  332.4  313.0
  707.0   3068   10.8   -1.2     43   4.98     54      8  313.5  329.5  314.5
  700.0   3151   10.6   -1.4     43   4.96     55      8  314.2  330.2  315.1
  688.0   3294    9.6   -1.6     46   4.98     55      8  314.6  330.7  315.6
  644.0   3840    5.8   -2.2     56   5.08    104     10  316.3  332.8  317.3
  639.0   3904    5.3   -1.2     63   5.51    110     10  316.4  334.2  317.5
  624.0   4098    3.6    1.8     88   7.03    104     10  316.7  339.2  318.0
  616.0   4203    3.0    0.1     81   6.31    100     10  317.2  337.5  318.4
  607.0   4322    2.4   -1.8     74   5.56     98     10  317.8  335.9  318.9
  579.0   4703    0.0   -2.1     86   5.70     90      9  319.3  337.9  320.4
  555.0   5042   -1.9   -3.8     87   5.23     83      8  320.9  338.2  322.0
  539.0   5275   -1.7   -8.7     59   3.70     79      7  323.9  336.4  324.6
  511.0   5698   -3.7  -15.7     39   2.22     70      6  326.4  334.3  326.9
  500.0   5870   -4.5  -18.5     33   1.79     55      8  327.5  333.9  327.8
  492.0   5996   -5.5  -18.8     34   1.77     45      8  327.8  334.1  328.1
  489.0   6044   -5.9  -18.9     35   1.77     47      8  327.9  334.2  328.2
  455.0   6601   -9.9  -18.8     48   1.92     75      2  329.7  336.6  330.1
  440.0   6860  -11.7  -18.7     56   2.00    141      4  330.6  337.7  331.0
  438.0   6894  -12.0  -18.6     58   2.02    150      4  330.6  337.9  331.1
  421.0   7193  -14.3  -18.1     73   2.19    100      4  331.4  339.2  331.8
  404.0   7505  -16.8  -17.6     94   2.40    125      2  332.1  340.7  332.6
  402.0   7543  -17.1  -17.5     97   2.42    142      2  332.2  340.9  332.7
  400.0   7580  -15.3  -21.3     60   1.76    160      2  335.0  341.5  335.4
  398.0   7618  -14.7  -22.7     51   1.56    174      2  336.3  342.1  336.6
  389.0   7789  -15.7  -24.5     47   1.36    240      2  337.1  342.2  337.4
  374.0   8082  -17.5  -27.7     41   1.06    250      2  338.6  342.6  338.8
  359.0   8388  -19.4  -30.9     35   0.81    330      2  340.1  343.2  340.2
  345.0   8685  -21.2  -34.1     30   0.62    315      2  341.5  344.0  341.6
  331.0   8994  -23.1  -37.4     26   0.46    330      4  343.0  344.9  343.1
  325.0   9130  -23.9  -38.9     24   0.41    326      4  343.6  345.3  343.7
  300.0   9710  -29.5  -37.5     46   0.51    310      2  343.7  345.8  343.8
  292.0   9901  -31.1  -40.1     41   0.40    310      4  344.1  345.8  344.2
  285.0  10073  -32.5  -42.5     36   0.32    319      7  344.5  345.8  344.5
  280.0  10196  -33.5  -43.4     36   0.30    325     10  344.8  346.0  344.8
  254.0  10872  -39.1  -48.1     38   0.19    299     15  346.2  347.1  346.3
  250.0  10980  -40.1                         295     16  346.3         346.3
  246.0  11087  -41.0                         295     16  346.6         346.6
  200.0  12460  -52.7                         320     21  349.1         349.1
  162.0  13771  -64.0                         335     23  351.9         351.9
  150.0  14250  -68.1                         330     21  352.6         352.6
  133.0  14944  -73.2                         335     10  355.9         355.9
  119.0  15586  -77.8                          60      4  358.8         358.8
  113.0  15884  -80.0                          15      6  360.1         360.1
  105.0  16308  -83.1                           5     10  361.9         361.9
  102.0  16470  -82.3                           5     10  366.5         366.5
  100.0  16580  -81.7                         325     10  369.6         369.6
   96.0  16811  -79.0                         220      8  379.1         379.1
   94.9  16876  -78.3                         222      8  381.9         381.9
   87.0  17372  -78.3                         235     12  391.5         391.5
   83.5  17606  -78.3                         294      9  396.1         396.1
   82.0  17712  -76.7                         320      8  401.4         401.4
   78.0  18002  -72.4                         330     21  416.2         416.2
   77.4  18047  -71.7                         326     22  418.5         418.5
   70.0  18640  -71.3                         280     29  431.5         431.5
   67.0  18899  -71.4                         260     27  436.7         436.7
   61.0  19455  -71.7                         225     16  447.9         447.9
   57.1  19846  -71.9                         254     15  456.0         456.0
   52.0  20405  -68.4                         295     14  476.6         476.6
   50.0  20640  -66.9                         295     21  485.4         485.4
   47.0  21018  -65.5                         280     35  497.5         497.5
   41.0  21851  -62.3                         260     29  525.2         525.2
   39.0  22156  -61.1                         240     35  535.7         535.7
   38.3  22266  -60.7                         233     33  539.6         539.6
   34.0  23009  -59.1                         185     17  562.4         562.4
   32.0  23387  -58.4                         185     10  574.3         574.3
   31.0  23585  -57.9                         210     16  580.7         580.7
   30.0  23790  -57.5                         200     14  587.3         587.3
   29.0  24008  -57.0                         185     12  594.5         594.5
   28.0  24233  -56.4                         305      6  602.0         602.0
   25.0  24961  -54.7                         285     33  626.8         626.8
   22.0  25782  -52.7                         280     21  656.0         656.0
   21.7  25870  -52.5                         276     21  659.2         659.2
   20.0  26400  -52.9                         255     23  673.5         673.5
   16.8  27522  -53.9                         228     13  704.7         704.7
   16.0  27837  -53.0                         220     10  717.7         717.7
   15.0  28254  -51.7                         235     10  735.2         735.2
   14.4  28518  -50.9                         288      6  746.5         746.5
   14.0                                       325      4                     
</PRE><H3>Station information and sounding indices</H3><PRE>
                         Station identifier: WIII
                             Station number: 96749
                           Observation time: 151110/0000
                           Station latitude: -6.11
                          Station longitude: 106.65
                          Station elevation: 8.0
                            Showalter index: 0.94
                               Lifted index: -0.84
    LIFT computed using virtual temperature: -1.50
                                SWEAT index: 190.01
                                    K index: 26.20
                         Cross totals index: 19.00
                      Vertical totals index: 23.70
                        Totals totals index: 42.70
      Convective Available Potential Energy: 287.91
             CAPE using virtual temperature: 399.07
                      Convective Inhibition: -110.56
             CINS using virtual temperature: -87.28
                           Equilibrum Level: 247.94
 Equilibrum Level using virtual temperature: 247.75
                   Level of Free Convection: 744.12
             LFCT using virtual temperature: 782.67
                     Bulk Richardson Number: 64.03
          Bulk Richardson Number using CAPV: 88.75
  Temp [K] of the Lifted Condensation Level: 293.41
Pres [hPa] of the Lifted Condensation Level: 925.47
   Equivalent potential temp [K] of the LCL: 348.29
     Mean mixed layer potential temperature: 300.00
              Mean mixed layer mixing ratio: 16.49
              1000 hPa to 500 hPa thickness: 5783.00
Precipitable water [mm] for entire sounding: 51.69
</PRE>
<P>Description of the 
<A HREF="/upperair/columns.html">data columns</A>
or <A HREF="/upperair/indices.html">sounding indices</A>.

<P>
<FORM>
<INPUT CLASS="button" TYPE="button" VALUE=" Close this window " 
 onClick="window.close();">
<INPUT CLASS="button" TYPE="button" VALUE=" Select another map " 
 onClick="window.blur();">
</FORM>
<HR SIZE="1">
<I>Interested in graduate studies in atmospheric science?
Check out our program at the
<a href="http://www.uwyo.edu/atsc/howtoapply/"
target=_top>University of Wyoming
</a></I>
<HR SIZE="1"><FONT SIZE="-1">
Questions about the weather data provided by this site can be
addressed to <A HREF="mailto:ldoolman@uwyo.edu">
Larry Oolman (ldoolman@uwyo.edu)</A></FONT>
<HR SIZE="1">
<SCRIPT TYPE="text/javascript">
<!--
window.focus();
// -->
</SCRIPT>
</BODY>
</HTML>
