2013-03-23 12
<HTML>
<TITLE>University of Wyoming - Radiosonde Data</TITLE>
<BODY BGCOLOR="white">
<H2>96749 WIII Jakarta Observations at 00Z 23 Mar 2013</H2>
<PRE>
-----------------------------------------------------------------------------
   PRES   HGHT   TEMP   DWPT   RELH   MIXR   DRCT   SKNT   THTA   THTE   THTV
    hPa     m      C      C      %    g/kg    deg   knot     K      K      K 
-----------------------------------------------------------------------------
 1009.0      8   26.2   23.9     87  18.92    150      3  298.6  353.9  301.9
 1000.0     85   26.6   23.1     81  18.17    135      4  299.8  353.1  303.0
  976.0    299   25.6   20.9     76  16.25    100      8  300.8  348.7  303.7
  928.0    744   23.4   16.4     65  12.80     91     12  302.9  341.1  305.3
  925.0    772   23.2   16.2     65  12.68     90     12  303.0  340.9  305.3
  912.0    895   22.6   14.6     61  11.58     85     14  303.6  338.3  305.8
  850.0   1506   19.6    6.6     43   7.24     80     14  306.7  329.0  308.0
  809.0   1929   17.0    5.0     45   6.80     76     11  308.3  329.4  309.5
  793.0   2098   15.9    5.3     49   7.11     75     10  308.9  331.0  310.2
  713.0   2994   10.4    7.2     81   9.02     95      4  312.3  340.5  314.0
  705.0   3089    9.8    7.4     85   9.25     77      4  312.7  341.6  314.4
  700.0   3148    9.6    6.7     82   8.87     65      4  313.1  340.9  314.8
  688.0   3290    8.8    5.8     82   8.51     35      4  313.7  340.5  315.3
  663.0   3593    7.0    4.0     81   7.77     60      4  315.1  339.7  316.6
  640.0   3882    5.3    2.3     81   7.11    125      4  316.4  339.1  317.7
  617.0   4181    3.6    0.5     80   6.48    165      2  317.7  338.6  318.9
  572.0   4801    0.0   -3.2     79   5.31    178      7  320.4  337.9  321.4
  551.0   5100   -1.8   -5.5     76   4.63    185     10  321.8  337.2  322.7
  531.0   5395   -3.5   -7.8     72   4.03    148      9  323.1  336.7  323.9
  511.0   5698   -4.5  -10.5     63   3.37    110      8  325.4  337.0  326.1
  500.0   5870   -5.1  -12.1     58   3.04    120     10  326.8  337.3  327.4
  466.0   6421   -8.3  -19.3     41   1.79    135     13  329.4  335.9  329.8
  456.0   6587   -9.4  -20.8     39   1.61    140     14  330.1  335.9  330.4
  405.0   7495  -15.3  -29.0     30   0.86    155     10  333.9  337.1  334.0
  400.0   7590  -15.9  -29.9     29   0.80    140      8  334.2  337.3  334.4
  389.0   7794  -17.4  -31.8     27   0.69    105      6  335.0  337.7  335.1
  345.0   8670  -23.6  -40.2     20   0.34     80      8  338.2  339.6  338.3
  331.0   8972  -25.8  -43.1     18   0.26     90      8  339.3  340.4  339.3
  317.0   9288  -28.0  -46.1     16   0.19     65      6  340.4  341.2  340.4
  300.0   9690  -30.9  -49.9     14   0.13     70     12  341.7  342.3  341.7
  279.0  10200  -34.6  -53.6     13   0.09     75     19  343.5  343.9  343.5
  270.0  10431  -36.3  -55.3     12   0.08     85     20  344.3  344.7  344.3
  254.0  10852  -40.1  -48.1     42   0.19    105     21  344.7  345.6  344.8
  250.0  10960  -40.9                         110     21  345.1         345.1
  245.0  11093  -42.0                         110     23  345.4         345.4
  214.0  11984  -49.5                         105     23  347.4         347.4
  200.0  12430  -53.3                         125     27  348.2         348.2
  186.0  12884  -56.7                         125     27  349.9         349.9
  153.0  14106  -66.0                         100     16  354.2         354.2
  150.0  14230  -66.9                         115     16  354.6         354.6
  146.0  14387  -68.0                         130     17  355.4         355.4
  132.0  14971  -72.3                         135      6  358.2         358.2
  125.0  15287  -74.6                         205      8  359.7         359.7
  113.0  15872  -78.8                         115     14  362.3         362.3
  107.0  16188  -81.1                          95     17  363.7         363.7
  105.0  16298  -81.9                          96     17  364.1         364.1
  100.0  16570  -81.9                         100     17  369.2         369.2
   96.0  16795  -82.9                          95     19  371.6         371.6
   86.0  17402  -85.7                          75     23  377.8         377.8
   78.2  17926  -88.1                         100     31  383.3         383.3
   77.0  18013  -86.1                          95     35  389.1         389.1
   73.0  18311  -79.2                          70     41  409.7         409.7
   71.6  18420  -76.7                          75     35  417.3         417.3
   70.0  18550  -75.9                          80     29  421.7         421.7
   69.0  18634  -75.6                          80     27  424.1         424.1
   63.0  19165  -73.4                          60     10  440.1         440.1
   60.0  19450  -72.3                         125     12  448.8         448.8
   58.6  19588  -71.7                         132     14  453.1         453.1
   57.0  19750  -72.1                         140     16  455.8         455.8
   51.4  20358  -73.5                         108     22  466.2         466.2
   50.0  20520  -71.9                         100     23  473.6         473.6
   46.0  21019  -67.9                          80     43  494.7         494.7
   43.2  21396  -64.9                          83     51  511.0         511.0
   42.0  21567  -65.2                          85     54  514.5         514.5
   40.5  21788  -65.5                          85     54  519.0         519.0
   40.0  21865  -64.6                          85     54  523.2         523.2
   38.0  22184  -60.8                          70     37  540.7         540.7
   36.0  22520  -56.7                         110      8  559.5         559.5
   35.8  22554  -56.3                         127     10  561.5         561.5
   35.0  22698  -56.1                         195     19  565.7         565.7
   33.0  23073  -55.5                         180     21  576.9         576.9
   31.0  23471  -54.8                         115     14  589.0         589.0
   30.0  23680  -54.5                         100     16  595.5         595.5
   29.0  23898  -54.4                         100     17  601.6         601.6
   27.0  24357  -54.2                          35      6  614.6         614.6
   26.0  24599  -54.0                         280     10  621.6         621.6
   24.0  25114  -53.8                         120     12  636.8         636.8
   23.4  25276  -53.7                         102     15  641.6         641.6
   23.0  25388  -52.3                          90     17  648.9         648.9
   22.6  25502  -50.9                          95     17  656.3         656.3
   21.0  25981  -50.4                         115     17  671.6         671.6
   20.0  26300  -50.1                          85     19  682.1         682.1
   18.0  27000  -48.9                          20     23  706.8         706.8
   16.0  27782  -47.5                          25     19  735.4         735.4
   15.0  28211  -46.8                           5      6  751.5         751.5
   14.0  28669  -46.0                          55      6  769.2         769.2
   13.0  29162  -45.1                         325      8  788.6         788.6
   12.0  29693  -44.2                         330      6  810.2         810.2
   11.0  30272  -43.2                         220      2  834.2         834.2
   10.2  30773  -42.3                                     855.7         855.7
</PRE><H3>Station information and sounding indices</H3><PRE>
                         Station identifier: WIII
                             Station number: 96749
                           Observation time: 130323/0000
                           Station latitude: -6.11
                          Station longitude: 106.65
                          Station elevation: 8.0
                            Showalter index: 6.73
                               Lifted index: -1.85
    LIFT computed using virtual temperature: -2.34
                                SWEAT index: 117.21
                                    K index: 28.40
                         Cross totals index: 11.70
                      Vertical totals index: 24.70
                        Totals totals index: 36.40
      Convective Available Potential Energy: 686.36
             CAPE using virtual temperature: 810.08
                      Convective Inhibition: -115.20
             CINS using virtual temperature: -50.90
                           Equilibrum Level: 194.44
 Equilibrum Level using virtual temperature: 194.36
                   Level of Free Convection: 743.52
             LFCT using virtual temperature: 805.85
                     Bulk Richardson Number: 4767.41
          Bulk Richardson Number using CAPV: 5626.79
  Temp [K] of the Lifted Condensation Level: 293.48
Pres [hPa] of the Lifted Condensation Level: 920.68
   Equivalent potential temp [K] of the LCL: 349.42
     Mean mixed layer potential temperature: 300.51
              Mean mixed layer mixing ratio: 16.68
              1000 hPa to 500 hPa thickness: 5785.00
Precipitable water [mm] for entire sounding: 47.24
</PRE>
<P>Description of the 
<A HREF="/upperair/columns.html">data columns</A>
or <A HREF="/upperair/indices.html">sounding indices</A>.

<P>
<FORM>
<INPUT CLASS="button" TYPE="button" VALUE=" Close this window " 
 onClick="window.close();">
<INPUT CLASS="button" TYPE="button" VALUE=" Select another map " 
 onClick="window.blur();">
</FORM>
<HR SIZE="1">
<I>Interested in graduate studies in atmospheric science?
Check out our program at the
<a href="http://www.uwyo.edu/atsc/howtoapply/"
target=_top>University of Wyoming
</a></I>
<HR SIZE="1"><FONT SIZE="-1">
Questions about the weather data provided by this site can be
addressed to <A HREF="mailto:ldoolman@uwyo.edu">
Larry Oolman (ldoolman@uwyo.edu)</A></FONT>
<HR SIZE="1">
<SCRIPT TYPE="text/javascript">
<!--
window.focus();
// -->
</SCRIPT>
</BODY>
</HTML>
