2014-08-11 12
<HTML>
<TITLE>University of Wyoming - Radiosonde Data</TITLE>
<BODY BGCOLOR="white">
<H2>96749 WIII Jakarta Observations at 00Z 11 Aug 2014</H2>
<PRE>
-----------------------------------------------------------------------------
   PRES   HGHT   TEMP   DWPT   RELH   MIXR   DRCT   SKNT   THTA   THTE   THTV
    hPa     m      C      C      %    g/kg    deg   knot     K      K      K 
-----------------------------------------------------------------------------
 1011.0      8   26.0   21.4     76  16.15    170      4  298.2  345.3  301.1
 1000.0    104   25.8   21.5     77  16.44    150      6  298.9  347.1  301.9
  978.0    299   24.4   20.9     81  16.22    105      8  299.5  347.1  302.4
  945.0    600   22.3   20.1     87  15.89     80     10  300.3  347.0  303.1
  925.0    788   21.0   19.5     91  15.68     90     10  300.8  347.0  303.6
  913.0    901   20.1   18.6     91  14.98     95     10  300.9  345.2  303.6
  912.0    911   20.0   18.5     91  14.92     95     10  301.0  345.0  303.7
  904.0    987   20.8   17.2     80  13.85     96     10  302.6  343.7  305.1
  850.0   1518   17.4   14.3     82  12.20    100     12  304.4  341.0  306.6
  821.0   1815   16.0   11.0     72  10.14     95     13  305.9  336.7  307.8
  794.0   2098   14.6    6.2     57   7.54     90     14  307.4  330.6  308.8
  782.0   2227   14.0    4.0     51   6.56     96     12  308.1  328.4  309.3
  766.0   2401   12.8    4.8     58   7.08    105     10  308.6  330.6  309.9
  750.0   2579   11.6    5.6     67   7.66     93     10  309.1  332.9  310.6
  747.0   2612   12.0    0.0     44   5.15     91      9  309.9  326.2  310.9
  717.0   2954    9.2    7.0     86   8.84     68      9  310.5  337.9  312.2
  700.0   3153    8.2    3.8     74   7.23     55      8  311.5  334.2  312.9
  690.0   3272    7.2    4.7     84   7.82     47      8  311.7  336.2  313.2
  687.0   3308    7.0    4.6     84   7.78     45      8  311.9  336.3  313.4
  657.0   3674    5.2    3.2     87   7.39     47      8  313.9  337.2  315.2
  641.0   3876    5.6   -6.4     42   3.71     48      8  316.5  328.8  317.2
  625.0   4082    4.0   -0.8     71   5.81     49      8  317.0  335.8  318.1
  619.0   4161    3.8   -7.2     44   3.62     50      8  317.6  329.6  318.3
  615.0   4213    3.4   -6.9     47   3.74     50      8  317.8  330.1  318.5
  581.0   4672    0.0   -3.9     75   4.96     37      6  319.0  335.3  319.9
  550.0   5107   -3.1   -5.6     83   4.62     25      4  320.4  335.7  321.3
  530.0   5401   -5.1   -6.7     89   4.40    285      4  321.3  335.9  322.2
  521.0   5536   -6.1   -7.2     92   4.30    283      6  321.7  336.1  322.6
  511.0   5689   -4.5   -7.3     81   4.35    280      8  325.5  340.2  326.3
  510.0   5704   -4.6   -7.9     78   4.17    280      8  325.5  339.7  326.4
  500.0   5860   -5.5  -13.5     53   2.71    260      8  326.3  335.7  326.8
  490.0   6018   -6.5  -18.1     39   1.89    240      6  326.9  333.7  327.3
  478.0   6212   -7.7  -23.7     26   1.19    194      5  327.8  332.1  328.0
  472.0   6310   -7.3  -49.3      2   0.09    170      4  329.4  329.8  329.5
  454.0   6608   -9.2  -46.0      3   0.14     70      6  330.8  331.4  330.8
  437.0   6901  -11.0  -42.8      5   0.20    115      4  332.1  332.9  332.1
  400.0   7580  -15.3  -35.3     16   0.48     40      4  335.0  336.9  335.1
  395.0   7675  -15.7  -37.7     13   0.38     26      6  335.7  337.2  335.8
  388.0   7809  -16.7  -37.0     16   0.41      5      8  336.1  337.7  336.1
  360.0   8368  -21.1  -34.1     30   0.60      5      8  337.5  339.8  337.6
  358.0   8409  -21.4  -34.7     29   0.56      5      8  337.6  339.9  337.8
  343.0   8719  -23.6  -39.3     22   0.37     25     10  338.7  340.2  338.8
  330.0   8999  -25.7  -43.5     17   0.25     10     10  339.7  340.7  339.7
  300.0   9690  -30.7  -53.7      9   0.09     20      6  342.0  342.4  342.0
  267.0  10498  -37.6  -58.4     10   0.05     15      6  343.5  343.8  343.5
  256.0  10789  -40.1  -60.1     10   0.05    359      7  344.0  344.2  344.0
  250.0  10950  -41.3                         350      8  344.5         344.5
  244.0  11111  -42.6                         350     10  344.9         344.9
  224.0  11678  -47.4                         350      8  346.1         346.1
  204.0  12299  -52.6                          55     12  347.3         347.3
  200.0  12430  -53.7                          45     12  347.6         347.6
  186.0  12879  -57.6                          20     12  348.6         348.6
  150.0  14210  -69.1                          30     23  350.9         350.9
  138.0  14703  -72.7                          30     19  353.0         353.0
  136.0  14790  -73.3                          41     19  353.4         353.4
  124.0  15326  -76.0                         110     21  358.0         358.0
  121.0  15468  -76.7                         110     27  359.2         359.2
  106.0  16227  -77.9                         135     35  370.7         370.7
  104.0  16336  -78.1                         127     35  372.4         372.4
  101.0  16503  -78.1                         115     35  375.5         375.5
  100.0  16560  -78.1                         105     33  376.6         376.6
   96.0  16794  -77.7                          75     27  381.8         381.8
   86.0  17424  -76.6                          90     29  396.1         396.1
   84.8  17505  -76.5                          74     24  398.0         398.0
   83.5  17595  -71.1                          56     18  410.7         410.7
   82.0  17702  -71.0                          35     12  413.1         413.1
   78.0  17999  -70.6                         295     16  419.8         419.8
   74.0  18311  -70.3                         265     14  426.9         426.9
   70.0  18640  -69.9                         275     14  434.5         434.5
   64.0  19177  -67.2                         270     21  451.7         451.7
   63.4  19233  -66.9                         269     22  453.6         453.6
   58.0  19768  -67.4                         255     35  464.1         464.1
   52.0  20424  -68.1                         250     19  477.3         477.3
   50.0  20660  -68.3                         265     16  482.1         482.1
   47.2  21007  -67.1                         270     10  493.0         493.0
   47.0  21033  -67.0                         270     10  493.8         493.8
   45.0  21299  -66.1                          95     10  502.3         502.3
   39.0  22175  -63.0                          80     31  531.1         531.1
   36.8  22530  -61.7                          86     36  543.2         543.2
   32.0  23399  -60.7                         100     47  567.9         567.9
   30.0  23800  -60.3                         100     49  579.7         579.7
   25.0  24960  -57.3                         100     51  619.2         619.2
   21.0  26070  -54.5                          75     47  659.4         659.4
   20.0  26380  -53.7                          80     49  671.0         671.0
   16.9  27467  -51.5                          87     51  711.2         711.2
   15.7  27949  -47.9                          90     52  738.1         738.1
   14.0  28708  -46.8                          95     54  766.4         766.4
   13.0  29198  -46.1                                     785.2         785.2
</PRE><H3>Station information and sounding indices</H3><PRE>
                         Station identifier: WIII
                             Station number: 96749
                           Observation time: 140811/0000
                           Station latitude: -6.11
                          Station longitude: 106.65
                          Station elevation: 8.0
                            Showalter index: 1.00
                               Lifted index: -1.29
    LIFT computed using virtual temperature: -1.76
                                SWEAT index: 203.61
                                    K index: 32.80
                         Cross totals index: 19.80
                      Vertical totals index: 22.90
                        Totals totals index: 42.70
      Convective Available Potential Energy: 361.96
             CAPE using virtual temperature: 507.54
                      Convective Inhibition: -45.87
             CINS using virtual temperature: -28.82
                           Equilibrum Level: 233.36
 Equilibrum Level using virtual temperature: 233.49
                   Level of Free Convection: 773.31
             LFCT using virtual temperature: 836.76
                     Bulk Richardson Number: 186.61
          Bulk Richardson Number using CAPV: 261.66
  Temp [K] of the Lifted Condensation Level: 293.29
Pres [hPa] of the Lifted Condensation Level: 931.50
   Equivalent potential temp [K] of the LCL: 346.81
     Mean mixed layer potential temperature: 299.31
              Mean mixed layer mixing ratio: 16.23
              1000 hPa to 500 hPa thickness: 5756.00
Precipitable water [mm] for entire sounding: 48.79
</PRE>
<P>Description of the 
<A HREF="/upperair/columns.html">data columns</A>
or <A HREF="/upperair/indices.html">sounding indices</A>.

<P>
<FORM>
<INPUT CLASS="button" TYPE="button" VALUE=" Close this window " 
 onClick="window.close();">
<INPUT CLASS="button" TYPE="button" VALUE=" Select another map " 
 onClick="window.blur();">
</FORM>
<HR SIZE="1">
<I>Interested in graduate studies in atmospheric science?
Check out our program at the
<a href="http://www.uwyo.edu/atsc/howtoapply/"
target=_top>University of Wyoming
</a></I>
<HR SIZE="1"><FONT SIZE="-1">
Questions about the weather data provided by this site can be
addressed to <A HREF="mailto:ldoolman@uwyo.edu">
Larry Oolman (ldoolman@uwyo.edu)</A></FONT>
<HR SIZE="1">
<SCRIPT TYPE="text/javascript">
<!--
window.focus();
// -->
</SCRIPT>
</BODY>
</HTML>
