2015-09-25 12
<HTML>
<TITLE>University of Wyoming - Radiosonde Data</TITLE>
<BODY BGCOLOR="white">
<H2>96749 WIII Jakarta Observations at 00Z 25 Sep 2015</H2>
<PRE>
-----------------------------------------------------------------------------
   PRES   HGHT   TEMP   DWPT   RELH   MIXR   DRCT   SKNT   THTA   THTE   THTV
    hPa     m      C      C      %    g/kg    deg   knot     K      K      K 
-----------------------------------------------------------------------------
 1011.0      8   23.8   19.9     79  14.69    200      4  296.0  338.5  298.6
 1000.0    104   24.4   20.5     79  15.43    165      4  297.6  342.4  300.3
  992.0    175   25.0   21.7     82  16.78    136      5  298.8  347.9  301.8
  978.0    299   24.1   21.3     84  16.58     85      6  299.2  347.7  302.2
  945.0    600   22.1   20.2     89  16.08     75      8  300.1  347.3  302.9
  925.0    787   20.8   19.6     93  15.78     85      8  300.6  347.1  303.4
  913.0    900   20.2   19.1     94  15.53     90      8  301.0  346.9  303.8
  899.0   1034   19.4   18.6     95  15.24     90      6  301.6  346.7  304.3
  897.0   1053   19.6   14.8     74  11.94     90      6  302.0  337.5  304.1
  882.0   1199   18.6   15.2     81  12.47     90      4  302.4  339.5  304.7
  864.0   1376   17.4   15.7     90  13.15    123      4  302.9  342.1  305.3
  853.0   1486   17.8    8.8     56   8.40    143      4  304.5  329.9  306.0
  852.0   1496   17.7    9.1     57   8.56    145      4  304.5  330.5  306.1
  850.0   1516   17.6    9.6     59   8.90    140      4  304.6  331.5  306.2
  838.0   1637   16.6    9.6     63   9.03    120      5  304.8  332.1  306.4
  829.0   1729   17.2    1.2     34   5.06    105      6  306.3  322.1  307.3
  823.0   1791   16.9    2.6     38   5.63     95      6  306.6  324.1  307.6
  822.0   1802   16.8    2.8     39   5.73     94      6  306.6  324.5  307.7
  802.0   2011   15.6   -3.4     27   3.73     84      7  307.5  319.4  308.2
  794.0   2095   14.9   -2.7     30   3.96     80      8  307.6  320.2  308.4
  739.0   2696    9.6    2.1     59   6.05     95      2  308.3  327.1  309.4
  731.0   2787    8.8    2.8     66   6.44     48      3  308.4  328.4  309.6
  729.0   2810    8.8   -1.2     49   4.83     36      4  308.6  323.9  309.5
  713.0   2992    7.2    1.8     69   6.15    300      6  308.8  328.0  309.9
  700.0   3144    5.8    4.3     90   7.49    315      8  308.9  332.1  310.3
  694.0   3215    5.4    5.0     97   7.94    324     10  309.2  333.8  310.7
  687.0   3298    6.6   -0.4     61   5.42    335     12  311.5  328.7  312.5
  685.0   3322    7.0   -2.0     53   4.85    335     12  312.1  327.6  313.1
  680.0   3382    8.2   -8.8     29   2.90    334     12  314.1  323.8  314.7
  642.0   3854    5.0   -3.0     56   4.80    326     14  315.7  331.3  316.6
  616.0   4189    3.5   -4.5     56   4.46    320     16  317.7  332.4  318.6
  582.0   4649    1.4   -6.6     55   4.03    310     15  320.5  333.9  321.2
  545.0   5176    0.0   -9.0     51   3.57    299     15  324.9  337.1  325.6
  500.0   5860   -4.7  -12.7     54   2.90    285     14  327.2  337.3  327.8
  456.0   6583   -9.3  -22.3     34   1.41    285     17  330.2  335.4  330.5
  438.0   6894  -10.8  -29.6     20   0.76    295     14  332.1  335.0  332.3
  428.0   7073  -11.7  -33.7     14   0.52    280     14  333.2  335.2  333.3
  400.0   7590  -15.5  -37.5     13   0.38    235     14  334.8  336.3  334.8
  389.0   7794  -17.0  -38.7     13   0.35    210     12  335.5  336.9  335.6
  359.0   8381  -21.2  -42.0     14   0.27    195     10  337.7  338.8  337.7
  345.0   8671  -23.3  -43.6     14   0.23    170      6  338.7  339.7  338.7
  331.0   8974  -25.4  -45.4     14   0.20    170      2  339.7  340.6  339.8
  318.0   9267  -27.5  -47.0     14   0.17    140      2  340.7  341.5  340.8
  304.0   9596  -29.9  -48.9     14   0.15    155      5  341.8  342.5  341.9
  300.0   9690  -30.9  -48.9     15   0.15    160      6  341.7  342.4  341.7
  292.0   9879  -32.6  -49.3     17   0.15    165      8  341.9  342.6  342.0
  280.0  10173  -35.2  -49.9     21   0.14    150      8  342.3  342.9  342.3
  259.0  10718  -40.1  -51.1     30   0.13    167      8  342.8  343.4  342.9
  256.0  10798  -40.7                         170      8  343.1         343.1
  250.0  10960  -41.9                         145      8  343.6         343.6
  245.0  11093  -43.0                         125      8  344.1         344.1
  224.0  11683  -47.6                         125     14  345.8         345.8
  204.0  12300  -52.5                          80     17  347.5         347.5
  200.0  12430  -53.5                          80     16  347.9         347.9
  169.0  13478  -62.3                          65     16  350.4         350.4
  150.0  14220  -68.5                          55     35  351.9         351.9
  146.0  14380  -69.2                          55     41  353.4         353.4
  138.0  14714  -70.7                          70     60  356.5         356.5
  136.0  14801  -71.1                          70     58  357.3         357.3
  119.0  15569  -76.6                          75     41  361.2         361.2
  107.0  16180  -80.9                          70     58  364.1         364.1
  100.0  16560  -79.9                          70     33  373.1         373.1
   96.7  16752  -76.9                          70     29  382.6         382.6
   91.0  17100  -78.1                          70     21  386.8         386.8
   90.3  17144  -78.3                          43     18  387.3         387.3
   88.8  17241  -73.3                         343     13  399.2         399.2
   87.0  17362  -72.7                         270      6  402.8         402.8
   83.2  17625  -71.3                         254      8  410.7         410.7
   78.0  18004  -73.0                         230     10  414.9         414.9
   74.2  18297  -74.3                         287      2  418.1         418.1
   74.0  18313  -74.2                         290      2  418.7         418.7
   71.0  18557  -71.9                          20     10  428.5         428.5
   70.0  18640  -71.1                           5     10  431.9         431.9
   67.0  18902  -69.7                         290     10  440.5         440.5
   64.3  19148  -68.3                         250     12  448.7         448.7
   64.0  19176  -68.3                         245     12  449.4         449.4
   55.0  20092  -67.0                         280     21  472.1         472.1
   51.4  20502  -66.5                         284     25  482.5         482.5
   50.0  20670  -64.7                         285     27  490.6         490.6
   47.2  21024  -62.7                         280     34  503.5         503.5
   47.0  21050  -62.7                         280     35  504.2         504.2
   43.0  21602  -61.8                         250     23  519.4         519.4
   41.0  21897  -61.3                         260     17  527.7         527.7
   37.0  22534  -60.3                         220     17  546.0         546.0
   35.0  22884  -58.7                         230     19  559.0         559.0
   34.0  23068  -57.8                         205     14  565.9         565.9
   32.0  23450  -56.0                         255     19  580.5         580.5
   30.8  23692  -54.9                         258     23  589.9         589.9
   30.0  23860  -55.1                         260     25  593.8         593.8
   27.0  24536  -54.5                         270     21  613.6         613.6
   23.0  25564  -53.7                         245     23  644.9         644.9
   20.0  26460  -52.9                         290     23  673.5         673.5
   18.0  27140  -52.8                         305     31  694.3         694.3
   15.0  28316  -52.7                         280     31  731.8         731.8
   14.7  28446  -52.7                                     736.1         736.1
</PRE><H3>Station information and sounding indices</H3><PRE>
                         Station identifier: WIII
                             Station number: 96749
                           Observation time: 150925/0000
                           Station latitude: -6.11
                          Station longitude: 106.65
                          Station elevation: 8.0
                            Showalter index: 5.91
                               Lifted index: -0.11
    LIFT computed using virtual temperature: -0.52
                                SWEAT index: 137.21
                                    K index: 30.40
                         Cross totals index: 14.30
                      Vertical totals index: 22.30
                        Totals totals index: 36.60
      Convective Available Potential Energy: 167.78
             CAPE using virtual temperature: 313.01
                      Convective Inhibition: -55.51
             CINS using virtual temperature: -23.10
                           Equilibrum Level: 240.38
 Equilibrum Level using virtual temperature: 240.43
                   Level of Free Convection: 776.77
             LFCT using virtual temperature: 865.10
                     Bulk Richardson Number: 22.43
          Bulk Richardson Number using CAPV: 41.85
  Temp [K] of the Lifted Condensation Level: 293.36
Pres [hPa] of the Lifted Condensation Level: 939.44
   Equivalent potential temp [K] of the LCL: 345.79
     Mean mixed layer potential temperature: 298.65
              Mean mixed layer mixing ratio: 16.17
              1000 hPa to 500 hPa thickness: 5756.00
Precipitable water [mm] for entire sounding: 42.89
</PRE>
<P>Description of the 
<A HREF="/upperair/columns.html">data columns</A>
or <A HREF="/upperair/indices.html">sounding indices</A>.

<P>
<FORM>
<INPUT CLASS="button" TYPE="button" VALUE=" Close this window " 
 onClick="window.close();">
<INPUT CLASS="button" TYPE="button" VALUE=" Select another map " 
 onClick="window.blur();">
</FORM>
<HR SIZE="1">
<I>Interested in graduate studies in atmospheric science?
Check out our program at the
<a href="http://www.uwyo.edu/atsc/howtoapply/"
target=_top>University of Wyoming
</a></I>
<HR SIZE="1"><FONT SIZE="-1">
Questions about the weather data provided by this site can be
addressed to <A HREF="mailto:ldoolman@uwyo.edu">
Larry Oolman (ldoolman@uwyo.edu)</A></FONT>
<HR SIZE="1">
<SCRIPT TYPE="text/javascript">
<!--
window.focus();
// -->
</SCRIPT>
</BODY>
</HTML>
