2015-06-01 00
<HTML>
<TITLE>University of Wyoming - Radiosonde Data</TITLE>
<BODY BGCOLOR="white">
<H2>96749 WIII Jakarta Observations at 00Z 01 Jun 2015</H2>
<PRE>
-----------------------------------------------------------------------------
   PRES   HGHT   TEMP   DWPT   RELH   MIXR   DRCT   SKNT   THTA   THTE   THTV
    hPa     m      C      C      %    g/kg    deg   knot     K      K      K 
-----------------------------------------------------------------------------
 1008.0      8   26.2   24.4     90  19.53    160      4  298.7  355.8  302.1
 1000.0     78   26.0   24.0     89  19.21    145      4  299.1  355.5  302.6
  975.0    301   24.9   22.3     86  17.75    105      8  300.2  352.4  303.4
  943.0    594   23.4   20.1     81  15.96     90     12  301.6  348.8  304.5
  925.0    764   22.6   18.8     79  15.00     90     10  302.4  346.9  305.1
  911.0    896   21.7   18.4     81  14.80     95     10  302.8  346.9  305.5
  850.0   1496   17.8   16.3     91  13.91     70     12  304.8  346.5  307.3
  792.0   2097   14.6   12.2     86  11.39     40      8  307.6  342.2  309.7
  755.0   2504   12.4    9.4     82   9.90     57      9  309.4  339.9  311.3
  738.0   2695   11.6    7.0     74   8.62     65     10  310.5  337.3  312.1
  712.0   2995   10.2    3.4     62   6.89     60      8  312.3  334.0  313.6
  700.0   3137    9.6    1.6     57   6.18     65      8  313.1  332.7  314.2
  696.0   3185    9.2    1.2     57   6.03     68      8  313.1  332.4  314.3
  688.0   3280    8.2    5.8     85   8.48     75      8  313.1  339.7  314.7
  683.0   3341    9.2   -2.8     43   4.58     79      8  314.8  329.7  315.7
  663.0   3585    8.0   -4.7     40   4.10     95      8  316.2  329.6  317.0
  625.0   4071    5.6   -8.4     36   3.26     59      8  318.8  329.7  319.4
  616.0   4189    5.0  -10.1     33   2.90     50      8  319.4  329.2  320.0
  591.0   4525    3.2  -14.8     25   2.06     39      7  321.2  328.3  321.6
  572.0   4789    1.6  -11.9     36   2.70     30      6  322.3  331.5  322.8
  570.0   4817    1.4  -11.6     37   2.78     32      6  322.4  331.9  322.9
  551.0   5089    0.0  -14.0     34   2.36     55      9  323.9  332.1  324.3
  531.0   5383   -1.6  -17.5     29   1.83     80     12  325.3  331.8  325.7
  500.0   5860   -4.3  -23.3     21   1.18    110     14  327.7  332.1  328.0
  455.0   6593   -9.6  -27.2     22   0.91    130     19  330.1  333.5  330.2
  435.0   6942  -12.1  -29.1     23   0.80    116     16  331.1  334.2  331.3
  421.0   7191  -13.7  -28.8     27   0.84    105     14  332.3  335.5  332.4
  405.0   7486  -15.5  -28.5     32   0.91     82     11  333.6  337.0  333.8
  400.0   7580  -15.5  -30.5     26   0.76     75     10  334.8  337.7  334.9
  389.0   7789  -16.9  -31.2     28   0.73     65      8  335.6  338.4  335.8
  373.0   8104  -19.0  -32.2     30   0.69    155      4  336.9  339.6  337.1
  369.0   8185  -19.5  -32.5     31   0.68    155      5  337.2  339.9  337.4
  304.0   9594  -29.8  -51.2     11   0.11    150     29  342.0  342.5  342.0
  300.0   9690  -30.5  -52.5     10   0.10    150     29  342.3  342.7  342.3
  291.0   9905  -32.4  -53.6     10   0.09    150     29  342.5  342.9  342.5
  279.0  10202  -35.1  -55.1     11   0.08    150     24  342.8  343.2  342.8
  267.0  10508  -37.3  -54.5     15   0.09    150     19  343.9  344.3  343.9
  266.0  10534  -37.5  -54.5     15   0.09    152     19  344.0  344.4  344.0
  253.0  10879  -40.1  -47.1     47   0.22    183     13  345.1  346.1  345.2
  250.0  10960  -40.7                         190     12  345.4         345.4
  234.0  11396  -44.5                         220     12  346.3         346.3
  200.0  12430  -53.5                         230     10  347.9         347.9
  195.0  12588  -54.8                         230      8  348.4         348.4
  177.0  13190  -59.6                         235     10  350.2         350.2
  161.0  13780  -64.4                         235     14  351.8         351.8
  150.0  14220  -67.9                         265     12  352.9         352.9
  139.0  14668  -71.2                         280     16  354.9         354.9
  132.0  14971  -73.4                         290     16  356.2         356.2
  123.0  15386  -76.5                         261     17  357.9         357.9
  107.0  16180  -80.5                         205     19  364.8         364.8
  101.0  16504  -81.5                         255      8  368.9         368.9
  100.0  16560  -81.7                         270      8  369.6         369.6
   99.0  16616  -81.9                         285      8  370.3         370.3
   96.0  16789  -81.5                         325     10  374.4         374.4
   91.0  17090  -80.8                         345     16  381.6         381.6
   89.1  17208  -80.5                         339     11  384.4         384.4
   86.0  17407  -81.1                         330      2  387.2         387.2
   82.0  17674  -81.8                          80     10  390.9         390.9
   78.6  17912  -82.5                          67     12  394.3         394.3
   73.0  18332  -78.0                          45     16  412.1         412.1
   70.0  18570  -75.5                          60     16  422.5         422.5
   69.8  18587  -75.3                          61     16  423.3         423.3
   63.0  19184  -72.5                         100     19  442.0         442.0
   61.1  19362  -71.7                          94     21  447.7         447.7
   57.0  19770  -72.1                          80     25  455.8         455.8
   54.8  20001  -72.3                          80     26  460.5         460.5
   53.7  20121  -67.7                          80     27  473.8         473.8
   51.0  20431  -66.8                          80     29  482.8         482.8
   50.0  20550  -66.5                          85     31  486.4         486.4
   47.0  20926  -65.4                         100     35  497.7         497.7
   46.2  21030  -65.1                         100     36  500.8         500.8
   38.9  22098  -56.9                          96     46  546.8         546.8
   38.0  22245  -57.2                          95     47  549.7         549.7
   33.0  23131  -59.0                          75     19  567.4         567.4
   32.0  23325  -59.5                          15      2  571.3         571.3
   30.0  23730  -60.3                         180      4  579.7         579.7
   29.0  23948  -59.1                         105     23  588.7         588.7
   27.0  24407  -56.5                          90     17  608.0         608.0
   26.0  24650  -55.2                         190      4  618.4         618.4
   25.0  24902  -53.8                         225     19  629.4         629.4
   22.2  25665  -49.5                         216     25  663.8         663.8
   22.0  25724  -49.6                         215     25  665.2         665.2
   20.0  26350  -50.9                         275     25  679.6         679.6
   19.0  26682  -51.4                         295     37  688.0         688.0
   17.0  27402  -52.5                         270     51  706.6         706.6
   16.1  27754  -53.1                         270     33  715.9         715.9
   16.0  27795  -52.7                         270     31  718.6         718.6
   15.0  28218  -48.1                         285     37  747.0         747.0
   14.4  28486  -45.3                         278     36  765.3         765.3
   13.0  29171  -44.7                         260     35  790.1         790.1
   11.0  30291  -43.7                         295     29  832.4         832.4
   10.0  30930  -43.1                         250     39  857.5         857.5
    9.0  31642  -41.5                         255     54  889.9         889.9
    8.2  32279  -37.1                         255     52  931.2         931.2
    8.0                                       255     52                     
</PRE><H3>Station information and sounding indices</H3><PRE>
                         Station identifier: WIII
                             Station number: 96749
                           Observation time: 150601/0000
                           Station latitude: -6.11
                          Station longitude: 106.65
                          Station elevation: 8.0
                            Showalter index: 0.04
                               Lifted index: -2.26
    LIFT computed using virtual temperature: -3.15
                                SWEAT index: 233.61
                                    K index: 30.40
                         Cross totals index: 20.60
                      Vertical totals index: 22.10
                        Totals totals index: 42.70
      Convective Available Potential Energy: 1256.27
             CAPE using virtual temperature: 1477.24
                      Convective Inhibition: -23.00
             CINS using virtual temperature: -13.87
                           Equilibrum Level: 151.56
 Equilibrum Level using virtual temperature: 151.52
                   Level of Free Convection: 870.54
             LFCT using virtual temperature: 886.57
                     Bulk Richardson Number: 392.53
          Bulk Richardson Number using CAPV: 461.57
  Temp [K] of the Lifted Condensation Level: 295.20
Pres [hPa] of the Lifted Condensation Level: 945.40
   Equivalent potential temp [K] of the LCL: 352.91
     Mean mixed layer potential temperature: 299.99
              Mean mixed layer mixing ratio: 18.05
              1000 hPa to 500 hPa thickness: 5782.00
Precipitable water [mm] for entire sounding: 49.46
</PRE>
<P>Description of the 
<A HREF="/upperair/columns.html">data columns</A>
or <A HREF="/upperair/indices.html">sounding indices</A>.

<P>
<FORM>
<INPUT CLASS="button" TYPE="button" VALUE=" Close this window " 
 onClick="window.close();">
<INPUT CLASS="button" TYPE="button" VALUE=" Select another map " 
 onClick="window.blur();">
</FORM>
<HR SIZE="1">
<I>Interested in graduate studies in atmospheric science?
Check out our program at the
<a href="http://www.uwyo.edu/atsc/howtoapply/"
target=_top>University of Wyoming
</a></I>
<HR SIZE="1"><FONT SIZE="-1">
Questions about the weather data provided by this site can be
addressed to <A HREF="mailto:ldoolman@uwyo.edu">
Larry Oolman (ldoolman@uwyo.edu)</A></FONT>
<HR SIZE="1">
<SCRIPT TYPE="text/javascript">
<!--
window.focus();
// -->
</SCRIPT>
</BODY>
</HTML>
