2013-06-28 00
<HTML>
<TITLE>University of Wyoming - Radiosonde Data</TITLE>
<BODY BGCOLOR="white">
<H2>96749 WIII Jakarta Observations at 00Z 28 Jun 2013</H2>
<PRE>
-----------------------------------------------------------------------------
   PRES   HGHT   TEMP   DWPT   RELH   MIXR   DRCT   SKNT   THTA   THTE   THTV
    hPa     m      C      C      %    g/kg    deg   knot     K      K      K 
-----------------------------------------------------------------------------
 1009.0      8   24.2   22.5     90  17.34    160      2  296.6  346.8  299.7
 1000.0     91   25.0   21.9     83  16.85    175      4  298.1  347.3  301.1
  989.0    189   25.8   21.3     76  16.41    196      7  299.9  348.1  302.8
  977.0    296   25.0   20.8     77  16.08    220     10  300.2  347.5  303.1
  925.0    775   21.6   18.4     82  14.62    235     10  301.4  344.6  304.0
  912.0    897   20.9   17.9     83  14.36    240     10  301.9  344.4  304.4
  850.0   1505   17.2   15.4     89  13.11    235      8  304.1  343.4  306.5
  844.0   1566   17.2   14.7     85  12.61    234      8  304.8  342.7  307.1
  821.0   1799   16.1   13.1     82  11.69    230      8  306.1  341.4  308.2
  793.0   2092   14.8   11.1     79  10.60    270     10  307.7  340.0  309.6
  712.0   3002   10.7    5.0     68   7.72    255     16  312.7  337.0  314.2
  700.0   3145   10.0    4.0     66   7.33    245     16  313.5  336.7  314.9
  665.0   3570    7.8    1.8     66   6.60    212      7  315.7  336.8  316.9
  663.0   3595    7.6    1.7     66   6.55    210      6  315.8  336.8  317.0
  639.0   3895    5.6   -0.1     67   6.00    150      6  316.8  336.2  318.0
  616.0   4193    3.6   -1.8     68   5.49    130      8  317.8  335.7  318.9
  594.0   4489    1.6   -3.5     69   5.02    120      4  318.8  335.3  319.8
  577.0   4725    0.0   -4.8     70   4.67    135      6  319.6  335.0  320.5
  572.0   4794   -0.3   -5.9     66   4.32    140      6  320.0  334.4  320.9
  551.0   5093   -1.8  -10.7     51   3.09     45      8  321.7  332.2  322.3
  550.0   5108   -1.9  -10.9     50   3.04     45      8  321.8  332.1  322.4
  519.0   5567   -4.3   -8.6     72   3.87     57      9  324.3  337.4  325.0
  500.0   5860   -6.3   -9.7     77   3.68     65     10  325.3  337.9  326.0
  491.0   6001   -7.0  -11.0     73   3.39     65     10  326.1  337.8  326.8
  473.0   6292   -8.4  -13.6     66   2.84     45     12  327.9  337.8  328.4
  448.0   6714  -10.5  -17.5     56   2.17     66     13  330.4  338.1  330.8
  437.0   6905  -11.4  -21.3     44   1.60     75     14  331.6  337.4  331.9
  422.0   7173  -12.7  -26.7     30   1.03     67     15  333.3  337.1  333.5
  400.0   7580  -15.9  -24.9     46   1.28     55     16  334.2  339.0  334.5
  389.0   7789  -17.7  -26.7     45   1.11     51     16  334.6  338.7  334.8
  373.0   8101  -19.8  -30.7     37   0.80     45     16  335.9  338.9  336.0
  357.0   8426  -21.9  -34.9     30   0.56     47     16  337.2  339.4  337.3
  343.0   8719  -24.1  -31.1     52   0.84     49     16  338.1  341.4  338.3
  300.0   9680  -31.7  -42.7     33   0.30     55     16  340.6  341.8  340.6
  291.0   9894  -33.6  -46.4     26   0.20     60     17  340.9  341.7  340.9
  285.0  10040  -34.9  -48.9     23   0.16     64     17  341.0  341.7  341.1
  267.0  10490  -38.3  -51.0     25   0.13     75     16  342.5  343.1  342.5
  258.0  10726  -40.1  -52.1     27   0.12     72     20  343.2  343.7  343.2
  250.0  10940  -41.9                          70     23  343.6         343.6
  213.0  11995  -51.1                          40     25  345.4         345.4
  200.0  12410  -54.7                          50     27  346.0         346.0
  163.0  13688  -65.5                          61     24  348.7         348.7
  150.0  14190  -68.3                          65     23  352.2         352.2
  145.0  14389  -69.2                          60     25  354.1         354.1
  131.0  14987  -71.8                          40     25  359.9         359.9
  124.0  15310  -73.2                          45     33  363.0         363.0
  119.0  15552  -74.3                          53     28  365.3         365.3
  112.0  15903  -74.2                          65     21  371.8         371.8
  106.0  16223  -74.1                         160     10  377.9         377.9
  103.0  16389  -74.1                         181     15  381.1         381.1
  101.0  16502  -74.9                         195     19  381.7         381.7
  100.0  16560  -75.3                         200     19  382.0         382.0
   91.3  17081  -79.3                         200     21  384.1         384.1
   86.0  17421  -78.9                         195     21  391.5         391.5
   78.0  17976  -78.3                         150     16  403.8         403.8
   77.8  17990  -78.3                         151     16  404.2         404.2
   74.0  18279  -75.8                         170     10  415.2         415.2
   70.0  18600  -73.1                         120     12  427.7         427.7
   67.5  18814  -71.7                          78     18  435.2         435.2
   67.0  18858  -71.5                          70     19  436.6         436.6
   63.0  19224  -69.7                          55     23  448.3         448.3
   61.0  19416  -68.7                          65     17  454.6         454.6
   60.0  19517  -67.8                          70     14  458.9         458.9
   57.0  19829  -64.8                          55     12  472.3         472.3
   55.0  20046  -62.8                         130     12  481.8         481.8
   54.9  20057  -62.7                         130     12  482.2         482.2
   52.0  20390  -64.8                         120     12  484.9         484.9
   51.3  20473  -65.3                         106     11  485.6         485.6
   50.0  20630  -63.7                          80      8  492.9         492.9
   49.0  20755  -62.5                          70      8  498.6         498.6
   47.0  21012  -60.0                         335     12  510.5         510.5
   46.9  21025  -59.9                         335     12  511.2         511.2
   43.0  21572  -58.9                         315     17  526.5         526.5
   39.0  22187  -57.8                         265     25  544.2         544.2
   35.0  22869  -56.5                         270     33  564.6         564.6
   31.0  23633  -55.1                         255     19  588.4         588.4
   30.0  23840  -54.7                         260     16  594.9         594.9
   29.3  23990  -54.5                         269     18  599.5         599.5
   28.0  24282  -52.3                         285     23  613.5         613.5
   27.0  24516  -50.5                         283     26  624.9         624.9
   24.0  25279  -50.8                         275     35  645.5         645.5
   22.0  25843  -51.0                         295     29  661.1         661.1
   20.8  26206  -51.1                         295     31  671.4         671.4
   20.0  26460  -50.5                         295     33  680.8         680.8
   18.0  27156  -49.9                         295     35  703.5         703.5
   15.0  28360  -48.9                         270     49  744.5         744.5
   14.0  28816  -48.5                         270     51  760.7         760.7
   11.0  30409  -47.1                         260     43  819.9         819.9
   10.2  30908  -46.7                         248     43  839.4         839.4
   10.0  31040  -46.9                         245     43  843.4         843.4
    9.0  31736  -48.0                         255     35  865.1         865.1
    8.7  31959  -48.3                         255     34  872.2         872.2
    8.0  32516  -47.1                         255     33  898.2         898.2
    7.0  33402  -45.1                         240     37  941.2         941.2
    6.8  33594  -44.7                                     950.8         950.8
</PRE><H3>Station information and sounding indices</H3><PRE>
                         Station identifier: WIII
                             Station number: 96749
                           Observation time: 130628/0000
                           Station latitude: -6.11
                          Station longitude: 106.65
                          Station elevation: 8.0
                            Showalter index: -0.78
                               Lifted index: -2.22
    LIFT computed using virtual temperature: -2.55
                                SWEAT index: 210.81
                                    K index: 32.90
                         Cross totals index: 21.70
                      Vertical totals index: 23.50
                        Totals totals index: 45.20
      Convective Available Potential Energy: 488.72
             CAPE using virtual temperature: 589.07
                      Convective Inhibition: -60.54
             CINS using virtual temperature: -29.77
                           Equilibrum Level: 189.62
 Equilibrum Level using virtual temperature: 188.45
                   Level of Free Convection: 660.82
             LFCT using virtual temperature: 799.51
                     Bulk Richardson Number: 420.87
          Bulk Richardson Number using CAPV: 507.29
  Temp [K] of the Lifted Condensation Level: 293.25
Pres [hPa] of the Lifted Condensation Level: 928.19
   Equivalent potential temp [K] of the LCL: 347.16
     Mean mixed layer potential temperature: 299.57
              Mean mixed layer mixing ratio: 16.25
              1000 hPa to 500 hPa thickness: 5769.00
Precipitable water [mm] for entire sounding: 52.90
</PRE>
<P>Description of the 
<A HREF="/upperair/columns.html">data columns</A>
or <A HREF="/upperair/indices.html">sounding indices</A>.

<P>
<FORM>
<INPUT CLASS="button" TYPE="button" VALUE=" Close this window " 
 onClick="window.close();">
<INPUT CLASS="button" TYPE="button" VALUE=" Select another map " 
 onClick="window.blur();">
</FORM>
<HR SIZE="1">
<I>Interested in graduate studies in atmospheric science?
Check out our program at the
<a href="http://www.uwyo.edu/atsc/howtoapply/"
target=_top>University of Wyoming
</a></I>
<HR SIZE="1"><FONT SIZE="-1">
Questions about the weather data provided by this site can be
addressed to <A HREF="mailto:ldoolman@uwyo.edu">
Larry Oolman (ldoolman@uwyo.edu)</A></FONT>
<HR SIZE="1">
<SCRIPT TYPE="text/javascript">
<!--
window.focus();
// -->
</SCRIPT>
</BODY>
</HTML>
