2015-11-20 12
<HTML>
<TITLE>University of Wyoming - Radiosonde Data</TITLE>
<BODY BGCOLOR="white">
<H2>96749 WIII Jakarta Observations at 00Z 20 Nov 2015</H2>
<PRE>
-----------------------------------------------------------------------------
   PRES   HGHT   TEMP   DWPT   RELH   MIXR   DRCT   SKNT   THTA   THTE   THTV
    hPa     m      C      C      %    g/kg    deg   knot     K      K      K 
-----------------------------------------------------------------------------
 1008.0      8   24.8   23.4     92  18.36      0      0  297.3  350.6  300.5
 1000.0     83   25.8   21.3     76  16.23    100      2  298.9  346.4  301.9
  993.0    145   26.6   21.6     74  16.66    100      3  300.4  349.4  303.3
  976.0    297   25.6   21.1     76  16.39    100      6  300.8  349.2  303.8
  943.0    600   23.5   20.0     81  15.87     55      8  301.7  348.7  304.6
  925.0    769   22.4   19.4     83  15.58     70     12  302.2  348.4  305.0
  911.0    901   21.6   18.6     83  14.99     80     14  302.8  347.3  305.5
  850.0   1502   18.2   14.7     80  12.52    100     16  305.2  342.9  307.5
  821.0   1797   16.7   13.3     81  11.86     85     19  306.6  342.6  308.8
  792.0   2103   15.1   11.9     82  11.20     80     19  308.1  342.3  310.1
  746.0   2612   12.4    9.6     83  10.16     85     16  310.5  341.9  312.4
  700.0   3144    9.8    5.2     73   7.98     90     12  313.3  338.4  314.8
  687.0   3299    8.8    3.4     69   7.17     95     10  313.9  336.6  315.2
  662.0   3606    6.8   -0.1     62   5.77    115     10  314.9  333.4  316.0
  660.0   3631    6.6   -0.4     61   5.66    115     10  315.0  333.2  316.1
  615.0   4207    3.6   -1.4     70   5.65    110      8  318.0  336.3  319.1
  598.0   4435    2.4   -1.8     74   5.64    106      6  319.1  337.6  320.2
  571.0   4807    0.3   -5.5     65   4.49    100      4  320.9  335.9  321.8
  567.0   4864    0.0   -6.0     64   4.33    108      4  321.2  335.7  322.1
  550.0   5105   -1.6   -6.2     71   4.38    145      2  322.1  336.8  323.0
  530.0   5399   -3.5   -6.5     80   4.45    280      2  323.2  338.1  324.1
  510.0   5703   -5.6   -6.9     91   4.51    340      6  324.4  339.5  325.2
  501.0   5844   -6.5   -7.0     96   4.54    322      6  324.9  340.2  325.8
  500.0   5860   -6.1   -7.5     90   4.38    320      6  325.5  340.4  326.4
  481.0   6164   -5.9  -13.9     53   2.73    286      6  329.4  339.0  329.9
  472.0   6310   -6.7  -14.6     53   2.62    270      6  330.1  339.4  330.7
  437.0   6906  -10.2  -17.6     54   2.20    250      8  333.2  341.1  333.6
  400.0   7590  -14.1  -21.1     55   1.79    285     12  336.6  343.2  336.9
  389.0   7800  -15.6  -22.6     55   1.62    290     14  337.4  343.4  337.7
  362.0   8340  -19.3  -26.3     54   1.24    286     10  339.4  344.1  339.6
  359.0   8401  -19.7  -27.1     52   1.16    285     10  339.6  344.1  339.9
  345.0   8694  -21.7  -31.0     43   0.84    250     12  340.9  344.1  341.0
  331.0   8999  -23.7  -35.1     34   0.59    245     12  342.1  344.5  342.2
  327.0   9088  -24.3  -36.3     32   0.53    249     12  342.5  344.6  342.6
  304.0   9615  -28.5  -36.5     46   0.56    275     12  343.8  346.0  343.9
  300.0   9710  -29.3  -38.3     41   0.47    280     12  344.0  345.9  344.1
  292.0   9900  -30.8  -39.6     42   0.42    280     12  344.4  346.2  344.5
  280.0  10196  -33.2  -41.5     43   0.36    290     10  345.1  346.6  345.2
  272.0  10400  -34.9  -42.9     44   0.32    307     11  345.6  346.9  345.7
  257.0  10791  -38.4  -42.9     63   0.34    340     12  346.1  347.5  346.1
  255.0  10845  -38.9  -42.9     66   0.34    340     12  346.1  347.6  346.2
  250.0  10980  -39.9  -45.9     53   0.25    340     12  346.6  347.7  346.7
  249.0  11007  -40.1  -46.1     53   0.25    339     12  346.7  347.8  346.8
  225.0  11684  -45.7                         315      8  348.2         348.2
  200.0  12470  -52.3                          65      2  349.8         349.8
  196.0  12596  -53.4                          90      2  350.1         350.1
  187.0  12888  -55.9                         190      6  350.7         350.7
  178.0  13195  -58.6                         200     10  351.3         351.3
  162.0  13781  -63.7                         180     10  352.3         352.3
  150.0  14260  -67.9                         205      6  352.9         352.9
  146.0  14418  -69.0                         210      4  353.7         353.7
  132.0  15006  -73.3                         345      4  356.4         356.4
  119.0  15612  -77.7                          15     14  359.1         359.1
  114.0  15862  -79.5                           5     11  360.1         360.1
  107.0  16219  -80.8                         350      6  364.3         364.3
  100.0  16600  -82.1                         290     10  368.9         368.9
   96.0  16826  -83.3                         265     12  370.9         370.9
   94.6  16907  -83.7                         265     12  371.6         371.6
   91.0  17126  -80.3                         265     12  382.6         382.6
   87.0  17379  -76.3                         160     12  395.5         395.5
   86.4  17418  -75.7                         155     12  397.5         397.5
   82.0  17719  -75.6                         115     16  403.6         403.6
   78.0  18006  -75.6                          40     12  409.5         409.5
   74.2  18294  -75.5                         348      3  415.6         415.6
   74.0  18309  -75.4                         345      2  416.0         416.0
   70.0  18630  -74.1                         270      8  425.5         425.5
   67.0  18888  -73.1                         320      4  433.0         433.0
   64.0  19159  -72.1                         325     12  440.9         440.9
   57.0  19842  -69.5                         275     12  461.6         461.6
   56.4  19904  -69.3                         276     12  463.5         463.5
   52.5  20330  -71.3                         279     12  468.5         468.5
   52.0  20387  -70.9                         280     12  470.7         470.7
   50.0  20620  -69.3                         305     16  479.8         479.8
   49.0  20744  -68.2                         315     17  485.2         485.2
   47.0  20998  -65.8                         330     23  496.7         496.7
   45.0  21264  -63.4                         315     27  508.9         508.9
   43.0  21542  -60.8                         285     16  521.8         521.8
   41.3  21789  -58.5                         238     17  533.5         533.5
   41.0  21835  -58.5                         230     17  534.7         534.7
   35.0  22830  -57.9                         185     25  561.0         561.0
   30.0  23800  -57.3                         240     14  587.8         587.8
   28.0  24234  -57.9                         250     23  597.8         597.8
   24.1  25176  -59.3                         235     16  620.0         620.0
   24.0  25203  -59.0                         235     16  621.6         621.6
   23.0  25471  -55.9                         245     19  638.2         638.2
   22.8  25527  -55.3                         243     18  641.7         641.7
   20.8  26110  -56.5                         220     13  655.1         655.1
   20.0  26360  -54.1                         210     10  669.8         669.8
   19.0  26695  -52.9                         210      8  683.6         683.6
   18.0  27049  -51.5                         250      6  698.3         698.3
   16.0  27820  -48.7                         255     16  731.5         731.5
   14.0  28693  -45.5                         205     16  770.9         770.9
   13.9  28740  -45.3                                     773.1         773.1
</PRE><H3>Station information and sounding indices</H3><PRE>
                         Station identifier: WIII
                             Station number: 96749
                           Observation time: 151120/0000
                           Station latitude: -6.11
                          Station longitude: 106.65
                          Station elevation: 8.0
                            Showalter index: -0.38
                               Lifted index: -2.62
    LIFT computed using virtual temperature: -2.88
                                SWEAT index: 214.41
                                    K index: 34.40
                         Cross totals index: 20.80
                      Vertical totals index: 24.30
                        Totals totals index: 45.10
      Convective Available Potential Energy: 258.91
             CAPE using virtual temperature: 363.68
                      Convective Inhibition: -61.77
             CINS using virtual temperature: -43.97
                           Equilibrum Level: 244.27
 Equilibrum Level using virtual temperature: 243.29
                   Level of Free Convection: 760.82
             LFCT using virtual temperature: 802.16
                     Bulk Richardson Number: 72.46
          Bulk Richardson Number using CAPV: 101.78
  Temp [K] of the Lifted Condensation Level: 293.36
Pres [hPa] of the Lifted Condensation Level: 921.27
   Equivalent potential temp [K] of the LCL: 348.79
     Mean mixed layer potential temperature: 300.33
              Mean mixed layer mixing ratio: 16.49
              1000 hPa to 500 hPa thickness: 5777.00
Precipitable water [mm] for entire sounding: 55.50
</PRE>
<P>Description of the 
<A HREF="/upperair/columns.html">data columns</A>
or <A HREF="/upperair/indices.html">sounding indices</A>.

<P>
<FORM>
<INPUT CLASS="button" TYPE="button" VALUE=" Close this window " 
 onClick="window.close();">
<INPUT CLASS="button" TYPE="button" VALUE=" Select another map " 
 onClick="window.blur();">
</FORM>
<HR SIZE="1">
<I>Interested in graduate studies in atmospheric science?
Check out our program at the
<a href="http://www.uwyo.edu/atsc/howtoapply/"
target=_top>University of Wyoming
</a></I>
<HR SIZE="1"><FONT SIZE="-1">
Questions about the weather data provided by this site can be
addressed to <A HREF="mailto:ldoolman@uwyo.edu">
Larry Oolman (ldoolman@uwyo.edu)</A></FONT>
<HR SIZE="1">
<SCRIPT TYPE="text/javascript">
<!--
window.focus();
// -->
</SCRIPT>
</BODY>
</HTML>
