2015-09-18 12
<HTML>
<TITLE>University of Wyoming - Radiosonde Data</TITLE>
<BODY BGCOLOR="white">
<H2>96749 WIII Jakarta Observations at 00Z 18 Sep 2015</H2>
<PRE>
-----------------------------------------------------------------------------
   PRES   HGHT   TEMP   DWPT   RELH   MIXR   DRCT   SKNT   THTA   THTE   THTV
    hPa     m      C      C      %    g/kg    deg   knot     K      K      K 
-----------------------------------------------------------------------------
 1012.0      8   26.2   21.9     77  16.65    130      5  298.3  346.9  301.3
 1000.0    116   25.8   22.5     82  17.50    115      8  298.9  350.2  302.1
  979.0    302   24.7   21.4     82  16.73     95     14  299.7  348.8  302.7
  925.0    801   21.8   18.6     82  14.80     95     21  301.6  345.4  304.3
  850.0   1531   16.6   15.5     93  13.20     85     21  303.5  342.9  305.9
  836.0   1673   16.2   14.6     90  12.65     82     18  304.5  342.5  306.9
  824.0   1797   17.7    3.8     40   6.14     80     16  307.4  326.5  308.6
  822.0   1817   18.0    2.0     34   5.41     78     16  307.9  324.9  308.9
  795.0   2102   17.0   -3.5     24   3.73     50     12  309.8  321.8  310.5
  758.0   2508   15.6  -11.4     14   2.12     54      8  312.5  319.6  312.9
  733.0   2791   13.0    4.0     54   7.00     58      4  312.7  334.8  314.0
  726.0   2872   13.4  -10.6     18   2.36     59      3  314.0  321.9  314.4
  715.0   2999   12.3   -7.5     24   3.06     60      2  314.2  324.3  314.8
  700.0   3177   10.8   -3.2     37   4.34     80      4  314.4  328.5  315.2
  690.0   3296    9.7   -3.2     40   4.39     95      4  314.5  328.8  315.4
  665.0   3600    7.0   -3.4     48   4.52    100     10  314.7  329.4  315.6
  653.0   3751    5.6   -3.4     52   4.58     88      9  314.9  329.7  315.7
  641.0   3901    4.8   -3.0     57   4.82     75      8  315.6  331.3  316.6
  618.0   4199    3.3   -2.1     67   5.32    355      2  317.2  334.6  318.3
  604.0   4385    2.4   -1.6     75   5.67    325      6  318.2  336.7  319.3
  595.0   4506    1.9   -3.5     68   5.00    305      8  319.0  335.4  319.9
  574.0   4795    0.6   -8.0     53   3.66    325      6  320.8  333.1  321.5
  565.0   4922    0.0  -10.0     47   3.18    353      5  321.6  332.3  322.2
  556.0   5051   -0.3  -19.3     22   1.50     22      4  322.7  328.0  323.0
  553.0   5094   -0.5  -13.5     37   2.45     32      4  322.9  331.4  323.4
  552.0   5108   -0.6  -14.3     35   2.30     35      4  323.0  331.0  323.4
  530.0   5432   -2.5  -32.5      8   0.47     13      5  324.5  326.3  324.6
  512.0   5703   -4.9  -23.6     22   1.12    355      6  324.8  328.9  325.1
  500.0   5890   -6.5  -17.5     41   1.95    330      6  325.1  331.9  325.4
  493.0   5998   -7.4  -17.5     44   1.97    320      6  325.3  332.2  325.6
  474.0   6300   -9.9  -17.5     54   2.05      0      6  325.8  333.1  326.2
  439.0   6890  -14.8  -17.5     80   2.22     25     10  326.8  334.6  327.3
  421.0   7212  -17.5  -17.5    100   2.31     54     13  327.3  335.5  327.8
  415.0   7320  -14.1  -27.1     32   1.01     63     14  333.1  336.8  333.3
  405.0   7506  -14.9  -30.6     25   0.75     80     16  334.4  337.2  334.5
  400.0   7600  -15.3  -32.3     22   0.64     80     14  335.0  337.5  335.1
  359.0   8405  -19.9  -41.4     13   0.28     70     21  339.3  340.5  339.4
  346.0   8679  -21.5  -44.5     11   0.21     75     20  340.8  341.7  340.8
  331.0   9002  -24.2  -40.1     22   0.35     80     19  341.4  342.9  341.5
  321.0   9225  -26.1  -37.1     35   0.50     74     20  341.8  343.8  341.9
  315.0   9361  -26.9  -47.9     12   0.16     70     20  342.5  343.2  342.6
  300.0   9710  -29.9  -41.9     30   0.32     60     21  343.1  344.5  343.2
  268.0  10498  -37.0  -42.1     59   0.35     25     19  344.1  345.5  344.1
  255.0  10845  -40.1  -42.2     80   0.37     29     26  344.4  345.9  344.4
  250.0  10980  -41.1                          30     29  344.8         344.8
  225.0  11679  -46.8                          20     39  346.7         346.7
  214.0  12011  -49.5                          15     39  347.5         347.5
  205.0  12296  -51.8                          10     39  348.2         348.2
  200.0  12460  -53.1                          10     39  348.5         348.5
  196.0  12585  -54.2                          10     39  348.8         348.8
  187.0  12876  -56.8                           5     39  349.2         349.2
  153.0  14117  -68.0                          15     31  350.8         350.8
  150.0  14240  -69.1                          20     29  350.9         350.9
  124.0  15359  -76.3                         106     29  357.4         357.4
  119.0  15596  -76.9                         125     29  360.6         360.6
  113.0  15894  -77.6                         120     23  364.6         364.6
  112.0  15945  -77.7                         120     21  365.3         365.3
  107.0  16209  -76.3                         150     14  372.7         372.7
  102.0  16485  -74.9                         135     10  380.6         380.6
  100.0  16600  -75.1                          80      8  382.4         382.4
   96.0  16836  -75.0                         315      4  387.0         387.0
   87.0  17404  -74.8                         345      2  398.5         398.5
   82.0  17746  -74.7                          25     10  405.6         405.6
   78.0  18035  -74.5                          90     12  411.7         411.7
   71.0  18578  -74.3                          90     19  423.3         423.3
   70.0  18660  -74.3                          90     19  425.1         425.1
   68.1  18821  -73.7                          76     17  429.8         429.8
   64.0  19193  -69.9                          45     14  445.8         445.8
   61.0  19480  -67.0                         210      6  458.5         458.5
   58.4  19741  -64.3                         215      8  470.2         470.2
   52.0  20458  -61.9                         230     14  491.6         491.6
   50.0  20700  -61.1                         210     12  499.1         499.1
   48.0  20955  -60.7                         240     12  505.8         505.8
   42.9  21655  -59.7                         265     28  524.8         524.8
   41.0  21938  -59.7                         275     35  531.7         531.7
   36.0  22752  -59.7                         250     27  551.8         551.8
   34.0  23110  -59.7                         270     19  560.9         560.9
   33.8  23147  -59.7                         269     19  561.8         561.8
   32.0  23492  -57.8                         260     16  575.8         575.8
   30.0  23900  -55.5                         300     17  592.7         592.7
   29.0  24118  -54.8                         310     21  600.5         600.5
   25.0  25074  -51.6                         310     21  635.6         635.6
   24.2  25283  -50.9                         303     23  643.6         643.6
   20.0  26510  -55.5                         260     35  665.5         665.5
   19.7  26606  -55.9                         265     33  667.2         667.2
   18.0  27187  -54.5                         225     17  689.0         689.0
   15.0  28359  -51.7                         245      8  735.0         735.0
   14.2  28712  -50.9                                     749.5         749.5
</PRE><H3>Station information and sounding indices</H3><PRE>
                         Station identifier: WIII
                             Station number: 96749
                           Observation time: 150918/0000
                           Station latitude: -6.11
                          Station longitude: 106.65
                          Station elevation: 8.0
                            Showalter index: -0.79
                               Lifted index: -2.95
    LIFT computed using virtual temperature: -3.60
                                SWEAT index: 234.00
                                    K index: 24.60
                         Cross totals index: 22.00
                      Vertical totals index: 23.10
                        Totals totals index: 45.10
      Convective Available Potential Energy: 567.38
             CAPE using virtual temperature: 708.09
                      Convective Inhibition: -26.04
             CINS using virtual temperature: -19.42
                           Equilibrum Level: 209.26
 Equilibrum Level using virtual temperature: 209.21
                   Level of Free Convection: 873.24
             LFCT using virtual temperature: 883.06
                     Bulk Richardson Number: 173.46
          Bulk Richardson Number using CAPV: 216.48
  Temp [K] of the Lifted Condensation Level: 293.90
Pres [hPa] of the Lifted Condensation Level: 936.54
   Equivalent potential temp [K] of the LCL: 348.61
     Mean mixed layer potential temperature: 299.48
              Mean mixed layer mixing ratio: 16.78
              1000 hPa to 500 hPa thickness: 5774.00
Precipitable water [mm] for entire sounding: 42.81
</PRE>
<P>Description of the 
<A HREF="/upperair/columns.html">data columns</A>
or <A HREF="/upperair/indices.html">sounding indices</A>.

<P>
<FORM>
<INPUT CLASS="button" TYPE="button" VALUE=" Close this window " 
 onClick="window.close();">
<INPUT CLASS="button" TYPE="button" VALUE=" Select another map " 
 onClick="window.blur();">
</FORM>
<HR SIZE="1">
<I>Interested in graduate studies in atmospheric science?
Check out our program at the
<a href="http://www.uwyo.edu/atsc/howtoapply/"
target=_top>University of Wyoming
</a></I>
<HR SIZE="1"><FONT SIZE="-1">
Questions about the weather data provided by this site can be
addressed to <A HREF="mailto:ldoolman@uwyo.edu">
Larry Oolman (ldoolman@uwyo.edu)</A></FONT>
<HR SIZE="1">
<SCRIPT TYPE="text/javascript">
<!--
window.focus();
// -->
</SCRIPT>
</BODY>
</HTML>
