2014-11-22 12
<HTML>
<TITLE>University of Wyoming - Radiosonde Data</TITLE>
<BODY BGCOLOR="white">
<H2>96749 WIII Jakarta Observations at 00Z 22 Nov 2014</H2>
<PRE>
-----------------------------------------------------------------------------
   PRES   HGHT   TEMP   DWPT   RELH   MIXR   DRCT   SKNT   THTA   THTE   THTV
    hPa     m      C      C      %    g/kg    deg   knot     K      K      K 
-----------------------------------------------------------------------------
 1009.0      8   24.0   22.6     92  17.45    200      2  296.4  346.9  299.5
 1007.0     26   26.0   21.7     77  16.53    197      2  298.6  346.8  301.5
 1000.0     88   26.0   21.9     78  16.85    185      2  299.1  348.5  302.2
  988.0    195   26.4   23.3     83  18.62    168      3  300.6  355.5  303.9
  976.0    302   25.8   22.4     81  17.78    150      4  301.0  353.5  304.2
  944.0    596   24.2   19.8     76  15.63    100      6  302.3  348.7  305.1
  925.0    775   23.2   18.2     73  14.43     95      8  303.0  346.0  305.6
  911.0    907   22.4   17.0     72  13.57     95      8  303.5  344.0  306.0
  850.0   1509   18.6   11.6     64  10.19     80     10  305.6  336.5  307.5
  793.0   2101   15.3   10.2     72   9.96     75     14  308.2  338.8  310.1
  784.0   2198   14.8   10.0     73   9.93     74     14  308.7  339.2  310.5
  700.0   3150   10.4    3.4     62   7.03     60     14  314.0  336.3  315.3
  663.0   3599    7.6    2.4     70   6.92     45      8  315.7  337.8  317.0
  651.0   3751    6.6    2.1     73   6.89     40      8  316.2  338.3  317.6
  639.0   3903    5.6    1.3     74   6.61     35      8  316.8  338.0  318.0
  628.0   4045    4.6    0.5     75   6.36     40      7  317.2  337.7  318.4
  616.0   4202    4.1   -8.4     40   3.32     45      6  318.4  329.5  319.1
  604.0   4362    3.6  -17.4     20   1.62     58      7  319.6  325.3  319.9
  593.0   4510    2.7  -18.3     20   1.53     70      8  320.3  325.7  320.6
  582.0   4662    1.8  -19.2     19   1.45     70      8  320.9  326.1  321.2
  575.0   4759    1.4  -15.6     27   1.98     70      9  321.6  328.5  322.0
  555.0   5043    0.0  -15.0     31   2.16     70      9  323.2  330.7  323.6
  531.0   5393   -2.2  -21.8     21   1.26     70     10  324.7  329.3  325.0
  500.0   5870   -5.1  -31.1     11   0.57     75     12  326.8  328.9  326.9
  492.0   5996   -6.0  -30.7     12   0.61     70     12  327.1  329.4  327.3
  473.0   6304   -8.3  -29.6     16   0.70     90     10  328.1  330.7  328.2
  471.0   6337   -8.5  -29.5     17   0.71     89     10  328.2  330.9  328.3
  404.0   7515  -15.1  -41.1      9   0.26     43     14  334.3  335.4  334.4
  403.0   7533  -15.1  -27.1     35   1.04     42     14  334.6  338.5  334.8
  400.0   7590  -15.3  -33.3     20   0.58     40     14  335.0  337.3  335.1
  392.0   7743  -15.9  -41.9      9   0.25     36     15  336.2  337.2  336.2
  383.0   7918  -16.7  -37.7     14   0.39     31     15  337.4  338.9  337.4
  379.0   7996  -17.5  -26.5     45   1.16     28     16  337.3  341.7  337.6
  373.0   8116  -18.3  -29.8     36   0.87     25     16  337.8  341.1  338.0
  360.0   8380  -20.1  -37.1     20   0.44     34     15  338.8  340.6  338.9
  339.0   8824  -22.7  -50.7      6   0.11     48     13  341.1  341.6  341.2
  330.0   9021  -24.2  -41.9     18   0.29     55     12  341.7  342.9  341.8
  320.0   9245  -25.9  -31.9     57   0.83     40     10  342.4  345.7  342.6
  317.0   9313  -26.4  -33.2     53   0.74     35     10  342.6  345.5  342.8
  305.0   9592  -28.5  -38.5     38   0.45     40      8  343.5  345.3  343.6
  304.0   9615  -28.7  -38.7     38   0.44     40      8  343.5  345.3  343.6
  300.0   9710  -29.5  -39.5     37   0.41     45      8  343.7  345.4  343.8
  279.0  10216  -33.7  -41.2     47   0.37     75     12  344.8  346.4  344.9
  256.0  10815  -38.7  -43.1     63   0.33     35     12  346.0  347.4  346.1
  250.0  10980  -40.1  -43.7     68   0.32     45     10  346.3  347.6  346.4
  245.0  11114  -41.2                          50      8  346.6         346.6
  224.0  11708  -46.2                         115      6  348.0         348.0
  200.0  12460  -52.5                         100     10  349.5         349.5
  195.0  12618  -53.9                         100     12  349.8         349.8
  178.0  13185  -58.8                         135      6  350.9         350.9
  169.0  13508  -61.6                         185      4  351.5         351.5
  161.0  13810  -64.3                         195      8  352.0         352.0
  150.0  14250  -68.1                         170      6  352.6         352.6
  146.0  14405  -69.3                         160      2  353.3         353.3
  132.0  14981  -73.6                          95      8  355.9         355.9
  119.0  15575  -78.0                          80     12  358.4         358.4
  106.0  16237  -83.0                         100     17  361.1         361.1
  101.0  16513  -85.1                          95     21  362.1         362.1
  100.0  16570  -85.5                          95     21  362.3         362.3
   96.0  16798  -84.4                          90     19  368.7         368.7
   91.0  17097  -82.9                          20     14  377.3         377.3
   81.0  17747  -79.8                         320      4  396.5         396.5
   77.0  18030  -78.4                          10     10  405.2         405.2
   76.2  18089  -78.1                         352      9  407.0         407.0
   73.0  18332  -78.9                         280      6  410.3         410.3
   70.0  18570  -79.7                         190     10  413.6         413.6
   69.0  18652  -79.6                         165     12  415.4         415.4
   67.2  18802  -79.5                         124     12  418.9         418.9
   62.0  19272  -75.8                           0     12  436.8         436.8
   59.0  19562  -73.5                          25      6  448.1         448.1
   56.0  19867  -71.1                          80      6  460.3         460.3
   53.8  20101  -69.3                          73     10  469.8         469.8
   50.0  20540  -68.7                          60     17  481.2         481.2
   49.0  20662  -68.6                          60     23  484.3         484.3
   40.6  21795  -67.3                          86     39  514.2         514.2
   38.0  22205  -65.0                          95     45  529.8         529.8
   30.0  23670  -56.9                          95     64  588.9         588.9
   29.4  23798  -56.3                          94     64  594.0         594.0
   25.0  24826  -56.2                          85     64  622.4         622.4
   20.0  26240  -56.1                          85     68  663.7         663.7
   19.9  26272  -56.1                          85     68  664.7         664.7
   15.4  27947  -50.4                          90     76  734.0         734.0
   15.0  28119  -49.8                          90     76  741.5         741.5
   12.0  29577  -44.8                         105     64  807.8         807.8
   11.4  29912  -43.7                                     823.9         823.9
</PRE><H3>Station information and sounding indices</H3><PRE>
                         Station identifier: WIII
                             Station number: 96749
                           Observation time: 141122/0000
                           Station latitude: -6.11
                          Station longitude: 106.65
                          Station elevation: 8.0
                            Showalter index: 3.27
                               Lifted index: -2.61
    LIFT computed using virtual temperature: -3.57
                                SWEAT index: 171.21
                                    K index: 28.30
                         Cross totals index: 16.70
                      Vertical totals index: 23.70
                        Totals totals index: 40.40
      Convective Available Potential Energy: 777.81
             CAPE using virtual temperature: 985.03
                      Convective Inhibition: -55.42
             CINS using virtual temperature: -30.87
                           Equilibrum Level: 172.50
 Equilibrum Level using virtual temperature: 172.48
                   Level of Free Convection: 805.54
             LFCT using virtual temperature: 862.28
                     Bulk Richardson Number: 77.07
          Bulk Richardson Number using CAPV: 97.60
  Temp [K] of the Lifted Condensation Level: 294.34
Pres [hPa] of the Lifted Condensation Level: 930.14
   Equivalent potential temp [K] of the LCL: 351.60
     Mean mixed layer potential temperature: 300.51
              Mean mixed layer mixing ratio: 17.39
              1000 hPa to 500 hPa thickness: 5782.00
Precipitable water [mm] for entire sounding: 46.48
</PRE>
<P>Description of the 
<A HREF="/upperair/columns.html">data columns</A>
or <A HREF="/upperair/indices.html">sounding indices</A>.

<P>
<FORM>
<INPUT CLASS="button" TYPE="button" VALUE=" Close this window " 
 onClick="window.close();">
<INPUT CLASS="button" TYPE="button" VALUE=" Select another map " 
 onClick="window.blur();">
</FORM>
<HR SIZE="1">
<I>Interested in graduate studies in atmospheric science?
Check out our program at the
<a href="http://www.uwyo.edu/atsc/howtoapply/"
target=_top>University of Wyoming
</a></I>
<HR SIZE="1"><FONT SIZE="-1">
Questions about the weather data provided by this site can be
addressed to <A HREF="mailto:ldoolman@uwyo.edu">
Larry Oolman (ldoolman@uwyo.edu)</A></FONT>
<HR SIZE="1">
<SCRIPT TYPE="text/javascript">
<!--
window.focus();
// -->
</SCRIPT>
</BODY>
</HTML>
