2014-02-05 00
<HTML>
<TITLE>University of Wyoming - Radiosonde Data</TITLE>
<BODY BGCOLOR="white">
<H2>96749 WIII Jakarta Observations at 00Z 05 Feb 2014</H2>
<PRE>
-----------------------------------------------------------------------------
   PRES   HGHT   TEMP   DWPT   RELH   MIXR   DRCT   SKNT   THTA   THTE   THTV
    hPa     m      C      C      %    g/kg    deg   knot     K      K      K 
-----------------------------------------------------------------------------
 1006.0      8   25.0   24.1     95  19.21    185      6  297.6  353.6  301.1
 1000.0     58   24.8   23.6     93  18.74    200      6  297.9  352.6  301.3
  973.0    298   23.5   22.5     94  18.01    275      4  298.9  351.6  302.2
  940.0    601   21.8   21.1     96  17.12    315     10  300.2  350.5  303.3
  925.0    742   21.0   20.5     97  16.71    310     12  300.8  350.0  303.8
  908.0    902   20.3   19.5     95  15.95    300     14  301.7  348.9  304.6
  850.0   1473   18.0   15.8     87  13.46    285     17  305.0  345.4  307.4
  843.0   1544   17.6   15.4     87  13.22    284     16  305.3  345.1  307.7
  790.0   2094   14.8   12.8     88  11.92    280     12  308.0  344.3  310.2
  717.0   2915   10.6    9.0     90  10.15    276     15  312.0  343.6  313.9
  700.0   3115   10.8    6.2     73   8.57    275     16  314.4  341.4  316.0
  698.0   3139   10.8    4.8     66   7.79    274     16  314.7  339.3  316.1
  685.0   3293    9.8    4.2     68   7.58    270     16  315.3  339.4  316.7
  614.0   4192    4.2    0.4     76   6.46    270     16  318.8  339.8  320.1
  584.0   4603    1.6   -1.3     81   5.99    268     14  320.4  340.0  321.6
  565.0   4869    0.0   -2.9     81   5.50    266     13  321.6  339.7  322.6
  549.0   5097   -1.2   -3.7     83   5.33    265     12  322.7  340.4  323.8
  500.0   5840   -5.3   -6.3     93   4.80    295     14  326.5  342.8  327.5
  471.0   6304   -7.9   -9.2     90   4.06    310     19  328.9  342.9  329.7
  454.0   6589   -9.5  -11.0     89   3.65    310     17  330.3  343.0  331.1
  436.0   6903  -11.3  -13.0     87   3.24    340     18  331.9  343.3  332.6
  435.0   6920  -11.1  -15.7     69   2.60    342     18  332.4  341.7  332.9
  419.0   7206  -13.1  -20.7     53   1.77     10     19  333.5  340.0  333.8
  417.0   7243  -13.3  -21.3     51   1.68      8     18  333.6  339.8  334.0
  416.0   7261  -12.3  -18.3     61   2.19      7     17  335.1  343.1  335.6
  413.0   7316  -11.9  -22.9     40   1.48      4     16  336.3  341.9  336.6
  403.0   7503  -13.1  -23.4     42   1.45    355     10  337.1  342.6  337.4
  400.0   7560  -13.5  -23.5     43   1.45    345      8  337.4  342.8  337.6
  377.0   8008  -16.5  -25.5     46   1.28    276      5  339.1  344.0  339.4
  372.0   8108  -17.4  -25.1     51   1.35    260      4  339.3  344.4  339.5
  358.0   8394  -19.9  -23.9     71   1.56    235      4  339.6  345.5  339.9
  355.0   8457  -20.5  -23.6     76   1.61    234      4  339.6  345.7  340.0
  335.0   8884  -23.5  -31.5     48   0.82    227      7  341.2  344.4  341.4
  330.0   8992  -24.4  -32.0     50   0.80    225      8  341.4  344.5  341.5
  316.0   9305  -27.2  -33.4     56   0.73    245     10  341.8  344.7  342.0
  300.0   9680  -30.5  -35.1     64   0.65    235      8  342.3  344.9  342.4
  279.0  10183  -34.9  -38.4     70   0.50    225     16  343.1  345.1  343.2
  256.0  10779  -40.1  -42.3     79   0.36    182     16  344.0  345.5  344.1
  255.0  10806  -40.3                         180     16  344.1         344.1
  250.0  10940  -41.1                         180     17  344.8         344.8
  234.0  11379  -44.5                         190     21  346.2         346.2
  204.0  12289  -51.7                         175     10  348.8         348.8
  200.0  12420  -52.7                         150      8  349.1         349.1
  195.0  12579  -54.2                         120      4  349.2         349.2
  186.0  12877  -57.1                         105      6  349.4         349.4
  177.0  13189  -60.1                         120     10  349.4         349.4
  163.0  13707  -65.1                          89     17  349.4         349.4
  153.0  14090  -68.5                          65     23  350.0         350.0
  150.0  14210  -69.5                          70     25  350.2         350.2
  138.0  14694  -72.6                          90     45  353.2         353.2
  125.0  15269  -76.3                          60     58  356.6         356.6
  114.0  15803  -79.7                          56     47  359.8         359.8
  112.0  15904  -78.4                          55     45  364.0         364.0
  110.0  16007  -77.1                          50     37  368.3         368.3
  106.0  16218  -78.0                          40     21  370.6         370.6
  100.0  16550  -79.3                         335     10  374.3         374.3
   96.0  16778  -81.2                         295      2  374.9         374.9
   91.0  17078  -83.7                         180     10  375.7         375.7
   89.9  17146  -84.3                         175     10  375.9         375.9
   86.0  17393  -81.3                         155      6  386.8         386.8
   84.8  17471  -80.3                         137      7  390.3         390.3
   81.0  17729  -80.7                          80     10  394.5         394.5
   74.9  18169  -81.5                          76     10  401.9         401.9
   73.0  18314  -80.8                          75     10  406.3         406.3
   70.2  18534  -79.7                          28      6  413.2         413.2
   70.0  18550  -78.7                          25      6  415.7         415.7
   69.2  18616  -75.3                          12      6  424.4         424.4
   66.0  18893  -73.5                         320      8  434.0         434.0
   63.0  19165  -71.8                         315     10  443.6         443.6
   59.0  19548  -69.4                         355      8  457.5         457.5
   58.9  19558  -69.3                         353      8  457.8         457.8
   57.0  19753  -69.3                         315     10  462.1         462.1
   51.0  20413  -69.5                         320     21  476.6         476.6
   50.0  20530  -69.5                         315     19  479.3         479.3
   48.4  20724  -69.5                         310     17  483.8         483.8
   40.0  21888  -65.7                         280      8  520.3         520.3
   38.0  22201  -64.7                         210      6  530.5         530.5
   36.0  22531  -63.7                         290      8  541.5         541.5
   33.0  23062  -62.0                         255     21  559.7         559.7
   31.6  23326  -61.1                         244     18  569.0         569.0
   30.0  23650  -61.1                         230     14  577.5         577.5
   27.0  24305  -60.9                           5      2  595.6         595.6
   26.0  24539  -60.9                          25      8  602.2         602.2
   23.2  25247  -60.7                          30      8  622.7         622.7
   23.0  25302  -60.4                          30      8  625.0         625.0
   22.0  25581  -59.1                          55      8  636.9         636.9
   21.0  25873  -57.8                         100     17  649.6         649.6
   20.0  26180  -56.3                          90     27  663.1         663.1
   18.0  26858  -54.6                          80     25  688.7         688.7
   17.0  27225  -53.7                          55     21  702.9         702.9
   16.0  27615  -52.7                          65     16  718.4         718.4
   15.0  28030  -51.7                          95     19  735.1         735.1
   14.0  28474  -50.6                         100     49  753.5         753.5
   13.9  28520  -50.5                                     755.4         755.4
</PRE><H3>Station information and sounding indices</H3><PRE>
                         Station identifier: WIII
                             Station number: 96749
                           Observation time: 140205/0000
                           Station latitude: -6.11
                          Station longitude: 106.65
                          Station elevation: 8.0
                            Showalter index: -0.56
                               Lifted index: -2.87
    LIFT computed using virtual temperature: -3.15
                                SWEAT index: 237.60
                                    K index: 34.50
                         Cross totals index: 21.10
                      Vertical totals index: 23.30
                        Totals totals index: 44.40
      Convective Available Potential Energy: 965.39
             CAPE using virtual temperature: 1082.62
                      Convective Inhibition: -1.13
             CINS using virtual temperature: -0.61
                           Equilibrum Level: 143.71
 Equilibrum Level using virtual temperature: 143.61
                   Level of Free Convection: 927.74
             LFCT using virtual temperature: 934.32
                     Bulk Richardson Number: 81.84
          Bulk Richardson Number using CAPV: 91.78
  Temp [K] of the Lifted Condensation Level: 295.63
Pres [hPa] of the Lifted Condensation Level: 964.04
   Equivalent potential temp [K] of the LCL: 351.81
     Mean mixed layer potential temperature: 298.76
              Mean mixed layer mixing ratio: 18.16
              1000 hPa to 500 hPa thickness: 5782.00
Precipitable water [mm] for entire sounding: 61.22
</PRE>
<P>Description of the 
<A HREF="/upperair/columns.html">data columns</A>
or <A HREF="/upperair/indices.html">sounding indices</A>.

<P>
<FORM>
<INPUT CLASS="button" TYPE="button" VALUE=" Close this window " 
 onClick="window.close();">
<INPUT CLASS="button" TYPE="button" VALUE=" Select another map " 
 onClick="window.blur();">
</FORM>
<HR SIZE="1">
<I>Interested in graduate studies in atmospheric science?
Check out our program at the
<a href="http://www.uwyo.edu/atsc/howtoapply/"
target=_top>University of Wyoming
</a></I>
<HR SIZE="1"><FONT SIZE="-1">
Questions about the weather data provided by this site can be
addressed to <A HREF="mailto:ldoolman@uwyo.edu">
Larry Oolman (ldoolman@uwyo.edu)</A></FONT>
<HR SIZE="1">
<SCRIPT TYPE="text/javascript">
<!--
window.focus();
// -->
</SCRIPT>
</BODY>
</HTML>
