2014-02-17 12
<HTML>
<TITLE>University of Wyoming - Radiosonde Data</TITLE>
<BODY BGCOLOR="white">
<H2>96749 WIII Jakarta Observations at 00Z 17 Feb 2014</H2>
<PRE>
-----------------------------------------------------------------------------
   PRES   HGHT   TEMP   DWPT   RELH   MIXR   DRCT   SKNT   THTA   THTE   THTV
    hPa     m      C      C      %    g/kg    deg   knot     K      K      K 
-----------------------------------------------------------------------------
 1011.0      8   23.4   22.9     97  17.74      0      0  295.6  346.8  298.8
 1000.0    105   25.2   22.3     84  17.28      0      0  298.4  348.8  301.4
  994.0    158   25.4   21.9     81  16.96    352      1  299.1  348.7  302.1
  978.0    300   24.6   21.2     82  16.55    330      2  299.6  348.2  302.6
  945.0    601   22.9   19.9     83  15.70    295      4  300.8  347.2  303.7
  925.0    789   21.8   19.0     84  15.19    325      6  301.6  346.5  304.3
  913.0    902   21.1   18.2     83  14.61    345      8  302.0  345.3  304.7
  853.0   1490   17.6   13.9     79  11.85    320     16  304.2  339.8  306.4
  850.0   1520   17.4   13.7     79  11.72    315     16  304.4  339.6  306.5
  829.0   1734   16.4   11.8     74  10.59    293     15  305.5  337.5  307.4
  815.0   1879   16.6    3.6     42   6.12    277     15  307.2  326.2  308.3
  795.0   2090   15.2    5.4     52   7.13    255     14  307.9  330.0  309.2
  778.0   2273   14.0    7.0     63   8.14    253     16  308.5  333.6  310.0
  769.0   2371   14.2   -1.8     33   4.38    253     16  309.7  323.7  310.6
  740.0   2693   12.2   -0.2     43   5.14    250     19  310.9  327.3  311.9
  700.0   3158    9.2    2.2     62   6.45    235     25  312.6  333.1  313.9
  689.0   3289    8.7    0.5     56   5.79    235     25  313.5  332.0  314.6
  682.0   3374    8.4   -0.6     53   5.40    235     24  314.1  331.4  315.1
  651.0   3757    7.6   -4.4     42   4.26    238     21  317.4  331.4  318.2
  617.0   4193    4.1   -3.7     57   4.74    240     17  318.3  333.8  319.2
  579.0   4710    0.0   -2.9     81   5.37    237     12  319.3  336.9  320.3
  552.0   5088   -2.3   -4.9     83   4.86    235      8  321.0  337.1  321.9
  531.0   5395   -4.2   -6.5     84   4.47    220     10  322.3  337.2  323.2
  511.0   5700   -6.0   -8.0     86   4.11     25      2  323.6  337.5  324.4
  510.0   5715   -6.1   -8.1     86   4.10     30      2  323.7  337.5  324.5
  500.0   5870   -6.5   -9.2     81   3.83     75      2  325.1  338.1  325.8
  492.0   5994   -7.2  -10.1     79   3.62    115      2  325.7  338.1  326.4
  474.0   6280   -8.7  -12.3     75   3.16    115      2  327.3  338.2  327.9
  455.0   6594  -10.4  -14.7     71   2.71    330      2  329.0  338.5  329.5
  438.0   6886  -12.0  -16.9     67   2.35    295      6  330.6  338.9  331.1
  407.0   7449  -15.1  -21.1     60   1.76    314      2  333.6  340.0  334.0
  405.0   7486  -15.4  -21.1     62   1.76    315      2  333.7  340.2  334.1
  400.0   7580  -16.1  -21.1     65   1.79    350      4  334.0  340.5  334.3
  389.0   7784  -17.7  -22.5     66   1.62     70      6  334.5  340.5  334.9
  374.0   8071  -20.0  -24.6     67   1.41     85     10  335.3  340.6  335.6
  359.0   8369  -22.3  -26.7     68   1.21    130      4  336.1  340.6  336.3
  344.0   8681  -24.8  -28.9     69   1.03    140      8  336.9  340.8  337.1
  330.0   8984  -27.2  -31.0     70   0.88     85      6  337.6  341.0  337.8
  300.0   9680  -32.7  -35.9     73   0.60     95     19  339.2  341.5  339.3
  292.0   9870  -34.5  -37.4     75   0.53     99     20  339.2  341.4  339.4
  263.0  10595  -39.9  -44.0     65   0.29    113     23  341.6  342.8  341.7
  250.0  10940  -42.9                         120     25  342.1         342.1
  233.0  11401  -46.9                         120     35  343.0         343.0
  200.0  12400  -55.7                         110     41  344.4         344.4
  176.0  13187  -62.3                         105     41  346.4         346.4
  150.0  14170  -70.5                          80     60  348.5         348.5
  137.0  14695  -74.1                          80     68  351.3         351.3
  123.0  15320  -78.3                          80     82  354.6         354.6
  117.0  15603  -79.5                          80     89  357.5         357.5
  116.0  15652  -79.7                          75     87  358.0         358.0
  103.0  16330  -75.3                          79     36  378.8         378.8
  100.0  16500  -76.5                          80     23  379.7         379.7
   95.0  16794  -77.5                         105     25  383.2         383.2
   90.0  17104  -78.7                         100     35  387.0         387.0
   89.8  17117  -78.7                          99     34  387.1         387.1
   87.0  17300  -73.5                          78     22  401.1         401.1
   86.0  17367  -73.5                          70     17  402.4         402.4
   81.0  17717  -73.7                         290      8  409.0         409.0
   73.0  18325  -74.0                         235     33  420.7         420.7
   70.0  18570  -74.1                         215     29  425.5         425.5
   63.0  19186  -74.3                         175     14  438.1         438.1
   60.0  19474  -73.4                          90      2  446.2         446.2
   57.0  19777  -72.5                         195     10  454.9         454.9
   51.0  20433  -70.5                         155      4  474.4         474.4
   50.0  20550  -70.1                         245      4  477.9         477.9
   49.0  20670  -70.0                         330      4  480.9         480.9
   46.0  21046  -69.7                          55      4  490.4         490.4
   44.1  21297  -69.5                          62      9  496.8         496.8
   42.0  21592  -65.7                          70     14  513.1         513.1
   40.9  21752  -63.7                         162     11  522.1         522.1
   40.0  21890  -63.4                         240      8  526.2         526.2
   38.0  22207  -62.7                         190     10  535.7         535.7
   36.0  22542  -62.0                         195     16  545.9         545.9
   33.0  23080  -60.8                         115      4  562.8         562.8
   31.0  23467  -59.9                         290     17  575.2         575.2
   30.0  23670  -59.5                         250     17  581.9         581.9
   27.0  24330  -59.1                         165     14  600.7         600.7
   26.9  24354  -59.1                         163     15  601.4         601.4
   24.0  25068  -59.5                         105     47  620.2         620.2
   22.6  25445  -59.7                          95     41  630.3         630.3
   20.0  26220  -53.7                          75     29  671.0         671.0
   19.7  26317  -52.7                          65     27  677.0         677.0
   19.0  26548  -53.1                          40     23  682.9         682.9
   16.0  27647  -54.8                          50     27  711.5         711.5
   15.0  28059  -55.5                          85     33  722.6         722.6
   13.6  28685  -56.5                          82     53  739.7         739.7
   13.0  28976  -52.8                          80     62  762.0         762.0
   12.3  29334  -48.3                          83     64  790.0         790.0
   10.0  30700  -46.5                          95     72  844.9         844.9
    9.0  31401  -45.7                          90     86  873.9         873.9
    8.6  31703  -45.3                                     886.7         886.7
</PRE><H3>Station information and sounding indices</H3><PRE>
                         Station identifier: WIII
                             Station number: 96749
                           Observation time: 140217/0000
                           Station latitude: -6.11
                          Station longitude: 106.65
                          Station elevation: 8.0
                            Showalter index: 0.57
                               Lifted index: -2.74
    LIFT computed using virtual temperature: -3.07
                                SWEAT index: 198.41
                                    K index: 30.60
                         Cross totals index: 20.20
                      Vertical totals index: 23.90
                        Totals totals index: 44.10
      Convective Available Potential Energy: 913.31
             CAPE using virtual temperature: 1044.93
                      Convective Inhibition: -56.06
             CINS using virtual temperature: -28.22
                           Equilibrum Level: 157.36
 Equilibrum Level using virtual temperature: 156.56
                   Level of Free Convection: 734.30
             LFCT using virtual temperature: 861.60
                     Bulk Richardson Number: 70.39
          Bulk Richardson Number using CAPV: 80.53
  Temp [K] of the Lifted Condensation Level: 293.94
Pres [hPa] of the Lifted Condensation Level: 941.03
   Equivalent potential temp [K] of the LCL: 348.02
     Mean mixed layer potential temperature: 299.10
              Mean mixed layer mixing ratio: 16.74
              1000 hPa to 500 hPa thickness: 5765.00
Precipitable water [mm] for entire sounding: 49.09
</PRE>
<P>Description of the 
<A HREF="/upperair/columns.html">data columns</A>
or <A HREF="/upperair/indices.html">sounding indices</A>.

<P>
<FORM>
<INPUT CLASS="button" TYPE="button" VALUE=" Close this window " 
 onClick="window.close();">
<INPUT CLASS="button" TYPE="button" VALUE=" Select another map " 
 onClick="window.blur();">
</FORM>
<HR SIZE="1">
<I>Interested in graduate studies in atmospheric science?
Check out our program at the
<a href="http://www.uwyo.edu/atsc/howtoapply/"
target=_top>University of Wyoming
</a></I>
<HR SIZE="1"><FONT SIZE="-1">
Questions about the weather data provided by this site can be
addressed to <A HREF="mailto:ldoolman@uwyo.edu">
Larry Oolman (ldoolman@uwyo.edu)</A></FONT>
<HR SIZE="1">
<SCRIPT TYPE="text/javascript">
<!--
window.focus();
// -->
</SCRIPT>
</BODY>
</HTML>
