2015-07-31 12
<HTML>
<TITLE>University of Wyoming - Radiosonde Data</TITLE>
<BODY BGCOLOR="white">
<H2>96749 WIII Jakarta Observations at 00Z 31 Jul 2015</H2>
<PRE>
-----------------------------------------------------------------------------
   PRES   HGHT   TEMP   DWPT   RELH   MIXR   DRCT   SKNT   THTA   THTE   THTV
    hPa     m      C      C      %    g/kg    deg   knot     K      K      K 
-----------------------------------------------------------------------------
 1010.0      8   24.0   23.0     94  17.87    220      2  296.3  348.0  299.5
 1000.0     99   24.8   23.2     91  18.28    185      4  297.9  351.2  301.2
  977.0    304   24.2   20.9     82  16.22    110      8  299.3  346.9  302.2
  963.0    430   23.8   19.5     77  15.05    112      8  300.2  344.4  302.9
  944.0    604   22.8   18.9     78  14.74    115      8  300.9  344.4  303.5
  925.0    782   21.8   18.2     80  14.43    140      6  301.6  344.3  304.2
  912.0    904   21.1   17.6     80  14.04    155      6  302.1  343.8  304.6
  850.0   1512   17.6   14.3     81  12.20    115     12  304.6  341.2  306.8
  806.0   1965   14.8   10.2     74   9.78     92      9  306.2  336.0  308.1
  804.0   1986   15.4    6.4     55   7.55     91      9  307.1  330.4  308.5
  793.0   2103   14.5    9.4     72   9.41     85      8  307.3  336.1  309.1
  790.0   2135   14.2   10.2     77   9.98     85      8  307.4  337.9  309.2
  776.0   2287   13.8    4.8     55   7.00     83      7  308.5  330.2  309.8
  738.0   2708   10.5    7.6     82   8.93     80      4  309.3  336.9  311.0
  735.0   2742   10.2    7.8     85   9.11     78      4  309.4  337.5  311.1
  721.0   2902   11.0   -2.0     40   4.60     70      7  312.0  326.8  312.9
  716.0   2961   11.6   -6.4     28   3.32     67      8  313.3  324.2  313.9
  713.0   2996   11.4   -6.8     27   3.23     65      8  313.4  324.0  314.0
  700.0   3149   10.4   -8.6     25   2.87     75      8  314.0  323.5  314.5
  676.0   3438    9.0   -7.0     32   3.36     90      7  315.6  326.7  316.2
  639.0   3901    5.7   -2.9     54   4.85    115      6  316.9  332.8  317.9
  631.0   4004    5.0   -2.0     61   5.26    108      5  317.3  334.4  318.3
  616.0   4199    3.5   -2.8     63   5.10     95      4  317.8  334.4  318.8
  581.0   4672    0.0   -4.6     71   4.70     74      6  319.0  334.5  319.9
  576.0   4741   -0.5   -4.9     72   4.64     70      7  319.2  334.5  320.1
  569.0   4839   -0.5   -9.5     51   3.29     66      7  320.3  331.4  320.9
  567.0   4867   -0.5   -9.5     51   3.30     65      7  320.6  331.8  321.3
  530.0   5401   -3.8  -15.4     40   2.20     40     10  322.9  330.5  323.3
  511.0   5690   -5.6  -18.5     35   1.74     40      8  324.1  330.3  324.5
  510.0   5705   -5.7  -18.7     35   1.72     42      8  324.2  330.3  324.5
  500.0   5860   -6.1  -24.1     23   1.10     65     10  325.5  329.5  325.8
  496.0   5923   -5.7  -31.7     11   0.55     74     10  326.8  328.9  326.9
  491.0   6002   -6.2  -32.0     11   0.53     85     10  327.1  329.2  327.3
  455.0   6592   -9.7  -34.5     11   0.45     60     19  330.0  331.7  330.1
  437.0   6905  -11.5  -35.9     11   0.41     80     23  331.4  333.1  331.5
  426.0   7102  -12.7  -36.7     11   0.39     73     22  332.4  333.9  332.4
  400.0   7580  -17.1  -33.1     24   0.59     55     21  332.7  335.0  332.8
  388.0   7808  -18.3  -36.9     18   0.42     55     21  334.0  335.7  334.1
  386.0   7847  -18.5  -37.5     17   0.40     56     21  334.2  335.8  334.3
  344.0   8688  -24.8  -43.8     15   0.23     85     16  336.9  337.8  336.9
  317.0   9284  -29.3  -48.3     14   0.15    125     10  338.6  339.2  338.6
  309.0   9471  -30.7  -49.7     14   0.13    130      8  339.1  339.7  339.1
  300.0   9680  -32.7  -49.7     17   0.14    135      6  339.2  339.8  339.2
  291.0   9890  -34.3  -51.1     17   0.12    145      6  339.8  340.4  339.9
  279.0  10180  -36.6  -53.0     17   0.10    180     10  340.7  341.2  340.7
  261.0  10639  -40.1  -56.1     16   0.07    192     11  342.1  342.4  342.1
  250.0  10930  -42.3                         200     12  343.0         343.0
  244.0  11090  -43.6                         210     12  343.5         343.5
  203.0  12302  -53.5                         130     14  346.4         346.4
  200.0  12400  -54.3                         130     14  346.6         346.6
  152.0  14108  -66.1                         110     14  354.6         354.6
  150.0  14190  -66.7                          95     12  355.0         355.0
  138.0  14684  -70.3                           5     12  357.3         357.3
  131.0  14993  -72.5                         350     12  358.6         358.6
  121.0  15464  -75.9                          31     15  360.6         360.6
  112.0  15909  -77.2                          70     17  366.4         366.4
  103.0  16391  -78.5                          60     27  372.6         372.6
  101.0  16503  -78.5                          60     31  374.7         374.7
  100.0  16560  -78.5                          70     31  375.8         375.8
   99.3  16600  -78.5                          73     32  376.6         376.6
   96.5  16764  -74.5                          87     35  387.5         387.5
   91.0  17104  -74.6                         115     41  393.8         393.8
   83.9  17574  -74.7                          68     24  402.9         402.9
   82.0  17707  -74.0                          55     19  407.0         407.0
   76.3  18127  -71.7                         355     15  420.2         420.2
   74.0  18306  -72.7                         330     14  421.8         421.8
   71.0  18547  -74.1                         330      8  423.9         423.9
   70.1  18622  -74.5                         325      6  424.5         424.5
   70.0  18630  -74.5                         310      8  424.7         424.7
   67.0  18885  -74.9                         195      6  429.1         429.1
   63.1  19234  -75.5                         146     16  435.3         435.3
   60.0  19532  -70.5                         105     25  452.8         452.8
   58.6  19671  -68.1                          91     24  461.2         461.2
   58.0  19734  -65.3                          85     23  468.9         468.9
   51.3  20483  -65.3                          97     31  485.6         485.6
   50.0  20640  -63.3                         100     33  493.9         493.9
   48.2  20867  -59.1                          91     26  509.1         509.1
   45.0  21298  -59.0                          75     12  519.5         519.5
   43.0  21583  -58.9                         340      4  526.5         526.5
   41.0  21882  -58.8                         285     12  533.9         533.9
   39.1  22179  -58.7                         323      8  541.5         541.5
   39.0  22196  -58.2                         325      8  543.2         543.2
   38.5  22277  -55.5                         327      9  552.0         552.0
   37.0  22531  -55.3                         335     12  558.7         558.7
   36.0  22706  -55.2                         265     12  563.4         563.4
   34.0  23071  -55.0                         305     19  573.2         573.2
   30.0  23870  -54.5                         280     43  595.5         595.5
   29.0  24088  -54.3                         275     43  601.9         601.9
   27.0  24548  -53.8                         250     23  615.7         615.7
   23.0  25580  -52.7                         250     19  647.8         647.8
   21.0  26166  -52.0                         265     37  666.8         666.8
   20.0  26480  -51.7                         260     43  677.2         677.2
   19.0  26815  -51.5                         265     45  687.8         687.8
   15.0  28356  -50.6                         265     23  738.8         738.8
   14.0  28806  -50.4                         280     25  754.4         754.4
   12.4  29598  -49.9                         270     20  782.6         782.6
   11.0  30393  -45.5                         260     16  825.6         825.6
   10.4  30766  -43.5                         272     18  846.5         846.5
   10.0  31030  -43.7                         280     19  855.3         855.3
    8.0  32533  -42.7                         260     21  915.5         915.5
    7.3  33150  -42.3                                     941.5         941.5
</PRE><H3>Station information and sounding indices</H3><PRE>
                         Station identifier: WIII
                             Station number: 96749
                           Observation time: 150731/0000
                           Station latitude: -6.11
                          Station longitude: 106.65
                          Station elevation: 8.0
                            Showalter index: 0.30
                               Lifted index: -2.10
    LIFT computed using virtual temperature: -2.86
                                SWEAT index: 205.61
                                    K index: 19.00
                         Cross totals index: 20.40
                      Vertical totals index: 23.70
                        Totals totals index: 44.10
      Convective Available Potential Energy: 645.20
             CAPE using virtual temperature: 814.46
                      Convective Inhibition: -48.99
             CINS using virtual temperature: -34.41
                           Equilibrum Level: 198.26
 Equilibrum Level using virtual temperature: 198.11
                   Level of Free Convection: 818.55
             LFCT using virtual temperature: 841.82
                     Bulk Richardson Number: 449.62
          Bulk Richardson Number using CAPV: 567.57
  Temp [K] of the Lifted Condensation Level: 293.83
Pres [hPa] of the Lifted Condensation Level: 942.08
   Equivalent potential temp [K] of the LCL: 347.40
     Mean mixed layer potential temperature: 298.90
              Mean mixed layer mixing ratio: 16.64
              1000 hPa to 500 hPa thickness: 5761.00
Precipitable water [mm] for entire sounding: 44.88
</PRE>
<P>Description of the 
<A HREF="/upperair/columns.html">data columns</A>
or <A HREF="/upperair/indices.html">sounding indices</A>.

<P>
<FORM>
<INPUT CLASS="button" TYPE="button" VALUE=" Close this window " 
 onClick="window.close();">
<INPUT CLASS="button" TYPE="button" VALUE=" Select another map " 
 onClick="window.blur();">
</FORM>
<HR SIZE="1">
<I>Interested in graduate studies in atmospheric science?
Check out our program at the
<a href="http://www.uwyo.edu/atsc/howtoapply/"
target=_top>University of Wyoming
</a></I>
<HR SIZE="1"><FONT SIZE="-1">
Questions about the weather data provided by this site can be
addressed to <A HREF="mailto:ldoolman@uwyo.edu">
Larry Oolman (ldoolman@uwyo.edu)</A></FONT>
<HR SIZE="1">
<SCRIPT TYPE="text/javascript">
<!--
window.focus();
// -->
</SCRIPT>
</BODY>
</HTML>
