2014-08-19 00
<HTML>
<TITLE>University of Wyoming - Radiosonde Data</TITLE>
<BODY BGCOLOR="white">
<H2>96749 WIII Jakarta Observations at 00Z 19 Aug 2014</H2>
<PRE>
-----------------------------------------------------------------------------
   PRES   HGHT   TEMP   DWPT   RELH   MIXR   DRCT   SKNT   THTA   THTE   THTV
    hPa     m      C      C      %    g/kg    deg   knot     K      K      K 
-----------------------------------------------------------------------------
 1012.0      8   24.2   21.7     86  16.44    160      4  296.3  343.9  299.2
 1000.0    117   25.0   20.9     78  15.83    135      6  298.1  344.3  301.0
  998.0    135   25.2   20.9     77  15.86    131      6  298.5  344.8  301.4
  979.0    303   24.2   19.5     75  14.76     90     10  299.1  342.4  301.8
  947.0    593   22.4   17.0     71  13.01     80     14  300.2  338.6  302.6
  925.0    799   21.2   15.2     69  11.88     90     12  301.0  336.2  303.1
  915.0    893   20.7   14.8     69  11.69     95     12  301.4  336.1  303.5
  883.0   1199   18.9   13.4     71  11.09     75      6  302.6  335.7  304.6
  853.0   1497   17.2   12.1     72  10.52    205      2  303.8  335.4  305.7
  850.0   1527   17.0   12.0     72  10.47    210      2  303.9  335.4  305.9
  824.0   1791   15.2   10.7     74   9.88    250      6  304.8  334.6  306.6
  815.0   1885   14.6   10.2     75   9.67    245      7  305.1  334.4  306.9
  795.0   2095   13.4    8.0     70   8.56    235      8  306.0  332.1  307.5
  782.0   2234   12.6    6.6     67   7.88    210      8  306.6  330.7  308.0
  774.0   2320   12.4    6.4     67   7.85    195      8  307.2  331.4  308.7
  770.0   2364   13.6   -6.4     24   3.09    187      7  309.0  319.0  309.6
  762.0   2452   14.6  -12.4     14   1.95    172      7  311.0  317.5  311.4
  714.0   2996   10.9  -12.2     18   2.10     75      6  312.8  319.8  313.2
  700.0   3162    9.8  -12.2     20   2.15     90      4  313.3  320.5  313.7
  689.0   3292    8.9  -11.6     22   2.29    100      4  313.8  321.5  314.2
  640.0   3899    5.0   -9.0     36   3.04    170      6  316.0  326.1  316.6
  633.0   3989    4.4   -8.6     38   3.17    170      5  316.3  326.8  316.9
  617.0   4196    3.5  -10.5     35   2.80    170      4  317.6  327.0  318.1
  595.0   4489    2.2  -13.2     31   2.33     45      4  319.4  327.4  319.9
  573.0   4793    0.9  -16.0     27   1.92     25      8  321.3  328.0  321.7
  558.0   5007    0.0  -18.0     24   1.67     43     14  322.7  328.6  323.0
  556.0   5036   -0.3  -17.3     26   1.78     45     15  322.7  328.9  323.0
  552.0   5094   -0.2  -13.7     35   2.41     50     17  323.5  331.8  323.9
  548.0   5152   -0.1  -10.1     47   3.25     50     17  324.2  335.4  324.9
  512.0   5692   -3.7  -13.7     46   2.62     50     12  326.3  335.4  326.8
  500.0   5880   -4.9  -14.9     45   2.42     70     10  327.0  335.5  327.5
  493.0   5989   -5.7  -15.6     46   2.32     80     10  327.4  335.5  327.8
  474.0   6294   -7.9  -17.5     46   2.06     70     10  328.4  335.7  328.8
  456.0   6595  -10.0  -19.3     46   1.82     40     16  329.3  335.9  329.7
  436.0   6943  -12.5  -21.5     47   1.58     43     19  330.4  336.2  330.7
  422.0   7192  -12.9  -31.5     20   0.66     45     21  333.0  335.5  333.1
  410.0   7412  -13.3  -40.3      8   0.28     50     21  335.2  336.4  335.3
  400.0   7600  -14.5  -32.5     20   0.63     55     21  336.1  338.5  336.2
  318.0   9283  -27.9  -44.3     19   0.24     95     19  340.2  341.2  340.3
  300.0   9710  -31.3  -47.3     19   0.18     95     19  341.1  341.9  341.2
  296.0   9805  -32.3  -48.3     19   0.16     93     19  341.0  341.7  341.1
  280.0  10191  -36.0  -48.2     27   0.17     85     17  341.2  342.0  341.3
  263.0  10626  -40.1  -48.1     42   0.19     74     20  341.3  342.1  341.4
  250.0  10970  -42.9                          65     23  342.1         342.1
  214.0  11987  -51.4                          60     33  344.5         344.5
  200.0  12430  -55.1                          55     35  345.4         345.4
  195.0  12586  -56.4                          50     37  345.8         345.8
  169.0  13466  -63.5                          90     33  348.4         348.4
  150.0  14200  -69.5                         100     31  350.2         350.2
  145.0  14399  -71.0                         110     35  351.0         351.0
  132.0  14952  -75.1                         104     35  353.2         353.2
  124.0  15311  -76.5                         100     35  357.1         357.1
  110.0  15998  -79.1                         105     35  364.6         364.6
  106.0  16211  -74.9                         100     31  376.4         376.4
  101.0  16492  -74.1                          70     21  383.3         383.3
  100.0  16550  -73.9                          60     21  384.7         384.7
   91.0  17099  -74.5                         310     12  394.1         394.1
   87.0  17361  -74.7                         280     19  398.7         398.7
   82.0  17705  -75.1                         290     19  404.8         404.8
   81.5  17741  -75.1                         286     19  405.4         405.4
   74.0  18305  -73.1                         230     19  420.9         420.9
   71.7  18489  -72.5                         202     17  426.0         426.0
   70.0  18630  -73.3                         180     16  427.2         427.2
   67.0  18888  -73.2                         175      6  432.9         432.9
   65.2  19048  -73.1                         214     12  436.4         436.4
   64.0  19159  -72.6                         240     16  439.9         439.9
   58.0  19750  -69.8                         220     16  458.8         458.8
   55.0  20068  -68.2                         195     14  469.3         469.3
   52.0  20405  -66.6                         200     16  480.6         480.6
   50.0  20640  -65.5                         150     12  488.7         488.7
   45.0  21290  -61.2                          85     27  514.1         514.1
   43.8  21456  -60.1                          84     30  520.8         520.8
   38.4  22269  -64.7                          80     45  529.0         529.0
   37.0  22496  -64.2                          85     43  536.0         536.0
   36.2  22630  -63.9                          86     45  540.1         540.1
   34.8  22875  -58.1                          88     48  561.4         561.4
   31.0  23604  -58.4                          95     56  579.3         579.3
   30.3  23747  -58.5                          92     56  582.9         582.9
   30.0  23810  -58.1                          90     56  585.7         585.7
   29.0  24026  -57.1                          85     56  594.1         594.1
   28.0  24250  -56.1                          95     56  602.9         602.9
   27.0  24482  -55.0                          95     56  612.1         612.1
   25.0  24973  -52.8                          95     56  632.1         632.1
   24.9  24999  -52.7                          95     56  633.2         633.2
   20.0  26410  -54.1                          95     47  669.8         669.8
   16.0  27845  -53.1                         100     52  717.2         717.2
   15.3  28132  -52.9                                     727.1         727.1
</PRE><H3>Station information and sounding indices</H3><PRE>
                         Station identifier: WIII
                             Station number: 96749
                           Observation time: 140819/0000
                           Station latitude: -6.11
                          Station longitude: 106.65
                          Station elevation: 8.0
                            Showalter index: 3.95
                               Lifted index: 0.94
    LIFT computed using virtual temperature: 0.53
                                SWEAT index: 158.01
                                    K index: 11.90
                         Cross totals index: 16.90
                      Vertical totals index: 21.90
                        Totals totals index: 38.80
      Convective Available Potential Energy: 0.47
             CAPE using virtual temperature: 33.24
                      Convective Inhibition: -72.32
             CINS using virtual temperature: -46.97
                           Equilibrum Level: 434.10
 Equilibrum Level using virtual temperature: 430.25
                   Level of Free Convection: 783.67
             LFCT using virtual temperature: 818.65
                     Bulk Richardson Number: 0.25
          Bulk Richardson Number using CAPV: 17.84
  Temp [K] of the Lifted Condensation Level: 291.89
Pres [hPa] of the Lifted Condensation Level: 922.04
   Equivalent potential temp [K] of the LCL: 342.55
     Mean mixed layer potential temperature: 298.76
              Mean mixed layer mixing ratio: 15.03
              1000 hPa to 500 hPa thickness: 5763.00
Precipitable water [mm] for entire sounding: 37.30
</PRE>
<P>Description of the 
<A HREF="/upperair/columns.html">data columns</A>
or <A HREF="/upperair/indices.html">sounding indices</A>.

<P>
<FORM>
<INPUT CLASS="button" TYPE="button" VALUE=" Close this window " 
 onClick="window.close();">
<INPUT CLASS="button" TYPE="button" VALUE=" Select another map " 
 onClick="window.blur();">
</FORM>
<HR SIZE="1">
<I>Interested in graduate studies in atmospheric science?
Check out our program at the
<a href="http://www.uwyo.edu/atsc/howtoapply/"
target=_top>University of Wyoming
</a></I>
<HR SIZE="1"><FONT SIZE="-1">
Questions about the weather data provided by this site can be
addressed to <A HREF="mailto:ldoolman@uwyo.edu">
Larry Oolman (ldoolman@uwyo.edu)</A></FONT>
<HR SIZE="1">
<SCRIPT TYPE="text/javascript">
<!--
window.focus();
// -->
</SCRIPT>
</BODY>
</HTML>
