2015-04-28 12
<HTML>
<TITLE>University of Wyoming - Radiosonde Data</TITLE>
<BODY BGCOLOR="white">
<H2>96749 WIII Jakarta Observations at 00Z 28 Apr 2015</H2>
<PRE>
-----------------------------------------------------------------------------
   PRES   HGHT   TEMP   DWPT   RELH   MIXR   DRCT   SKNT   THTA   THTE   THTV
    hPa     m      C      C      %    g/kg    deg   knot     K      K      K 
-----------------------------------------------------------------------------
 1010.0      8   24.8   23.0     90  17.87    230      8  297.1  349.0  300.3
 1006.0     43   25.2   23.1     88  18.06    230      9  297.8  350.4  301.1
 1000.0     96   25.2   23.1     88  18.17    230     10  298.4  351.4  301.6
  980.0    274   25.2   22.3     84  17.64    230     15  300.1  352.0  303.2
  977.0    301   25.1   22.1     84  17.48    230     16  300.2  351.6  303.3
  925.0    781   22.4   18.6     79  14.80    265     21  302.2  346.1  304.9
  913.0    894   21.7   17.9     79  14.32    270     21  302.6  345.2  305.2
  850.0   1514   18.0   13.9     77  11.88    275     27  305.0  340.8  307.2
  793.0   2102   14.5   11.3     82  10.75    270     21  307.3  340.1  309.3
  738.0   2710   10.8    8.7     87   9.66    267     21  309.7  339.5  311.5
  713.0   2997    9.1    7.4     89   9.14    265     21  310.9  339.3  312.6
  700.0   3150    8.2    6.7     90   8.87    255     19  311.5  339.2  313.2
  697.0   3186    8.0    6.5     90   8.79    254     19  311.7  339.1  313.3
  682.0   3366    8.6   -1.4     49   5.09    248     18  314.3  330.7  315.3
  663.0   3596    7.1   -1.3     55   5.29    240     17  315.2  332.2  316.2
  616.0   4196    3.2   -0.9     75   5.85    245      6  317.4  336.3  318.5
  580.0   4688    0.0   -0.6     96   6.36    269      8  319.1  339.8  320.4
  551.0   5098   -1.3   -2.7     90   5.72    290     10  322.3  341.2  323.4
  534.0   5349   -2.1   -4.0     87   5.36    288     11  324.3  342.1  325.3
  500.0   5870   -5.3   -6.5     91   4.73    285     12  326.5  342.5  327.4
  438.0   6898  -11.6  -13.5     86   3.11    265      8  331.1  342.0  331.7
  432.0   7005  -12.3  -14.2     86   2.97    268      7  331.5  342.0  332.1
  421.0   7201  -13.4  -15.7     83   2.69    275      4  332.6  342.2  333.2
  400.0   7590  -15.5  -18.6     77   2.22    230      8  334.8  342.8  335.2
  374.0   8094  -18.5  -23.3     66   1.57    165      7  337.3  343.1  337.6
  359.0   8395  -20.7  -25.6     65   1.34    125      6  338.3  343.4  338.6
  345.0   8688  -22.8  -27.8     64   1.14    135      4  339.3  343.6  339.5
  331.0   8992  -25.1  -30.0     63   0.96     95      8  340.3  344.0  340.5
  327.0   9082  -25.7  -30.7     63   0.91     94      8  340.6  344.1  340.7
  318.0   9283  -27.1  -36.1     42   0.55     93      8  341.3  343.6  341.4
  304.0   9605  -29.9  -36.6     52   0.55     90      8  341.9  344.1  342.0
  300.0   9700  -30.7  -36.7     56   0.55    100      8  342.0  344.2  342.1
  292.0   9889  -32.3  -38.1     56   0.49    120      6  342.4  344.4  342.5
  268.0  10488  -37.2  -42.4     59   0.34     95     12  343.7  345.1  343.8
  255.0  10835  -40.1  -44.9     60   0.28     77     12  344.4  345.5  344.4
  250.0  10970  -41.3                          70     12  344.5         344.5
  245.0  11103  -42.5                          70     12  344.8         344.8
  205.0  12277  -52.9                          90     21  346.4         346.4
  200.0  12440  -54.3                          85     23  346.6         346.6
  178.0  13161  -60.0                          75     23  348.9         348.9
  150.0  14220  -68.5                          85     37  351.9         351.9
  146.0  14380  -69.8                          85     39  352.4         352.4
  133.0  14932  -74.3                          85     42  353.9         353.9
  131.0  15018  -74.8                          85     43  354.4         354.4
  112.0  15915  -80.4                          95     35  360.3         360.3
  108.0  16124  -81.7                          90     27  361.6         361.6
  101.0  16503  -78.3                          65      6  375.1         375.1
  100.0  16560  -78.5                          95      6  375.8         375.8
   96.0  16791  -78.6                         220     10  379.9         379.9
   91.0  17094  -78.8                         170      8  385.4         385.4
   86.0  17414  -79.0                         185      6  391.3         391.3
   78.0  17967  -79.3                         150      6  401.7         401.7
   74.0  18265  -79.5                          45      6  407.4         407.4
   70.0  18580  -79.7                          30     12  413.6         413.6
   68.7  18686  -79.1                          38     14  417.1         417.1
   57.0  19766  -74.5                         120     35  450.5         450.5
   52.7  20220  -72.5                         102     38  465.2         465.2
   51.0  20413  -71.6                          95     39  471.6         471.6
   50.0  20530  -71.1                         100     39  475.5         475.5
   48.2  20748  -68.1                         102     43  487.7         487.7
   46.0  21034  -67.0                         105     49  496.9         496.9
   33.0  23075  -59.0                          90     74  567.6         567.6
   32.8  23112  -58.9                          90     74  568.9         568.9
   30.0  23660  -56.7                          95     74  589.5         589.5
   28.0  24105  -54.9                          95     74  606.3         606.3
   23.0  25375  -49.6                          85     23  656.8         656.8
   22.4  25546  -48.9                          97     18  663.9         663.9
   22.0  25666  -48.0                         105     14  670.1         670.1
   21.0  25975  -45.5                          20      4  686.5         686.5
   20.0  26300  -42.9                         330     12  704.1         704.1
   19.9  26334  -42.7                         328     12  705.7         705.7
   17.0  27392  -43.6                         260     21  735.3         735.3
   16.0  27799  -44.0                         240     14  747.0         747.0
   15.1  28188  -44.3                         271     17  758.3         758.3
   15.0  28233  -44.2                         275     17  760.1         760.1
   13.0  29200  -41.9                         295     33  799.9         799.9
   11.4  30088  -39.7                         287     33  838.2         838.2
   11.0  30331  -40.1                         285     33  845.5         845.5
   10.0  30980  -41.1                         310     29  865.0         865.0
    9.5  31329  -40.5                         310     27  880.0         880.0
    9.0  31699  -39.3                         310     25  898.3         898.3
    8.3  32254  -37.5                                     926.4         926.4
</PRE><H3>Station information and sounding indices</H3><PRE>
                         Station identifier: WIII
                             Station number: 96749
                           Observation time: 150428/0000
                           Station latitude: -6.11
                          Station longitude: 106.65
                          Station elevation: 8.0
                            Showalter index: 1.28
                               Lifted index: -2.54
    LIFT computed using virtual temperature: -2.80
                                SWEAT index: 232.81
                                    K index: 35.70
                         Cross totals index: 19.20
                      Vertical totals index: 23.30
                        Totals totals index: 42.50
      Convective Available Potential Energy: 1054.37
             CAPE using virtual temperature: 1172.88
                      Convective Inhibition: -36.84
             CINS using virtual temperature: -22.96
                           Equilibrum Level: 161.79
 Equilibrum Level using virtual temperature: 161.03
                   Level of Free Convection: 840.15
             LFCT using virtual temperature: 869.67
                     Bulk Richardson Number: 120.79
          Bulk Richardson Number using CAPV: 134.36
  Temp [K] of the Lifted Condensation Level: 294.69
Pres [hPa] of the Lifted Condensation Level: 944.05
   Equivalent potential temp [K] of the LCL: 350.84
     Mean mixed layer potential temperature: 299.59
              Mean mixed layer mixing ratio: 17.50
              1000 hPa to 500 hPa thickness: 5774.00
Precipitable water [mm] for entire sounding: 57.37
</PRE>
<P>Description of the 
<A HREF="/upperair/columns.html">data columns</A>
or <A HREF="/upperair/indices.html">sounding indices</A>.

<P>
<FORM>
<INPUT CLASS="button" TYPE="button" VALUE=" Close this window " 
 onClick="window.close();">
<INPUT CLASS="button" TYPE="button" VALUE=" Select another map " 
 onClick="window.blur();">
</FORM>
<HR SIZE="1">
<I>Interested in graduate studies in atmospheric science?
Check out our program at the
<a href="http://www.uwyo.edu/atsc/howtoapply/"
target=_top>University of Wyoming
</a></I>
<HR SIZE="1"><FONT SIZE="-1">
Questions about the weather data provided by this site can be
addressed to <A HREF="mailto:ldoolman@uwyo.edu">
Larry Oolman (ldoolman@uwyo.edu)</A></FONT>
<HR SIZE="1">
<SCRIPT TYPE="text/javascript">
<!--
window.focus();
// -->
</SCRIPT>
</BODY>
</HTML>
