2013-06-27 00
<HTML>
<TITLE>University of Wyoming - Radiosonde Data</TITLE>
<BODY BGCOLOR="white">
<H2>96749 WIII Jakarta Observations at 00Z 27 Jun 2013</H2>
<PRE>
-----------------------------------------------------------------------------
   PRES   HGHT   TEMP   DWPT   RELH   MIXR   DRCT   SKNT   THTA   THTE   THTV
    hPa     m      C      C      %    g/kg    deg   knot     K      K      K 
-----------------------------------------------------------------------------
 1010.0      8   26.2   24.8     92  19.98    190      2  298.5  356.9  302.1
 1004.0     63   24.8   23.6     93  18.66    181      2  297.6  351.9  300.9
 1000.0     99   24.8   23.4     92  18.51    175      2  297.9  351.9  301.2
  977.0    304   25.2   21.3     79  16.61      0      0  300.4  349.3  303.4
  959.0    468   25.6   19.6     69  15.21     61      2  302.3  347.5  305.1
  945.0    597   24.5   18.9     71  14.73    110      4  302.5  346.2  305.1
  925.0    785   22.8   17.8     73  14.06    165      2  302.6  344.4  305.2
  913.0    898   22.0   17.2     74  13.73    195      2  302.9  343.9  305.4
  882.0   1197   20.0   15.7     76  12.89    225     12  303.8  342.4  306.2
  850.0   1517   17.8   14.1     79  12.04    230     10  304.8  341.0  307.0
  823.0   1792   16.3   12.8     79  11.39    235      8  306.1  340.5  308.1
  794.0   2098   14.7   11.3     80  10.70    285      6  307.5  340.1  309.4
  792.0   2120   14.6   11.2     80  10.66    284      6  307.6  340.1  309.6
  745.0   2636   11.8    6.8     71   8.39    270      7  309.9  336.0  311.5
  728.0   2829   11.4    1.4     50   5.85    265      8  311.6  330.1  312.7
  713.0   3003   10.2    1.3     54   5.93    260      8  312.1  330.9  313.3
  700.0   3156    9.2    1.2     57   6.00    260      8  312.6  331.7  313.8
  657.0   3678    6.0   -1.0     61   5.44    249      5  314.8  332.2  315.8
  650.0   3766    6.0   -9.0     33   2.99    248      5  315.7  325.7  316.3
  640.0   3893    5.4   -9.6     33   2.89    245      4  316.4  326.1  317.0
  631.0   4008    4.8  -10.2     33   2.80    206      3  317.0  326.4  317.6
  622.0   4125    4.4  -13.6     26   2.16    167      2  317.9  325.3  318.3
  617.0   4191    3.8  -10.2     35   2.88    145      2  317.9  327.6  318.4
  606.0   4337    2.4   -2.5     70   5.28    152      4  317.9  335.2  319.0
  594.0   4498    1.6   -3.4     69   5.04    160      6  318.8  335.4  319.8
  586.0   4607    2.6  -19.4     18   1.41    159      7  321.2  326.2  321.5
  555.0   5044    0.0  -14.0     34   2.35    155     13  323.2  331.3  323.6
  551.0   5102   -0.4  -14.3     34   2.31    155     14  323.4  331.4  323.8
  531.0   5394   -2.6  -15.7     36   2.12    130     17  324.2  331.6  324.6
  500.0   5870   -6.1  -18.1     38   1.85    125     19  325.5  332.1  325.9
  455.0   6600  -11.7  -17.7     61   2.10    107     17  327.4  334.9  327.8
  445.0   6770  -12.1  -13.3     91   3.10    103     16  329.0  339.8  329.6
  438.0   6891  -12.6  -14.9     83   2.75    100     16  329.8  339.5  330.4
  421.0   7192  -14.0  -19.0     66   2.03     85     16  331.8  339.1  332.2
  403.0   7524  -15.5  -23.5     50   1.44    102     16  334.0  339.4  334.3
  400.0   7580  -15.9  -21.9     60   1.67    105     16  334.2  340.4  334.6
  373.0   8103  -19.2  -24.5     63   1.42    130     10  336.6  341.9  336.9
  363.0   8307  -20.5  -25.5     64   1.33    129     10  337.5  342.5  337.8
  330.0   8998  -25.9  -30.6     65   0.92    125      8  339.4  342.9  339.6
  317.0   9290  -28.2  -32.7     65   0.78     85      8  340.1  343.2  340.3
  300.0   9690  -31.3  -35.6     66   0.62     65     16  341.1  343.6  341.3
  296.0   9785  -32.3  -39.3     50   0.43     62     17  341.0  342.8  341.1
  279.0  10196  -35.6  -40.4     62   0.41     50     19  342.0  343.7  342.1
  269.0  10450  -37.7  -41.0     71   0.40     52     19  342.6  344.2  342.7
  256.0  10789  -40.1  -45.1     59   0.27     54     19  344.0  345.1  344.0
  250.0  10950  -41.5                          55     19  344.2         344.2
  200.0  12420  -53.9                          60     31  347.2         347.2
  195.0  12578  -55.1                          65     33  347.8         347.8
  186.0  12872  -57.5                          70     41  348.7         348.7
  150.0  14210  -68.1                          80     27  352.6         352.6
  145.0  14409  -69.7                          85     21  353.2         353.2
  127.0  15187  -76.1                          94     26  355.3         355.3
  125.0  15278  -76.5                          95     27  356.2         356.2
  111.0  15955  -79.7                          75     37  362.5         362.5
  106.0  16218  -78.3                          65     35  370.0         370.0
  100.0  16550  -76.5                          45     21  379.7         379.7
   96.0  16786  -76.4                          30     14  384.3         384.3
   91.0  17095  -76.3                          55      6  390.4         390.4
   86.0  17421  -76.2                         195      8  397.0         397.0
   82.9  17633  -76.1                         180     10  401.4         401.4
   82.0  17697  -73.0                         175     10  409.0         409.0
   81.8  17711  -72.3                         173     10  410.7         410.7
   78.0  17992  -72.2                         130     10  416.6         416.6
   70.0  18630  -71.9                         145     16  430.2         430.2
   67.0  18888  -71.7                         180     21  436.1         436.1
   61.5  19394  -71.3                         153     16  447.8         447.8
   60.0  19542  -69.2                         145     14  455.5         455.5
   56.0  19958  -63.5                          18      6  477.7         477.7
   55.0  20068  -63.8                         345      4  479.5         479.5
   52.0  20410  -64.7                         350      6  485.2         485.2
   50.0  20650  -65.3                         325     10  489.2         489.2
   47.0  21029  -64.5                         300     12  499.9         499.9
   45.1  21281  -63.9                         289     15  507.2         507.2
   43.4  21519  -60.7                         280     17  520.6         520.6
   41.0  21873  -61.0                         265     21  528.5         528.5
   39.8  22058  -61.1                         264     23  532.7         532.7
   30.0  23850  -53.1                         255     43  599.3         599.3
   29.0  24070  -52.4                         255     49  607.0         607.0
   26.1  24753  -50.3                         266     39  631.5         631.5
   22.0  25857  -54.4                         285     23  651.0         651.0
   21.9  25886  -54.5                         285     23  651.5         651.5
   20.0  26470  -52.5                         270     27  674.7         674.7
   16.4  27768  -47.9                         256     28  729.0         729.0
   15.0  28366  -42.8                         250     29  764.6         764.6
   14.7  28502  -41.7                         254     33  772.8         772.8
   14.0  28829  -42.3                         265     43  781.5         781.5
   12.0  29865  -44.3                         240     58  809.6         809.6
   10.0  31090  -46.7                         260     47  844.1         844.1
    8.0  32559  -49.3                         250     58  889.4         889.4
    7.6  32896  -49.9                         254     48  900.1         900.1
    7.0  33445  -45.1                         260     33  941.4         941.4
    6.5  33939  -40.7                                     980.0         980.0
</PRE><H3>Station information and sounding indices</H3><PRE>
                         Station identifier: WIII
                             Station number: 96749
                           Observation time: 130627/0000
                           Station latitude: -6.11
                          Station longitude: 106.65
                          Station elevation: 8.0
                            Showalter index: 0.39
                               Lifted index: -3.02
    LIFT computed using virtual temperature: -3.72
                                SWEAT index: 208.21
                                    K index: 30.00
                         Cross totals index: 20.20
                      Vertical totals index: 23.90
                        Totals totals index: 44.10
      Convective Available Potential Energy: 933.84
             CAPE using virtual temperature: 1108.98
                      Convective Inhibition: -52.24
             CINS using virtual temperature: -36.11
                           Equilibrum Level: 177.88
 Equilibrum Level using virtual temperature: 177.06
                   Level of Free Convection: 832.26
             LFCT using virtual temperature: 862.50
                     Bulk Richardson Number: 491.89
          Bulk Richardson Number using CAPV: 584.15
  Temp [K] of the Lifted Condensation Level: 294.11
Pres [hPa] of the Lifted Condensation Level: 934.15
   Equivalent potential temp [K] of the LCL: 349.92
     Mean mixed layer potential temperature: 299.91
              Mean mixed layer mixing ratio: 17.10
              1000 hPa to 500 hPa thickness: 5771.00
Precipitable water [mm] for entire sounding: 48.60
</PRE>
<P>Description of the 
<A HREF="/upperair/columns.html">data columns</A>
or <A HREF="/upperair/indices.html">sounding indices</A>.

<P>
<FORM>
<INPUT CLASS="button" TYPE="button" VALUE=" Close this window " 
 onClick="window.close();">
<INPUT CLASS="button" TYPE="button" VALUE=" Select another map " 
 onClick="window.blur();">
</FORM>
<HR SIZE="1">
<I>Interested in graduate studies in atmospheric science?
Check out our program at the
<a href="http://www.uwyo.edu/atsc/howtoapply/"
target=_top>University of Wyoming
</a></I>
<HR SIZE="1"><FONT SIZE="-1">
Questions about the weather data provided by this site can be
addressed to <A HREF="mailto:ldoolman@uwyo.edu">
Larry Oolman (ldoolman@uwyo.edu)</A></FONT>
<HR SIZE="1">
<SCRIPT TYPE="text/javascript">
<!--
window.focus();
// -->
</SCRIPT>
</BODY>
</HTML>
