2014-05-19 12
<HTML>
<TITLE>University of Wyoming - Radiosonde Data</TITLE>
<BODY BGCOLOR="white">
<H2>96749 WIII Jakarta Observations at 00Z 19 May 2014</H2>
<PRE>
-----------------------------------------------------------------------------
   PRES   HGHT   TEMP   DWPT   RELH   MIXR   DRCT   SKNT   THTA   THTE   THTV
    hPa     m      C      C      %    g/kg    deg   knot     K      K      K 
-----------------------------------------------------------------------------
 1010.0      8   23.4   22.2     93  17.00    170      2  295.7  344.7  298.7
 1000.0     97   25.8   22.3     81  17.28    165      4  298.9  349.5  302.0
  977.0    302   24.9   21.0     79  16.27    150      6  300.0  347.9  303.0
  944.0    604   23.6   19.0     75  14.85    105      8  301.7  345.6  304.3
  925.0    783   22.8   17.8     73  14.06    115      8  302.6  344.4  305.2
  913.0    897   22.1   17.2     74  13.72    120      8  303.1  344.0  305.6
  889.0   1128   20.8   16.0     74  13.03    122      9  304.0  343.0  306.4
  878.0   1236   21.2   10.2     49   8.97    123      9  305.5  332.8  307.1
  852.0   1496   19.0   10.8     59   9.60    125     10  305.8  335.0  307.6
  850.0   1516   18.8   10.8     60   9.66    125     10  305.8  335.2  307.6
  811.0   1918   16.4    9.4     63   9.21    101     13  307.4  335.6  309.1
  794.0   2097   15.3    8.6     64   8.90     90     14  308.1  335.5  309.8
  746.0   2625   12.2    6.2     67   8.03     97     14  310.3  335.2  311.8
  745.0   2636   12.4    2.4     50   6.14     98     14  310.6  329.9  311.8
  700.0   3156    8.6    6.4     86   8.69    105     14  312.0  339.1  313.6
  687.0   3312    8.0    4.9     81   7.97    105     13  313.0  338.0  314.5
  671.0   3506    7.0    3.1     76   7.18    105     11  314.0  336.7  315.3
  640.0   3892    5.2    0.5     72   6.24    105      8  316.2  336.3  317.4
  617.0   4190    3.9   -1.5     68   5.59    100      8  318.0  336.2  319.1
  573.0   4793    1.1   -5.5     61   4.44    210      2  321.6  336.4  322.4
  562.0   4951    0.4   -6.6     59   4.17    210      2  322.5  336.5  323.3
  556.0   5037    0.0  -13.0     37   2.54    210      2  323.0  331.8  323.5
  552.0   5095   -0.4  -10.7     46   3.07    210      2  323.2  333.7  323.8
  547.0   5168   -0.9   -7.9     59   3.88    225      2  323.5  336.6  324.2
  542.0   5241   -1.3  -12.3     43   2.76    241      3  323.8  333.3  324.4
  531.0   5404   -2.4  -11.7     49   2.95    275      4  324.4  334.5  325.0
  511.0   5708   -4.5  -10.7     62   3.33    310      4  325.4  336.8  326.1
  504.0   5817   -5.3  -10.3     68   3.48    339      5  325.8  337.7  326.5
  500.0   5880   -5.9  -10.9     68   3.35    355      6  325.8  337.3  326.4
  492.0   6006   -6.8  -12.0     66   3.12     25      6  326.2  337.0  326.8
  474.0   6296   -8.8  -14.5     63   2.63    345      6  327.2  336.4  327.7
  466.0   6428   -9.7  -15.7     62   2.43     14      9  327.7  336.2  328.2
  456.0   6596   -9.8  -17.7     53   2.10     50     12  329.6  337.1  330.0
  450.0   6698   -9.9  -18.9     48   1.92     60     14  330.7  337.6  331.1
  443.0   6819  -10.3  -30.3     18   0.70     72     15  331.7  334.4  331.8
  421.0   7209  -12.2  -40.2      8   0.28    110     21  334.1  335.2  334.2
  400.0   7600  -14.1  -50.1      3   0.10    120     23  336.6  337.0  336.6
  390.0   7789  -15.4  -51.9      3   0.08    115     21  337.3  337.6  337.3
  361.0   8367  -19.5  -57.5      2   0.04    121     21  339.4  339.6  339.4
  345.0   8696  -21.8  -56.1      3   0.06    125     21  340.7  340.9  340.7
  305.0   9590  -28.1  -52.4      8   0.10    150     12  344.1  344.5  344.1
  300.0   9710  -28.9  -51.9      9   0.11    120      8  344.5  345.0  344.6
  297.0   9782  -29.3  -49.3     13   0.14    105      7  345.0  345.6  345.0
  292.0   9902  -30.5  -49.6     14   0.14     80      4  345.0  345.6  345.0
  254.0  10881  -40.1  -52.1     27   0.12     49     11  344.7  345.3  344.8
  250.0  10990  -40.9                          45     12  345.1         345.1
  246.0  11096  -41.8                          40     14  345.4         345.4
  236.0  11370  -44.0                          25     16  346.2         346.2
  206.0  12265  -51.3                          25      6  348.4         348.4
  200.0  12460  -52.9                          50      8  348.8         348.8
  196.0  12586  -54.0                          65      8  349.1         349.1
  179.0  13150  -58.9                          15     14  350.2         350.2
  154.0  14086  -67.1                           0     16  351.7         351.7
  150.0  14250  -68.5                           5     14  351.9         351.9
  140.0  14652  -71.4                          15      4  353.8         353.8
  132.0  14994  -73.9                         100      4  355.4         355.4
  120.0  15549  -77.9                         135     16  357.8         357.8
  115.0  15797  -79.7                         135     21  358.9         358.9
  113.0  15896  -79.2                         145     19  361.7         361.7
  110.0  16049  -78.3                         165     17  366.1         366.1
  102.0  16478  -79.4                         220     10  371.9         371.9
  100.0  16590  -79.7                         235     12  373.5         373.5
   97.0  16762  -80.1                         260     14  376.1         376.1
   92.0  17060  -80.7                         255     23  380.6         380.6
   85.9  17447  -81.5                         208     16  386.4         386.4
   83.0  17642  -80.7                         185     12  392.0         392.0
   78.0  17995  -79.1                         260     16  402.1         402.1
   70.0  18610  -76.5                         275     23  420.4         420.4
   68.7  18718  -76.3                         273     25  423.1         423.1
   67.0  18863  -76.0                         270     27  426.8         426.8
   64.0  19129  -75.4                         245     33  433.6         433.6
   58.3  19669  -74.3                         253     14  447.9         447.9
   57.0  19803  -73.2                         255     10  453.3         453.3
   54.0  20124  -70.6                         270     10  466.3         466.3
   50.0  20580  -66.9                         235     21  485.4         485.4
   49.0  20702  -66.0                         230     21  490.5         490.5
   47.0  20955  -64.0                         180     12  501.0         501.0
   46.5  21020  -63.5                         196     10  503.8         503.8
   45.1  21208  -59.9                         242      4  516.9         516.9
   45.0  21222  -59.9                         245      4  517.3         517.3
   43.0  21506  -59.5                         290     19  525.1         525.1
   39.0  22117  -58.6                         275     16  542.2         542.2
   37.0  22447  -58.1                         230     10  551.7         551.7
   35.0  22794  -57.6                         130     17  561.8         561.8
   33.0  23162  -57.0                          95     23  572.8         572.8
   32.6  23239  -56.9                          93     24  575.1         575.1
   30.0  23760  -58.9                          80     31  583.5         583.5
   29.7  23823  -59.1                          76     32  584.6         584.6
   28.2  24151  -54.5                          58     38  606.1         606.1
   28.0  24197  -54.5                          55     39  607.3         607.3
   25.0  24922  -54.6                          95     29  626.9         626.9
   22.0  25740  -54.8                          75     33  649.8         649.8
   20.0  26350  -54.9                          90     39  667.4         667.4
   18.9  26712  -54.7                          90     37  678.9         678.9
   18.0  27028  -51.5                          90     35  698.5         698.5
   17.2  27323  -48.5                          91     42  717.2         717.2
   14.0  28666  -51.5                          95     74  750.6         750.6
   13.8  28759  -51.7                          95     74  753.0         753.0
   13.4  28951  -52.1                          90     70  757.9         757.9
   11.0  30255  -44.0                          90     68  831.1         831.1
   10.7  30438  -42.9                                     841.9         841.9
</PRE><H3>Station information and sounding indices</H3><PRE>
                         Station identifier: WIII
                             Station number: 96749
                           Observation time: 140519/0000
                           Station latitude: -6.11
                          Station longitude: 106.65
                          Station elevation: 8.0
                            Showalter index: 3.06
                               Lifted index: -2.00
    LIFT computed using virtual temperature: -2.40
                                SWEAT index: 155.61
                                    K index: 33.30
                         Cross totals index: 16.70
                      Vertical totals index: 24.70
                        Totals totals index: 41.40
      Convective Available Potential Energy: 208.16
             CAPE using virtual temperature: 324.37
                      Convective Inhibition: -110.52
             CINS using virtual temperature: -69.38
                           Equilibrum Level: 233.69
 Equilibrum Level using virtual temperature: 233.70
                   Level of Free Convection: 748.30
             LFCT using virtual temperature: 793.36
                     Bulk Richardson Number: 74.31
          Bulk Richardson Number using CAPV: 115.80
  Temp [K] of the Lifted Condensation Level: 293.47
Pres [hPa] of the Lifted Condensation Level: 930.87
   Equivalent potential temp [K] of the LCL: 347.66
     Mean mixed layer potential temperature: 299.55
              Mean mixed layer mixing ratio: 16.43
              1000 hPa to 500 hPa thickness: 5783.00
Precipitable water [mm] for entire sounding: 47.85
</PRE>
<P>Description of the 
<A HREF="/upperair/columns.html">data columns</A>
or <A HREF="/upperair/indices.html">sounding indices</A>.

<P>
<FORM>
<INPUT CLASS="button" TYPE="button" VALUE=" Close this window " 
 onClick="window.close();">
<INPUT CLASS="button" TYPE="button" VALUE=" Select another map " 
 onClick="window.blur();">
</FORM>
<HR SIZE="1">
<I>Interested in graduate studies in atmospheric science?
Check out our program at the
<a href="http://www.uwyo.edu/atsc/howtoapply/"
target=_top>University of Wyoming
</a></I>
<HR SIZE="1"><FONT SIZE="-1">
Questions about the weather data provided by this site can be
addressed to <A HREF="mailto:ldoolman@uwyo.edu">
Larry Oolman (ldoolman@uwyo.edu)</A></FONT>
<HR SIZE="1">
<SCRIPT TYPE="text/javascript">
<!--
window.focus();
// -->
</SCRIPT>
</BODY>
</HTML>
