2013-05-26 00
<HTML>
<TITLE>University of Wyoming - Radiosonde Data</TITLE>
<BODY BGCOLOR="white">
<H2>96749 WIII Jakarta Observations at 00Z 26 May 2013</H2>
<PRE>
-----------------------------------------------------------------------------
   PRES   HGHT   TEMP   DWPT   RELH   MIXR   DRCT   SKNT   THTA   THTE   THTV
    hPa     m      C      C      %    g/kg    deg   knot     K      K      K 
-----------------------------------------------------------------------------
 1010.0      8   24.8   23.2     91  18.10    230      6  297.1  349.6  300.3
 1000.0     96   24.0   22.1     89  17.07    210      6  297.1  346.7  300.2
  983.0    246   23.2   21.1     88  16.31    173      6  297.8  345.3  300.7
  977.0    300   23.5   20.7     84  15.99    160      6  298.6  345.4  301.5
  960.0    454   24.4   19.5     74  15.10    165      9  301.0  345.6  303.8
  944.0    602   23.9   18.6     72  14.45    170     12  302.0  344.9  304.6
  925.0    780   23.4   17.4     69  13.70    165     10  303.2  344.1  305.7
  912.0    903   22.6   16.9     70  13.41    160      8  303.7  343.8  306.1
  881.0   1202   20.8   15.5     72  12.73    165      4  304.7  343.0  307.1
  851.0   1503   18.9   14.2     74  12.06    210      6  305.8  342.2  308.0
  850.0   1513   18.8   14.1     74  12.04    210      6  305.8  342.2  308.0
  794.0   2092   15.7   11.3     75  10.67    240     10  308.5  341.2  310.5
  766.0   2398   14.1    9.8     75  10.00    245      6  310.0  340.8  311.8
  739.0   2703   12.5    8.3     76   9.36    270      6  311.4  340.5  313.1
  722.0   2901   11.4    7.3     76   8.96    260      6  312.3  340.3  314.0
  713.0   3005   10.6    6.7     77   8.73    255      6  312.5  339.8  314.2
  700.0   3159    9.4    5.9     79   8.39    275      4  312.9  339.2  314.4
  664.0   3590    6.8    3.8     81   7.64    320      2  314.7  338.9  316.2
  640.0   3890    5.0    2.4     83   7.15    295      2  316.0  338.9  317.4
  617.0   4188    3.3    0.9     85   6.68    345      8  317.3  338.8  318.6
  594.0   4498    1.4   -0.6     87   6.22    345      6  318.6  338.8  319.8
  577.0   4735    0.0   -1.7     88   5.89      8      4  319.6  338.9  320.8
  572.0   4804   -0.3   -2.2     87   5.71     15      4  320.0  338.7  321.1
  551.0   5101   -1.7   -4.6     81   4.97     65      8  321.8  338.3  322.8
  511.0   5699   -4.5   -9.3     69   3.72     81     11  325.5  338.1  326.2
  500.0   5870   -5.9   -9.8     74   3.65     85     12  325.8  338.3  326.5
  479.0   6206   -7.7  -12.4     69   3.10     88     12  327.6  338.3  328.2
  438.0   6897  -11.6  -18.0     59   2.13     95     12  331.1  338.8  331.6
  425.0   7129  -12.9  -19.9     56   1.87     95     13  332.3  339.1  332.7
  414.0   7329  -14.1  -18.0     72   2.25     95     14  333.3  341.4  333.7
  407.0   7459  -14.7  -23.7     46   1.40     95     15  334.1  339.3  334.4
  400.0   7590  -15.7  -23.7     50   1.42     95     16  334.5  339.8  334.8
  396.0   7666  -16.1  -20.1     71   1.97     95     16  334.9  342.1  335.3
  375.0   8076  -17.7  -32.7     26   0.66     97     16  338.1  340.6  338.2
  331.0   8990  -24.6  -41.3     20   0.31    100     16  340.8  342.1  340.9
  300.0   9710  -30.1  -48.1     16   0.16    105     17  342.8  343.5  342.9
  281.0  10169  -33.9  -45.9     29   0.22    109     19  343.9  344.8  343.9
  253.0  10889  -40.1  -44.7     61   0.28    114     23  345.1  346.3  345.2
  250.0  10970  -40.7                         115     23  345.4         345.4
  245.0  11104  -41.9                         115     23  345.7         345.7
  200.0  12450  -53.7                         115     25  347.6         347.6
  161.0  13792  -65.0                         115     23  350.7         350.7
  150.0  14230  -68.7                          85     21  351.6         351.6
  139.0  14671  -72.4                          55     25  352.7         352.7
  115.0  15769  -81.7                          60     27  355.2         355.2
  112.0  15918  -80.8                          60     27  359.5         359.5
  107.0  16176  -79.3                          70     14  367.0         367.0
  103.0  16392  -78.1                         133      6  373.4         373.4
  101.0  16503  -78.6                         165      2  374.5         374.5
  100.0  16560  -78.9                         165      4  375.0         375.0
   91.0  17095  -80.0                         165      8  383.2         383.2
   88.4  17260  -80.3                         157     11  385.7         385.7
   86.0  17416  -80.0                         150     14  389.4         389.4
   82.0  17687  -79.5                          95     17  395.8         395.8
   74.0  18270  -78.3                          50     16  410.0         410.0
   73.9  18278  -78.3                          51     16  410.1         410.1
   70.0  18590  -75.3                          90     10  423.0         423.0
   68.0  18758  -74.9                          90     16  427.4         427.4
   63.0  19206  -72.9                          90     33  441.2         441.2
   57.0  19794  -70.3                         100     23  459.9         459.9
   55.7  19929  -69.7                          89     23  464.3         464.3
   54.4  20071  -64.7                          78     23  478.9         478.9
   54.0  20117  -64.2                          75     23  481.0         481.0
   52.1  20336  -61.9                          24     20  491.4         491.4
   50.0  20590  -62.7                         325     16  495.3         495.3
   49.0  20714  -63.1                         300     17  497.3         497.3
   47.0  20970  -63.8                         275     14  501.5         501.5
   46.7  21010  -63.9                         265     13  502.2         502.2
   42.0  21665  -61.7                          95      4  523.0         523.0
   41.0  21814  -61.2                         315     10  527.9         527.9
   39.0  22123  -60.2                         320     16  538.0         538.0
   38.8  22155  -60.1                         319     16  539.1         539.1
   35.0  22797  -60.7                         300     21  553.6         553.6
   34.0  22977  -60.9                         310     18  557.7         557.7
   33.0  23166  -58.9                         320     14  567.8         567.8
   31.0  23560  -54.7                         271     10  589.4         589.4
   30.0  23770  -53.7                         245      8  597.6         597.6
   29.0  23990  -53.2                         265     17  604.8         604.8
   28.0  24218  -52.7                         260     21  612.3         612.3
   25.0  24954  -51.1                         290     33  637.1         637.1
   23.0  25496  -49.9                         277     52  656.0         656.0
   22.0  25787  -50.1                         270     62  663.8         663.8
   20.0  26410  -50.5                         260     52  680.8         680.8
   19.0  26746  -49.9                         260     43  692.9         692.9
   18.0  27101  -49.2                         295     35  705.8         705.8
   16.5  27672  -48.1                         291     29  727.1         727.1
   16.0  27877  -47.8                         290     27  734.4         734.4
   14.0  28767  -46.5                         270     45  767.3         767.3
   12.0  29795  -45.0                         260     43  807.1         807.1
   10.0  31010  -43.3                         270     43  856.8         856.8
    9.0  31729  -41.6                         275     41  889.4         889.4
    7.0  33443  -37.6                         265     47  972.2         972.2
    6.7  33742  -36.9                                     987.4         987.4
</PRE><H3>Station information and sounding indices</H3><PRE>
                         Station identifier: WIII
                             Station number: 96749
                           Observation time: 130526/0000
                           Station latitude: -6.11
                          Station longitude: 106.65
                          Station elevation: 8.0
                            Showalter index: 0.10
                               Lifted index: -1.38
    LIFT computed using virtual temperature: -1.68
                                SWEAT index: 193.21
                                    K index: 35.30
                         Cross totals index: 20.00
                      Vertical totals index: 24.70
                        Totals totals index: 44.70
      Convective Available Potential Energy: 167.19
             CAPE using virtual temperature: 218.60
                      Convective Inhibition: -176.09
             CINS using virtual temperature: -143.34
                           Equilibrum Level: 386.26
 Equilibrum Level using virtual temperature: 382.48
                   Level of Free Convection: 696.73
             LFCT using virtual temperature: 708.94
                     Bulk Richardson Number: 60.43
          Bulk Richardson Number using CAPV: 79.02
  Temp [K] of the Lifted Condensation Level: 293.47
Pres [hPa] of the Lifted Condensation Level: 941.31
   Equivalent potential temp [K] of the LCL: 345.99
     Mean mixed layer potential temperature: 298.61
              Mean mixed layer mixing ratio: 16.26
              1000 hPa to 500 hPa thickness: 5774.00
Precipitable water [mm] for entire sounding: 54.84
</PRE>
<P>Description of the 
<A HREF="/upperair/columns.html">data columns</A>
or <A HREF="/upperair/indices.html">sounding indices</A>.

<P>
<FORM>
<INPUT CLASS="button" TYPE="button" VALUE=" Close this window " 
 onClick="window.close();">
<INPUT CLASS="button" TYPE="button" VALUE=" Select another map " 
 onClick="window.blur();">
</FORM>
<HR SIZE="1">
<I>Interested in graduate studies in atmospheric science?
Check out our program at the
<a href="http://www.uwyo.edu/atsc/howtoapply/"
target=_top>University of Wyoming
</a></I>
<HR SIZE="1"><FONT SIZE="-1">
Questions about the weather data provided by this site can be
addressed to <A HREF="mailto:ldoolman@uwyo.edu">
Larry Oolman (ldoolman@uwyo.edu)</A></FONT>
<HR SIZE="1">
<SCRIPT TYPE="text/javascript">
<!--
window.focus();
// -->
</SCRIPT>
</BODY>
</HTML>
