2015-05-30 00
<HTML>
<TITLE>University of Wyoming - Radiosonde Data</TITLE>
<BODY BGCOLOR="white">
<H2>96749 WIII Jakarta Observations at 00Z 30 May 2015</H2>
<PRE>
-----------------------------------------------------------------------------
   PRES   HGHT   TEMP   DWPT   RELH   MIXR   DRCT   SKNT   THTA   THTE   THTV
    hPa     m      C      C      %    g/kg    deg   knot     K      K      K 
-----------------------------------------------------------------------------
 1010.0      8   25.6   23.8     90  18.78    200      5  297.9  352.6  301.2
 1000.0    102   26.2   23.9     87  19.09    175      6  299.4  355.4  302.8
  978.0    298   25.1   22.0     83  17.37    115     10  300.2  351.3  303.3
  972.0    353   24.8   21.5     82  16.92    111     10  300.4  350.2  303.4
  945.0    600   23.7   20.4     82  16.27     95      8  301.6  349.8  304.6
  925.0    787   22.8   19.6     82  15.78    110      6  302.6  349.5  305.5
  913.0    901   22.2   18.4     79  14.81    115      6  303.1  347.2  305.8
  850.0   1522   18.8   11.8     64  10.33    105     12  305.8  337.1  307.7
  846.0   1563   18.4   11.4     64  10.10    105     12  305.8  336.5  307.7
  825.0   1778   17.0   12.0     72  10.79    105     11  306.5  339.3  308.5
  811.0   1924   17.8   -0.2     30   4.67    105     11  308.9  323.7  309.8
  794.0   2104   16.3    2.9     41   5.97    105     10  309.2  327.9  310.3
  762.0   2453   13.4    8.9     74   9.48    105      9  309.7  338.9  311.5
  741.0   2689   13.8    3.8     51   6.83    105      8  312.6  334.2  313.9
  740.0   2700   13.8    2.4     46   6.20    105      8  312.8  332.4  313.9
  729.0   2827   14.2  -12.8     14   1.97     94      9  314.5  321.2  314.9
  719.0   2943   14.4  -16.6     10   1.46     84      9  316.0  321.0  316.2
  700.0   3168   13.2  -16.8     11   1.47     65     10  317.1  322.2  317.4
  689.0   3299   12.3  -16.0     12   1.60     55     10  317.5  323.0  317.8
  641.0   3897    8.1  -12.6     22   2.28     65      8  319.3  327.1  319.8
  618.0   4199    5.9  -10.8     29   2.72     35      2  320.2  329.5  320.8
  602.0   4417    4.4   -9.6     35   3.08    129      3  320.9  331.3  321.5
  596.0   4498    3.9  -11.7     31   2.64    165      4  321.2  330.2  321.7
  575.0   4789    2.0  -19.0     19   1.49    136      6  322.3  327.6  322.6
  574.0   4803    1.9  -18.6     20   1.54    135      6  322.3  327.8  322.6
  558.0   5031    0.0  -12.0     40   2.75    148      9  322.7  332.1  323.2
  533.0   5394   -2.8  -14.4     41   2.37    170     14  323.6  331.8  324.1
  500.0   5900   -6.7  -17.7     41   1.91    180      8  324.8  331.6  325.2
  493.0   6010   -7.5  -22.5     29   1.28    185      6  325.1  329.8  325.4
  475.0   6298   -9.1  -26.4     23   0.94      5      2  326.7  330.1  326.9
  470.0   6380   -9.5  -27.5     22   0.86     12      3  327.1  330.3  327.3
  462.0   6512  -10.1  -21.1     40   1.55     23      4  328.0  333.6  328.3
  439.0   6903  -12.5  -27.2     28   0.95     55      8  329.8  333.3  330.0
  437.0   6938  -12.7  -27.7     27   0.90     59      8  329.9  333.3  330.1
  405.0   7516  -14.4  -38.9     11   0.33    120     14  335.0  336.3  335.0
  400.0   7610  -14.7  -40.7      9   0.27    120     14  335.8  336.9  335.9
  396.0   7686  -15.3  -41.3      9   0.26    119     14  336.0  337.1  336.0
  331.0   9001  -25.4  -47.4     11   0.16    105     23  339.9  340.5  339.9
  302.0   9673  -30.5  -50.5     12   0.12     96     25  341.6  342.2  341.6
  300.0   9720  -30.5  -55.5      7   0.07     95     25  342.3  342.6  342.3
  292.0   9907  -32.1  -55.6      8   0.07    105     23  342.6  342.9  342.6
  256.0  10819  -40.1  -56.1     16   0.08    109     20  344.0  344.3  344.0
  250.0  10980  -41.5                         110     19  344.2         344.2
  245.0  11114  -42.6                         110     19  344.6         344.6
  224.0  11708  -47.6                         135     12  345.9         345.9
  204.0  12329  -52.8                         100     10  347.0         347.0
  200.0  12460  -53.9                         105     10  347.2         347.2
  195.0  12617  -55.1                         115      8  347.8         347.8
  177.0  13216  -59.9                          80     17  349.8         349.8
  153.0  14117  -66.9                          90     10  352.6         352.6
  150.0  14240  -67.9                          80     12  352.9         352.9
  146.0  14399  -69.1                          75     14  353.6         353.6
  132.0  14992  -73.7                          95     16  355.8         355.8
  125.0  15313  -76.1                          76     14  356.9         356.9
  118.0  15646  -75.4                          55     12  364.1         364.1
  112.0  15948  -74.8                          85     10  370.7         370.7
  111.0  16000  -74.7                          97     11  371.9         371.9
  107.0  16212  -76.2                         145     16  373.0         373.0
  103.0  16431  -77.7                         142     18  374.2         374.2
  101.0  16543  -77.8                         140     19  376.0         376.0
  100.0  16600  -77.9                         125     17  377.0         377.0
   91.0  17137  -80.2                          30     12  382.7         382.7
   90.7  17155  -80.3                          15     10  382.9         382.9
   88.1  17321  -78.3                         319     16  390.1         390.1
   87.0  17392  -78.6                         295     19  390.9         390.9
   78.0  18010  -81.1                         265     14  398.1         398.1
   76.6  18113  -81.5                         245     14  399.3         399.3
   70.0  18620  -80.9                         120     14  411.0         411.0
   63.0  19219  -78.8                          70     29  428.2         428.2
   60.0  19497  -77.8                          70     23  436.5         436.5
   58.0  19690  -77.1                          75     29  442.3         442.3
   53.2  20193  -71.7                          86     45  465.8         465.8
   50.0  20560  -70.9                          95     56  476.0         476.0
   49.0  20680  -70.6                          95     60  479.5         479.5
   48.1  20790  -70.3                          92     61  482.7         482.7
   46.3  21028  -68.1                          85     64  493.3         493.3
   46.0  21069  -67.8                          85     64  495.1         495.1
   38.0  22263  -56.8                          85     64  550.6         550.6
   33.3  23088  -49.3                          57     19  591.7         591.7
   33.0  23147  -49.4                          55     16  592.9         592.9
   32.0  23348  -49.9                         240      8  596.9         596.9
   30.0  23770  -50.9                         205     10  605.3         605.3
   29.0  23989  -51.1                         155     12  610.7         610.7
   26.0  24696  -51.7                         120     16  628.4         628.4
   23.9  25241  -52.1                         189     13  642.4         642.4
   23.0  25491  -51.4                         220     12  651.6         651.6
   22.0  25780  -50.5                         275     16  662.5         662.5
   20.0  26400  -48.7                         280     25  686.3         686.3
   18.5  26914  -48.3                         280     27  703.0         703.0
   12.0  29796  -45.3                         280     35  806.1         806.1
   11.0  30375  -44.8                         250     37  828.5         828.5
   10.0  31010  -44.1                         255     29  853.8         853.8
    8.3  32266  -41.5                         238     26  910.7         910.7
    8.0  32518  -40.0                         235     25  926.3         926.3
    7.6  32868  -37.9                                     948.4         948.4
</PRE><H3>Station information and sounding indices</H3><PRE>
                         Station identifier: WIII
                             Station number: 96749
                           Observation time: 150530/0000
                           Station latitude: -6.11
                          Station longitude: 106.65
                          Station elevation: 8.0
                            Showalter index: 1.39
                               Lifted index: -4.35
    LIFT computed using virtual temperature: -5.10
                                SWEAT index: 173.61
                                    K index: 7.30
                         Cross totals index: 18.50
                      Vertical totals index: 25.50
                        Totals totals index: 44.00
      Convective Available Potential Energy: 1114.88
             CAPE using virtual temperature: 1305.59
                      Convective Inhibition: -47.69
             CINS using virtual temperature: -27.63
                           Equilibrum Level: 159.56
 Equilibrum Level using virtual temperature: 159.16
                   Level of Free Convection: 826.41
             LFCT using virtual temperature: 860.28
                     Bulk Richardson Number: 1947.32
          Bulk Richardson Number using CAPV: 2280.42
  Temp [K] of the Lifted Condensation Level: 294.91
Pres [hPa] of the Lifted Condensation Level: 942.82
   Equivalent potential temp [K] of the LCL: 352.02
     Mean mixed layer potential temperature: 299.92
              Mean mixed layer mixing ratio: 17.77
              1000 hPa to 500 hPa thickness: 5798.00
Precipitable water [mm] for entire sounding: 40.53
</PRE>
<P>Description of the 
<A HREF="/upperair/columns.html">data columns</A>
or <A HREF="/upperair/indices.html">sounding indices</A>.

<P>
<FORM>
<INPUT CLASS="button" TYPE="button" VALUE=" Close this window " 
 onClick="window.close();">
<INPUT CLASS="button" TYPE="button" VALUE=" Select another map " 
 onClick="window.blur();">
</FORM>
<HR SIZE="1">
<I>Interested in graduate studies in atmospheric science?
Check out our program at the
<a href="http://www.uwyo.edu/atsc/howtoapply/"
target=_top>University of Wyoming
</a></I>
<HR SIZE="1"><FONT SIZE="-1">
Questions about the weather data provided by this site can be
addressed to <A HREF="mailto:ldoolman@uwyo.edu">
Larry Oolman (ldoolman@uwyo.edu)</A></FONT>
<HR SIZE="1">
<SCRIPT TYPE="text/javascript">
<!--
window.focus();
// -->
</SCRIPT>
</BODY>
</HTML>
