2014-01-04 12
<HTML>
<TITLE>University of Wyoming - Radiosonde Data</TITLE>
<BODY BGCOLOR="white">
<H2>96749 WIII Jakarta Observations at 00Z 04 Jan 2014</H2>
<PRE>
-----------------------------------------------------------------------------
   PRES   HGHT   TEMP   DWPT   RELH   MIXR   DRCT   SKNT   THTA   THTE   THTV
    hPa     m      C      C      %    g/kg    deg   knot     K      K      K 
-----------------------------------------------------------------------------
 1010.0      8   24.6   23.6     94  18.55    260      6  296.9  350.7  300.2
 1008.0     27   26.4   22.9     81  17.80    261      6  298.9  350.9  302.1
 1000.0    101   26.0   22.3     80  17.28    265      8  299.1  349.8  302.2
  978.0    296   25.1   21.1     78  16.40    275     14  300.2  348.4  303.1
  925.0    786   23.0   18.1     74  14.34    240     16  302.8  345.5  305.4
  913.0    900   22.1   17.7     76  14.13    235     16  303.1  345.2  305.6
  889.0   1131   20.4   16.8     80  13.73    235     15  303.6  344.6  306.1
  850.0   1518   17.6   14.9     84  12.69    235     14  304.6  342.7  306.9
  794.0   2098   14.4   12.2     87  11.40    235     17  307.1  341.8  309.2
  781.0   2239   13.6   11.6     88  11.10    239     17  307.7  341.6  309.8
  714.0   2993   10.9    5.0     67   7.72    260     14  312.7  337.0  314.2
  712.0   3016   10.8    4.8     66   7.63    259     14  312.9  336.9  314.3
  700.0   3158    9.4    3.4     66   7.03    255     16  312.9  335.1  314.2
  642.0   3871    5.6   -0.4     65   5.82    231     14  316.4  335.2  317.5
  640.0   3897    5.4   -0.7     65   5.71    230     14  316.5  334.9  317.6
  617.0   4194    3.5   -4.3     56   4.51    200     10  317.6  332.4  318.4
  602.0   4394    2.2   -6.8     51   3.84    196     10  318.3  331.0  319.1
  581.0   4680    0.0   -3.5     77   5.11    190     11  319.0  335.8  320.0
  500.0   5870   -6.3   -9.0     81   3.89    165     12  325.3  338.5  326.1
  473.0   6303   -8.9  -13.4     70   2.89    161     13  327.3  337.3  327.9
  438.0   6897  -11.5  -23.8     35   1.29    155     14  331.3  336.1  331.6
  435.0   6950  -11.7  -24.7     33   1.19    156     13  331.6  336.1  331.9
  405.0   7495  -14.8  -22.7     51   1.54    165      8  334.5  340.2  334.8
  400.0   7590  -15.3  -22.3     55   1.61    170      6  335.0  340.9  335.3
  389.0   7798  -17.1  -23.3     59   1.52    180      2  335.4  341.0  335.7
  374.0   8093  -19.6  -24.6     64   1.39    230      2  335.9  341.1  336.1
  364.0   8295  -21.3  -25.6     68   1.32    210      2  336.2  341.1  336.4
  345.0   8689  -23.0  -31.2     47   0.83    170      2  339.0  342.2  339.2
  336.0   8883  -23.9  -33.9     39   0.65    165      3  340.4  343.0  340.5
  300.0   9700  -30.9  -35.9     61   0.60    145      8  341.7  344.1  341.8
  292.0   9887  -32.4  -37.1     63   0.54    145      6  342.2  344.4  342.4
  280.0  10178  -34.7  -39.1     64   0.46    115      4  343.0  344.9  343.1
  268.0  10481  -37.1  -41.1     66   0.39     60      6  343.8  345.4  343.9
  254.0  10852  -40.1  -43.6     69   0.32     72      6  344.7  346.1  344.8
  250.0  10960  -40.9                          75      6  345.1         345.1
  235.0  11370  -44.5                          75      4  345.9         345.9
  225.0  11659  -46.9                          10      4  346.4         346.4
  205.0  12276  -52.3                         165      4  347.4         347.4
  200.0  12440  -53.7                         160      6  347.6         347.6
  153.0  14097  -68.6                         135     25  349.7         349.7
  150.0  14220  -69.7                         140     25  349.8         349.8
  138.0  14702  -73.9                         140     17  350.9         350.9
  125.0  15274  -78.8                         105     17  352.0         352.0
  118.0  15608  -81.7                          70     27  352.6         352.6
  112.0  15902  -80.0                          65     49  361.1         361.1
  109.0  16056  -79.1                          68     39  365.5         365.5
  104.0  16324  -76.3                          72     21  375.8         375.8
  101.0  16493  -76.9                          75     10  377.8         377.8
  100.0  16550  -77.1                          85     10  378.5         378.5
   96.0  16783  -77.6                         125     14  382.0         382.0
   91.0  17088  -78.2                         110     21  386.6         386.6
   86.0  17410  -78.9                          60     21  391.5         391.5
   82.0  17681  -79.5                          30     17  395.7         395.7
   80.5  17786  -79.7                          28     13  397.4         397.4
   78.3  17945  -75.7                          25      7  408.8         408.8
   78.0  17967  -75.5                          25      6  409.6         409.6
   74.0  18275  -73.4                         335     10  420.3         420.3
   70.0  18600  -71.1                         310     16  431.9         431.9
   67.0  18859  -70.2                         245     14  439.2         439.2
   66.5  18903  -70.1                         246     14  440.5         440.5
   57.0  19815  -70.4                         265     23  459.6         459.6
   52.0  20358  -70.6                         230     16  471.3         471.3
   50.7  20508  -70.7                         236     17  474.6         474.6
   50.0  20590  -69.9                         240     17  478.4         478.4
   45.8  21118  -64.3                         257     20  504.0         504.0
   45.0  21227  -64.2                         260     21  506.9         506.9
   42.0  21651  -63.6                         270     21  518.3         518.3
   35.0  22772  -62.3                         245     17  549.6         549.6
   33.0  23134  -61.8                         230     17  560.1         560.1
   32.0  23323  -61.6                         260     14  565.6         565.6
   30.0  23720  -61.1                         220     10  577.5         577.5
   29.0  23930  -61.0                         255     14  583.4         583.4
   27.7  24215  -60.9                         249     11  591.4         591.4
   27.0  24375  -59.0                         245     10  600.9         600.9
   26.0  24612  -56.3                         270     14  615.2         615.2
   25.0  24860  -56.5                         295     19  621.5         621.5
   22.0  25668  -57.2                         305     17  642.6         642.6
   20.0  26270  -57.7                         275     17  658.8         658.8
   19.0  26593  -58.2                         230     12  667.0         667.0
   18.8  26660  -58.3                         214     13  668.7         668.7
   18.0  26938  -57.3                         150     16  680.3         680.3
   17.0  27304  -55.9                         125     27  695.8         695.8
   16.0  27692  -54.5                         120     29  712.6         712.6
   14.0  28546  -51.4                          75     41  750.9         750.9
   13.6  28732  -50.7                          76     42  759.5         759.5
   13.1  28978  -47.1                          77     44  780.1         780.1
   12.0  29554  -49.4                          80     47  791.6         791.6
   11.7  29721  -50.1                                     795.0         795.0
</PRE><H3>Station information and sounding indices</H3><PRE>
                         Station identifier: WIII
                             Station number: 96749
                           Observation time: 140104/0000
                           Station latitude: -6.11
                          Station longitude: 106.65
                          Station elevation: 8.0
                            Showalter index: -0.48
                               Lifted index: -2.77
    LIFT computed using virtual temperature: -3.11
                                SWEAT index: 218.82
                                    K index: 32.80
                         Cross totals index: 21.20
                      Vertical totals index: 23.90
                        Totals totals index: 45.10
      Convective Available Potential Energy: 629.41
             CAPE using virtual temperature: 754.28
                      Convective Inhibition: -55.34
             CINS using virtual temperature: -42.80
                           Equilibrum Level: 186.66
 Equilibrum Level using virtual temperature: 183.56
                   Level of Free Convection: 827.31
             LFCT using virtual temperature: 852.44
                     Bulk Richardson Number: 90.99
          Bulk Richardson Number using CAPV: 109.04
  Temp [K] of the Lifted Condensation Level: 293.57
Pres [hPa] of the Lifted Condensation Level: 927.50
   Equivalent potential temp [K] of the LCL: 348.67
     Mean mixed layer potential temperature: 299.97
              Mean mixed layer mixing ratio: 16.61
              1000 hPa to 500 hPa thickness: 5769.00
Precipitable water [mm] for entire sounding: 54.05
</PRE>
<P>Description of the 
<A HREF="/upperair/columns.html">data columns</A>
or <A HREF="/upperair/indices.html">sounding indices</A>.

<P>
<FORM>
<INPUT CLASS="button" TYPE="button" VALUE=" Close this window " 
 onClick="window.close();">
<INPUT CLASS="button" TYPE="button" VALUE=" Select another map " 
 onClick="window.blur();">
</FORM>
<HR SIZE="1">
<I>Interested in graduate studies in atmospheric science?
Check out our program at the
<a href="http://www.uwyo.edu/atsc/howtoapply/"
target=_top>University of Wyoming
</a></I>
<HR SIZE="1"><FONT SIZE="-1">
Questions about the weather data provided by this site can be
addressed to <A HREF="mailto:ldoolman@uwyo.edu">
Larry Oolman (ldoolman@uwyo.edu)</A></FONT>
<HR SIZE="1">
<SCRIPT TYPE="text/javascript">
<!--
window.focus();
// -->
</SCRIPT>
</BODY>
</HTML>
