2015-06-17 12
<HTML>
<TITLE>University of Wyoming - Radiosonde Data</TITLE>
<BODY BGCOLOR="white">
<H2>96749 WIII Jakarta Observations at 00Z 17 Jun 2015</H2>
<PRE>
-----------------------------------------------------------------------------
   PRES   HGHT   TEMP   DWPT   RELH   MIXR   DRCT   SKNT   THTA   THTE   THTV
    hPa     m      C      C      %    g/kg    deg   knot     K      K      K 
-----------------------------------------------------------------------------
 1009.0      8   23.8   21.1     85  15.88    170      4  296.2  342.1  299.0
 1000.0     86   24.8   20.3     76  15.24    155      6  297.9  342.4  300.7
  996.0    121   25.4   20.4     74  15.40    149      7  298.9  343.9  301.6
  976.0    299   24.2   19.6     75  14.92    120     10  299.4  343.2  302.1
  925.0    769   21.0   17.4     80  13.70     80     10  300.8  341.2  303.2
  917.0    844   20.8   15.8     73  12.46     74     10  301.3  338.2  303.6
  911.0    901   20.5   14.8     70  11.75     70     10  301.6  336.5  303.7
  892.0   1083   19.6   11.6     60   9.71     58      6  302.5  331.5  304.2
  880.0   1200   18.6   13.0     70  10.77     50      4  302.6  334.8  304.5
  864.0   1357   17.2   14.8     86  12.40     26      5  302.7  339.7  305.0
  850.0   1497   17.0   12.9     77  11.12      5      6  303.9  337.3  306.0
  834.0   1660   17.2    8.2     55   8.24     18      7  305.8  331.0  307.3
  821.0   1794   16.4   10.4     68   9.73     29      8  306.3  335.9  308.1
  820.0   1804   16.3   10.2     67   9.61     30      8  306.4  335.6  308.2
  796.0   2057   15.0    5.0     51   6.92      5      1  307.6  329.0  308.8
  791.0   2110   15.2    1.9     41   5.59      0      0  308.4  325.9  309.4
  775.0   2284   16.0   -8.0     18   2.71     38      6  311.0  319.9  311.5
  764.0   2404   15.3   -7.2     20   2.93     65     10  311.6  321.2  312.1
  738.0   2697   13.8   -5.3     26   3.51     80     12  312.9  324.4  313.6
  716.0   2952   12.4   -3.6     33   4.11    105     12  314.1  327.5  314.9
  712.0   2999   12.1   -4.2     32   3.95    110     12  314.3  327.2  315.0
  700.0   3141   11.0   -6.0     30   3.51    110     12  314.6  326.2  315.3
  660.0   3627    7.0   -9.0     31   2.95     94     12  315.5  325.3  316.0
  638.0   3904    4.6   -2.9     58   4.86     85     12  315.9  331.6  316.8
  634.0   3955    4.2   -1.8     65   5.32     82     12  315.9  333.1  316.9
  618.0   4163    3.6   -9.4     38   3.05     72     14  317.5  327.8  318.1
  615.0   4202    3.5   -9.9     37   2.94     70     14  317.8  327.7  318.4
  610.0   4268    3.2  -10.8     35   2.76     72     14  318.3  327.6  318.8
  579.0   4689    1.6  -19.4     19   1.43     82     12  321.2  326.2  321.5
  562.0   4928    0.0  -13.0     37   2.51     88     10  322.0  330.7  322.5
  530.0   5392   -3.9  -12.5     51   2.78    100      8  322.8  332.3  323.3
  519.0   5558   -5.3  -12.3     58   2.88     70      7  323.1  332.9  323.6
  510.0   5695   -6.0  -13.4     56   2.68     45      6  323.9  333.1  324.4
  500.0   5850   -6.7  -14.7     53   2.46     40     10  324.8  333.4  325.3
  493.0   5961   -6.9  -15.9     49   2.26     36     13  325.9  333.8  326.3
  491.0   5993   -6.8  -18.0     41   1.90     35     14  326.4  333.1  326.7
  476.0   6236   -6.1  -34.1      9   0.45     47     14  330.1  331.9  330.2
  475.0   6253   -6.1  -26.1     19   0.96     48     14  330.3  333.9  330.5
  472.0   6302   -6.5  -25.4     21   1.03     50     14  330.5  334.3  330.7
  455.0   6589   -8.7  -21.7     34   1.49     45     16  331.2  336.6  331.5
  454.0   6606   -8.8  -22.0     34   1.46     45     16  331.2  336.6  331.5
  420.0   7205  -12.5  -32.2     18   0.61     95     14  334.0  336.4  334.1
  404.0   7504  -14.3  -37.3     12   0.39     91     16  335.4  336.9  335.4
  400.0   7580  -14.9  -36.9     13   0.41     90     16  335.5  337.2  335.6
  373.0   8095  -18.9  -37.1     18   0.43     85     19  337.1  338.8  337.1
  343.0   8712  -23.6  -37.4     27   0.45     95     19  338.8  340.6  338.9
  326.0   9087  -26.5  -37.5     35   0.47     80     20  339.8  341.6  339.9
  316.0   9309  -28.1  -38.7     35   0.43     70     21  340.6  342.3  340.7
  300.0   9680  -30.7  -40.7     37   0.37     75     21  342.0  343.5  342.1
  266.0  10521  -38.2  -45.8     45   0.24     75     23  343.0  344.0  343.1
  258.0  10735  -40.1  -47.1     47   0.21     70     23  343.2  344.1  343.2
  250.0  10950  -41.7                          65     23  343.9         343.9
  200.0  12420  -53.9                          40     35  347.2         347.2
  185.0  12902  -58.0                          35     43  348.4         348.4
  177.0  13176  -60.4                          35     47  349.0         349.0
  168.0  13499  -63.1                          35     47  349.6         349.6
  152.0  14118  -68.4                          30     45  350.7         350.7
  150.0  14200  -69.1                          35     45  350.9         350.9
  131.0  14987  -74.8                          70     37  354.5         354.5
  114.0  15795  -80.7                          90     27  357.9         357.9
  104.0  16316  -78.5                          98     30  371.6         371.6
  101.0  16483  -79.0                         100     31  373.9         373.9
  100.0  16540  -79.1                         100     29  374.6         374.6
   97.2  16702  -78.1                         106     23  379.6         379.6
   95.3  16816  -71.5                         109     20  394.7         394.7
   95.0  16835  -71.6                         110     19  394.9         394.9
   82.0  17696  -74.7                          80     16  405.5         405.5
   81.3  17746  -74.9                          53     15  406.1         406.1
   78.5  17951  -71.9                         305      9  416.4         416.4
   78.0  17988  -72.1                         285      8  416.8         416.8
   74.0  18295  -73.5                         260      8  420.0         420.0
   70.0  18620  -75.1                         320      6  423.4         423.4
   67.5  18832  -73.7                          64      3  430.8         430.8
   67.0  18876  -73.0                          85      2  433.4         433.4
   62.7  19271  -66.3                          49     16  456.4         456.4
   60.0  19537  -66.4                          25     25  461.9         461.9
   57.0  19847  -66.5                          10     23  468.4         468.4
   52.0  20403  -66.8                         100     19  480.2         480.2
   50.0  20640  -66.9                         115     21  485.4         485.4
   49.0  20762  -66.8                         120     21  488.4         488.4
   47.6  20937  -66.7                         105     21  492.8         492.8
   45.0  21281  -66.0                          75     21  502.3         502.3
   40.0  22001  -64.7                         110     25  522.9         522.9
   35.0  22818  -63.2                          95     14  547.2         547.2
   33.0  23178  -62.5                         125     19  558.3         558.3
   32.0  23366  -62.1                         110     23  564.2         564.2
   31.9  23385  -62.1                         107     23  564.8         564.8
   30.0  23770  -56.5                          45     23  590.0         590.0
   28.9  24008  -55.9                          15     18  598.0         598.0
   28.0  24212  -55.5                         350     14  604.6         604.6
   26.0  24689  -54.5                         290     17  620.4         620.4
   23.0  25479  -52.8                         245     23  647.4         647.4
   22.0  25766  -52.2                         245     17  657.5         657.5
   21.0  26066  -51.6                         270     23  668.2         668.2
   20.0  26380  -50.9                         270     31  679.6         679.6
   18.5  26887  -51.1                         266     37  694.3         694.3
   18.0  27066  -51.0                         265     39  700.1         700.1
   17.0  27438  -50.7                         285     23  712.5         712.5
   16.9  27476  -50.7                         285     24  713.8         713.8
   16.1  27795  -46.7                         285     30  736.7         736.7
   14.0  28730  -45.6                         285     49  770.5         770.5
   12.0  29761  -44.4                         260     51  809.6         809.6
   11.0  30343  -43.7                         270     37  832.5         832.5
   10.0  30980  -42.9                         265     35  858.3         858.3
    9.0  31690  -42.8                         275     31  884.9         884.9
    8.2  32318  -42.7                         275     34  909.1         909.1
    8.0                                       275     35                     
</PRE><H3>Station information and sounding indices</H3><PRE>
                         Station identifier: WIII
                             Station number: 96749
                           Observation time: 150617/0000
                           Station latitude: -6.11
                          Station longitude: 106.65
                          Station elevation: 8.0
                            Showalter index: 1.32
                               Lifted index: -0.99
    LIFT computed using virtual temperature: -1.41
                                SWEAT index: 176.81
                                    K index: 19.60
                         Cross totals index: 19.60
                      Vertical totals index: 23.70
                        Totals totals index: 43.30
      Convective Available Potential Energy: 25.93
             CAPE using virtual temperature: 61.63
                      Convective Inhibition: -231.51
             CINS using virtual temperature: -136.20
                           Equilibrum Level: 489.23
 Equilibrum Level using virtual temperature: 485.47
                   Level of Free Convection: 640.14
             LFCT using virtual temperature: 663.29
                     Bulk Richardson Number: 5.36
          Bulk Richardson Number using CAPV: 12.74
  Temp [K] of the Lifted Condensation Level: 291.86
Pres [hPa] of the Lifted Condensation Level: 919.07
   Equivalent potential temp [K] of the LCL: 342.89
     Mean mixed layer potential temperature: 299.00
              Mean mixed layer mixing ratio: 15.02
              1000 hPa to 500 hPa thickness: 5764.00
Precipitable water [mm] for entire sounding: 37.53
</PRE>
<P>Description of the 
<A HREF="/upperair/columns.html">data columns</A>
or <A HREF="/upperair/indices.html">sounding indices</A>.

<P>
<FORM>
<INPUT CLASS="button" TYPE="button" VALUE=" Close this window " 
 onClick="window.close();">
<INPUT CLASS="button" TYPE="button" VALUE=" Select another map " 
 onClick="window.blur();">
</FORM>
<HR SIZE="1">
<I>Interested in graduate studies in atmospheric science?
Check out our program at the
<a href="http://www.uwyo.edu/atsc/howtoapply/"
target=_top>University of Wyoming
</a></I>
<HR SIZE="1"><FONT SIZE="-1">
Questions about the weather data provided by this site can be
addressed to <A HREF="mailto:ldoolman@uwyo.edu">
Larry Oolman (ldoolman@uwyo.edu)</A></FONT>
<HR SIZE="1">
<SCRIPT TYPE="text/javascript">
<!--
window.focus();
// -->
</SCRIPT>
</BODY>
</HTML>
