2015-09-23 12
<HTML>
<TITLE>University of Wyoming - Radiosonde Data</TITLE>
<BODY BGCOLOR="white">
<H2>96749 WIII Jakarta Observations at 00Z 23 Sep 2015</H2>
<PRE>
-----------------------------------------------------------------------------
   PRES   HGHT   TEMP   DWPT   RELH   MIXR   DRCT   SKNT   THTA   THTE   THTV
    hPa     m      C      C      %    g/kg    deg   knot     K      K      K 
-----------------------------------------------------------------------------
 1012.0      8   23.6   18.7     74  13.60    210      4  295.7  335.0  298.1
 1000.0    111   25.6   18.6     65  13.67    180      6  298.8  338.8  301.2
  988.0    218   26.0   20.0     70  15.14    146      7  300.2  344.7  302.9
  979.0    298   25.5   19.5     69  14.77    120      8  300.4  344.0  303.1
  925.0    796   22.2   16.2     69  12.68     95     16  302.0  339.7  304.3
  924.0    805   22.2   16.2     69  12.69     95     16  302.1  339.8  304.4
  914.0    900   22.1   15.2     65  12.01     95     19  302.9  338.8  305.1
  891.0   1122   21.8   12.8     57  10.53     93     18  304.8  336.6  306.8
  850.0   1530   18.8    9.8     56   9.02     90     16  305.8  333.3  307.5
  827.0   1765   16.8   11.9     73  10.69     94     14  306.1  338.5  308.1
  824.0   1796   16.6   11.9     74  10.75     95     14  306.2  338.8  308.2
  812.0   1921   15.6   12.0     79  10.96    101     17  306.4  339.7  308.5
  801.0   2037   16.0    5.0     48   6.87    107     20  308.1  329.4  309.4
  795.0   2101   15.8    2.6     41   5.83    110     21  308.5  326.8  309.6
  777.0   2295   15.2   -4.8     25   3.46    117     25  309.9  321.1  310.6
  768.0   2392   14.4   -5.0     26   3.44    120     27  310.1  321.2  310.7
  700.0   3167    8.2   -6.8     34   3.30    140     12  311.5  322.3  312.2
  689.0   3297    7.3   -7.5     34   3.17    145     10  311.9  322.3  312.5
  648.0   3799    3.8  -10.2     35   2.73    212     10  313.5  322.6  314.0
  617.0   4194    2.2  -13.0     31   2.29    265     10  316.1  323.9  316.6
  575.0   4762    0.0  -17.0     27   1.77    298      8  319.9  326.1  320.3
  572.0   4804   -0.3  -13.2     37   2.44    300      8  320.1  328.4  320.6
  567.0   4874   -0.7   -6.7     64   4.10    298      8  320.4  334.1  321.2
  565.0   4903   -0.3  -19.3     22   1.48    297      8  321.2  326.4  321.5
  561.0   4959   -0.1  -25.1     13   0.89    295      9  322.1  325.3  322.3
  553.0   5074   -1.3   -8.3     59   3.72    291      9  322.0  334.5  322.7
  552.0   5088   -1.1  -18.1     26   1.68    290      9  322.4  328.3  322.7
  531.0   5397   -2.5  -28.5     12   0.69    280     10  324.3  326.9  324.4
  511.0   5699   -5.2  -17.3     38   1.94    295     14  324.6  331.5  325.0
  500.0   5870   -6.7  -10.9     72   3.35    295     16  324.8  336.3  325.5
  494.0   5965   -7.5  -11.2     75   3.31    293     16  324.9  336.3  325.6
  485.0   6108   -7.9  -11.7     74   3.24    290     17  326.2  337.3  326.8
  482.0   6157   -7.3  -15.3     53   2.43    289     17  327.5  336.0  328.0
  455.0   6603  -10.5  -17.9     55   2.07    280     19  328.9  336.3  329.4
  437.0   6916  -12.7  -19.7     56   1.85    298     19  329.9  336.6  330.3
  421.0   7200  -13.6  -28.6     27   0.87    315     19  332.3  335.6  332.5
  413.0   7347  -14.1  -33.1     18   0.57    311     18  333.5  335.8  333.6
  400.0   7590  -15.1  -34.1     18   0.54    305     17  335.3  337.4  335.4
  374.0   8093  -17.4  -40.1     12   0.31    285     14  338.8  340.1  338.8
  359.0   8399  -18.8  -43.8      9   0.22    265     14  340.9  341.8  340.9
  347.0   8653  -19.9  -46.9      7   0.16    282     14  342.7  343.4  342.7
  305.0   9590  -28.6  -49.4     12   0.14    345     12  343.4  343.9  343.4
  300.0   9710  -29.7  -49.7     13   0.14    345     14  343.4  344.0  343.4
  254.0  10872  -40.1  -54.1     21   0.10    345      9  344.7  345.2  344.8
  250.0  10980  -40.9                         345      8  345.1         345.1
  245.0  11113  -42.0                         345      8  345.5         345.5
  224.0  11703  -46.9                         350     12  346.9         346.9
  214.0  12004  -49.4                         330     14  347.6         347.6
  200.0  12450  -53.1                         350     19  348.5         348.5
  186.0  12904  -56.7                           0     17  350.0         350.0
  169.0  13504  -61.4                         320     10  351.9         351.9
  154.0  14085  -66.0                         120     10  353.5         353.5
  150.0  14250  -67.3                         130     10  354.0         354.0
  139.0  14693  -70.3                         150     10  356.4         356.4
  132.0  14993  -72.4                         110      8  358.0         358.0
  113.0  15897  -78.6                          65     21  362.8         362.8
  111.0  16001  -79.3                          69     20  363.3         363.3
  103.0  16423  -78.9                          88     17  371.9         371.9
  102.0  16478  -79.3                          90     17  372.2         372.2
  100.0  16590  -80.1                          85     19  372.7         372.7
   96.4  16797  -81.7                          80     21  373.5         373.5
   91.0  17123  -80.1                          60     17  382.9         382.9
   89.7  17204  -79.7                          66     18  385.3         385.3
   88.6  17274  -76.5                          72     19  393.0         393.0
   82.0  17726  -73.6                         105     23  407.8         407.8
   79.7  17892  -72.5                         111     17  413.3         413.3
   78.0  18020  -68.4                         115     12  424.4         424.4
   77.8  18035  -67.9                         121     12  425.7         425.7
   74.0  18336  -68.5                         230      6  430.7         430.7
   70.0  18670  -69.1                         245     17  436.2         436.2
   64.0  19204  -69.8                         245     19  446.0         446.0
   59.9  19599  -70.3                         235     10  453.4         453.4
   58.0  19794  -69.1                         230      6  460.2         460.2
   55.0  20114  -67.2                         130      2  471.7         471.7
   52.0  20453  -65.1                         130      4  484.1         484.1
   50.0  20690  -63.7                          90      6  492.9         492.9
   45.0  21341  -61.3                         335     14  513.8         513.8
   42.7  21665  -60.1                         311     13  524.5         524.5
   39.0  22227  -61.0                         270     12  536.0         536.0
   37.0  22553  -61.5                         225      6  542.8         542.8
   36.0  22723  -61.8                         265      8  546.4         546.4
   34.2  23041  -62.3                         272     12  553.1         553.1
   31.0  23655  -57.8                         285     19  581.0         581.0
   30.0  23860  -56.3                         280     23  590.6         590.6
   29.0  24077  -54.6                         275     25  601.1         601.1
   28.4  24210  -53.5                         284     27  607.6         607.6
   28.0  24303  -53.1                         290     29  611.1         611.1
   27.0  24540  -52.2                         275     31  620.0         620.0
   26.0  24786  -51.3                         265     31  629.4         629.4
   23.0  25585  -48.3                         250     21  660.7         660.7
   22.1  25845  -47.3                         263     21  671.2         671.2
   21.0  26180  -49.0                         280     21  675.9         675.9
   20.2  26435  -50.3                         275     25  679.5         679.5
   20.0  26500  -50.5                         265     23  680.8         680.8
   19.0  26833  -51.1                         245     19  689.1         689.1
   17.7  27294  -51.9                         255     20  700.6         700.6
   17.0  27556  -51.2                         260     21  710.9         710.9
   16.3  27829  -50.5                                     721.8         721.8
</PRE><H3>Station information and sounding indices</H3><PRE>
                         Station identifier: WIII
                             Station number: 96749
                           Observation time: 150923/0000
                           Station latitude: -6.11
                          Station longitude: 106.65
                          Station elevation: 8.0
                            Showalter index: 3.10
                               Lifted index: -0.45
    LIFT computed using virtual temperature: -0.69
                                SWEAT index: 165.62
                                    K index: 20.30
                         Cross totals index: 16.50
                      Vertical totals index: 25.50
                        Totals totals index: 42.00
      Convective Available Potential Energy: 35.05
             CAPE using virtual temperature: 103.60
                      Convective Inhibition: -227.65
             CINS using virtual temperature: -161.76
                           Equilibrum Level: 436.83
 Equilibrum Level using virtual temperature: 432.36
                   Level of Free Convection: 693.08
             LFCT using virtual temperature: 726.08
                     Bulk Richardson Number: 90.28
          Bulk Richardson Number using CAPV: 266.87
  Temp [K] of the Lifted Condensation Level: 290.74
Pres [hPa] of the Lifted Condensation Level: 899.72
   Equivalent potential temp [K] of the LCL: 341.52
     Mean mixed layer potential temperature: 299.66
              Mean mixed layer mixing ratio: 14.29
              1000 hPa to 500 hPa thickness: 5759.00
Precipitable water [mm] for entire sounding: 36.20
</PRE>
<P>Description of the 
<A HREF="/upperair/columns.html">data columns</A>
or <A HREF="/upperair/indices.html">sounding indices</A>.

<P>
<FORM>
<INPUT CLASS="button" TYPE="button" VALUE=" Close this window " 
 onClick="window.close();">
<INPUT CLASS="button" TYPE="button" VALUE=" Select another map " 
 onClick="window.blur();">
</FORM>
<HR SIZE="1">
<I>Interested in graduate studies in atmospheric science?
Check out our program at the
<a href="http://www.uwyo.edu/atsc/howtoapply/"
target=_top>University of Wyoming
</a></I>
<HR SIZE="1"><FONT SIZE="-1">
Questions about the weather data provided by this site can be
addressed to <A HREF="mailto:ldoolman@uwyo.edu">
Larry Oolman (ldoolman@uwyo.edu)</A></FONT>
<HR SIZE="1">
<SCRIPT TYPE="text/javascript">
<!--
window.focus();
// -->
</SCRIPT>
</BODY>
</HTML>
