2014-04-02 12
<HTML>
<TITLE>University of Wyoming - Radiosonde Data</TITLE>
<BODY BGCOLOR="white">
<H2>96749 WIII Jakarta Observations at 00Z 02 Apr 2014</H2>
<PRE>
-----------------------------------------------------------------------------
   PRES   HGHT   TEMP   DWPT   RELH   MIXR   DRCT   SKNT   THTA   THTE   THTV
    hPa     m      C      C      %    g/kg    deg   knot     K      K      K 
-----------------------------------------------------------------------------
 1008.0      8   25.2   24.3     95  19.41    180      4  297.7  354.2  301.1
 1000.0     81   25.8   24.8     94  20.19    155      4  298.9  358.1  302.6
  976.0    295   24.9   22.7     87  18.14     85      8  300.1  353.5  303.4
  925.0    769   23.0   18.0     73  14.24     85     14  302.8  345.2  305.4
  911.0    902   22.1   17.5     75  14.02     90     16  303.2  345.0  305.7
  872.0   1282   19.4   16.1     81  13.38     84     15  304.2  344.3  306.7
  861.0   1391   19.4   13.4     68  11.34     82     14  305.3  339.6  307.4
  850.0   1502   18.4   14.3     77  12.20     80     14  305.4  342.2  307.6
  793.0   2094   15.2   12.4     83  11.51     85     17  308.1  343.2  310.2
  765.0   2400   13.5   11.4     87  11.17     80     19  309.5  343.8  311.6
  763.0   2422   13.4   11.3     87  11.14     81     19  309.6  343.8  311.6
  738.0   2702   12.2    9.4     83  10.13     95     16  311.3  342.7  313.2
  700.0   3146   10.4    6.4     76   8.69     90     14  314.0  341.3  315.6
  660.0   3635    7.4    3.3     75   7.40     85     14  315.9  339.5  317.3
  616.0   4198    3.7    0.1     77   6.29     80     14  317.9  338.3  319.1
  584.0   4634    0.8   -2.4     79   5.52     81     15  319.5  337.5  320.5
  576.0   4745    0.8   -8.2     51   3.60     82     15  320.7  332.8  321.4
  564.0   4914    0.0  -10.0     47   3.19     82     15  321.7  332.5  322.3
  540.0   5261   -2.7   -4.4     88   5.14     83     15  322.5  339.6  323.5
  510.0   5713   -5.1   -6.4     90   4.67     85     16  324.9  340.7  325.9
  500.0   5870   -5.9   -7.1     91   4.52     80     16  325.8  341.1  326.7
  494.0   5964   -6.7   -7.5     94   4.43     77     16  325.9  340.9  326.8
  491.0   6012   -6.4   -8.4     85   4.16     75     16  326.9  341.1  327.7
  487.0   6076   -5.9   -9.6     75   3.81     78     16  328.2  341.4  329.0
  463.0   6470   -8.1  -14.1     62   2.79     94     16  330.3  340.1  330.8
  461.0   6503   -7.7  -20.7     34   1.60     96     16  331.2  337.0  331.5
  455.0   6604   -8.4  -20.5     37   1.66    100     16  331.5  337.6  331.9
  424.0   7148  -12.3  -19.3     56   1.97    100     16  333.3  340.5  333.7
  400.0   7590  -14.9  -25.9     39   1.16    100     16  335.5  339.9  335.8
  378.0   8015  -17.9  -29.9     34   0.85    100     14  337.0  340.3  337.2
  374.0   8094  -18.4  -30.8     33   0.79    100     14  337.4  340.4  337.5
  359.0   8398  -20.5  -34.2     28   0.59    120     14  338.6  340.9  338.7
  356.0   8460  -20.9  -34.9     27   0.56    119     13  338.8  341.1  338.9
  334.0   8927  -24.1  -42.1     17   0.28    114      9  340.7  341.9  340.8
  327.0   9081  -25.5  -34.5     43   0.63    113      8  340.8  343.3  341.0
  317.0   9305  -27.0  -38.9     31   0.42    110      6  341.8  343.5  341.9
  310.0   9466  -28.1  -42.1     25   0.31     99      8  342.4  343.7  342.5
  304.0   9605  -28.8  -42.8     25   0.29     90     10  343.4  344.6  343.4
  300.0   9700  -29.3  -43.3     25   0.28     90     10  344.0  345.1  344.0
  268.0  10495  -35.9  -45.5     37   0.25    105     16  345.7  346.7  345.7
  257.0  10790  -38.3  -46.3     43   0.23     99     14  346.2  347.2  346.3
  250.0  10980  -39.9  -50.9     30   0.14     95     12  346.6  347.2  346.6
  235.0  11390  -43.4                         105      6  347.5         347.5
  224.0  11708  -46.1                          80      6  348.1         348.1
  205.0  12296  -51.1                         155      6  349.2         349.2
  200.0  12460  -52.5                         150      6  349.5         349.5
  178.0  13185  -58.6                         120      4  351.4         351.4
  162.0  13771  -63.5                         135      4  352.7         352.7
  150.0  14250  -67.5                         205      6  353.6         353.6
  146.0  14406  -68.7                         225      6  354.2         354.2
  132.0  14989  -73.3                         205      6  356.4         356.4
  107.0  16202  -82.8                         220     10  360.4         360.4
  105.0  16311  -83.7                         237      9  360.7         360.7
  100.0  16580  -84.9                         280      8  363.4         363.4
   91.0  17098  -87.2                         350     16  368.8         368.8
   89.9  17165  -87.5                         355     14  369.5         369.5
   86.0  17407  -87.5                          25      4  374.2         374.2
   83.1  17594  -87.5                          62      7  377.9         377.9
   81.0  17736  -85.2                          90     10  385.4         385.4
   77.0  18018  -80.7                          90     12  400.4         400.4
   76.5  18054  -80.1                          72     13  402.4         402.4
   73.0  18328  -68.6                         300     19  432.0         432.0
   72.9  18336  -68.3                         299     19  432.9         432.9
   70.0  18580  -68.5                         280     25  437.5         437.5
   66.0  18928  -69.4                         255     21  443.0         443.0
   57.0  19797  -71.6                         270     43  457.0         457.0
   55.0  20008  -72.1                         269     41  460.5         460.5
   50.0  20570  -70.5                         265     37  476.9         476.9
   49.0  20691  -70.2                         265     35  480.3         480.3
   44.0  21334  -68.9                         260     19  498.7         498.7
   42.1  21598  -68.3                         262     14  506.4         506.4
   40.0  21911  -62.0                         265      8  529.7         529.7
   39.4  22004  -60.1                         315      8  536.8         536.8
   38.0  22230  -60.2                          75      8  542.1         542.1
   35.0  22743  -60.4                         330     16  554.5         554.5
   33.2  23073  -60.5                         249     11  562.6         562.6
   33.0  23111  -60.1                         240     10  564.6         564.6
   32.0  23304  -58.1                         170     12  575.0         575.0
   30.0  23710  -58.9                         140     10  583.5         583.5
   26.0  24598  -62.9                         115     14  596.5         596.5
   25.0  24845  -61.4                          45      6  607.7         607.7
   24.0  25102  -59.7                         145      8  619.5         619.5
   20.0  26250  -52.5                         105     35  674.7         674.7
   19.6  26381  -51.1                          99     41  682.9         682.9
   19.0  26584  -50.9                          90     49  689.6         689.6
   16.0  27707  -49.9                          75     37  727.6         727.6
   14.0  28580  -49.1                          85     51  758.5         758.5
   13.0  29064  -48.7                          95     54  776.2         776.2
   12.6  29271  -45.1                                     795.8         795.8
</PRE><H3>Station information and sounding indices</H3><PRE>
                         Station identifier: WIII
                             Station number: 96749
                           Observation time: 140402/0000
                           Station latitude: -6.11
                          Station longitude: 106.65
                          Station elevation: 8.0
                            Showalter index: 0.11
                               Lifted index: -4.18
    LIFT computed using virtual temperature: -4.57
                                SWEAT index: 215.62
                                    K index: 34.60
                         Cross totals index: 20.20
                      Vertical totals index: 24.30
                        Totals totals index: 44.50
      Convective Available Potential Energy: 1267.06
             CAPE using virtual temperature: 1430.68
                      Convective Inhibition: -25.64
             CINS using virtual temperature: -13.27
                           Equilibrum Level: 149.19
 Equilibrum Level using virtual temperature: 149.15
                   Level of Free Convection: 873.10
             LFCT using virtual temperature: 893.23
                     Bulk Richardson Number: 144.00
          Bulk Richardson Number using CAPV: 162.60
  Temp [K] of the Lifted Condensation Level: 295.62
Pres [hPa] of the Lifted Condensation Level: 951.42
   Equivalent potential temp [K] of the LCL: 353.88
     Mean mixed layer potential temperature: 299.88
              Mean mixed layer mixing ratio: 18.44
              1000 hPa to 500 hPa thickness: 5789.00
Precipitable water [mm] for entire sounding: 56.90
</PRE>
<P>Description of the 
<A HREF="/upperair/columns.html">data columns</A>
or <A HREF="/upperair/indices.html">sounding indices</A>.

<P>
<FORM>
<INPUT CLASS="button" TYPE="button" VALUE=" Close this window " 
 onClick="window.close();">
<INPUT CLASS="button" TYPE="button" VALUE=" Select another map " 
 onClick="window.blur();">
</FORM>
<HR SIZE="1">
<I>Interested in graduate studies in atmospheric science?
Check out our program at the
<a href="http://www.uwyo.edu/atsc/howtoapply/"
target=_top>University of Wyoming
</a></I>
<HR SIZE="1"><FONT SIZE="-1">
Questions about the weather data provided by this site can be
addressed to <A HREF="mailto:ldoolman@uwyo.edu">
Larry Oolman (ldoolman@uwyo.edu)</A></FONT>
<HR SIZE="1">
<SCRIPT TYPE="text/javascript">
<!--
window.focus();
// -->
</SCRIPT>
</BODY>
</HTML>
