2014-08-14 12
<HTML>
<TITLE>University of Wyoming - Radiosonde Data</TITLE>
<BODY BGCOLOR="white">
<H2>96749 WIII Jakarta Observations at 00Z 14 Aug 2014</H2>
<PRE>
-----------------------------------------------------------------------------
   PRES   HGHT   TEMP   DWPT   RELH   MIXR   DRCT   SKNT   THTA   THTE   THTV
    hPa     m      C      C      %    g/kg    deg   knot     K      K      K 
-----------------------------------------------------------------------------
 1011.0      8   24.6   22.3     87  17.09    130      4  296.8  346.4  299.9
 1010.0     17   26.0   22.3     80  17.11    129      4  298.3  348.2  301.4
 1000.0    108   25.6   22.1     81  17.07    120      8  298.8  348.6  301.8
  979.0    294   24.6   20.8     79  16.04    100     16  299.5  346.6  302.4
  925.0    792   21.8   17.2     75  13.53    100     16  301.6  341.7  304.0
  914.0    895   21.1   16.6     75  13.19    100     16  301.9  341.1  304.3
  850.0   1521   17.0   13.1     78  11.27     95     16  303.9  337.8  306.0
  819.0   1838   15.6   10.6     72   9.89     87     14  305.7  335.7  307.5
  794.0   2100   14.4    7.0     61   7.96     80     12  307.1  331.6  308.6
  748.0   2603   12.0    0.0     44   5.14     63     11  309.8  326.1  310.8
  714.0   2991   10.2   -6.7     30   3.25     50     10  311.9  322.6  312.6
  700.0   3156    9.4   -9.6     25   2.65     55     10  312.9  321.6  313.4
  672.0   3494    8.0   -8.0     31   3.13     70      7  315.0  325.3  315.6
  664.0   3592    7.4   -8.2     32   3.13     75      6  315.3  325.7  315.9
  640.0   3895    5.4   -8.6     36   3.14     65      4  316.4  326.9  317.0
  617.0   4192    3.0   -3.7     62   4.74     95      2  316.9  332.4  317.9
  612.0   4259    2.4   -2.6     70   5.19     90      2  317.1  333.9  318.1
  594.0   4499    1.4   -6.9     54   3.87     70      4  318.6  331.5  319.4
  572.0   4803    0.2  -12.2     39   2.62     65      6  320.6  329.6  321.1
  569.0   4846    0.0  -13.0     37   2.48     61      6  320.9  329.4  321.4
  551.0   5102   -1.4  -15.4     34   2.11     35      6  322.1  329.5  322.6
  531.0   5396   -3.1  -18.1     30   1.74     35      7  323.6  329.7  323.9
  511.0   5699   -5.3  -18.4     35   1.77     35      8  324.5  330.8  324.9
  500.0   5870   -6.5  -18.5     38   1.79     50      6  325.1  331.4  325.4
  466.0   6416   -8.9  -26.9     22   0.91     84      9  328.7  332.1  328.9
  455.0   6599   -9.9  -28.1     21   0.84     95     10  329.7  332.8  329.9
  438.0   6890  -11.5  -30.0     20   0.73     95     10  331.3  334.1  331.4
  421.0   7193  -13.1  -32.0     19   0.63    115     12  333.0  335.4  333.1
  415.0   7302  -13.7  -32.7     19   0.59    116     11  333.6  335.9  333.7
  400.0   7580  -16.1  -34.1     20   0.54    120     10  334.0  336.1  334.1
  377.0   8024  -19.5  -36.5     21   0.45    120      5  335.2  337.0  335.3
  375.0   8063  -18.5  -41.5     11   0.27    120      4  337.0  338.1  337.1
  373.0   8102  -18.8  -41.8     11   0.26    120      4  337.1  338.2  337.2
  359.0   8381  -20.9  -43.7     11   0.22     95      8  338.0  338.9  338.0
  344.0   8692  -23.3  -45.9     11   0.18    140      8  338.9  339.7  339.0
  317.0   9288  -27.8  -50.1     10   0.12    155     12  340.6  341.2  340.6
  304.0   9593  -30.2  -52.2     10   0.10    130      6  341.4  341.9  341.5
  300.0   9690  -30.9  -52.9     10   0.09    115      4  341.7  342.1  341.7
  291.0   9903  -32.7  -56.6      7   0.06     80      2  342.2  342.5  342.2
  267.0  10504  -37.7  -67.0      3   0.02    110      4  343.4  343.5  343.4
  256.0  10798  -40.1  -72.1      2   0.01     45     12  344.0  344.0  344.0
  250.0  10960  -41.3                          50     14  344.5         344.5
  224.0  11683  -47.5                          45     19  346.0         346.0
  200.0  12430  -53.9                          40     21  347.2         347.2
  195.0  12587  -55.3                          40     19  347.6         347.6
  153.0  14087  -68.4                          95     12  350.0         350.0
  150.0  14210  -69.5                          90     12  350.2         350.2
  140.0  14618  -73.1                          73     14  350.8         350.8
  138.0  14700  -73.4                          70     14  351.7         351.7
  106.0  16215  -79.5                          85     27  367.6         367.6
  101.0  16493  -80.7                         105     33  370.6         370.6
  100.0  16550  -80.9                         100     35  371.2         371.2
   96.0  16785  -77.5                          85     39  382.1         382.1
   91.0  17094  -73.1                          75     23  396.8         396.8
   86.7  17373  -69.1                           2     12  410.4         410.4
   86.0  17421  -69.1                         350     10  411.2         411.2
   82.0  17703  -69.3                         300     17  416.5         416.5
   74.0  18311  -69.7                         260     14  428.1         428.1
   71.0  18556  -69.8                         265      8  432.9         432.9
   70.0  18640  -69.9                         270      8  434.5         434.5
   68.8  18744  -69.5                         284     10  437.5         437.5
   67.0  18904  -69.3                         305     14  441.2         441.2
   50.0  20670  -67.7                         250     23  483.5         483.5
   47.5  20979  -67.3                         250     11  491.6         491.6
   47.0  21044  -67.1                         250      8  493.6         493.6
   45.0  21310  -66.3                         130     10  501.8         501.8
   41.0  21878  -64.5                         105     23  519.6         519.6
   36.8  22538  -62.5                          96     36  541.1         541.1
   34.0  23031  -61.3                          90     45  556.8         556.8
   30.0  23810  -59.3                         100     54  582.4         582.4
   25.2  24915  -56.7                         100     64  619.5         619.5
   25.0  24966  -56.6                         100     64  621.3         621.3
   24.0  25224  -56.0                          90     64  630.3         630.3
   20.0  26380  -53.3                          70     54  672.3         672.3
   18.0  27060  -52.0                          60     52  697.0         697.0
   17.6  27204  -51.7                          63     52  702.4         702.4
   14.0  28704  -49.4                          95     47  757.5         757.5
   10.0  30910  -46.1                          85     51  846.4         846.4
    9.9  30977  -45.9                                     849.5         849.5
</PRE><H3>Station information and sounding indices</H3><PRE>
                         Station identifier: WIII
                             Station number: 96749
                           Observation time: 140814/0000
                           Station latitude: -6.11
                          Station longitude: 106.65
                          Station elevation: 8.0
                            Showalter index: 1.33
                               Lifted index: -2.26
    LIFT computed using virtual temperature: -2.88
                                SWEAT index: 195.21
                                    K index: 17.60
                         Cross totals index: 19.60
                      Vertical totals index: 23.50
                        Totals totals index: 43.10
      Convective Available Potential Energy: 314.86
             CAPE using virtual temperature: 514.27
                      Convective Inhibition: -43.19
             CINS using virtual temperature: -26.30
                           Equilibrum Level: 232.72
 Equilibrum Level using virtual temperature: 232.98
                   Level of Free Convection: 778.23
             LFCT using virtual temperature: 864.47
                     Bulk Richardson Number: 93.78
          Bulk Richardson Number using CAPV: 153.18
  Temp [K] of the Lifted Condensation Level: 293.23
Pres [hPa] of the Lifted Condensation Level: 930.39
   Equivalent potential temp [K] of the LCL: 346.73
     Mean mixed layer potential temperature: 299.35
              Mean mixed layer mixing ratio: 16.20
              1000 hPa to 500 hPa thickness: 5762.00
Precipitable water [mm] for entire sounding: 40.90
</PRE>
<P>Description of the 
<A HREF="/upperair/columns.html">data columns</A>
or <A HREF="/upperair/indices.html">sounding indices</A>.

<P>
<FORM>
<INPUT CLASS="button" TYPE="button" VALUE=" Close this window " 
 onClick="window.close();">
<INPUT CLASS="button" TYPE="button" VALUE=" Select another map " 
 onClick="window.blur();">
</FORM>
<HR SIZE="1">
<I>Interested in graduate studies in atmospheric science?
Check out our program at the
<a href="http://www.uwyo.edu/atsc/howtoapply/"
target=_top>University of Wyoming
</a></I>
<HR SIZE="1"><FONT SIZE="-1">
Questions about the weather data provided by this site can be
addressed to <A HREF="mailto:ldoolman@uwyo.edu">
Larry Oolman (ldoolman@uwyo.edu)</A></FONT>
<HR SIZE="1">
<SCRIPT TYPE="text/javascript">
<!--
window.focus();
// -->
</SCRIPT>
</BODY>
</HTML>
