2014-09-11 12
<HTML>
<TITLE>University of Wyoming - Radiosonde Data</TITLE>
<BODY BGCOLOR="white">
<H2>96749 WIII Jakarta Observations at 00Z 11 Sep 2014</H2>
<PRE>
-----------------------------------------------------------------------------
   PRES   HGHT   TEMP   DWPT   RELH   MIXR   DRCT   SKNT   THTA   THTE   THTV
    hPa     m      C      C      %    g/kg    deg   knot     K      K      K 
-----------------------------------------------------------------------------
 1011.0      8   24.4   21.3     83  16.05    160      2  296.6  343.1  299.5
 1000.0    108   24.6   19.9     75  14.86    150      4  297.8  341.0  300.4
  988.0    214   24.8   19.9     74  15.04    139      6  299.0  343.0  301.7
  978.0    303   24.2   19.1     73  14.45    130      8  299.2  341.6  301.8
  945.0    603   22.1   16.4     70  12.60    100     12  300.1  337.3  302.4
  930.0    742   21.2   15.2     69  11.81    100     14  300.5  335.4  302.6
  925.0    789   20.8   15.8     73  12.35    100     14  300.6  337.1  302.8
  913.0    901   19.7   16.1     79  12.75    100     16  300.6  338.2  302.9
  883.0   1189   17.0   16.8     99  13.82    100     17  300.6  341.4  303.1
  882.0   1199   17.0   16.8     99  13.79    100     17  300.7  341.4  303.2
  850.0   1514   15.8   15.0     95  12.77    125      8  302.7  340.7  305.0
  810.0   1924   14.4   11.2     81  10.42    149      5  305.4  336.9  307.3
  794.0   2093   15.0    1.0     39   5.21    159      4  307.8  324.1  308.8
  793.0   2103   14.9    1.2     39   5.29    160      4  307.8  324.4  308.8
  770.0   2352   12.8    5.8     62   7.56    189      2  308.1  331.5  309.5
  765.0   2406   13.1    0.4     42   5.17    195      2  309.0  325.3  310.0
  763.0   2428   13.2   -1.8     35   4.41    203      2  309.4  323.4  310.2
  739.0   2695   11.3   -0.4     44   5.05    295      6  310.1  326.1  311.1
  712.0   3006    9.1    1.2     58   5.91    335     10  311.0  329.7  312.1
  706.0   3076    8.6    1.6     61   6.12    355     11  311.2  330.5  312.4
  700.0   3147    9.2   -4.8     37   3.84     15     12  312.6  325.1  313.4
  698.0   3171    9.4   -7.6     29   3.11     21     12  313.1  323.3  313.7
  687.0   3302    9.4  -16.6     14   1.53     55     14  314.5  319.8  314.8
  675.0   3448    9.4  -26.6      6   0.65     67     14  316.1  318.5  316.2
  663.0   3596    8.4  -26.4      6   0.67     80     14  316.7  319.1  316.8
  616.0   4199    4.6  -25.4      9   0.79     70     16  319.0  321.8  319.1
  607.0   4319    3.8  -25.2     10   0.82     74     16  319.4  322.4  319.6
  552.0   5085    0.0  -15.0     31   2.17     99     16  323.7  331.3  324.1
  511.0   5697   -4.5  -17.1     37   1.97    120     16  325.5  332.5  325.9
  500.0   5870   -5.7  -17.7     38   1.91    120     14  326.0  332.8  326.4
  494.0   5965   -6.5  -17.5     41   1.97    119     14  326.2  333.1  326.6
  455.0   6600  -12.7  -19.5     57   1.80    110     14  326.1  332.5  326.5
  448.0   6720  -13.9  -19.9     60   1.77     98     15  326.1  332.4  326.4
  442.0   6823  -12.9  -24.9     36   1.15     88     16  328.6  332.9  328.9
  437.0   6909  -13.4  -26.4     33   1.02     80     17  329.1  332.9  329.3
  420.0   7210  -15.1  -31.6     23   0.65     80     16  330.7  333.2  330.8
  400.0   7580  -17.1  -38.1     14   0.36    120     14  332.7  334.1  332.8
  390.0   7769  -18.5  -42.5     10   0.23    132     20  333.3  334.2  333.3
  388.0   7807  -18.7  -43.1     10   0.22    135     21  333.4  334.4  333.5
  329.0   9014  -26.0  -62.7      2   0.03    100     33  339.6  339.7  339.6
  315.0   9332  -27.9  -67.9      1   0.01    108     31  341.1  341.2  341.2
  303.0   9609  -30.4  -69.7      1   0.01    115     29  341.4  341.4  341.4
  300.0   9680  -31.1  -70.1      1   0.01    110     29  341.4  341.5  341.4
  253.0  10859  -40.1  -69.1      3   0.01     91     31  345.1  345.2  345.1
  250.0  10940  -40.7                          90     31  345.4         345.4
  244.0  11101  -42.2                          90     31  345.6         345.6
  200.0  12420  -54.5                          55     45  346.3         346.3
  185.0  12900  -58.5                          50     51  347.6         347.6
  150.0  14190  -69.3                          55     47  350.5         350.5
  137.0  14722  -73.2                          65     49  352.9         352.9
  131.0  14985  -75.1                          77     45  354.0         354.0
  116.0  15682  -78.7                         110     35  359.8         359.8
  112.0  15882  -78.1                         110     33  364.5         364.5
  106.0  16197  -77.2                         110     35  372.0         372.0
  100.0  16530  -76.3                          95     14  380.1         380.1
   95.0  16829  -75.4                          80      2  387.4         387.4
   91.0  17079  -74.6                          90     12  393.7         393.7
   86.0  17408  -73.6                           5     10  402.1         402.1
   82.0  17685  -72.8                         335      4  409.4         409.4
   80.6  17785  -72.5                         345      4  412.0         412.0
   78.0  17977  -73.0                           5      4  414.9         414.9
   74.0  18285  -73.8                          75      2  419.5         419.5
   72.4  18413  -74.1                          65      3  421.4         421.4
   70.0  18610  -72.9                          50      4  428.1         428.1
   60.2  19513  -65.7                         317      6  463.0         463.0
   60.0  19533  -65.7                         315      6  463.4         463.4
   55.0  20061  -66.5                         335     14  473.3         473.3
   52.0  20402  -67.0                         300     21  479.9         479.9
   50.0  20640  -67.3                         295     17  484.5         484.5
   49.0  20762  -67.1                         290     16  487.7         487.7
   47.0  21014  -66.8                         325     10  494.4         494.4
   45.0  21277  -66.4                          90      6  501.5         501.5
   41.0  21840  -65.6                         125     14  517.0         517.0
   39.7  22034  -65.3                         122     19  522.5         522.5
   30.0  23750  -61.9                          95     58  575.3         575.3
   29.0  23961  -61.2                          90     66  582.9         582.9
   28.8  24004  -61.0                          90     66  584.5         584.5
   27.6  24270  -60.1                          91     65  594.2         594.2
   20.0  26330  -50.7                          95     58  680.2         680.2
   19.9  26363  -50.5                          95     58  681.8         681.8
   13.0  29146  -49.1                          95     56  774.7         774.7
   12.8  29248  -49.1                                     778.3         778.3
</PRE><H3>Station information and sounding indices</H3><PRE>
                         Station identifier: WIII
                             Station number: 96749
                           Observation time: 140911/0000
                           Station latitude: -6.11
                          Station longitude: 106.65
                          Station elevation: 8.0
                            Showalter index: 0.90
                               Lifted index: 0.70
    LIFT computed using virtual temperature: 0.24
                                SWEAT index: 210.01
                                    K index: 22.50
                         Cross totals index: 20.70
                      Vertical totals index: 21.50
                        Totals totals index: 42.20
      Convective Available Potential Energy: 39.38
             CAPE using virtual temperature: 60.20
                      Convective Inhibition: -280.08
             CINS using virtual temperature: -51.77
                           Equilibrum Level: 410.41
 Equilibrum Level using virtual temperature: 385.01
                   Level of Free Convection: 485.97
             LFCT using virtual temperature: 721.54
                     Bulk Richardson Number: 11.99
          Bulk Richardson Number using CAPV: 18.33
  Temp [K] of the Lifted Condensation Level: 291.28
Pres [hPa] of the Lifted Condensation Level: 915.37
   Equivalent potential temp [K] of the LCL: 341.16
     Mean mixed layer potential temperature: 298.74
              Mean mixed layer mixing ratio: 14.55
              1000 hPa to 500 hPa thickness: 5762.00
Precipitable water [mm] for entire sounding: 37.90
</PRE>
<P>Description of the 
<A HREF="/upperair/columns.html">data columns</A>
or <A HREF="/upperair/indices.html">sounding indices</A>.

<P>
<FORM>
<INPUT CLASS="button" TYPE="button" VALUE=" Close this window " 
 onClick="window.close();">
<INPUT CLASS="button" TYPE="button" VALUE=" Select another map " 
 onClick="window.blur();">
</FORM>
<HR SIZE="1">
<I>Interested in graduate studies in atmospheric science?
Check out our program at the
<a href="http://www.uwyo.edu/atsc/howtoapply/"
target=_top>University of Wyoming
</a></I>
<HR SIZE="1"><FONT SIZE="-1">
Questions about the weather data provided by this site can be
addressed to <A HREF="mailto:ldoolman@uwyo.edu">
Larry Oolman (ldoolman@uwyo.edu)</A></FONT>
<HR SIZE="1">
<SCRIPT TYPE="text/javascript">
<!--
window.focus();
// -->
</SCRIPT>
</BODY>
</HTML>
