2013-08-26 12
<HTML>
<TITLE>University of Wyoming - Radiosonde Data</TITLE>
<BODY BGCOLOR="white">
<H2>96749 WIII Jakarta Observations at 00Z 26 Aug 2013</H2>
<PRE>
-----------------------------------------------------------------------------
   PRES   HGHT   TEMP   DWPT   RELH   MIXR   DRCT   SKNT   THTA   THTE   THTV
    hPa     m      C      C      %    g/kg    deg   knot     K      K      K 
-----------------------------------------------------------------------------
 1010.0      8   23.4   20.9     86  15.67    170      2  295.7  340.9  298.5
 1000.0    100   24.0   19.5     76  14.48    170      4  297.1  339.2  299.7
  978.0    295   25.0   17.0     61  12.62    170     10  300.1  337.2  302.3
  951.0    541   23.8   14.8     57  11.25    142     13  301.2  334.6  303.3
  925.0    782   21.6   14.6     64  11.42    115     16  301.4  335.3  303.5
  913.0    895   20.8   14.1     66  11.22    105     16  301.7  335.0  303.7
  850.0   1511   16.2   11.6     74  10.19     85     17  303.1  333.7  305.0
  822.0   1795   14.0   11.0     82  10.12     78     19  303.7  334.1  305.5
  801.0   2013   12.8    6.8     67   7.79     72     20  304.7  328.4  306.1
  793.0   2098   13.8    0.4     40   5.00     70     21  306.6  322.2  307.5
  788.0   2151   14.4   -3.6     29   3.74     70     21  307.8  319.7  308.5
  715.0   2965   10.6  -22.4      8   0.89     70     15  312.3  315.4  312.5
  700.0   3141   11.0  -25.0      6   0.72     70     14  314.6  317.2  314.8
  687.0   3296   10.2  -25.8      6   0.69     65     12  315.5  317.9  315.6
  648.0   3780    7.8  -28.2      6   0.58     89     12  318.0  320.2  318.1
  639.0   3895    7.3  -27.9      6   0.60     95     12  318.7  320.9  318.8
  616.0   4194    5.9  -27.3      7   0.67     75      8  320.5  323.0  320.7
  593.0   4505    4.5  -26.6      8   0.74    105      4  322.4  325.1  322.6
  581.0   4672    3.8  -26.2      9   0.78    142      5  323.4  326.3  323.6
  572.0   4798    2.8  -24.0     12   0.97    170      6  323.7  327.2  323.9
  548.0   5144    0.0  -18.0     24   1.70    170      8  324.4  330.4  324.7
  531.0   5394   -2.1  -19.4     25   1.56    170     10  324.8  330.4  325.1
  500.0   5870   -6.1  -22.1     27   1.31    140      6  325.5  330.3  325.8
  492.0   5996   -7.3  -19.3     38   1.70    134      6  325.6  331.6  325.9
  473.0   6300   -9.5  -18.8     47   1.85    120      6  326.6  333.1  326.9
  455.0   6599  -11.6  -18.2     58   2.01     50     10  327.5  334.7  327.9
  451.0   6667  -12.1  -18.1     61   2.05     48     11  327.7  335.0  328.1
  437.0   6908  -13.0  -21.8     48   1.53     40     16  329.5  335.1  329.8
  436.0   6925  -13.1  -22.1     47   1.50     41     16  329.7  335.1  330.0
  427.0   7084  -12.3  -29.3     23   0.80     49     18  332.6  335.7  332.8
  404.0   7504  -14.8  -36.1     15   0.44     70     23  334.7  336.4  334.7
  400.0   7580  -15.3  -37.3     13   0.39     70     21  335.0  336.6  335.1
  344.0   8686  -23.6  -44.0     13   0.22    100     19  338.5  339.5  338.6
  303.0   9617  -30.6  -49.7     14   0.14    135     17  341.2  341.8  341.3
  300.0   9690  -31.1  -50.1     14   0.13    135     17  341.4  342.0  341.4
  279.0  10194  -35.7  -52.1     17   0.11    115     16  342.0  342.5  342.0
  260.0  10684  -40.1  -54.1     21   0.09     72     16  342.4  342.9  342.5
  255.0  10816  -41.2                          60     16  342.8         342.8
  250.0  10950  -42.3                          55     17  343.0         343.0
  213.0  12005  -48.3                          45     41  349.7         349.7
  203.0  12322  -50.1                          55     47  351.7         351.7
  200.0  12420  -50.7                          60     43  352.3         352.3
  185.0  12922  -55.3                          79     32  352.8         352.8
  177.0  13196  -57.9                          90     25  353.0         353.0
  150.0  14220  -67.7                         115     21  353.3         353.3
  145.0  14419  -69.4                         125     21  353.7         353.7
  131.0  15014  -74.7                         155     17  354.8         354.8
  123.0  15384  -77.9                         110     15  355.3         355.3
  118.0  15618  -79.0                          80     14  357.4         357.4
  112.0  15912  -80.5                          70      8  360.1         360.1
  106.0  16223  -82.0                          35      6  362.9         362.9
  102.0  16440  -83.1                         105      4  364.9         364.9
  101.0  16495  -83.2                         155      6  365.7         365.7
  100.0  16550  -83.3                         150      8  366.5         366.5
   91.8  17029  -81.3                         136     15  379.6         379.6
   91.0  17080  -80.8                         135     16  381.4         381.4
   86.0  17410  -77.9                         145     14  393.5         393.5
   77.0  18054  -72.2                          85      6  418.0         418.0
   70.0  18610  -67.3                         330      8  440.1         440.1
   67.0  18875  -65.6                         255     12  449.2         449.2
   66.1  18957  -65.1                         258     14  452.1         452.1
   58.0  19754  -64.9                         285     31  469.8         469.8
   50.9  20551  -64.7                         285     20  488.1         488.1
   50.0  20660  -62.7                         285     19  495.3         495.3
   48.1  20899  -61.1                         272     24  504.6         504.6
   47.0  21042  -61.1                         265     27  507.9         507.9
   39.0  22198  -61.2                         260     29  535.5         535.5
   35.0  22869  -61.3                         250     23  552.1         552.1
   34.3  22994  -61.3                         260     18  555.3         555.3
   34.0  23049  -60.6                         265     16  558.5         558.5
   31.9  23449  -55.7                         262     13  581.9         581.9
   31.0  23631  -55.2                         260     12  587.9         587.9
   30.0  23840  -54.7                         275     14  594.9         594.9
   29.0  24057  -54.2                         290     17  602.0         602.0
   28.3  24214  -53.9                         288     20  607.1         607.1
   27.0  24514  -54.5                         285     27  613.6         613.6
   24.0  25267  -56.1                         282     27  630.0         630.0
   22.0  25822  -55.3                         280     27  648.1         648.1
   21.0  26119  -54.9                         300     25  658.1         658.1
   20.0  26430  -54.5                         280     21  668.6         668.6
   18.0  27113  -53.3                         270     12  692.8         692.8
   17.0  27484  -52.7                         280     14  706.3         706.3
   16.0  27877  -52.0                         295     27  720.9         720.9
   13.0  29224  -49.6                         270     37  773.0         773.0
   12.2  29636  -48.9                         266     34  789.7         789.7
   10.0  30940  -49.5                         255     23  833.7         833.7
    8.3  32160  -49.5                         234     23  879.3         879.3
    8.0                                       230     23                     
</PRE><H3>Station information and sounding indices</H3><PRE>
                         Station identifier: WIII
                             Station number: 96749
                           Observation time: 130826/0000
                           Station latitude: -6.11
                          Station longitude: 106.65
                          Station elevation: 8.0
                            Showalter index: 3.53
                               Lifted index: 1.85
    LIFT computed using virtual temperature: 1.38
                                SWEAT index: 179.20
                                    K index: -2.10
                         Cross totals index: 17.70
                      Vertical totals index: 22.30
                        Totals totals index: 40.00
      Convective Available Potential Energy: 0.00
             CAPE using virtual temperature: 0.00
                      Convective Inhibition: 0.00
             CINS using virtual temperature: 0.00
                     Bulk Richardson Number: 0.00
          Bulk Richardson Number using CAPV: 0.00
  Temp [K] of the Lifted Condensation Level: 289.26
Pres [hPa] of the Lifted Condensation Level: 890.38
   Equivalent potential temp [K] of the LCL: 337.43
     Mean mixed layer potential temperature: 299.04
              Mean mixed layer mixing ratio: 13.18
              1000 hPa to 500 hPa thickness: 5770.00
Precipitable water [mm] for entire sounding: 30.23
</PRE>
<P>Description of the 
<A HREF="/upperair/columns.html">data columns</A>
or <A HREF="/upperair/indices.html">sounding indices</A>.

<P>
<FORM>
<INPUT CLASS="button" TYPE="button" VALUE=" Close this window " 
 onClick="window.close();">
<INPUT CLASS="button" TYPE="button" VALUE=" Select another map " 
 onClick="window.blur();">
</FORM>
<HR SIZE="1">
<I>Interested in graduate studies in atmospheric science?
Check out our program at the
<a href="http://www.uwyo.edu/atsc/howtoapply/"
target=_top>University of Wyoming
</a></I>
<HR SIZE="1"><FONT SIZE="-1">
Questions about the weather data provided by this site can be
addressed to <A HREF="mailto:ldoolman@uwyo.edu">
Larry Oolman (ldoolman@uwyo.edu)</A></FONT>
<HR SIZE="1">
<SCRIPT TYPE="text/javascript">
<!--
window.focus();
// -->
</SCRIPT>
</BODY>
</HTML>
