2013-04-01 12
<HTML>
<TITLE>University of Wyoming - Radiosonde Data</TITLE>
<BODY BGCOLOR="white">
<H2>96749 WIII Jakarta Observations at 00Z 01 Apr 2013</H2>
<PRE>
-----------------------------------------------------------------------------
   PRES   HGHT   TEMP   DWPT   RELH   MIXR   DRCT   SKNT   THTA   THTE   THTV
    hPa     m      C      C      %    g/kg    deg   knot     K      K      K 
-----------------------------------------------------------------------------
 1008.0      8   25.4   24.0     92  19.06      0      0  297.9  353.4  301.3
 1000.0     79   25.4   23.3     88  18.39    145      2  298.6  352.3  301.8
  981.0    248   26.2   21.2     74  16.45    145      8  301.0  349.6  304.0
  975.0    302   26.0   20.7     73  16.06    145     10  301.4  348.8  304.2
  925.0    766   24.6   16.6     61  13.01    200     10  304.5  343.5  306.8
  912.0    890   24.6   14.6     54  11.58    219     12  305.7  340.7  307.8
  911.0    900   24.5   14.6     54  11.57    220     12  305.7  340.7  307.8
  850.0   1503   19.0   12.0     64  10.47    250      8  306.0  337.8  308.0
  798.0   2043   15.8   10.8     72  10.29    223     10  308.2  339.7  310.1
  793.0   2096   15.6   10.6     72  10.19    220     10  308.5  339.8  310.4
  700.0   3150   11.8    5.8     67   8.33    260      6  315.5  341.9  317.1
  690.0   3270   11.0    5.0     66   7.99    260      6  315.9  341.4  317.4
  688.0   3294   10.8    4.9     67   7.96    260      6  316.0  341.4  317.5
  663.0   3597    8.9    3.7     70   7.61    225      4  317.2  341.6  318.7
  617.0   4186    5.2    1.5     77   6.95    215     12  319.5  342.1  320.9
  558.0   5008    0.0   -1.7     88   6.09    201      7  322.7  342.8  323.9
  532.0   5387   -2.0   -5.1     80   4.95    195      4  324.7  341.3  325.6
  512.0   5692   -3.7   -7.8     73   4.17    215      6  326.3  340.4  327.1
  500.0   5880   -4.7   -9.5     69   3.74    325      4  327.2  340.1  328.0
  493.0   5990   -5.3   -9.6     72   3.77     30      2  327.8  340.8  328.6
  469.0   6381   -7.5   -9.9     83   3.87     43      8  329.8  343.2  330.6
  456.0   6596   -8.9  -10.9     85   3.66     50     12  330.7  343.5  331.5
  405.0   7506  -14.7  -15.3     95   2.89     50     14  334.6  344.9  335.2
  400.0   7600  -15.5  -16.2     94   2.72     50     14  334.8  344.5  335.3
  375.0   8074  -18.6  -21.1     81   1.91     40     16  336.8  343.9  337.2
  345.0   8687  -22.7  -27.4     66   1.18     15     10  339.4  343.9  339.7
  318.0   9285  -26.7  -33.5     52   0.71    295     10  341.9  344.8  342.1
  305.0   9592  -28.7  -36.7     46   0.54    300     10  343.2  345.4  343.3
  300.0   9710  -29.7  -36.7     51   0.55    290     10  343.4  345.6  343.5
  280.0  10194  -33.6  -41.7     44   0.35    270     10  344.7  346.1  344.8
  269.0  10476  -35.8  -44.6     40   0.27    275      6  345.4  346.5  345.4
  257.0  10796  -38.4  -47.9     36   0.20    230      4  346.2  347.0  346.2
  250.0  10990  -39.9  -49.9     34   0.16    255      6  346.6  347.3  346.6
  249.0  11017  -40.1  -51.1     30   0.14    259      6  346.7  347.3  346.7
  246.0  11098  -40.8                         270      6  346.9         346.9
  235.0  11401  -43.4                          40      2  347.5         347.5
  225.0  11689  -45.8                         330      4  348.1         348.1
  205.0  12306  -51.1                          45      4  349.2         349.2
  200.0  12470  -52.5                          55     10  349.5         349.5
  196.0  12596  -53.5                          65     14  349.9         349.9
  150.0  14260  -66.9                          60     25  354.6         354.6
  147.0  14378  -67.9                          60     25  355.0         355.0
  140.0  14663  -70.2                          70     12  356.0         356.0
  126.0  15279  -75.2                         150     10  357.8         357.8
  108.0  16180  -82.5                         145      8  360.1         360.1
  102.0  16499  -84.0                          70     12  363.2         363.2
  100.0  16610  -84.5                          70     12  364.2         364.2
   92.0  17065  -87.3                          50     19  367.4         367.4
   88.4  17283  -88.7                          50     21  368.9         368.9
   74.8  18201  -81.9                          92     27  401.2         401.2
   74.0  18262  -79.9                          95     27  406.6         406.6
   72.9  18347  -77.1                          88     25  414.3         414.3
   70.0  18580  -76.1                          70     19  421.3         421.3
   66.0  18925  -74.6                          75     14  431.7         431.7
   63.0  19198  -73.4                         105     17  440.2         440.2
   60.0  19484  -72.1                         110     19  449.2         449.2
   57.0  19784  -70.8                          60     23  458.8         458.8
   54.7  20026  -69.7                          60     23  466.7         466.7
   51.0  20442  -70.2                          60     23  475.0         475.0
   50.0  20560  -70.3                          65     25  477.4         477.4
   49.0  20680  -69.7                          71     26  481.6         481.6
   44.0  21324  -68.9                         105     31  498.6         498.6
   43.0  21461  -68.7                         104     31  502.4         502.4
   40.0  21903  -66.1                         100     33  519.3         519.3
   38.0  22216  -64.3                          90     33  531.6         531.6
   36.0  22546  -62.4                          65     21  544.8         544.8
   35.0  22718  -61.4                          85     10  551.8         551.8
   34.9  22735  -61.3                          87     11  552.5         552.5
   33.0  23085  -60.4                         120     25  563.8         563.8
   30.0  23680  -58.9                          80     33  583.5         583.5
   28.5  24001  -58.9                          75     18  592.1         592.1
   28.0  24114  -53.7                          73     13  609.5         609.5
   27.0  24349  -53.3                          70      2  616.9         616.9
   26.0  24593  -53.0                         170      6  624.7         624.7
   24.0  25111  -52.1                          75     19  641.5         641.5
   23.0  25386  -51.7                          50     16  650.6         650.6
   22.0  25674  -51.3                         285      8  660.3         660.3
   21.0  25974  -50.8                         200     14  670.5         670.5
   20.0  26290  -50.3                         205     12  681.5         681.5
   19.0  26624  -50.6                         200      8  690.5         690.5
   18.2  26904  -50.9                         167      6  698.2         698.2
   17.0  27354  -48.0                         115      4  721.3         721.3
   16.0  27754  -45.4                         110      2  742.3         742.3
   15.6  27921  -44.3                          93      5  751.3         751.3
   13.0  29150  -42.5                         330     29  797.8         797.8
   11.8  29802  -41.5                         316     23  823.6         823.6
   11.0  30280  -40.4                         305     19  844.3         844.3
   10.0  30930  -38.9                         290     19  873.2         873.2
    9.9  30999  -38.7                                     876.5         876.5
</PRE><H3>Station information and sounding indices</H3><PRE>
                         Station identifier: WIII
                             Station number: 96749
                           Observation time: 130401/0000
                           Station latitude: -6.11
                          Station longitude: 106.65
                          Station elevation: 8.0
                            Showalter index: 3.12
                               Lifted index: -1.45
    LIFT computed using virtual temperature: -1.83
                                SWEAT index: 164.01
                                    K index: 29.70
                         Cross totals index: 16.70
                      Vertical totals index: 23.70
                        Totals totals index: 40.40
      Convective Available Potential Energy: 351.34
             CAPE using virtual temperature: 403.12
                      Convective Inhibition: -183.99
             CINS using virtual temperature: -114.47
                           Equilibrum Level: 220.98
 Equilibrum Level using virtual temperature: 220.91
                   Level of Free Convection: 628.37
             LFCT using virtual temperature: 650.93
                     Bulk Richardson Number: 49.01
          Bulk Richardson Number using CAPV: 56.23
  Temp [K] of the Lifted Condensation Level: 293.42
Pres [hPa] of the Lifted Condensation Level: 918.83
   Equivalent potential temp [K] of the LCL: 349.43
     Mean mixed layer potential temperature: 300.62
              Mean mixed layer mixing ratio: 16.64
              1000 hPa to 500 hPa thickness: 5801.00
Precipitable water [mm] for entire sounding: 55.07
</PRE>
<P>Description of the 
<A HREF="/upperair/columns.html">data columns</A>
or <A HREF="/upperair/indices.html">sounding indices</A>.

<P>
<FORM>
<INPUT CLASS="button" TYPE="button" VALUE=" Close this window " 
 onClick="window.close();">
<INPUT CLASS="button" TYPE="button" VALUE=" Select another map " 
 onClick="window.blur();">
</FORM>
<HR SIZE="1">
<I>Interested in graduate studies in atmospheric science?
Check out our program at the
<a href="http://www.uwyo.edu/atsc/howtoapply/"
target=_top>University of Wyoming
</a></I>
<HR SIZE="1"><FONT SIZE="-1">
Questions about the weather data provided by this site can be
addressed to <A HREF="mailto:ldoolman@uwyo.edu">
Larry Oolman (ldoolman@uwyo.edu)</A></FONT>
<HR SIZE="1">
<SCRIPT TYPE="text/javascript">
<!--
window.focus();
// -->
</SCRIPT>
</BODY>
</HTML>
