2014-08-02 00
<HTML>
<TITLE>University of Wyoming - Radiosonde Data</TITLE>
<BODY BGCOLOR="white">
<H2>96749 WIII Jakarta Observations at 00Z 02 Aug 2014</H2>
<PRE>
-----------------------------------------------------------------------------
   PRES   HGHT   TEMP   DWPT   RELH   MIXR   DRCT   SKNT   THTA   THTE   THTV
    hPa     m      C      C      %    g/kg    deg   knot     K      K      K 
-----------------------------------------------------------------------------
 1010.0      8   23.8   21.7     88  16.48    220      4  296.1  343.7  299.0
 1000.0    100   25.0   20.0     74  14.95    205      6  298.1  341.8  300.8
  990.0    188   25.6   18.6     65  13.81    190      7  299.6  340.2  302.1
  977.0    304   24.9   18.4     67  13.86    170      8  300.0  340.8  302.5
  945.0    596   23.1   18.1     73  13.98    120      2  301.1  342.4  303.6
  925.0    783   22.0   17.8     77  14.06     65      2  301.8  343.5  304.3
  913.0    896   21.2   16.9     76  13.48     35      2  302.1  342.2  304.6
  869.0   1323   18.4   13.7     74  11.46     96      5  303.5  337.8  305.6
  852.0   1493   17.9   10.2     61   9.26    120      6  304.6  332.7  306.3
  850.0   1513   17.8    9.8     59   9.02    120      6  304.8  332.1  306.4
  794.0   2090   14.9    4.7     50   6.78    125     12  307.7  328.7  308.9
  752.0   2551   12.6    0.6     44   5.34    163     20  310.0  326.9  311.0
  739.0   2697   11.9    0.2     44   5.27    175     23  310.8  327.5  311.8
  700.0   3149    9.8   -1.2     46   5.03    195     17  313.3  329.5  314.3
  688.0   3292    9.2   -1.1     49   5.18    200     17  314.2  330.8  315.2
  639.0   3902    6.6   -0.4     61   5.85    261     11  317.9  336.9  319.1
  617.0   4187    4.8   -4.4     51   4.48    290      8  319.0  333.8  319.9
  594.0   4496    2.8   -8.8     42   3.32     35      8  320.2  331.4  320.8
  590.0   4551    2.4   -9.6     41   3.14     41      9  320.4  331.0  321.0
  573.0   4786    1.4  -12.2     36   2.63     65     12  321.9  330.9  322.4
  549.0   5130    0.0  -16.0     29   2.01     60     14  324.2  331.2  324.6
  500.0   5870   -5.3  -17.3     38   1.98     50     17  326.5  333.5  326.9
  472.0   6320   -9.7  -19.7     44   1.71     50     16  326.5  332.6  326.8
  456.0   6586  -12.0  -22.9     40   1.34     50     16  326.8  331.7  327.1
  454.0   6620  -12.3  -23.3     39   1.30     55     16  326.9  331.6  327.1
  451.0   6671  -11.1  -35.1     12   0.43     62     16  329.0  330.7  329.1
  441.0   6843  -10.9  -45.9      4   0.14     87     17  331.4  332.0  331.4
  438.0   6896  -11.2  -46.9      3   0.13     95     17  331.7  332.2  331.7
  421.0   7199  -12.6  -52.4      2   0.07    110     23  333.6  333.9  333.6
  400.0   7590  -14.5  -59.5      1   0.03    105     25  336.1  336.2  336.1
  389.0   7799  -15.8  -60.5      1   0.03    110     27  337.0  337.1  337.0
  374.0   8094  -17.7  -61.9      1   0.02     85     27  338.4  338.5  338.4
  366.0   8256  -18.7  -62.7      1   0.02     87     27  339.1  339.2  339.1
  331.0   8986  -24.6  -64.0      1   0.02     95     27  340.9  341.0  340.9
  304.0   9604  -29.5  -65.1      2   0.02    115     29  342.4  342.4  342.4
  300.0   9700  -30.3  -65.3      2   0.02    115     31  342.6  342.6  342.6
  259.0  10728  -40.1  -59.1     11   0.05    110     31  342.8  343.1  342.8
  256.0  10808  -40.6                         110     31  343.2         343.2
  250.0  10970  -41.7                          95     29  343.9         343.9
  224.0  11693  -47.1                          60     29  346.6         346.6
  200.0  12440  -52.7                          60     45  349.1         349.1
  186.0  12897  -56.2                          65     54  350.8         350.8
  150.0  14250  -66.5                          90     37  355.3         355.3
  142.0  14578  -68.7                          94     36  357.1         357.1
  139.0  14701  -69.8                          95     35  357.4         357.4
  107.0  16202  -82.6                          85     39  360.9         360.9
  105.0  16311  -83.5                          80     37  361.1         361.1
  101.0  16525  -83.5                          75     37  365.1         365.1
  100.0  16580  -83.5                          75     31  366.2         366.2
   97.8  16704  -81.3                          72     22  372.8         372.8
   96.5  16781  -75.5                          71     16  385.5         385.5
   96.0  16811  -75.4                          70     14  386.3         386.3
   91.0  17122  -74.2                         260      8  394.5         394.5
   87.9  17324  -73.5                         252     13  399.9         399.9
   82.0  17727  -75.2                         235     23  404.5         404.5
   76.3  18144  -76.9                         220     17  409.3         409.3
   74.0  18320  -76.8                         210     17  413.1         413.1
   70.0  18640  -76.7                         155     10  420.0         420.0
   69.5  18681  -76.7                         151     10  420.8         420.8
   67.0  18898  -73.8                         130     10  431.4         431.4
   64.0  19169  -70.3                         315      2  444.9         444.9
   60.8  19473  -66.3                         283     14  460.4         460.4
   60.0  19554  -66.1                         275     17  462.7         462.7
   58.0  19761  -65.4                         260     19  468.6         468.6
   52.0  20430  -63.4                         290     14  488.1         488.1
   50.0  20670  -62.7                         285      6  495.3         495.3
   47.0  21053  -62.2                         330      6  505.4         505.4
   45.0  21322  -61.8                         340     10  512.5         512.5
   43.0  21603  -61.5                          45      6  520.2         520.2
   41.0  21898  -61.1                          75     14  528.3         528.3
   34.0  23056  -59.5                         105     43  561.3         561.3
   30.0  23830  -58.5                         100     51  584.6         584.6
   24.8  25034  -55.5                          96     56  625.9         625.9
   23.0  25513  -56.0                          95     58  638.0         638.0
   22.0  25795  -56.3                          90     58  645.4         645.4
   20.0  26400  -56.9                          80     54  661.3         661.3
   18.0  27067  -57.0                          80     52  681.1         681.1
   16.6  27579  -57.1                          82     52  696.8         696.8
   15.0  28232  -54.5                          85     51  726.0         726.0
   14.0  28677  -52.7                          75     58  746.5         746.5
   13.0  29154  -50.8                          80     56  769.1         769.1
   12.1  29617  -48.9                                     791.6         791.6
</PRE><H3>Station information and sounding indices</H3><PRE>
                         Station identifier: WIII
                             Station number: 96749
                           Observation time: 140802/0000
                           Station latitude: -6.11
                          Station longitude: 106.65
                          Station elevation: 8.0
                            Showalter index: 5.03
                               Lifted index: 1.07
    LIFT computed using virtual temperature: 0.62
                                SWEAT index: 146.60
                                    K index: 21.90
                         Cross totals index: 15.10
                      Vertical totals index: 23.10
                        Totals totals index: 38.20
      Convective Available Potential Energy: 14.15
             CAPE using virtual temperature: 22.93
                      Convective Inhibition: -376.36
             CINS using virtual temperature: -262.08
                           Equilibrum Level: 451.34
 Equilibrum Level using virtual temperature: 448.42
                   Level of Free Convection: 482.06
             LFCT using virtual temperature: 488.87
                     Bulk Richardson Number: 7.81
          Bulk Richardson Number using CAPV: 12.65
  Temp [K] of the Lifted Condensation Level: 290.80
Pres [hPa] of the Lifted Condensation Level: 903.13
   Equivalent potential temp [K] of the LCL: 341.23
     Mean mixed layer potential temperature: 299.41
              Mean mixed layer mixing ratio: 14.30
              1000 hPa to 500 hPa thickness: 5770.00
Precipitable water [mm] for entire sounding: 40.01
</PRE>
<P>Description of the 
<A HREF="/upperair/columns.html">data columns</A>
or <A HREF="/upperair/indices.html">sounding indices</A>.

<P>
<FORM>
<INPUT CLASS="button" TYPE="button" VALUE=" Close this window " 
 onClick="window.close();">
<INPUT CLASS="button" TYPE="button" VALUE=" Select another map " 
 onClick="window.blur();">
</FORM>
<HR SIZE="1">
<I>Interested in graduate studies in atmospheric science?
Check out our program at the
<a href="http://www.uwyo.edu/atsc/howtoapply/"
target=_top>University of Wyoming
</a></I>
<HR SIZE="1"><FONT SIZE="-1">
Questions about the weather data provided by this site can be
addressed to <A HREF="mailto:ldoolman@uwyo.edu">
Larry Oolman (ldoolman@uwyo.edu)</A></FONT>
<HR SIZE="1">
<SCRIPT TYPE="text/javascript">
<!--
window.focus();
// -->
</SCRIPT>
</BODY>
</HTML>
