2014-06-19 00
<HTML>
<TITLE>University of Wyoming - Radiosonde Data</TITLE>
<BODY BGCOLOR="white">
<H2>96749 WIII Jakarta Observations at 00Z 19 Jun 2014</H2>
<PRE>
-----------------------------------------------------------------------------
   PRES   HGHT   TEMP   DWPT   RELH   MIXR   DRCT   SKNT   THTA   THTE   THTV
    hPa     m      C      C      %    g/kg    deg   knot     K      K      K 
-----------------------------------------------------------------------------
 1010.0      8   25.8   22.3     81  17.11    180      5  298.1  348.0  301.1
 1000.0     95   26.4   21.6     75  16.54    180      6  299.6  348.1  302.5
  977.0    301   26.4   18.9     63  14.25    185      8  301.6  343.8  304.1
  973.0    337   26.4   18.4     61  13.88    189      8  301.9  343.1  304.4
  944.0    603   24.4   18.2     69  14.15    220     12  302.5  344.5  305.0
  925.0    782   23.0   18.1     74  14.34    220     10  302.8  345.5  305.4
  912.0    906   22.5   17.6     74  14.06    220     10  303.6  345.6  306.1
  903.0    992   22.2   17.2     73  13.86    219     10  304.1  345.6  306.6
  850.0   1516   18.6   14.3     76  12.20    210      8  305.6  342.4  307.9
  793.0   2108   15.3   11.8     80  11.10    215      2  308.2  342.1  310.3
  775.0   2304   14.2   11.0     81  10.75    248      6  309.1  342.0  311.1
  766.0   2403   13.7   10.5     81  10.54    265      8  309.5  341.9  311.5
  739.0   2704   12.1    9.1     82   9.91    280     10  311.0  341.8  312.9
  710.0   3041   10.4    7.5     82   9.24    276     14  312.7  341.6  314.4
  700.0   3159    9.4    7.3     87   9.25    275     16  312.9  341.8  314.6
  642.0   3873    5.0    2.2     82   7.04    278     12  315.7  338.2  317.0
  639.0   3911    5.2   -4.8     48   4.21    279     12  316.4  330.1  317.1
  627.0   4066    4.2   -1.8     65   5.38    279     11  316.9  334.4  317.9
  616.0   4210    3.2   -2.8     65   5.06    280     10  317.3  333.8  318.3
  604.0   4370    2.0   -4.0     64   4.73    277      9  317.8  333.3  318.7
  595.0   4491    1.4   -4.6     64   4.59    274      9  318.4  333.6  319.3
  593.0   4518    1.6   -8.4     47   3.44    274      8  319.0  330.5  319.7
  577.0   4738    0.0   -4.3     73   4.85    269      7  319.6  335.6  320.6
  573.0   4794   -0.3   -2.7     84   5.51    268      7  319.9  337.9  321.0
  570.0   4836   -0.1   -7.1     59   3.96    267      7  320.6  333.8  321.4
  568.0   4865    0.0   -5.0     69   4.67    266      7  321.1  336.6  322.0
  558.0   5007   -0.7   -7.7     59   3.86    263      6  321.9  334.8  322.6
  552.0   5093   -1.1   -7.1     64   4.09    262      6  322.4  336.1  323.2
  531.0   5403   -2.0   -5.5     77   4.79    255      4  324.9  341.0  325.8
  529.0   5433   -2.1   -5.4     78   4.86    238      4  325.1  341.5  326.1
  511.0   5707   -3.7   -7.2     77   4.39     80      6  326.4  341.3  327.3
  500.0   5880   -4.7   -8.3     76   4.11     90      8  327.2  341.3  328.1
  499.0   5896   -4.7   -7.9     78   4.25     91      8  327.4  341.9  328.3
  496.0   5943   -5.1   -6.3     91   4.84     95      8  327.5  343.9  328.5
  493.0   5991   -5.1   -9.7     70   3.74     99      7  328.1  340.9  328.8
  486.0   6103   -5.7   -7.5     87   4.50    108      7  328.7  344.1  329.6
  473.0   6314   -6.8  -10.4     76   3.69    125      6  329.9  342.6  330.6
  456.0   6599   -8.3  -14.3     62   2.79     96      6  331.5  341.3  332.0
  440.0   6874  -10.3  -19.3     48   1.90     69      6  332.3  339.2  332.7
  438.0   6909  -10.6  -19.1     50   1.95     65      6  332.4  339.5  332.8
  429.0   7068  -11.9  -17.9     61   2.19     74      7  332.7  340.6  333.1
  413.0   7358  -12.9  -21.9     47   1.61     91      8  335.1  341.0  335.4
  405.0   7506  -13.8  -23.4     44   1.44    100      8  335.8  341.2  336.1
  400.0   7600  -14.3  -24.3     42   1.35     95      8  336.3  341.4  336.6
  374.0   8105  -17.9  -27.9     41   1.04     80     12  338.1  342.1  338.3
  364.0   8309  -19.3  -29.3     41   0.93     93     11  338.8  342.4  339.0
  359.0   8412  -19.9  -29.2     43   0.96    100     10  339.4  343.1  339.6
  357.0   8453  -20.1  -29.1     45   0.97     97     10  339.6  343.4  339.8
  331.0   9009  -24.1  -35.6     34   0.56     60     14  341.6  343.8  341.7
  326.0   9121  -24.9  -36.9     32   0.50     65     14  342.0  344.0  342.1
  317.0   9324  -26.7  -28.6     84   1.15     73     13  342.2  346.6  342.4
  300.0   9720  -29.5  -32.9     72   0.80     90     12  343.7  346.9  343.9
  294.0   9863  -30.9  -35.6     63   0.63     94     13  343.7  346.2  343.8
  268.0  10507  -35.8  -39.8     66   0.45    115     16  345.8  347.6  345.8
  250.0  10990  -39.5  -43.0     69   0.34    120     16  347.2  348.6  347.3
  248.0  11045  -40.1  -43.9     67   0.32    119     16  347.1  348.4  347.2
  235.0  11404  -43.2                         110     19  347.7         347.7
  200.0  12480  -52.7                         105     19  349.1         349.1
  187.0  12898  -56.6                          95     21  349.7         349.7
  150.0  14270  -69.3                          65     19  350.5         350.5
  139.0  14712  -72.8                          50     21  352.1         352.1
  126.0  15283  -77.2                          70     17  354.1         354.1
  122.0  15470  -78.7                          90     14  354.7         354.7
  119.0  15611  -79.1                         105     12  356.5         356.5
  104.0  16370  -81.3                          75     19  366.3         366.3
  102.0  16479  -80.5                          75     25  369.8         369.8
  100.0  16590  -79.7                          70     25  373.5         373.5
   96.0  16824  -76.6                          65     25  384.0         384.0
   94.4  16921  -75.3                          14     17  388.3         388.3
   92.0  17069  -75.6                         295      4  390.7         390.7
   87.0  17392  -76.2                         265     17  395.8         395.8
   78.0  18022  -77.3                         260     17  405.9         405.9
   75.3  18225  -77.7                         270     21  409.2         409.2
   74.0  18326  -74.8                         275     23  417.4         417.4
   73.6  18358  -73.9                         274     24  419.9         419.9
   71.0  18567  -74.8                         265     29  422.4         422.4
   70.0  18650  -75.1                         265     29  423.4         423.4
   64.4  19133  -75.5                         262     24  432.7         432.7
   60.0  19553  -71.5                         260     19  450.6         450.6
   57.0  19857  -68.5                         235     25  463.9         463.9
   54.8  20090  -66.3                         252     24  474.2         474.2
   52.0  20411  -64.6                         275     23  485.4         485.4
   50.0  20650  -63.3                         275     27  493.9         493.9
   47.0  21033  -62.1                         270     23  505.6         505.6
   45.0  21303  -61.2                         275      8  514.0         514.0
   43.4  21527  -60.5                         168      6  521.1         521.1
   43.0  21584  -60.6                         140      6  522.1         522.1
   41.0  21879  -61.4                         105     17  527.3         527.3
   34.9  22875  -64.1                          75     35  545.2         545.2
   34.0  23036  -63.5                          75     35  550.9         550.9
   30.0  23810  -60.7                          90     37  578.6         578.6
   29.0  24023  -59.4                         100     43  587.7         587.7
   28.0  24244  -58.1                          90     49  597.3         597.3
   26.4  24615  -55.9                          86     49  613.7         613.7
   26.0  24713  -55.7                          85     49  616.9         616.9
   23.4  25386  -54.3                          87     44  639.9         639.9
   21.0  26085  -52.2                          90     39  666.2         666.2
   20.0  26400  -51.3                          95     41  678.4         678.4
   16.0  27865  -47.7                          95     43  734.6         734.6
   13.9  28789  -45.5                          78     42  772.4         772.4
   13.0  29234  -45.5                          70     41  787.4         787.4
   10.0  30980  -45.3                          85     35  849.3         849.3
    9.9  31047  -45.1                          85     36  852.5         852.5
    9.0  31703  -41.3                          90     43  890.6         890.6
    8.0  32513  -36.6                          90     16  939.8         939.8
    7.0  33431  -31.3                                     998.2         998.2
</PRE><H3>Station information and sounding indices</H3><PRE>
                         Station identifier: WIII
                             Station number: 96749
                           Observation time: 140619/0000
                           Station latitude: -6.11
                          Station longitude: 106.65
                          Station elevation: 8.0
                            Showalter index: 1.21
                               Lifted index: 0.14
    LIFT computed using virtual temperature: -0.06
                                SWEAT index: 195.61
                                    K index: 35.50
                         Cross totals index: 19.00
                      Vertical totals index: 23.30
                        Totals totals index: 42.30
      Convective Available Potential Energy: 45.54
             CAPE using virtual temperature: 78.60
                      Convective Inhibition: -155.99
             CINS using virtual temperature: -132.94
                           Equilibrum Level: 536.53
 Equilibrum Level using virtual temperature: 426.81
                   Level of Free Convection: 682.42
             LFCT using virtual temperature: 694.89
                     Bulk Richardson Number: 7.31
          Bulk Richardson Number using CAPV: 12.62
  Temp [K] of the Lifted Condensation Level: 291.45
Pres [hPa] of the Lifted Condensation Level: 895.17
   Equivalent potential temp [K] of the LCL: 345.11
     Mean mixed layer potential temperature: 300.84
              Mean mixed layer mixing ratio: 15.08
              1000 hPa to 500 hPa thickness: 5785.00
Precipitable water [mm] for entire sounding: 54.85
</PRE>
<P>Description of the 
<A HREF="/upperair/columns.html">data columns</A>
or <A HREF="/upperair/indices.html">sounding indices</A>.

<P>
<FORM>
<INPUT CLASS="button" TYPE="button" VALUE=" Close this window " 
 onClick="window.close();">
<INPUT CLASS="button" TYPE="button" VALUE=" Select another map " 
 onClick="window.blur();">
</FORM>
<HR SIZE="1">
<I>Interested in graduate studies in atmospheric science?
Check out our program at the
<a href="http://www.uwyo.edu/atsc/howtoapply/"
target=_top>University of Wyoming
</a></I>
<HR SIZE="1"><FONT SIZE="-1">
Questions about the weather data provided by this site can be
addressed to <A HREF="mailto:ldoolman@uwyo.edu">
Larry Oolman (ldoolman@uwyo.edu)</A></FONT>
<HR SIZE="1">
<SCRIPT TYPE="text/javascript">
<!--
window.focus();
// -->
</SCRIPT>
</BODY>
</HTML>
