2014-06-30 12
<HTML>
<TITLE>University of Wyoming - Radiosonde Data</TITLE>
<BODY BGCOLOR="white">
<H2>96749 WIII Jakarta Observations at 00Z 30 Jun 2014</H2>
<PRE>
-----------------------------------------------------------------------------
   PRES   HGHT   TEMP   DWPT   RELH   MIXR   DRCT   SKNT   THTA   THTE   THTV
    hPa     m      C      C      %    g/kg    deg   knot     K      K      K 
-----------------------------------------------------------------------------
 1010.0      8   25.0   22.3     85  17.11    160      4  297.3  347.0  300.3
 1000.0    101   25.2   21.7     81  16.64    165      4  298.4  346.9  301.3
  997.0    128   26.0   22.5     81  17.55    166      4  299.4  350.9  302.6
  978.0    297   25.1   21.3     80  16.65    170      2  300.1  349.1  303.1
  945.0    599   23.4   19.3     78  15.13    320      2  301.4  346.2  304.1
  925.0    787   22.4   18.0     76  14.24    330      2  302.2  344.5  304.8
  913.0    900   21.7   17.4     76  13.89    340      2  302.6  343.9  305.2
  882.0   1199   19.9   15.8     77  12.97    185      2  303.8  342.6  306.1
  852.0   1498   18.1   14.2     78  12.10    245      4  304.9  341.3  307.1
  850.0   1518   18.0   14.1     78  12.04    245      4  305.0  341.2  307.2
  822.0   1803   16.3   12.1     76  10.91    270      6  306.1  339.2  308.2
  794.0   2097   14.6   10.1     74   9.84    235      8  307.3  337.4  309.2
  766.0   2403   12.8    7.9     72   8.82    230      8  308.6  335.7  310.2
  763.0   2436   12.6    7.7     72   8.71    222      8  308.7  335.6  310.3
  750.0   2581   13.0    0.0     41   5.13    186      8  310.7  326.9  311.6
  739.0   2704   12.7   -2.4     35   4.36    155      8  311.7  325.7  312.5
  713.0   3005   12.1   -8.2     23   2.90    170     14  314.2  323.8  314.8
  700.0   3159   11.8  -11.2     19   2.33    160     14  315.5  323.4  316.0
  679.0   3412   10.0  -14.0     17   1.92    157     14  316.3  322.8  316.6
  663.0   3606    8.6  -13.9     19   1.99    155     14  316.9  323.6  317.2
  617.0   4192    4.4  -13.4     26   2.21    170     16  318.6  326.1  319.0
  573.0   4794    0.0  -13.0     37   2.47    183     13  320.3  328.7  320.7
  551.0   5105   -2.3  -14.3     39   2.31    190     12  321.1  329.1  321.6
  531.0   5398   -4.5  -15.5     42   2.17    180     14  321.9  329.4  322.3
  500.0   5870   -5.5  -26.5     17   0.88    130     12  326.3  329.5  326.4
  492.0   5996   -6.1  -27.5     17   0.82    110     12  327.0  330.1  327.2
  479.0   6206   -7.1  -29.1     15   0.72    109     13  328.3  331.1  328.5
  452.0   6656  -10.3  -24.3     31   1.19    107     15  329.8  334.2  330.0
  421.0   7202  -12.9  -49.9      3   0.10    105     17  333.2  333.6  333.2
  410.0   7403  -14.7  -29.7     27   0.80     97     16  333.4  336.5  333.6
  403.0   7534  -15.5  -34.5     18   0.51     92     16  334.0  336.1  334.1
  400.0   7590  -15.9  -31.9     24   0.66     90     16  334.2  336.8  334.4
  382.0   7935  -19.1  -26.1     54   1.20     76     17  334.4  338.9  334.7
  374.0   8092  -19.7  -31.1     35   0.76     70     17  335.7  338.6  335.9
  366.0   8253  -20.3  -36.3     23   0.47     79     17  337.0  338.8  337.1
  361.0   8355  -20.3  -32.3     33   0.71     85     17  338.3  341.1  338.4
  358.0   8416  -19.9  -40.9     14   0.30     89     16  339.6  340.9  339.7
  345.0   8685  -22.1  -42.1     15   0.28    105     16  340.2  341.4  340.3
  304.0   9604  -29.7  -46.1     19   0.20    100     19  342.1  343.0  342.1
  300.0   9700  -30.5  -46.5     19   0.20     95     19  342.3  343.1  342.3
  268.0  10490  -37.4  -48.2     31   0.18     60     21  343.5  344.3  343.5
  263.0  10622  -38.5  -48.5     34   0.18     59     25  343.7  344.4  343.7
  253.0  10888  -40.1  -54.1     21   0.10     56     33  345.1  345.6  345.1
  250.0  10970  -40.7                          55     35  345.4         345.4
  224.0  11698  -46.9                          45     35  346.9         346.9
  200.0  12450  -53.3                          55     43  348.2         348.2
  195.0  12607  -54.6                          60     47  348.7         348.7
  150.0  14230  -67.7                          60     31  353.3         353.3
  146.0  14391  -68.8                          60     27  354.1         354.1
  137.0  14771  -71.5                          52     21  355.8         355.8
  125.0  15300  -75.0                          40     12  359.0         359.0
  119.0  15583  -76.8                          80      6  360.7         360.7
  113.0  15881  -78.8                          95      4  362.4         362.4
  104.0  16359  -81.9                          80     14  365.1         365.1
  102.0  16469  -81.4                          70     17  368.1         368.1
  100.0  16580  -80.9                          80     16  371.2         371.2
   91.0  17115  -79.5                         130      8  384.0         384.0
   87.0  17371  -78.9                           0      8  390.3         390.3
   78.1  17983  -77.3                         128      2  405.8         405.8
   78.0  17991  -77.1                         130      2  406.4         406.4
   74.0  18299  -68.9                         240     16  429.8         429.8
   70.0  18630  -69.7                         225     17  434.9         434.9
   66.5  18936  -70.9                         247     23  438.8         438.8
   62.8  19281  -64.7                         272     30  459.7         459.7
   61.0  19458  -65.3                         285     33  462.2         462.2
   56.3  19946  -66.9                         293     31  469.2         469.2
   50.0  20670  -63.9                         305     27  492.5         492.5
   46.6  21101  -63.9                         305     20  502.5         502.5
   45.0  21316  -63.6                         305     16  508.3         508.3
   43.0  21596  -63.2                         165      4  515.9         515.9
   41.0  21890  -62.8                         180      6  524.0         524.0
   39.0  22199  -62.4                         105     17  532.6         532.6
   37.0  22523  -61.9                          90     27  541.8         541.8
   34.0  23045  -61.2                         105     45  557.0         557.0
   31.4  23535  -60.5                          86     46  571.6         571.6
   30.0  23820  -58.3                          75     47  585.1         585.1
   29.0  24036  -57.9                          75     45  591.9         591.9
   22.0  25794  -54.6                          90     49  650.3         650.3
   20.0  26400  -53.5                          85     47  671.7         671.7
   17.0  27458  -49.8                          90     51  715.4         715.4
   15.2  28187  -47.3                          90     54  747.0         747.0
   14.0  28733  -46.7                          90     56  766.8         766.8
   13.0  29226  -46.1                          95     56  785.2         785.2
   10.0  30970  -44.1                          95     45  853.8         853.8
    8.7  31905  -43.7                          83     46  890.0         890.0
    8.4  32142  -39.9                          79     47  913.9         913.9
    8.0  32476  -39.0                          75     47  930.4         930.4
    7.8  32650  -38.5                          48     41  939.0         939.0
    7.4  33014  -35.3                         350     29  966.3         966.3
    7.0                                       290     17                     
</PRE><H3>Station information and sounding indices</H3><PRE>
                         Station identifier: WIII
                             Station number: 96749
                           Observation time: 140630/0000
                           Station latitude: -6.11
                          Station longitude: 106.65
                          Station elevation: 8.0
                            Showalter index: 0.89
                               Lifted index: -1.90
    LIFT computed using virtual temperature: -2.72
                                SWEAT index: 189.21
                                    K index: 14.60
                         Cross totals index: 19.60
                      Vertical totals index: 23.50
                        Totals totals index: 43.10
      Convective Available Potential Energy: 469.28
             CAPE using virtual temperature: 643.21
                      Convective Inhibition: -57.65
             CINS using virtual temperature: -39.25
                           Equilibrum Level: 209.53
 Equilibrum Level using virtual temperature: 209.34
                   Level of Free Convection: 804.66
             LFCT using virtual temperature: 836.08
                     Bulk Richardson Number: 146.27
          Bulk Richardson Number using CAPV: 200.48
  Temp [K] of the Lifted Condensation Level: 293.68
Pres [hPa] of the Lifted Condensation Level: 931.57
   Equivalent potential temp [K] of the LCL: 348.47
     Mean mixed layer potential temperature: 299.71
              Mean mixed layer mixing ratio: 16.65
              1000 hPa to 500 hPa thickness: 5769.00
Precipitable water [mm] for entire sounding: 41.49
</PRE>
<P>Description of the 
<A HREF="/upperair/columns.html">data columns</A>
or <A HREF="/upperair/indices.html">sounding indices</A>.

<P>
<FORM>
<INPUT CLASS="button" TYPE="button" VALUE=" Close this window " 
 onClick="window.close();">
<INPUT CLASS="button" TYPE="button" VALUE=" Select another map " 
 onClick="window.blur();">
</FORM>
<HR SIZE="1">
<I>Interested in graduate studies in atmospheric science?
Check out our program at the
<a href="http://www.uwyo.edu/atsc/howtoapply/"
target=_top>University of Wyoming
</a></I>
<HR SIZE="1"><FONT SIZE="-1">
Questions about the weather data provided by this site can be
addressed to <A HREF="mailto:ldoolman@uwyo.edu">
Larry Oolman (ldoolman@uwyo.edu)</A></FONT>
<HR SIZE="1">
<SCRIPT TYPE="text/javascript">
<!--
window.focus();
// -->
</SCRIPT>
</BODY>
</HTML>
