2014-01-29 00
<HTML>
<TITLE>University of Wyoming - Radiosonde Data</TITLE>
<BODY BGCOLOR="white">
<H2>96749 WIII Jakarta Observations at 00Z 29 Jan 2014</H2>
<PRE>
-----------------------------------------------------------------------------
   PRES   HGHT   TEMP   DWPT   RELH   MIXR   DRCT   SKNT   THTA   THTE   THTV
    hPa     m      C      C      %    g/kg    deg   knot     K      K      K 
-----------------------------------------------------------------------------
 1010.0      8   25.0   22.9     88  17.76    320      9  297.3  348.9  300.5
 1000.0     93   25.2   20.9     77  15.83    320     12  298.4  344.6  301.2
  977.0    297   23.5   19.9     80  15.26    325     21  298.7  343.2  301.4
  925.0    775   19.6   17.7     89  13.97    325     25  299.3  340.3  301.9
  912.0    897   19.0   16.9     88  13.50    325     25  299.9  339.6  302.4
  878.0   1224   17.4   14.9     85  12.28    317     21  301.6  338.0  303.8
  850.0   1501   16.4   15.8     96  13.46    310     17  303.3  343.5  305.8
  792.0   2095   13.3   12.7     96  11.76    295     12  306.1  341.7  308.3
  764.0   2398   11.7   11.1     96  10.96    270     10  307.6  341.0  309.6
  700.0   3134    7.8    7.2     96   9.18    285     10  311.1  339.6  312.8
  661.0   3605    5.4    4.8     96   8.25    285     10  313.6  339.5  315.1
  620.0   4130    2.8    2.2     96   7.29    272      8  316.3  339.6  317.7
  614.0   4209    2.5    1.1     90   6.79    270      8  316.9  338.7  318.2
  592.0   4505    1.4   -3.1     72   5.17    250      8  319.0  335.9  320.0
  591.0   4518    1.4   -3.3     71   5.10    252      8  319.1  335.8  320.1
  571.0   4796    0.1   -5.9     64   4.35    285     12  320.7  335.1  321.5
  570.0   4810    0.0   -6.0     64   4.31    285     12  320.7  335.1  321.6
  518.0   5572   -4.5  -11.5     58   3.08    270     12  324.2  334.8  324.8
  505.0   5772   -5.3  -19.3     32   1.65    267     12  325.6  331.5  325.9
  500.0   5850   -5.9  -18.9     35   1.73    265     12  325.8  331.9  326.1
  478.0   6200   -8.3  -19.3     41   1.75    256     13  327.0  333.3  327.4
  454.0   6596  -10.9  -27.9     23   0.85    245     14  328.6  331.8  328.8
  453.0   6613  -10.8  -25.2     30   1.10    245     14  328.9  333.0  329.1
  451.0   6647  -10.7  -19.7     48   1.79    246     14  329.5  335.9  329.9
  422.0   7155  -12.3  -22.3     43   1.52    259     18  333.8  339.4  334.1
  400.0   7560  -16.3  -23.3     55   1.47    270     21  333.7  339.1  334.0
  387.0   7804  -18.2  -24.4     58   1.38    275     21  334.4  339.6  334.7
  335.0   8870  -26.3  -29.0     78   1.04    252     13  337.4  341.4  337.6
  302.0   9612  -31.6  -34.5     75   0.68    235      8  340.1  342.8  340.3
  300.0   9660  -31.9  -34.9     75   0.66    245      8  340.3  342.9  340.4
  277.0  10212  -35.9  -39.4     71   0.46    300     14  342.3  344.2  342.4
  266.0  10493  -38.0  -41.6     68   0.37    260     12  343.3  344.9  343.4
  255.0  10786  -40.1  -44.0     66   0.30    257     12  344.4  345.6  344.4
  250.0  10920  -41.1                         255     12  344.8         344.8
  243.0  11108  -42.7                         255      8  345.2         345.2
  222.0  11708  -47.8                         185      6  346.4         346.4
  212.0  12014  -50.4                         115      6  347.0         347.0
  200.0  12400  -53.7                          90     16  347.6         347.6
  194.0  12591  -55.3                          85     23  348.0         348.0
  169.0  13458  -62.7                          80     53  349.8         349.8
  168.0  13495  -62.7                          80     54  350.3         350.3
  155.0  13990  -63.3                          73     38  357.5         357.5
  150.0  14190  -64.9                          70     31  358.1         358.1
  145.0  14386  -66.5                          60     23  358.8         358.8
  138.0  14673  -68.9                          35     12  359.7         359.7
  124.0  15293  -74.0                         305      8  361.6         361.6
  112.0  15883  -78.9                         295      4  363.1         363.1
  106.0  16202  -81.5                         185      4  363.9         363.9
  100.0  16540  -84.3                         145     16  364.6         364.6
   90.0  17118  -86.5                         100     27  371.3         371.3
   85.9  17374  -87.5                          85     33  374.3         374.3
   81.0  17706  -83.5                          50     29  389.0         389.0
   77.0  17991  -80.0                          60     12  401.9         401.9
   73.0  18292  -76.3                          75     17  415.8         415.8
   70.3  18505  -73.7                         314      7  425.9         425.9
   70.0  18530  -73.7                         300      6  426.4         426.4
   69.0  18615  -73.4                         265      2  428.7         428.7
   62.0  19248  -71.4                         225     10  446.5         446.5
   59.0  19541  -70.5                         110      8  455.0         455.0
   56.0  19850  -69.5                         295      4  464.1         464.1
   54.0  20065  -68.8                         255      4  470.6         470.6
   51.0  20403  -67.7                         190      4  480.9         480.9
   50.0  20520  -67.3                         220      4  484.5         484.5
   49.0  20644  -67.0                         275      6  488.1         488.1
   42.0  21594  -64.4                         290      8  516.5         516.5
   40.0  21894  -63.5                          45      6  525.8         525.8
   36.0  22543  -61.8                         355     12  546.5         546.5
   34.0  22895  -60.8                          30     10  558.0         558.0
   33.0  23079  -60.3                         335     16  564.1         564.1
   31.1  23444  -59.3                         310     17  576.4         576.4
   30.0  23670  -60.1                         295     17  580.2         580.2
   28.0  24100  -60.0                         305     12  592.0         592.0
   27.0  24327  -60.0                          85      4  598.4         598.4
   26.0  24562  -59.9                         165      4  605.0         605.0
   25.0  24810  -59.1                         175      8  614.2         614.2
   23.0  25337  -57.3                         100     14  634.2         634.2
   22.0  25618  -56.3                          70     19  645.2         645.2
   20.0  26220  -54.3                          65     31  669.2         669.2
   19.0  26551  -53.6                          70     31  681.3         681.3
   16.0  27660  -51.2                          75     12  723.3         723.3
   15.4  27907  -50.7                          90     17  733.0         733.0
   15.0  28078  -50.9                         100     21  738.0         738.0
   13.0  29006  -51.8                         110     27  765.7         765.7
   12.3  29365  -52.1                         103     40  776.7         776.7
   11.0  30096  -49.2                          90     66  812.4         812.4
   10.0  30720  -46.7                          85     66  844.1         844.1
    7.4  32741  -41.1                          85     74  942.5         942.5
    7.3  32833  -40.9                          85     74  947.2         947.2
    7.0                                        85     74                     
</PRE><H3>Station information and sounding indices</H3><PRE>
                         Station identifier: WIII
                             Station number: 96749
                           Observation time: 140129/0000
                           Station latitude: -6.11
                          Station longitude: 106.65
                          Station elevation: 8.0
                            Showalter index: -0.40
                               Lifted index: -0.52
    LIFT computed using virtual temperature: -1.08
                                SWEAT index: 235.60
                                    K index: 37.50
                         Cross totals index: 21.70
                      Vertical totals index: 22.30
                        Totals totals index: 44.00
      Convective Available Potential Energy: 154.26
             CAPE using virtual temperature: 217.51
                      Convective Inhibition: -14.27
             CINS using virtual temperature: -4.40
                           Equilibrum Level: 299.92
 Equilibrum Level using virtual temperature: 298.80
                   Level of Free Convection: 811.09
             LFCT using virtual temperature: 902.66
                     Bulk Richardson Number: 19.57
          Bulk Richardson Number using CAPV: 27.59
  Temp [K] of the Lifted Condensation Level: 292.60
Pres [hPa] of the Lifted Condensation Level: 932.49
   Equivalent potential temp [K] of the LCL: 343.75
     Mean mixed layer potential temperature: 298.51
              Mean mixed layer mixing ratio: 15.53
              1000 hPa to 500 hPa thickness: 5757.00
Precipitable water [mm] for entire sounding: 55.18
</PRE>
<P>Description of the 
<A HREF="/upperair/columns.html">data columns</A>
or <A HREF="/upperair/indices.html">sounding indices</A>.

<P>
<FORM>
<INPUT CLASS="button" TYPE="button" VALUE=" Close this window " 
 onClick="window.close();">
<INPUT CLASS="button" TYPE="button" VALUE=" Select another map " 
 onClick="window.blur();">
</FORM>
<HR SIZE="1">
<I>Interested in graduate studies in atmospheric science?
Check out our program at the
<a href="http://www.uwyo.edu/atsc/howtoapply/"
target=_top>University of Wyoming
</a></I>
<HR SIZE="1"><FONT SIZE="-1">
Questions about the weather data provided by this site can be
addressed to <A HREF="mailto:ldoolman@uwyo.edu">
Larry Oolman (ldoolman@uwyo.edu)</A></FONT>
<HR SIZE="1">
<SCRIPT TYPE="text/javascript">
<!--
window.focus();
// -->
</SCRIPT>
</BODY>
</HTML>
