2014-01-31 12
<HTML>
<TITLE>University of Wyoming - Radiosonde Data</TITLE>
<BODY BGCOLOR="white">
<H2>96749 WIII Jakarta Observations at 00Z 31 Jan 2014</H2>
<PRE>
-----------------------------------------------------------------------------
   PRES   HGHT   TEMP   DWPT   RELH   MIXR   DRCT   SKNT   THTA   THTE   THTV
    hPa     m      C      C      %    g/kg    deg   knot     K      K      K 
-----------------------------------------------------------------------------
 1010.0      8   24.8   22.5     87  17.32    310      6  297.1  347.4  300.2
 1007.0     35   26.0   21.4     76  16.22    311      7  298.6  345.9  301.4
 1000.0    100   25.4   21.1     77  16.03    315     10  298.6  345.4  301.4
  978.0    294   23.9   20.4     81  15.64    320     16  299.0  344.7  301.8
  925.0    781   20.2   18.5     90  14.71    310     19  300.0  343.2  302.6
  912.0    903   19.6   17.8     89  14.26    305     19  300.6  342.6  303.1
  887.0   1143   18.4   16.4     88  13.40    291     15  301.7  341.4  304.1
  850.0   1508   16.0   14.5     91  12.36    270     10  302.9  339.8  305.1
  793.0   2093   13.2   11.9     92  11.12    250     16  306.0  339.6  308.0
  765.0   2396   11.8   10.5     92  10.52    260     16  307.6  339.6  309.5
  712.0   3001    8.9    7.8     93   9.38    250     19  310.8  339.8  312.5
  711.0   3012    8.8    7.7     93   9.36    250     19  310.8  339.8  312.6
  700.0   3142    9.0    6.4     84   8.69    255     17  312.4  339.6  314.1
  691.0   3249    9.0    4.0     71   7.43    262     15  313.6  337.1  315.0
  687.0   3297    8.8    3.6     70   7.28    265     14  313.9  336.9  315.2
  665.0   3567    7.6    1.6     66   6.50    252     12  315.5  336.3  316.7
  662.0   3604    7.6   -1.4     53   5.25    250     12  315.9  332.8  316.9
  660.0   3629    7.6   -3.4     46   4.53    252     12  316.1  330.9  317.0
  644.0   3831    7.0   -6.0     39   3.81    272     12  317.7  330.3  318.4
  638.0   3908    6.3   -4.1     47   4.44    280     12  317.8  332.3  318.6
  630.0   4011    5.4   -1.6     61   5.43    282     13  317.9  335.5  318.9
  615.0   4207    4.2   -4.4     54   4.51    285     14  318.7  333.5  319.5
  571.0   4808    0.4  -13.0     36   2.48    305     14  321.1  329.6  321.6
  566.0   4879    0.0  -14.0     34   2.30    301     14  321.4  329.3  321.8
  550.0   5107   -2.0  -14.4     38   2.29    290     12  321.7  329.6  322.1
  546.0   5166   -2.5  -14.5     39   2.29    282     12  321.7  329.6  322.2
  530.0   5401   -4.1   -6.9     81   4.33    250     14  322.6  337.0  323.4
  510.0   5704   -5.0   -9.9     68   3.54    230     12  325.0  337.1  325.7
  500.0   5860   -5.5  -11.5     63   3.19    240     14  326.3  337.3  326.9
  491.0   6002   -6.4  -13.3     58   2.80    250     14  326.9  336.6  327.5
  472.0   6309   -8.2  -17.4     48   2.08    220     10  328.3  335.7  328.7
  456.0   6578   -9.9  -20.9     40   1.59    220     12  329.5  335.2  329.8
  454.0   6612  -10.1  -21.1     40   1.58    220     12  329.7  335.4  330.0
  437.0   6905  -11.6  -22.6     40   1.44    250     10  331.4  336.6  331.7
  429.0   7048  -12.3  -23.3     39   1.37    250     10  332.2  337.3  332.5
  423.0   7155  -12.9  -25.9     33   1.10    250     10  332.8  336.9  333.0
  420.0   7210  -13.3  -26.3     33   1.07    250     10  333.0  337.0  333.2
  415.0   7301  -13.9  -26.9     32   1.02    262     11  333.3  337.2  333.5
  404.0   7505  -15.1  -34.6     17   0.50    290     12  334.4  336.4  334.5
  400.0   7580  -15.5  -37.5     13   0.38    285     12  334.8  336.3  334.8
  399.0   7599  -15.5  -37.5     13   0.38    284     12  335.0  336.5  335.1
  377.0   8023  -18.3  -27.3     45   1.09    264     10  336.8  340.9  337.0
  358.0   8398  -21.1  -29.7     46   0.92    245      8  338.0  341.5  338.1
  330.0   8989  -25.6  -33.5     48   0.69    310      2  339.8  342.5  339.9
  316.0   9303  -28.0  -35.5     49   0.59     75      4  340.7  343.0  340.8
  300.0   9680  -30.9  -37.9     50   0.49    100     10  341.7  343.7  341.8
  291.0   9896  -32.5  -40.4     45   0.39    105     14  342.4  344.0  342.5
  290.0   9921  -32.7  -40.7     45   0.38    105     14  342.5  344.0  342.6
  267.0  10496  -37.8  -43.1     57   0.32     95     25  343.3  344.6  343.3
  257.0  10761  -40.1  -44.2     65   0.29     95     25  343.6  344.8  343.6
  250.0  10950  -41.7                          95     25  343.9         343.9
  213.0  12005  -50.5                          90     37  346.4         346.4
  200.0  12420  -53.9                          90     47  347.2         347.2
  150.0  14210  -67.5                          85     72  353.6         353.6
  131.0  14993  -73.1                          80     78  357.5         357.5
  102.0  16440  -83.5                          75     39  364.1         364.1
  101.0  16495  -83.8                          75     37  364.5         364.5
  100.0  16550  -84.1                          75     35  365.0         365.0
   95.0  16831  -86.5                          75     25  365.8         365.8
   93.3  16930  -87.3                          83     25  366.0         366.0
   87.4  17293  -78.5                         113     27  390.6         390.6
   86.0  17385  -78.5                         120     27  392.4         392.4
   79.4  17840  -78.5                          84     21  401.4         401.4
   77.0  18016  -74.3                          70     19  413.7         413.7
   76.9  18024  -74.1                          70     19  414.3         414.3
   73.0  18326  -74.4                          65     10  419.8         419.8
   70.0  18570  -74.7                           0      8  424.2         424.2
   66.0  18913  -75.3                         320     21  430.1         430.1
   63.7  19119  -75.7                         301     14  433.6         433.6
   63.0  19185  -75.3                         295     12  436.0         436.0
   57.0  19778  -71.2                         300     19  457.7         457.7
   51.9  20334  -67.5                         271     24  478.9         478.9
   51.0  20440  -67.4                         265     25  481.5         481.5
   50.0  20560  -67.3                         265     25  484.5         484.5
   45.6  21117  -64.9                         276     29  503.2         503.2
   44.6  21253  -62.3                         278     30  512.7         512.7
   44.0  21336  -62.3                         280     31  514.6         514.6
   38.0  22237  -62.7                         240     17  535.7         535.7
   35.0  22743  -62.9                         280      6  547.9         547.9
   33.0  23104  -63.1                         115      6  556.8         556.8
   31.0  23488  -63.2                         230      6  566.4         566.4
   30.0  23690  -63.3                         205      4  571.5         571.5
   29.7  23752  -63.3                         195      4  573.1         573.1
   27.0  24342  -62.2                         100      8  592.1         592.1
   26.0  24576  -61.7                          60      4  599.8         599.8
   25.0  24819  -61.3                         295      4  607.9         607.9
   24.0  25072  -60.8                         320      4  616.4         616.4
   23.8  25124  -60.7                         334      5  618.1         618.1
   22.0  25618  -58.5                         110     10  638.8         638.8
   21.4  25791  -57.7                         101     13  646.2         646.2
   20.0  26220  -56.5                          80     21  662.5         662.5
   19.0  26549  -55.6                          55     21  674.9         674.9
   17.0  27261  -53.8                          45     16  702.6         702.6
   16.0  27650  -52.8                          85     19  718.2         718.2
   15.0  28063  -51.7                          95     47  735.1         735.1
   14.8  28149  -51.5                          93     47  738.7         738.7
   13.4  28798  -48.1                          80     44  771.6         771.6
   12.1  29465  -50.9                          66     41  784.5         784.5
   12.0  29520  -50.8                          65     41  786.7         786.7
   11.0  30087  -50.0                          90     45  809.4         809.4
   10.2  30579  -49.3                          94     41  829.7         829.7
   10.0  30710  -45.7                          95     40  847.8         847.8
</PRE><H3>Station information and sounding indices</H3><PRE>
                         Station identifier: WIII
                             Station number: 96749
                           Observation time: 140131/0000
                           Station latitude: -6.11
                          Station longitude: 106.65
                          Station elevation: 8.0
                            Showalter index: 1.50
                               Lifted index: -0.55
    LIFT computed using virtual temperature: -0.90
                                SWEAT index: 208.01
                                    K index: 33.40
                         Cross totals index: 20.00
                      Vertical totals index: 21.50
                        Totals totals index: 41.50
      Convective Available Potential Energy: 106.81
             CAPE using virtual temperature: 182.65
                      Convective Inhibition: -16.45
             CINS using virtual temperature: -11.60
                           Equilibrum Level: 404.79
 Equilibrum Level using virtual temperature: 386.31
                   Level of Free Convection: 865.35
             LFCT using virtual temperature: 876.43
                     Bulk Richardson Number: 9.62
          Bulk Richardson Number using CAPV: 16.45
  Temp [K] of the Lifted Condensation Level: 292.81
Pres [hPa] of the Lifted Condensation Level: 931.08
   Equivalent potential temp [K] of the LCL: 344.86
     Mean mixed layer potential temperature: 298.86
              Mean mixed layer mixing ratio: 15.75
              1000 hPa to 500 hPa thickness: 5760.00
Precipitable water [mm] for entire sounding: 51.58
</PRE>
<P>Description of the 
<A HREF="/upperair/columns.html">data columns</A>
or <A HREF="/upperair/indices.html">sounding indices</A>.

<P>
<FORM>
<INPUT CLASS="button" TYPE="button" VALUE=" Close this window " 
 onClick="window.close();">
<INPUT CLASS="button" TYPE="button" VALUE=" Select another map " 
 onClick="window.blur();">
</FORM>
<HR SIZE="1">
<I>Interested in graduate studies in atmospheric science?
Check out our program at the
<a href="http://www.uwyo.edu/atsc/howtoapply/"
target=_top>University of Wyoming
</a></I>
<HR SIZE="1"><FONT SIZE="-1">
Questions about the weather data provided by this site can be
addressed to <A HREF="mailto:ldoolman@uwyo.edu">
Larry Oolman (ldoolman@uwyo.edu)</A></FONT>
<HR SIZE="1">
<SCRIPT TYPE="text/javascript">
<!--
window.focus();
// -->
</SCRIPT>
</BODY>
</HTML>
