2015-05-07 12
<HTML>
<TITLE>University of Wyoming - Radiosonde Data</TITLE>
<BODY BGCOLOR="white">
<H2>96749 WIII Jakarta Observations at 00Z 07 May 2015</H2>
<PRE>
-----------------------------------------------------------------------------
   PRES   HGHT   TEMP   DWPT   RELH   MIXR   DRCT   SKNT   THTA   THTE   THTV
    hPa     m      C      C      %    g/kg    deg   knot     K      K      K 
-----------------------------------------------------------------------------
 1010.0      8   24.2   22.6     91  17.43      0      0  296.5  347.0  299.6
 1008.0     25   26.0   24.4     91  19.53     17      1  298.5  355.6  301.9
 1000.0     95   26.6   23.3     82  18.39     85      4  299.8  353.8  303.0
  977.0    300   25.6   21.8     80  17.19     85     14  300.8  351.5  303.9
  944.0    603   24.2   19.7     76  15.53     85     12  302.3  348.4  305.1
  925.0    782   23.4   18.4     74  14.62    105      8  303.2  346.8  305.9
  920.0    829   23.2   17.2     69  13.60    109      7  303.5  344.1  306.0
  913.0    896   22.8   17.1     70  13.60    115      6  303.7  344.4  306.2
  882.0   1195   21.0   16.5     76  13.58    150      8  304.9  345.6  307.3
  850.0   1516   19.0   15.9     82  13.55    160     10  306.0  346.9  308.5
  822.0   1803   17.9   13.2     74  11.77    175      6  307.8  343.6  309.9
  797.0   2068   16.8   10.8     68  10.31    153      6  309.4  341.1  311.3
  794.0   2100   16.6   10.7     68  10.26    150      6  309.5  341.1  311.4
  767.0   2392   15.0    9.5     70   9.81    105      4  310.8  341.2  312.6
  714.0   2997   11.6    7.1     74   8.92     75      4  313.5  341.5  315.1
  700.0   3164   10.6    6.4     75   8.69     50      2  314.2  341.6  315.8
  640.0   3897    6.4    1.5     71   6.73    325      6  317.6  339.3  318.9
  617.0   4196    4.8   -0.5     69   6.04    325      8  319.0  338.7  320.2
  595.0   4494    3.1   -2.4     67   5.41    305      8  320.4  338.2  321.4
  573.0   4802    1.3   -4.5     65   4.82    305      6  321.8  337.8  322.7
  557.0   5033    0.0   -6.0     64   4.41      2      3  322.9  337.6  323.7
  552.0   5105   -0.4   -6.3     64   4.34     20      2  323.2  337.7  324.0
  532.0   5398   -2.2   -7.7     66   4.06     40      4  324.4  338.2  325.2
  512.0   5702   -4.1   -9.0     69   3.79     35      4  325.7  338.6  326.5
  500.0   5890   -5.3   -9.9     70   3.63    100      4  326.5  338.9  327.2
  493.0   6000   -6.1  -10.3     72   3.57    135      4  326.9  339.1  327.6
  475.0   6292   -8.1  -11.3     78   3.41    159      3  327.9  339.7  328.6
  469.0   6390   -8.3  -13.2     68   2.97    167      3  328.8  339.2  329.4
  452.0   6677  -10.3  -13.1     80   3.10    191      3  329.8  340.6  330.4
  450.0   6711  -10.1  -17.1     57   2.24    194      2  330.5  338.4  330.9
  439.0   6901  -11.5  -18.1     58   2.11    210      2  331.1  338.6  331.5
  420.0   7240  -13.9  -19.9     60   1.89    281      1  332.2  339.0  332.6
  411.0   7404  -14.3  -22.3     51   1.56    316      1  333.7  339.5  334.0
  410.0   7423  -14.3  -18.4     71   2.20    320      1  333.9  341.9  334.4
  408.0   7460  -14.5  -23.5     46   1.42    328      0  334.2  339.4  334.4
  405.0   7516  -14.9  -20.9     60   1.80    340      0  334.4  340.9  334.7
  404.0   7535  -14.9  -24.9     42   1.26    344      0  334.6  339.3  334.8
  400.0   7610  -15.3  -27.3     35   1.02      0      0  335.0  338.9  335.2
  390.0   7800  -16.7  -26.9     41   1.10    190      2  335.6  339.7  335.8
  375.0   8095  -18.9  -26.1     53   1.21    140      6  336.4  341.0  336.7
  374.0   8115  -19.1  -26.1     54   1.22    140      6  336.5  341.1  336.7
  360.0   8398  -21.1  -22.8     86   1.71    145      8  337.5  343.8  337.8
  359.0   8419  -21.1  -28.1     53   1.06    144      8  337.8  341.8  338.0
  349.0   8627  -23.1  -24.7     87   1.49    134     10  337.8  343.4  338.1
  335.0   8926  -25.5  -26.3     93   1.34    119     13  338.5  343.6  338.8
  334.0   8947  -25.3  -29.8     66   0.97    118     13  339.1  342.8  339.2
  326.0   9123  -26.1  -39.1     28   0.40    109     15  340.3  341.9  340.4
  306.0   9579  -29.5  -37.5     46   0.50     86     19  341.8  343.8  341.9
  305.0   9602  -29.7  -38.2     43   0.47     85     19  341.8  343.7  341.9
  300.0   9720  -30.7  -41.7     33   0.33     85     19  342.0  343.4  342.1
  295.0   9839  -31.7  -44.7     26   0.24     84     19  342.2  343.2  342.3
  287.0  10033  -33.1  -37.1     67   0.55     83     19  342.9  345.1  343.0
  278.0  10257  -34.1  -50.1     18   0.14     81     19  344.6  345.2  344.6
  252.0  10936  -40.1  -56.1     16   0.08     75     19  345.5  345.9  345.5
  250.0  10990  -40.5                          75     19  345.7         345.7
  200.0  12460  -52.9                          70     35  348.8         348.8
  178.0  13189  -58.8                          65     43  351.0         351.0
  154.0  14095  -66.2                          75     21  353.2         353.2
  150.0  14260  -67.5                          90     17  353.6         353.6
  132.0  15008  -72.8                         160     10  357.3         357.3
  118.0  15664  -77.5                         117     11  360.3         360.3
  107.0  16219  -79.7                          80     12  366.4         366.4
  104.0  16380  -80.3                          65      8  368.2         368.2
  102.0  16489  -80.8                          55      6  369.3         369.3
  100.0  16600  -81.3                          15      6  370.4         370.4
   96.0  16827  -82.6                         285      6  372.1         372.1
   91.0  17124  -84.4                         265      8  374.4         374.4
   86.9  17380  -85.9                         188     15  376.3         376.3
   83.1  17626  -85.1                         112     21  382.8         382.8
   82.0  17700  -81.4                          90     23  391.7         391.7
   81.9  17707  -81.1                          90     23  392.6         392.6
   78.0  17985  -79.9                          80     31  400.6         400.6
   74.0  18284  -78.5                         100     33  409.5         409.5
   70.0  18600  -77.1                          90     37  419.1         419.1
   68.4  18734  -74.7                          86     33  427.1         427.1
   63.1  19209  -69.1                          70     19  449.4         449.4
   63.0  19219  -69.1                          70     19  449.6         449.6
   60.0  19513  -68.5                         100     21  457.1         457.1
   52.0  20374  -66.9                          60     27  479.9         479.9
   50.0  20610  -66.5                          70     23  486.4         486.4
   40.0  21982  -63.0                         100     35  527.1         527.1
   32.0  23353  -59.5                          85     37  571.2         571.2
   30.0  23750  -58.5                         100     37  584.6         584.6
   29.0  23967  -57.8                         100     41  592.1         592.1
   28.0  24192  -57.1                          90     49  600.0         600.0
   24.0  25179  -54.0                          85     37  636.0         636.0
   22.0  25736  -52.3                         115     19  657.2         657.2
   21.0  26034  -51.4                         100     16  668.8         668.8
   20.5  26189  -50.9                         105     12  674.8         674.8
   20.0  26350  -49.7                         110      8  683.3         683.3
   19.0  26693  -47.1                         130     17  701.3         701.3
   18.0  27055  -44.5                         120     21  720.7         720.7
   17.0  27438  -41.6                          50      8  741.7         741.7
   16.1  27802  -38.9                         108      3  762.1         762.1
   16.0  27844  -39.0                         115      2  763.1         763.1
   15.0  28282  -40.1                          80      4  773.8         773.8
   13.0  29252  -42.4                         320     35  797.9         797.9
   12.0  29794  -43.8                         285     23  811.7         811.7
   11.9  29851  -43.9                         286     23  813.1         813.1
   10.0  31030  -38.9                         310     16  873.2         873.2
    9.0  31755  -37.9                         255     25  903.5         903.5
    8.2  32396  -37.1                         263     23  931.2         931.2
    8.0                                       265     23                     
</PRE><H3>Station information and sounding indices</H3><PRE>
                         Station identifier: WIII
                             Station number: 96749
                           Observation time: 150507/0000
                           Station latitude: -6.11
                          Station longitude: 106.65
                          Station elevation: 8.0
                            Showalter index: -1.12
                               Lifted index: -2.90
    LIFT computed using virtual temperature: -3.36
                                SWEAT index: 214.81
                                    K index: 36.00
                         Cross totals index: 21.20
                      Vertical totals index: 24.30
                        Totals totals index: 45.50
      Convective Available Potential Energy: 951.32
             CAPE using virtual temperature: 1070.25
                      Convective Inhibition: -91.91
             CINS using virtual temperature: -54.80
                           Equilibrum Level: 171.97
 Equilibrum Level using virtual temperature: 171.51
                   Level of Free Convection: 725.28
             LFCT using virtual temperature: 770.00
                     Bulk Richardson Number: 148.93
          Bulk Richardson Number using CAPV: 167.55
  Temp [K] of the Lifted Condensation Level: 294.49
Pres [hPa] of the Lifted Condensation Level: 932.62
   Equivalent potential temp [K] of the LCL: 351.84
     Mean mixed layer potential temperature: 300.43
              Mean mixed layer mixing ratio: 17.51
              1000 hPa to 500 hPa thickness: 5795.00
Precipitable water [mm] for entire sounding: 56.27
</PRE>
<P>Description of the 
<A HREF="/upperair/columns.html">data columns</A>
or <A HREF="/upperair/indices.html">sounding indices</A>.

<P>
<FORM>
<INPUT CLASS="button" TYPE="button" VALUE=" Close this window " 
 onClick="window.close();">
<INPUT CLASS="button" TYPE="button" VALUE=" Select another map " 
 onClick="window.blur();">
</FORM>
<HR SIZE="1">
<I>Interested in graduate studies in atmospheric science?
Check out our program at the
<a href="http://www.uwyo.edu/atsc/howtoapply/"
target=_top>University of Wyoming
</a></I>
<HR SIZE="1"><FONT SIZE="-1">
Questions about the weather data provided by this site can be
addressed to <A HREF="mailto:ldoolman@uwyo.edu">
Larry Oolman (ldoolman@uwyo.edu)</A></FONT>
<HR SIZE="1">
<SCRIPT TYPE="text/javascript">
<!--
window.focus();
// -->
</SCRIPT>
</BODY>
</HTML>
