2014-02-08 12
<HTML>
<TITLE>University of Wyoming - Radiosonde Data</TITLE>
<BODY BGCOLOR="white">
<H2>96749 WIII Jakarta Observations at 00Z 08 Feb 2014</H2>
<PRE>
-----------------------------------------------------------------------------
   PRES   HGHT   TEMP   DWPT   RELH   MIXR   DRCT   SKNT   THTA   THTE   THTV
    hPa     m      C      C      %    g/kg    deg   knot     K      K      K 
-----------------------------------------------------------------------------
 1006.0      8   24.4   22.8     91  17.72    270      4  297.0  348.5  300.2
 1000.0     58   25.0   23.4     91  18.51    265      6  298.1  352.1  301.4
  973.0    298   23.9   22.4     91  17.86    245     16  299.4  351.8  302.6
  925.0    743   22.0   20.5     91  16.71    270     16  301.8  351.3  304.8
  909.0    895   21.3   19.7     91  16.16    270     16  302.6  350.6  305.5
  882.0   1157   20.0   18.3     90  15.25    292     17  303.9  349.4  306.6
  878.0   1196   19.7   18.2     91  15.18    295     17  304.0  349.4  306.7
  850.0   1476   17.8   17.2     96  14.75    295     17  304.8  349.0  307.5
  790.0   2094   14.5   14.1     98  12.98    285     14  307.7  347.1  310.1
  763.0   2388   12.9   12.6     98  12.19    305     14  309.0  346.3  311.3
  710.0   2996    9.6    9.6    100  10.68    255     14  311.9  345.0  313.9
  700.0   3116    9.0    9.0    100  10.40    255     14  312.4  344.8  314.4
  637.0   3892    4.7    4.7    100   8.50    235     14  316.1  343.1  317.7
  613.0   4208    3.0    3.0    100   7.81    240     13  317.6  342.6  319.1
  570.0   4796    0.5    0.2     98   6.88    250     10  321.3  343.8  322.6
  562.0   4910    0.0   -0.3     98   6.71    243     11  322.0  344.0  323.3
  509.0   5698   -4.8   -5.3     97   5.10    190     14  325.4  342.5  326.4
  500.0   5840   -5.7   -6.2     96   4.84    185     12  326.0  342.4  327.0
  490.0   5996   -6.6   -7.2     95   4.57    185      8  326.9  342.4  327.8
  471.0   6302   -8.2   -9.2     93   4.08    215      6  328.5  342.5  329.3
  454.0   6587   -9.8  -11.0     91   3.66    215      6  330.0  342.7  330.7
  424.0   7116  -12.7  -14.4     87   2.97    164      6  332.8  343.3  333.4
  421.0   7170  -13.3  -17.1     73   2.39    159      6  332.7  341.3  333.2
  419.0   7206  -13.0  -17.7     68   2.29    155      6  333.6  341.9  334.1
  414.0   7298  -12.1  -19.1     56   2.05    133      7  335.9  343.4  336.3
  403.0   7503  -13.3  -22.7     45   1.54     85      8  336.8  342.6  337.1
  400.0   7560  -13.7  -23.7     43   1.42     80      8  337.1  342.4  337.4
  373.0   8082  -17.7  -28.1     40   1.02     80      8  338.6  342.5  338.8
  344.0   8686  -22.4  -33.2     37   0.68     60     14  340.2  342.9  340.3
  336.0   8862  -23.7  -34.7     36   0.60     61     12  340.7  343.1  340.8
  316.0   9305  -27.4  -36.7     41   0.52     65      8  341.6  343.7  341.7
  301.0   9656  -30.3  -38.3     46   0.47     93     12  342.2  344.1  342.3
  300.0   9680  -30.5  -36.5     56   0.56     95     12  342.3  344.5  342.4
  298.0   9727  -30.7  -34.4     70   0.70     98     12  342.6  345.4  342.8
  267.0  10490  -36.8  -40.5     68   0.42    145     10  344.6  346.3  344.7
  262.0  10621  -37.9  -41.6     68   0.38    161     10  344.9  346.5  345.0
  256.0  10779  -39.1  -44.0     59   0.30    180     10  345.5  346.7  345.5
  251.0  10913  -40.1  -46.1     53   0.24    172     13  345.9  347.0  346.0
  250.0  10940  -40.1                         170     14  346.3         346.3
  204.0  12289  -52.1                         150     17  348.1         348.1
  200.0  12420  -53.3                         155     17  348.2         348.2
  186.0  12872  -57.3                         165     17  349.1         349.1
  161.0  13770  -65.2                         105     25  350.4         350.4
  150.0  14210  -69.1                          95     33  350.9         350.9
  118.0  15603  -79.6                          85     51  356.5         356.5
  115.0  15752  -80.7                          86     46  357.0         357.0
  106.0  16206  -83.5                          90     29  360.1         360.1
  100.0  16530  -85.5                          85     37  362.3         362.3
   91.5  17019  -83.5                          77     32  375.6         375.6
   85.0  17425  -85.7                          70     27  379.2         379.2
   83.7  17509  -86.1                          54     20  380.0         380.0
   82.1  17617  -80.1                          34     10  394.3         394.3
   81.0  17693  -79.7                          20      4  396.8         396.8
   77.0  17980  -78.0                         220     10  406.1         406.1
   76.4  18025  -77.7                         224     11  407.5         407.5
   73.0  18283  -79.3                         250     14  409.4         409.4
   70.3  18496  -80.7                         205     14  410.9         410.9
   70.0  18520  -80.5                         200     14  411.9         411.9
   63.2  19104  -77.3                          99     12  431.1         431.1
   62.0  19216  -74.0                          80     12  440.7         440.7
   61.3  19282  -72.1                          89     12  446.4         446.4
   53.0  20152  -69.0                         205     10  472.6         472.6
   50.0  20500  -67.7                         205     14  483.5         483.5
   48.0  20747  -67.0                         210     14  490.9         490.9
   46.0  21005  -66.3                         225      6  498.6         498.6
   44.0  21274  -65.5                         210      2  506.9         506.9
   42.0  21556  -64.7                         155      8  515.6         515.6
   40.5  21776  -64.1                         207      5  522.5         522.5
   40.0  21853  -63.1                         225      4  526.9         526.9
   38.0  22170  -58.9                         330     10  545.3         545.3
   37.9  22187  -58.7                         329     10  546.3         546.3
   36.0  22507  -59.5                         305     17  552.5         552.5
   34.0  22862  -60.3                         295     12  559.4         559.4
   33.0  23047  -60.7                         325     16  563.0         563.0
   30.0  23640  -62.1                         285     25  574.8         574.8
   27.0  24290  -62.6                         255     23  590.9         590.9
   26.0  24523  -62.8                         255     21  596.7         596.7
   23.6  25120  -63.3                         204     24  612.1         612.1
   23.0  25280  -62.5                         190     25  618.8         618.8
   20.3  26057  -58.9                         136     29  652.4         652.4
   20.0  26150  -59.1                         130     29  654.5         654.5
   18.9  26503  -60.3                         111     38  661.5         661.5
   18.0  26813  -58.7                          95     45  675.8         675.8
   14.6  28144  -51.9                          95     53  740.2         740.2
   14.0  28417  -51.6                          95     54  750.0         750.0
   12.0  29420  -50.7                          90     66  787.1         787.1
   10.5  30288  -49.9                          94     76  820.7         820.7
   10.0  30610  -46.1                          95     80  846.4         846.4
    9.6  30882  -44.9                                     860.8         860.8
    8.0  32106  -42.7                                     915.6         915.6
</PRE><H3>Station information and sounding indices</H3><PRE>
                         Station identifier: WIII
                             Station number: 96749
                           Observation time: 140208/0000
                           Station latitude: -6.11
                          Station longitude: 106.65
                          Station elevation: 8.0
                            Showalter index: -2.28
                               Lifted index: -3.21
    LIFT computed using virtual temperature: -3.48
                                SWEAT index: 252.40
                                    K index: 40.70
                         Cross totals index: 22.90
                      Vertical totals index: 23.50
                        Totals totals index: 46.40
      Convective Available Potential Energy: 999.52
             CAPE using virtual temperature: 1080.34
                      Convective Inhibition: -22.41
             CINS using virtual temperature: -18.69
                           Equilibrum Level: 146.13
 Equilibrum Level using virtual temperature: 145.63
                   Level of Free Convection: 857.41
             LFCT using virtual temperature: 862.97
                     Bulk Richardson Number: 1538.36
          Bulk Richardson Number using CAPV: 1662.74
  Temp [K] of the Lifted Condensation Level: 295.29
Pres [hPa] of the Lifted Condensation Level: 955.76
   Equivalent potential temp [K] of the LCL: 351.62
     Mean mixed layer potential temperature: 299.15
              Mean mixed layer mixing ratio: 17.93
              1000 hPa to 500 hPa thickness: 5782.00
Precipitable water [mm] for entire sounding: 65.74
</PRE>
<P>Description of the 
<A HREF="/upperair/columns.html">data columns</A>
or <A HREF="/upperair/indices.html">sounding indices</A>.

<P>
<FORM>
<INPUT CLASS="button" TYPE="button" VALUE=" Close this window " 
 onClick="window.close();">
<INPUT CLASS="button" TYPE="button" VALUE=" Select another map " 
 onClick="window.blur();">
</FORM>
<HR SIZE="1">
<I>Interested in graduate studies in atmospheric science?
Check out our program at the
<a href="http://www.uwyo.edu/atsc/howtoapply/"
target=_top>University of Wyoming
</a></I>
<HR SIZE="1"><FONT SIZE="-1">
Questions about the weather data provided by this site can be
addressed to <A HREF="mailto:ldoolman@uwyo.edu">
Larry Oolman (ldoolman@uwyo.edu)</A></FONT>
<HR SIZE="1">
<SCRIPT TYPE="text/javascript">
<!--
window.focus();
// -->
</SCRIPT>
</BODY>
</HTML>
