2013-09-27 00
<HTML>
<TITLE>University of Wyoming - Radiosonde Data</TITLE>
<BODY BGCOLOR="white">
<H2>96749 WIII Jakarta Observations at 00Z 27 Sep 2013</H2>
<PRE>
-----------------------------------------------------------------------------
   PRES   HGHT   TEMP   DWPT   RELH   MIXR   DRCT   SKNT   THTA   THTE   THTV
    hPa     m      C      C      %    g/kg    deg   knot     K      K      K 
-----------------------------------------------------------------------------
 1013.0      8   26.2   19.2     65  14.02    170      3  298.2  339.2  300.8
 1012.0     17   25.4   18.4     65  13.34    170      3  297.5  336.4  299.9
 1000.0    123   25.6   19.6     69  14.57    165      2  298.8  341.4  301.4
  985.0    256   25.6   20.6     74  15.77     42      1  300.0  346.4  302.9
  980.0    301   25.3   20.4     74  15.66      0      0  300.1  346.2  302.9
  947.0    601   23.0   19.1     79  14.92     20      4  300.8  344.8  303.4
  925.0    807   21.4   18.2     82  14.43     30      4  301.2  343.8  303.8
  915.0    901   21.0   16.9     78  13.45     35      4  301.7  341.5  304.1
  884.0   1199   19.6   12.9     65  10.70     95      4  303.2  335.3  305.2
  880.0   1238   19.4   12.4     64  10.38     94      5  303.4  334.6  305.3
  850.0   1536   17.4    9.4     59   8.78     90     10  304.4  330.9  306.0
  832.0   1719   16.4    8.4     59   8.38     87      7  305.2  330.7  306.7
  824.0   1801   15.9    8.6     62   8.57     85      6  305.5  331.6  307.1
  795.0   2105   14.0    9.3     73   9.30    175      4  306.6  335.0  308.3
  789.0   2169   13.6    9.4     76   9.47    198      4  306.8  335.7  308.6
  779.0   2277   14.8    3.8     48   6.49    237      5  309.2  329.5  310.5
  775.0   2320   14.8    6.8     59   8.06    252      5  309.7  334.7  311.2
  768.0   2397   14.7    4.0     49   6.70    280      6  310.4  331.4  311.6
  746.0   2643   14.2   -4.8     26   3.60    300      4  312.4  324.2  313.1
  741.0   2699   13.8   -6.0     25   3.31    305      4  312.6  323.5  313.3
  715.0   2998   11.9  -12.4     17   2.07     55      4  313.8  320.8  314.1
  700.0   3176   10.8  -16.2     13   1.55     95      8  314.4  319.7  314.7
  690.0   3295   10.1  -16.8     13   1.50    120     10  314.9  320.1  315.2
  651.0   3777    7.0  -19.0     14   1.32    124     12  316.7  321.3  317.0
  641.0   3903    5.9  -18.6     15   1.39    125     12  316.8  321.7  317.1
  618.0   4200    3.2  -17.5     20   1.58    150     10  317.1  322.6  317.4
  608.0   4333    2.0  -17.0     23   1.67    123     10  317.2  322.9  317.5
  596.0   4494    1.2  -20.9     17   1.22     90     10  318.1  322.4  318.3
  578.0   4740    0.0  -27.0     11   0.73     97     11  319.5  322.1  319.6
  532.0   5400   -2.9  -28.3     12   0.70    115     14  323.6  326.2  323.8
  520.0   5582   -3.7  -28.7     12   0.69    106     15  324.8  327.4  324.9
  500.0   5890   -6.7  -26.7     19   0.87     90     16  324.8  328.0  325.0
  494.0   5984   -7.5  -26.5     20   0.89     86     16  324.9  328.2  325.1
  493.0   6000   -7.3  -27.7     18   0.80     85     16  325.4  328.4  325.6
  482.0   6176   -4.9  -40.9      4   0.22     87     18  330.4  331.4  330.5
  469.0   6390   -6.3  -44.3      3   0.16     89     20  331.3  332.0  331.3
  400.0   7610  -15.1  -54.1      2   0.06    100     33  335.3  335.6  335.3
  330.0   9035  -25.5  -56.5      4   0.06    108     36  339.9  340.2  339.9
  318.0   9301  -27.4  -56.0      5   0.06    110     37  341.0  341.2  341.0
  300.0   9720  -30.3  -55.3      7   0.07    105     39  342.6  342.9  342.6
  299.0   9744  -30.3  -55.3      7   0.07    105     39  342.9  343.2  342.9
  268.0  10504  -38.0  -56.7     12   0.07    110     39  342.6  342.9  342.6
  260.0  10714  -40.1  -57.1     15   0.07    103     41  342.4  342.8  342.5
  250.0  10980  -42.1                          95     43  343.3         343.3
  200.0  12450  -53.9                          60     54  347.2         347.2
  195.0  12608  -55.1                          55     52  347.9         347.9
  153.0  14117  -66.6                          55     64  353.2         353.2
  150.0  14240  -67.5                          60     62  353.6         353.6
  113.0  15882  -79.6                         100     41  360.9         360.9
  105.0  16307  -82.7                         120     43  362.6         362.6
  101.0  16524  -81.7                         130     47  368.5         368.5
  100.0  16580  -81.5                         130     43  370.0         370.0
   88.2  17291  -79.3                         118     26  387.9         387.9
   86.0  17437  -77.8                         115     23  393.8         393.8
   82.3  17690  -75.1                         138     19  404.3         404.3
   82.0  17711  -75.2                         140     19  404.6         404.6
   78.7  17950  -75.7                         124     13  408.2         408.2
   78.0  18002  -75.2                         120     12  410.2         410.2
   70.5  18598  -69.9                         223     12  433.6         433.6
   70.0  18640  -70.1                         230     12  434.1         434.1
   67.0  18902  -68.8                         265     10  442.5         442.5
   61.5  19415  -66.1                         283     26  459.3         459.3
   61.0  19465  -66.1                         285     27  460.5         460.5
   50.0  20670  -65.3                         265     37  489.2         489.2
   43.0  21591  -64.5                         245     33  512.6         512.6
   41.0  21881  -64.3                         265     27  520.2         520.2
   37.0  22508  -63.8                         230     19  537.0         537.0
   34.0  23024  -63.3                         250     19  551.3         551.3
   33.7  23078  -63.3                         254     20  552.8         552.8
   31.0  23597  -59.9                         295     27  575.5         575.5
   30.0  23800  -58.5                         295     29  584.6         584.6
   25.0  24966  -54.2                         280     29  628.1         628.1
   22.0  25783  -51.2                         265     33  660.4         660.4
   21.7  25871  -50.9                         259     31  664.0         664.0
   21.0  26084  -51.5                         245     27  668.5         668.5
   20.0  26400  -52.3                         255     25  675.3         675.3
   19.0  26732  -52.4                         290     27  685.1         685.1
   18.0  27081  -52.4                         300     19  695.5         695.5
   17.1  27413  -52.5                         278     11  705.6         705.6
   17.0  27451  -52.5                         275     10  706.7         706.7
   16.0  27842  -52.8                         300     27  718.2         718.2
   14.0  28703  -53.3                         290     27  744.3         744.3
   13.0  29181  -53.6                         325     16  759.2         759.2
   12.8  29281  -53.7                         320     16  762.3         762.3
   11.5  29980  -46.9                         283     17  810.4         810.4
   10.0  30910  -45.1                         235     19  850.1         850.1
    9.0  31617  -43.3                         150      2  883.0         883.0
    8.7  31845  -42.7                                     893.9         893.9
</PRE><H3>Station information and sounding indices</H3><PRE>
                         Station identifier: WIII
                             Station number: 96749
                           Observation time: 130927/0000
                           Station latitude: -6.11
                          Station longitude: 106.65
                          Station elevation: 8.0
                            Showalter index: 4.18
                               Lifted index: -1.24
    LIFT computed using virtual temperature: -1.93
                                SWEAT index: 148.81
                                    K index: 6.50
                         Cross totals index: 16.10
                      Vertical totals index: 24.10
                        Totals totals index: 40.20
      Convective Available Potential Energy: 43.40
             CAPE using virtual temperature: 115.81
                      Convective Inhibition: -208.22
             CINS using virtual temperature: -51.77
                           Equilibrum Level: 489.23
 Equilibrum Level using virtual temperature: 486.97
                   Level of Free Convection: 626.58
             LFCT using virtual temperature: 799.56
                     Bulk Richardson Number: 12.77
          Bulk Richardson Number using CAPV: 34.09
  Temp [K] of the Lifted Condensation Level: 291.72
Pres [hPa] of the Lifted Condensation Level: 911.55
   Equivalent potential temp [K] of the LCL: 343.52
     Mean mixed layer potential temperature: 299.55
              Mean mixed layer mixing ratio: 15.03
              1000 hPa to 500 hPa thickness: 5767.00
Precipitable water [mm] for entire sounding: 34.06
</PRE>
<P>Description of the 
<A HREF="/upperair/columns.html">data columns</A>
or <A HREF="/upperair/indices.html">sounding indices</A>.

<P>
<FORM>
<INPUT CLASS="button" TYPE="button" VALUE=" Close this window " 
 onClick="window.close();">
<INPUT CLASS="button" TYPE="button" VALUE=" Select another map " 
 onClick="window.blur();">
</FORM>
<HR SIZE="1">
<I>Interested in graduate studies in atmospheric science?
Check out our program at the
<a href="http://www.uwyo.edu/atsc/howtoapply/"
target=_top>University of Wyoming
</a></I>
<HR SIZE="1"><FONT SIZE="-1">
Questions about the weather data provided by this site can be
addressed to <A HREF="mailto:ldoolman@uwyo.edu">
Larry Oolman (ldoolman@uwyo.edu)</A></FONT>
<HR SIZE="1">
<SCRIPT TYPE="text/javascript">
<!--
window.focus();
// -->
</SCRIPT>
</BODY>
</HTML>
