2015-11-19 00
<HTML>
<TITLE>University of Wyoming - Radiosonde Data</TITLE>
<BODY BGCOLOR="white">
<H2>96749 WIII Jakarta Observations at 00Z 19 Nov 2015</H2>
<PRE>
-----------------------------------------------------------------------------
   PRES   HGHT   TEMP   DWPT   RELH   MIXR   DRCT   SKNT   THTA   THTE   THTV
    hPa     m      C      C      %    g/kg    deg   knot     K      K      K 
-----------------------------------------------------------------------------
 1009.0      8   25.6   24.4     93  19.51    190      3  298.0  354.9  301.4
 1000.0     88   26.6   23.9     85  19.09    170      6  299.8  355.9  303.2
  992.0    159   26.8   23.7     83  19.01    152      8  300.6  356.7  304.1
  976.0    302   25.8   22.8     83  18.27    115     12  301.1  355.0  304.3
  944.0    596   23.8   20.9     84  16.82     85     14  301.9  351.8  304.9
  925.0    775   22.6   19.8     84  15.98     85     16  302.4  349.9  305.3
  912.0    898   21.8   19.1     85  15.47     90     16  302.8  348.8  305.6
  850.0   1507   17.6   15.4     87  13.11     90     19  304.6  343.9  307.0
  822.0   1794   16.6   12.5     77  11.23     85     21  306.4  340.4  308.4
  813.0   1888   16.2   11.6     74  10.66     82     20  307.0  339.4  308.9
  793.0   2098   15.1   10.2     73   9.95     75     17  308.0  338.4  309.8
  723.0   2878   11.0    5.0     66   7.62     71     13  311.7  335.6  313.2
  700.0   3148   10.0    1.0     54   5.91     70     12  313.5  332.4  314.6
  687.0   3303    9.1    0.4     54   5.75     70     14  314.2  332.6  315.3
  656.0   3685    6.8   -1.2     57   5.37     89     11  315.8  333.1  316.8
  639.0   3900    5.5   -0.8     64   5.68    100     10  316.7  335.1  317.8
  616.0   4200    3.8   -0.2     75   6.14     95      8  318.0  337.9  319.2
  614.0   4227    3.6   -0.2     76   6.18     91      8  318.1  338.2  319.3
  594.0   4494    2.3   -2.3     72   5.46     45      4  319.6  337.5  320.7
  572.0   4799    0.8   -4.8     67   4.72     35      6  321.3  337.0  322.2
  561.0   4956    0.0   -6.0     64   4.38     45      7  322.2  336.8  323.1
  541.0   5246   -1.7   -8.7     59   3.68     65      9  323.5  336.0  324.2
  538.0   5290   -1.7  -15.7     34   2.10     68      9  324.1  331.4  324.5
  531.0   5394   -2.3  -13.8     41   2.49     75     10  324.5  333.2  325.0
  527.0   5455   -2.7  -12.7     46   2.75     74     10  324.8  334.3  325.3
  511.0   5698   -4.1  -12.3     53   2.92     70     10  325.9  336.0  326.5
  500.0   5870   -5.1  -12.1     58   3.04     50      6  326.8  337.3  327.4
  493.0   5981   -5.5  -11.5     63   3.24     41      4  327.6  338.8  328.2
  492.0   5996   -5.6  -11.5     63   3.24     40      4  327.6  338.9  328.3
  474.0   6287   -7.5  -11.7     72   3.31     45      4  328.8  340.2  329.4
  460.0   6520   -9.1  -11.9     80   3.36    331      7  329.6  341.3  330.3
  456.0   6588   -9.0  -13.6     69   2.95    310      8  330.6  341.0  331.2
  453.0   6639   -8.9  -14.9     62   2.67    310      8  331.3  340.8  331.9
  438.0   6896  -10.6  -15.6     67   2.61    310      6  332.4  341.6  332.9
  405.0   7495  -14.7  -17.2     81   2.46    350     10  334.7  343.5  335.1
  400.0   7590  -15.3  -17.5     83   2.43    345     10  335.0  343.8  335.5
  396.0   7666  -15.5  -18.3     79   2.30    340     10  335.7  344.1  336.2
  378.0   8017  -17.3  -24.3     54   1.42    318     10  337.8  343.2  338.1
  360.0   8378  -19.8  -29.5     42   0.92    295     10  339.2  342.8  339.4
  333.0   8956  -23.9  -37.9     26   0.44    290      8  341.3  343.0  341.4
  332.0   8978  -24.1  -37.8     27   0.45    290      8  341.3  343.1  341.4
  326.0   9111  -25.3  -37.3     32   0.48    285      9  341.4  343.3  341.5
  314.0   9382  -26.9  -49.9      9   0.13    274     11  342.9  343.4  342.9
  305.0   9591  -28.6  -49.6     11   0.14    265     12  343.4  344.0  343.4
  300.0   9710  -29.5  -49.5     13   0.14    265     14  343.7  344.3  343.7
  257.0  10788  -38.3  -52.4     21   0.12    275     12  346.2  346.7  346.2
  250.0  10980  -39.9  -52.9     24   0.11    265     12  346.6  347.1  346.6
  246.0  11087  -40.9                         260     12  346.8         346.8
  215.0  11980  -48.8                         295     12  348.0         348.0
  200.0  12460  -53.1                         285     12  348.5         348.5
  187.0  12878  -56.8                         275     10  349.3         349.3
  162.0  13771  -64.7                         285     12  350.7         350.7
  150.0  14250  -68.9                         275     10  351.2         351.2
  147.0  14368  -69.7                         275     10  351.9         351.9
  126.0  15272  -75.5                         350      6  357.2         357.2
  124.0  15365  -76.1                         315      8  357.8         357.8
  121.0  15507  -73.3                         261     12  365.4         365.4
  119.0  15604  -73.9                         225     14  366.0         366.0
  113.0  15902  -75.8                         205      8  367.9         367.9
  108.0  16164  -77.5                         212      8  369.5         369.5
  102.0  16488  -79.9                         220      8  371.1         371.1
  100.0  16600  -80.7                         260      8  371.6         371.6
   97.0  16770  -81.5                         330      8  373.2         373.2
   90.0  17189  -83.5                         340     12  377.4         377.4
   87.0  17380  -81.2                         345     12  385.7         385.7
   83.4  17618  -78.3                         314     10  396.2         396.2
   78.0  18001  -78.1                         265      6  404.3         404.3
   74.0  18301  -78.0                         325      4  410.7         410.7
   72.5  18418  -77.9                         307      6  413.2         413.2
   70.0  18620  -75.5                         275     10  422.5         422.5
   67.0  18877  -71.7                         240     16  436.1         436.1
   66.1  18956  -70.5                         241     16  440.4         440.4
   64.0  19149  -70.0                         245     16  445.6         445.6
   61.0  19436  -69.2                         275     12  453.5         453.5
   55.0  20055  -67.5                         290      8  471.0         471.0
   53.7  20198  -67.1                         287      8  475.2         475.2
   50.2  20606  -65.7                         280      6  487.7         487.7
   50.0  20630  -65.7                         280      6  488.2         488.2
   45.0  21276  -64.4                         295     16  506.3         506.3
   39.0  22154  -62.6                         325     21  531.9         531.9
   35.5  22731  -61.5                         320     21  549.3         549.3
   34.7  22874  -57.1                         319     21  564.4         564.4
   32.0  23394  -52.7                         315     21  589.3         589.3
   30.7  23660  -50.5                         280     25  602.4         602.4
   30.0  23810  -51.5                         260     27  603.6         603.6
   29.0  24027  -52.9                         240     29  605.7         605.7
   25.9  24751  -57.5                         205     23  612.5         612.5
   25.0  24975  -57.3                         200     19  619.3         619.3
   24.0  25234  -57.0                         210      8  627.3         627.3
   23.0  25504  -56.8                         280     14  635.8         635.8
   20.0  26390  -55.9                         280     31  664.3         664.3
   19.0  26716  -55.7                         275     31  674.8         674.8
   17.8  27137  -49.7                         269     22  706.4         706.4
   17.0  27440  -48.5                         265     16  719.7         719.7
   15.9  27881  -46.7                                     739.4         739.4
</PRE><H3>Station information and sounding indices</H3><PRE>
                         Station identifier: WIII
                             Station number: 96749
                           Observation time: 151119/0000
                           Station latitude: -6.11
                          Station longitude: 106.65
                          Station elevation: 8.0
                            Showalter index: 0.23
                               Lifted index: -3.75
    LIFT computed using virtual temperature: -4.40
                                SWEAT index: 228.80
                                    K index: 29.10
                         Cross totals index: 20.50
                      Vertical totals index: 22.70
                        Totals totals index: 43.20
      Convective Available Potential Energy: 1614.98
             CAPE using virtual temperature: 1814.73
                      Convective Inhibition: -14.32
             CINS using virtual temperature: -8.66
                           Equilibrum Level: 135.02
 Equilibrum Level using virtual temperature: 134.73
                   Level of Free Convection: 892.51
             LFCT using virtual temperature: 907.95
                     Bulk Richardson Number: 207.73
          Bulk Richardson Number using CAPV: 233.42
  Temp [K] of the Lifted Condensation Level: 295.49
Pres [hPa] of the Lifted Condensation Level: 941.52
   Equivalent potential temp [K] of the LCL: 354.95
     Mean mixed layer potential temperature: 300.64
              Mean mixed layer mixing ratio: 18.45
              1000 hPa to 500 hPa thickness: 5782.00
Precipitable water [mm] for entire sounding: 54.57
</PRE>
<P>Description of the 
<A HREF="/upperair/columns.html">data columns</A>
or <A HREF="/upperair/indices.html">sounding indices</A>.

<P>
<FORM>
<INPUT CLASS="button" TYPE="button" VALUE=" Close this window " 
 onClick="window.close();">
<INPUT CLASS="button" TYPE="button" VALUE=" Select another map " 
 onClick="window.blur();">
</FORM>
<HR SIZE="1">
<I>Interested in graduate studies in atmospheric science?
Check out our program at the
<a href="http://www.uwyo.edu/atsc/howtoapply/"
target=_top>University of Wyoming
</a></I>
<HR SIZE="1"><FONT SIZE="-1">
Questions about the weather data provided by this site can be
addressed to <A HREF="mailto:ldoolman@uwyo.edu">
Larry Oolman (ldoolman@uwyo.edu)</A></FONT>
<HR SIZE="1">
<SCRIPT TYPE="text/javascript">
<!--
window.focus();
// -->
</SCRIPT>
</BODY>
</HTML>
