2015-04-30 12
<HTML>
<TITLE>University of Wyoming - Radiosonde Data</TITLE>
<BODY BGCOLOR="white">
<H2>96749 WIII Jakarta Observations at 00Z 30 Apr 2015</H2>
<PRE>
-----------------------------------------------------------------------------
   PRES   HGHT   TEMP   DWPT   RELH   MIXR   DRCT   SKNT   THTA   THTE   THTV
    hPa     m      C      C      %    g/kg    deg   knot     K      K      K 
-----------------------------------------------------------------------------
 1008.0      8   25.0   24.0     94  19.06      0      0  297.5  352.9  300.9
 1000.0     81   25.0   23.1     89  18.17    220      4  298.1  351.1  301.4
  975.0    304   24.7   20.6     78  15.94    220     19  300.0  346.8  302.8
  942.0    607   24.2   17.2     65  13.28    230     16  302.5  342.0  304.9
  925.0    766   22.8   18.1     75  14.34    235     14  302.6  345.3  305.2
  911.0    898   22.1   17.5     75  14.00    235     12  303.2  344.9  305.7
  880.0   1199   20.4   16.1     76  13.25    265      6  304.5  344.3  306.9
  850.0   1500   18.8   14.7     77  12.52    275      8  305.8  343.6  308.1
  793.0   2092   16.0   11.6     75  10.96    295     12  309.0  342.6  311.0
  765.0   2398   14.6   10.0     74  10.20    310     10  310.6  342.2  312.5
  754.0   2522   14.0    9.4     74   9.91    297      7  311.3  342.0  313.1
  750.0   2567   14.4    5.4     55   7.55    293      7  312.2  335.9  313.6
  749.0   2578   15.0   -2.0     31   4.43    292      6  312.9  327.3  313.8
  739.0   2691   14.1    0.0     38   5.21    280      4  313.2  329.9  314.2
  713.0   2992   11.7    5.4     65   7.94    325      6  313.8  338.8  315.2
  712.0   3004   11.6    5.6     67   8.07    324      6  313.8  339.2  315.3
  700.0   3146   10.8    3.8     62   7.23    315      8  314.4  337.4  315.8
  640.0   3879    6.4    1.1     69   6.54    305      8  317.6  338.7  318.8
  617.0   4178    4.6    0.1     72   6.27    315      6  318.8  339.2  320.0
  594.0   4489    2.7   -1.1     76   6.00    320     10  320.1  339.8  321.3
  562.0   4942    0.0   -2.7     82   5.61    350      7  322.0  340.6  323.1
  552.0   5085   -0.8   -3.5     82   5.40      0      6  322.7  340.6  323.8
  531.0   5393   -2.6   -5.1     83   4.95    340      4  324.2  340.8  325.2
  511.0   5697   -4.3   -6.8     83   4.53    355      8  325.7  341.0  326.6
  500.0   5870   -5.3   -7.7     83   4.31    340      6  326.5  341.2  327.4
  492.0   5994   -6.1   -8.7     82   4.07    330      6  327.1  341.0  327.9
  474.0   6282   -7.8  -10.9     79   3.54    330     10  328.4  340.6  329.1
  456.0   6580   -9.7  -13.2     76   3.06    300      6  329.7  340.5  330.4
  439.0   6873  -11.5  -15.4     73   2.64    295      6  331.1  340.4  331.6
  405.0   7494  -15.3  -20.2     66   1.91    330      2  333.8  340.8  334.2
  400.0   7590  -15.9  -20.9     65   1.82    310      2  334.2  340.9  334.6
  396.0   7666  -16.7  -21.2     68   1.79    296      2  334.1  340.7  334.5
  390.0   7779  -17.6  -21.6     71   1.75    275      2  334.5  340.9  334.8
  374.0   8089  -20.0  -22.7     79   1.66    255      8  335.3  341.5  335.7
  349.0   8602  -23.9  -24.5     95   1.52    278      7  336.7  342.4  337.0
  330.0   9009  -26.3  -29.4     75   1.02    297      6  338.8  342.8  339.1
  317.0   9297  -28.8  -30.4     86   0.97    310      6  339.4  343.1  339.6
  307.0   9526  -30.7  -31.2     95   0.93    188      3  339.8  343.3  339.9
  304.0   9596  -30.8  -33.2     79   0.77    150      2  340.5  343.6  340.7
  302.0   9643  -30.9  -34.6     70   0.68    140      3  341.1  343.7  341.2
  300.0   9690  -31.1  -34.5     72   0.69    130      4  341.4  344.1  341.6
  292.0   9879  -32.6  -36.8     66   0.56     85      8  341.9  344.1  342.0
  256.0  10798  -40.1  -48.1     42   0.19     80     16  344.0  344.8  344.0
  250.0  10960  -41.3                          75     17  344.5         344.5
  235.0  11368  -44.9                          70     21  345.3         345.3
  200.0  12430  -54.1                          95     29  346.9         346.9
  195.0  12587  -55.5                          95     31  347.3         347.3
  150.0  14210  -69.5                          70     41  350.2         350.2
  138.0  14703  -72.3                          70     45  353.7         353.7
  134.0  14877  -73.3                          66     40  354.9         354.9
  125.0  15281  -74.5                          55     29  359.9         359.9
  119.0  15567  -75.3                          30     14  363.4         363.4
  115.0  15766  -75.9                         342     13  365.9         365.9
  107.0  16175  -79.2                         240     12  367.3         367.3
  100.0  16560  -82.3                         225     19  368.5         368.5
   91.9  17028  -84.9                         210     12  372.3         372.3
   91.0  17084  -84.6                         205     10  374.0         374.0
   82.0  17670  -81.4                         115     10  391.8         391.8
   77.0  18024  -79.4                         115      6  403.0         403.0
   73.0  18324  -77.8                          70      6  412.7         412.7
   70.0  18560  -76.5                         100     14  420.4         420.4
   66.0  18901  -75.7                         115     23  429.4         429.4
   63.0  19171  -75.0                         120     29  436.6         436.6
   59.2  19532  -74.1                          95     36  446.4         446.4
   57.0  19756  -70.5                          80     41  459.4         459.4
   55.8  19882  -68.5                          82     39  466.8         466.8
   51.0  20421  -68.7                          90     33  478.6         478.6
   50.0  20540  -68.7                          90     35  481.2         481.2
   45.4  21119  -66.9                          88     41  499.0         499.0
   38.7  22098  -59.9                          85     51  540.0         540.0
   38.0  22212  -60.1                          85     52  542.3         542.3
   34.9  22741  -61.1                          90     53  553.1         553.1
   32.0  23283  -57.7                          96     55  576.0         576.0
   30.0  23690  -57.1                         100     56  588.4         588.4
   29.0  23905  -56.9                          95     60  594.8         594.8
   28.6  23994  -56.8                          95     60  597.5         597.5
   27.0  24360  -56.3                          95     60  608.5         608.5
   26.0  24599  -56.0                          90     60  615.9         615.9
   24.8  24900  -55.7                          88     49  625.3         625.3
   23.0  25386  -53.4                          85     31  645.6         645.6
   21.0  25972  -50.7                         100     33  670.8         670.8
   20.0  26290  -51.5                          90     33  677.8         677.8
   19.2  26555  -52.1                          66     27  683.9         683.9
   19.0  26623  -51.5                          60     25  687.9         687.9
   18.0  26978  -48.2                          10      6  709.0         709.0
   17.4  27201  -46.1                         305     10  722.5         722.5
   17.0  27355  -46.3                         260     12  726.8         726.8
   16.0  27758  -46.7                         240      8  738.1         738.1
   15.5  27969  -46.9                         250     12  744.1         744.1
   15.0  28188  -44.1                         260     17  760.5         760.5
   14.9  28232  -43.5                         255     17  763.9         763.9
   14.0  28650  -44.2                         205     14  775.3         775.3
   13.1  29096  -44.9                         259      9  787.6         787.6
   13.0  29148  -44.6                         265      8  790.3         790.3
   12.0  29689  -41.8                         250     17  818.5         818.5
   11.3  30096  -39.7                         247     23  840.3         840.3
   10.0  30930  -40.5                         240     35  867.2         867.2
    9.4  31351  -41.1                                     880.4         880.4
</PRE><H3>Station information and sounding indices</H3><PRE>
                         Station identifier: WIII
                             Station number: 96749
                           Observation time: 150430/0000
                           Station latitude: -6.11
                          Station longitude: 106.65
                          Station elevation: 8.0
                            Showalter index: 0.14
                               Lifted index: -1.38
    LIFT computed using virtual temperature: -1.62
                                SWEAT index: 198.41
                                    K index: 31.80
                         Cross totals index: 20.00
                      Vertical totals index: 24.10
                        Totals totals index: 44.10
      Convective Available Potential Energy: 432.30
             CAPE using virtual temperature: 487.72
                      Convective Inhibition: -181.12
             CINS using virtual temperature: -126.05
                           Equilibrum Level: 197.95
 Equilibrum Level using virtual temperature: 197.95
                   Level of Free Convection: 635.60
             LFCT using virtual temperature: 672.47
                     Bulk Richardson Number: 26.64
          Bulk Richardson Number using CAPV: 30.06
  Temp [K] of the Lifted Condensation Level: 293.42
Pres [hPa] of the Lifted Condensation Level: 929.94
   Equivalent potential temp [K] of the LCL: 347.60
     Mean mixed layer potential temperature: 299.59
              Mean mixed layer mixing ratio: 16.45
              1000 hPa to 500 hPa thickness: 5789.00
Precipitable water [mm] for entire sounding: 54.88
</PRE>
<P>Description of the 
<A HREF="/upperair/columns.html">data columns</A>
or <A HREF="/upperair/indices.html">sounding indices</A>.

<P>
<FORM>
<INPUT CLASS="button" TYPE="button" VALUE=" Close this window " 
 onClick="window.close();">
<INPUT CLASS="button" TYPE="button" VALUE=" Select another map " 
 onClick="window.blur();">
</FORM>
<HR SIZE="1">
<I>Interested in graduate studies in atmospheric science?
Check out our program at the
<a href="http://www.uwyo.edu/atsc/howtoapply/"
target=_top>University of Wyoming
</a></I>
<HR SIZE="1"><FONT SIZE="-1">
Questions about the weather data provided by this site can be
addressed to <A HREF="mailto:ldoolman@uwyo.edu">
Larry Oolman (ldoolman@uwyo.edu)</A></FONT>
<HR SIZE="1">
<SCRIPT TYPE="text/javascript">
<!--
window.focus();
// -->
</SCRIPT>
</BODY>
</HTML>
