2013-12-02 00
<HTML>
<TITLE>University of Wyoming - Radiosonde Data</TITLE>
<BODY BGCOLOR="white">
<H2>96749 WIII Jakarta Observations at 00Z 02 Dec 2013</H2>
<PRE>
-----------------------------------------------------------------------------
   PRES   HGHT   TEMP   DWPT   RELH   MIXR   DRCT   SKNT   THTA   THTE   THTV
    hPa     m      C      C      %    g/kg    deg   knot     K      K      K 
-----------------------------------------------------------------------------
 1008.0      8   24.8   23.8     94  18.82    250      4  297.3  352.0  300.6
 1000.0     79   25.4   22.5     84  17.50    255      4  298.6  349.7  301.7
  987.0    195   26.0   21.7     77  16.87    263      4  300.3  349.9  303.3
  975.0    302   25.3   21.4     79  16.76    270      4  300.6  350.0  303.6
  925.0    764   22.2   20.1     88  16.29    265      4  302.0  350.3  304.9
  911.0    896   21.4   19.3     88  15.71    265      4  302.5  349.2  305.4
  880.0   1196   19.6   17.4     87  14.46    295      6  303.6  346.8  306.3
  850.0   1497   17.8   15.6     87  13.29    295      4  304.8  344.7  307.2
  821.0   1793   16.1   14.4     90  12.74    350      2  306.0  344.5  308.3
  792.0   2099   14.3   13.2     93  12.20      0      0  307.3  344.3  309.5
  787.0   2153   14.0   13.0     94  12.10    343      1  307.5  344.3  309.7
  764.0   2403   12.9   11.6     92  11.35    265      4  308.9  343.7  311.1
  716.0   2949   10.6    8.5     87   9.82    239      5  312.2  342.8  314.0
  700.0   3137    9.4    7.7     89   9.51    230      6  312.9  342.6  314.6
  686.0   3302    8.6    6.8     89   9.14    215      4  313.8  342.5  315.5
  662.0   3592    7.1    5.3     88   8.52    270      6  315.3  342.3  316.9
  615.0   4193    4.1    2.2     87   7.34    315      4  318.6  342.2  320.0
  593.0   4491    2.6    0.6     87   6.81     35      6  320.2  342.3  321.5
  571.0   4799    1.1   -1.0     86   6.28     55      4  321.9  342.5  323.1
  556.0   5016    0.0   -2.1     86   5.94     48      7  323.0  342.6  324.2
  550.0   5103   -0.4   -2.7     84   5.72     45      8  323.5  342.5  324.6
  530.0   5397   -1.9   -4.9     80   5.03     75      8  325.1  342.0  326.1
  510.0   5703   -3.5   -7.2     75   4.38     65      4  326.9  341.8  327.7
  500.0   5860   -4.3   -8.4     73   4.08     70      2  327.7  341.7  328.5
  491.0   6003   -5.3   -9.1     74   3.92     75      2  328.2  341.7  329.0
  477.0   6231   -6.9  -10.3     77   3.68     54      2  329.0  341.7  329.7
  455.0   6597   -8.9  -12.3     76   3.29     20      2  330.9  342.4  331.6
  438.0   6893  -10.5  -13.9     76   2.99     95      6  332.5  343.1  333.1
  426.0   7108  -11.7  -15.1     76   2.79     77      6  333.6  343.6  334.2
  421.0   7199  -11.9  -18.1     60   2.20     70      6  334.5  342.5  334.9
  416.0   7290  -12.1  -21.1     47   1.72     72      6  335.4  341.7  335.7
  405.0   7495  -13.6  -21.2     53   1.74     75      6  336.0  342.5  336.4
  400.0   7590  -14.3  -21.3     55   1.76     70      8  336.3  342.8  336.7
  383.0   7918  -16.5  -22.5     60   1.65     60      9  337.6  343.8  338.0
  375.0   8077  -17.7  -26.7     45   1.15     56     10  338.1  342.5  338.3
  374.0   8096  -17.8  -26.8     45   1.14     55     10  338.1  342.5  338.4
  359.0   8401  -19.9  -28.9     45   0.99     80     10  339.4  343.2  339.6
  349.0   8611  -21.3  -30.3     44   0.89     66      9  340.2  343.7  340.4
  339.0   8825  -22.5  -29.5     53   0.98     52      7  341.4  345.2  341.6
  331.0   8999  -23.8  -31.6     49   0.83     40      6  342.0  345.3  342.2
  329.0   9044  -24.1  -32.1     48   0.79     47      6  342.2  345.3  342.3
  318.0   9289  -26.0  -35.1     42   0.61     85      4  342.8  345.3  343.0
  305.0   9591  -28.4  -38.8     36   0.44    105      4  343.6  345.4  343.8
  300.0   9710  -29.3  -40.3     34   0.38    135      4  344.0  345.5  344.1
  292.0   9899  -30.9  -41.4     35   0.35    185      4  344.3  345.8  344.4
  268.0  10498  -36.1  -45.0     39   0.26    265      4  345.3  346.4  345.4
  255.0  10845  -39.1  -47.1     42   0.22    258      3  345.8  346.8  345.9
  250.0  10980  -40.1  -46.1     53   0.25    255      2  346.3  347.4  346.4
  246.0  11087  -41.0                         255      2  346.6         346.6
  235.0  11390  -43.5                           0      4  347.3         347.3
  225.0  11679  -46.0                          20      4  347.9         347.9
  205.0  12296  -51.1                           0      6  349.2         349.2
  200.0  12460  -52.5                           0      6  349.5         349.5
  162.0  13771  -64.1                          30      8  351.7         351.7
  154.0  14086  -66.8                          60     12  352.1         352.1
  150.0  14250  -68.3                          65     14  352.2         352.2
  108.0  16138  -84.3                          73     43  356.7         356.7
  101.0  16505  -86.0                          75     49  360.2         360.2
  100.0  16560  -86.3                          80     49  360.8         360.8
   98.4  16648  -86.7                          80     47  361.6         361.6
   96.0  16784  -86.3                          85     45  365.0         365.0
   91.7  17035  -85.5                          85     36  371.4         371.4
   91.0  17079  -84.0                          85     35  375.1         375.1
   88.1  17261  -77.9                          68     25  390.9         390.9
   86.0  17399  -77.9                          55     17  393.7         393.7
   82.0  17672  -77.8                         335     10  399.2         399.2
   74.0  18261  -77.6                         265      4  411.5         411.5
   70.8  18514  -77.5                         329     10  416.9         416.9
   70.0  18580  -75.9                         345     12  421.7         421.7
   66.5  18878  -71.9                         313     12  436.6         436.6
   63.0  19197  -71.5                         280     12  444.3         444.3
   57.0  19787  -70.8                         325     12  458.9         458.9
   56.6  19828  -70.7                         323     11  459.9         459.9
   54.0  20110  -68.8                         310      8  470.5         470.5
   51.0  20452  -66.5                         330      8  483.6         483.6
   50.0  20570  -65.7                         320     10  488.2         488.2
   45.1  21203  -59.9                         287     15  516.9         516.9
   37.0  22435  -59.7                         225     25  547.5         547.5
   35.0  22781  -59.6                         210     25  556.4         556.4
   33.0  23147  -59.6                         215     14  566.0         566.0
   32.0  23338  -59.6                         255      4  571.0         571.0
   30.0  23740  -59.5                         255     10  581.9         581.9
   29.0  23952  -59.2                         245     16  588.3         588.3
   28.6  24039  -59.1                         242     17  591.0         591.0
   26.0  24644  -57.5                         225     23  611.6         611.6
   25.0  24893  -56.9                         220     23  620.4         620.4
   23.0  25423  -55.6                         250     16  639.3         639.3
   21.0  26000  -54.1                         235     17  660.6         660.6
   20.0  26310  -53.3                         235     16  672.3         672.3
   19.0  26640  -53.1                         205     10  682.7         682.7
   18.7  26742  -53.1                         189     11  685.9         685.9
   18.0  26992  -50.7                         150     14  701.1         701.1
   16.8  27443  -46.3                         121     14  729.1         729.1
   16.0  27764  -46.7                         100     14  738.1         738.1
   14.0  28645  -47.7                          45     12  763.4         763.4
   13.0  29134  -48.2                          70     16  777.9         777.9
   11.9  29717  -48.9                          75     28  795.4         795.4
   11.6  29886  -47.1                          77     31  807.6         807.6
   10.3  30666  -50.1                          83     47  824.5         824.5
   10.0  30860  -47.9                          85     51  839.6         839.6
    9.0  31568  -39.5                                     897.6         897.6
</PRE><H3>Station information and sounding indices</H3><PRE>
                         Station identifier: WIII
                             Station number: 96749
                           Observation time: 131202/0000
                           Station latitude: -6.11
                          Station longitude: 106.65
                          Station elevation: 8.0
                            Showalter index: 0.74
                               Lifted index: -1.25
    LIFT computed using virtual temperature: -1.59
                                SWEAT index: 197.20
                                    K index: 36.00
                         Cross totals index: 19.90
                      Vertical totals index: 22.10
                        Totals totals index: 42.00
      Convective Available Potential Energy: 424.73
             CAPE using virtual temperature: 513.08
                      Convective Inhibition: -34.42
             CINS using virtual temperature: -28.15
                           Equilibrum Level: 202.98
 Equilibrum Level using virtual temperature: 202.77
                   Level of Free Convection: 838.81
             LFCT using virtual temperature: 856.92
                     Bulk Richardson Number: 549.20
          Bulk Richardson Number using CAPV: 663.43
  Temp [K] of the Lifted Condensation Level: 294.06
Pres [hPa] of the Lifted Condensation Level: 932.25
   Equivalent potential temp [K] of the LCL: 350.00
     Mean mixed layer potential temperature: 300.03
              Mean mixed layer mixing ratio: 17.03
              1000 hPa to 500 hPa thickness: 5781.00
Precipitable water [mm] for entire sounding: 61.62
</PRE>
<P>Description of the 
<A HREF="/upperair/columns.html">data columns</A>
or <A HREF="/upperair/indices.html">sounding indices</A>.

<P>
<FORM>
<INPUT CLASS="button" TYPE="button" VALUE=" Close this window " 
 onClick="window.close();">
<INPUT CLASS="button" TYPE="button" VALUE=" Select another map " 
 onClick="window.blur();">
</FORM>
<HR SIZE="1">
<I>Interested in graduate studies in atmospheric science?
Check out our program at the
<a href="http://www.uwyo.edu/atsc/howtoapply/"
target=_top>University of Wyoming
</a></I>
<HR SIZE="1"><FONT SIZE="-1">
Questions about the weather data provided by this site can be
addressed to <A HREF="mailto:ldoolman@uwyo.edu">
Larry Oolman (ldoolman@uwyo.edu)</A></FONT>
<HR SIZE="1">
<SCRIPT TYPE="text/javascript">
<!--
window.focus();
// -->
</SCRIPT>
</BODY>
</HTML>
