2015-09-17 12
<HTML>
<TITLE>University of Wyoming - Radiosonde Data</TITLE>
<BODY BGCOLOR="white">
<H2>96749 WIII Jakarta Observations at 00Z 17 Sep 2015</H2>
<PRE>
-----------------------------------------------------------------------------
   PRES   HGHT   TEMP   DWPT   RELH   MIXR   DRCT   SKNT   THTA   THTE   THTV
    hPa     m      C      C      %    g/kg    deg   knot     K      K      K 
-----------------------------------------------------------------------------
 1010.0      8   24.6   21.9     85  16.68    160      4  296.9  345.3  299.9
 1000.0     97   25.0   21.5     81  16.44    145      6  298.1  346.1  301.1
  977.0    301   23.9   20.5     82  15.82    105     10  299.0  345.3  301.8
  944.0    602   22.2   19.1     82  14.93     95     14  300.2  344.2  302.9
  925.0    780   21.2   18.2     83  14.43    105     10  301.0  343.6  303.6
  912.0    903   20.7   17.5     82  13.97    115      8  301.7  343.1  304.2
  864.0   1371   18.8   14.7     77  12.32    111      8  304.4  341.4  306.6
  850.0   1511   17.8   13.3     75  11.42    110      8  304.8  339.2  306.9
  832.0   1694   17.0   14.1     83  12.30    116      7  305.8  342.9  308.1
  822.0   1798   17.1   10.8     67  10.01    120      6  307.0  337.5  308.8
  814.0   1881   17.2    8.2     55   8.45    112      6  307.9  333.9  309.5
  794.0   2092   16.5    5.0     47   6.93     90      6  309.4  331.0  310.6
  766.0   2397   15.4    0.4     36   5.16    165      4  311.4  327.9  312.4
  740.0   2690   14.4   -4.1     28   3.84    155      4  313.4  325.9  314.1
  729.0   2817   14.0   -6.0     24   3.37    182      4  314.3  325.4  314.9
  714.0   2991   12.6   -5.9     27   3.46    220      4  314.6  326.0  315.2
  700.0   3157   11.2   -5.8     30   3.56    205      4  314.9  326.6  315.5
  688.0   3300   10.1   -5.5     33   3.70    195      4  315.2  327.3  315.9
  634.0   3974    4.8   -4.2     52   4.44    304      6  316.6  331.1  317.4
  617.0   4194    3.2   -3.4     62   4.83    340      6  317.2  333.0  318.2
  594.0   4501    1.0   -2.4     78   5.44    295     10  318.1  335.9  319.2
  584.0   4639    0.0   -1.9     87   5.73    296     11  318.5  337.2  319.6
  570.0   4833   -0.5   -3.5     80   5.21    297     12  320.1  337.3  321.2
  566.0   4889   -0.3   -7.3     59   3.93    298     13  321.0  334.2  321.8
  554.0   5061   -1.7   -3.9     85   5.20    299     14  321.4  338.5  322.4
  516.0   5623   -5.3   -8.0     81   4.08    303     17  323.6  337.3  324.4
  501.0   5854   -5.9  -18.9     35   1.72    305     19  325.6  331.7  325.9
  500.0   5870   -5.9  -17.9     38   1.88    305     19  325.8  332.4  326.1
  492.0   5995   -6.4  -17.8     40   1.94    305     19  326.7  333.6  327.1
  474.0   6284   -7.5  -17.4     45   2.07    325     19  328.8  336.2  329.2
  456.0   6585   -8.6  -17.0     51   2.22      5     27  331.0  339.0  331.5
  440.0   6862   -9.7  -16.7     57   2.37      5     24  333.1  341.6  333.6
  400.0   7590  -14.3  -22.3     51   1.61      5     16  336.3  342.3  336.6
  374.0   8091  -18.1  -26.1     50   1.22     10     12  337.8  342.4  338.1
  335.0   8913  -24.3  -32.3     48   0.76     13     26  340.1  343.1  340.3
  317.0   9314  -27.1  -32.1     62   0.82     14     32  341.6  344.9  341.8
  305.0   9591  -29.3  -35.7     54   0.60     15     37  342.3  344.7  342.4
  300.0   9710  -30.3  -37.3     50   0.52     15     35  342.6  344.7  342.7
  292.0   9902  -31.9  -40.9     41   0.37     14     34  342.9  344.5  343.0
  272.0  10399  -36.5  -41.2     62   0.38     10     30  343.3  344.9  343.4
  252.0  10926  -40.1  -50.1     33   0.16      5     25  345.5  346.2  345.6
  250.0  10980  -40.5                           5     25  345.7         345.7
  235.0  11388  -44.1                          10     27  346.4         346.4
  205.0  12287  -52.1                          15     41  347.7         347.7
  200.0  12450  -53.5                          15     45  347.9         347.9
  161.0  13800  -64.7                          10     51  351.3         351.3
  150.0  14240  -68.3                          15     54  352.2         352.2
  146.0  14401  -69.0                          20     56  353.7         353.7
  137.0  14780  -70.7                          42     40  357.2         357.2
  132.0  14996  -72.2                          55     31  358.4         358.4
  110.0  16052  -79.5                         155     15  363.8         363.8
  107.0  16208  -79.9                         170     12  365.9         365.9
  102.0  16478  -80.6                         155      4  369.6         369.6
  100.0  16590  -80.9                         190      4  371.2         371.2
   99.1  16641  -80.9                         195      2  372.1         372.1
   96.0  16821  -80.7                         265      4  375.9         375.9
   82.0  17714  -79.8                         185     16  395.2         395.2
   81.3  17762  -79.7                         173     16  396.2         396.2
   78.0  18005  -76.2                         115     14  408.3         408.3
   74.0  18313  -71.7                          95     16  423.9         423.9
   70.8  18572  -67.9                         107     17  437.4         437.4
   70.0  18640  -68.1                         110     17  438.4         438.4
   67.0  18902  -69.0                         110     19  441.8         441.8
   66.2  18974  -69.3                          97     18  442.8         442.8
   58.0  19778  -63.1                         310      6  473.7         473.7
   56.7  19916  -62.1                         303      7  479.2         479.2
   50.0  20690  -64.1                         265     10  492.0         492.0
   48.1  20927  -65.1                         260     19  495.1         495.1
   48.0  20940  -65.0                         260     19  495.6         495.6
   43.3  21578  -60.1                         260     14  522.5         522.5
   43.0  21621  -60.1                         260     14  523.5         523.5
   41.0  21920  -59.9                         235      8  531.1         531.1
   39.0  22234  -59.8                         195      8  539.1         539.1
   36.0  22736  -59.6                         270     21  552.1         552.1
   31.0  23674  -59.1                         245     31  577.4         577.4
   30.6  23755  -59.1                         239     27  579.6         579.6
   30.0  23880  -58.1                         230     21  585.7         585.7
   29.0  24098  -56.7                         215     14  595.2         595.2
   27.0  24557  -53.8                         235     19  615.7         615.7
   24.1  25287  -49.1                         258     19  649.6         649.6
   21.0  26194  -47.4                         285     19  680.9         680.9
   20.6  26321  -47.1                                     685.4         685.4
</PRE><H3>Station information and sounding indices</H3><PRE>
                         Station identifier: WIII
                             Station number: 96749
                           Observation time: 150917/0000
                           Station latitude: -6.11
                          Station longitude: 106.65
                          Station elevation: 8.0
                            Showalter index: 1.34
                               Lifted index: -1.12
    LIFT computed using virtual temperature: -1.69
                                SWEAT index: 194.60
                                    K index: 20.00
                         Cross totals index: 19.20
                      Vertical totals index: 23.70
                        Totals totals index: 42.90
      Convective Available Potential Energy: 107.80
             CAPE using virtual temperature: 154.67
                      Convective Inhibition: -218.31
             CINS using virtual temperature: -134.60
                           Equilibrum Level: 466.32
 Equilibrum Level using virtual temperature: 457.19
                   Level of Free Convection: 645.51
             LFCT using virtual temperature: 671.60
                     Bulk Richardson Number: 12.39
          Bulk Richardson Number using CAPV: 17.77
  Temp [K] of the Lifted Condensation Level: 293.09
Pres [hPa] of the Lifted Condensation Level: 935.54
   Equivalent potential temp [K] of the LCL: 345.29
     Mean mixed layer potential temperature: 298.73
              Mean mixed layer mixing ratio: 15.95
              1000 hPa to 500 hPa thickness: 5773.00
Precipitable water [mm] for entire sounding: 45.84
</PRE>
<P>Description of the 
<A HREF="/upperair/columns.html">data columns</A>
or <A HREF="/upperair/indices.html">sounding indices</A>.

<P>
<FORM>
<INPUT CLASS="button" TYPE="button" VALUE=" Close this window " 
 onClick="window.close();">
<INPUT CLASS="button" TYPE="button" VALUE=" Select another map " 
 onClick="window.blur();">
</FORM>
<HR SIZE="1">
<I>Interested in graduate studies in atmospheric science?
Check out our program at the
<a href="http://www.uwyo.edu/atsc/howtoapply/"
target=_top>University of Wyoming
</a></I>
<HR SIZE="1"><FONT SIZE="-1">
Questions about the weather data provided by this site can be
addressed to <A HREF="mailto:ldoolman@uwyo.edu">
Larry Oolman (ldoolman@uwyo.edu)</A></FONT>
<HR SIZE="1">
<SCRIPT TYPE="text/javascript">
<!--
window.focus();
// -->
</SCRIPT>
</BODY>
</HTML>
