2013-04-15 00
<HTML>
<TITLE>University of Wyoming - Radiosonde Data</TITLE>
<BODY BGCOLOR="white">
<H2>96749 WIII Jakarta Observations at 00Z 15 Apr 2013</H2>
<PRE>
-----------------------------------------------------------------------------
   PRES   HGHT   TEMP   DWPT   RELH   MIXR   DRCT   SKNT   THTA   THTE   THTV
    hPa     m      C      C      %    g/kg    deg   knot     K      K      K 
-----------------------------------------------------------------------------
 1007.0      8   26.0   24.4     91  19.55    230      7  298.6  355.7  302.0
 1006.0     17   27.2   23.5     80  18.51    230      7  299.8  354.2  303.1
 1000.0     71   27.0   23.3     80  18.39    230     10  300.1  354.3  303.4
  975.0    294   26.1   21.3     75  16.68    230     21  301.4  350.7  304.4
  925.0    759   24.2   17.2     65  13.53    250     14  304.1  344.6  306.5
  910.0    902   23.5   16.2     64  12.91    250     10  304.8  343.6  307.1
  880.0   1195   22.1   14.2     61  11.71    270      8  306.2  341.7  308.4
  874.0   1255   21.8   13.8     60  11.47    269      8  306.5  341.3  308.6
  850.0   1496   19.8   13.8     68  11.80    265      6  306.9  342.7  309.1
  821.0   1792   18.0   12.8     72  11.48    255      6  308.0  343.1  310.1
  793.0   2088   16.2   11.9     76  11.15    225      2  309.2  343.4  311.2
  765.0   2394   14.3   10.9     80  10.82    155      2  310.3  343.7  312.4
  740.0   2677   12.6   10.0     84  10.52    144      4  311.4  344.0  313.4
  716.0   2954   12.0    8.3     78   9.69    133      5  313.7  344.1  315.5
  700.0   3144   11.8    5.8     67   8.33    125      6  315.5  341.9  317.1
  642.0   3863    7.8    1.8     66   6.84     91      7  318.9  341.0  320.2
  617.0   4186    5.3    0.1     69   6.29     75      8  319.6  340.1  320.9
  567.0   4874    0.0   -3.5     77   5.24     86     15  321.2  338.5  322.2
  531.0   5394   -3.0   -8.0     68   3.95     95     21  323.6  337.0  324.4
  508.0   5745   -5.1  -11.1     63   3.24     88     21  325.3  336.4  325.9
  500.0   5870   -5.7  -17.7     38   1.91     85     21  326.0  332.8  326.4
  495.0   5949   -6.5  -18.5     38   1.81     85     21  326.0  332.4  326.3
  492.0   5996   -6.9  -16.5     46   2.16     85     21  326.1  333.7  326.5
  485.0   6108   -7.7  -11.7     73   3.24     85     23  326.4  337.6  327.1
  470.0   6353   -8.7  -16.7     52   2.22     86     26  328.1  336.0  328.6
  462.0   6486   -9.5  -14.5     67   2.71     87     28  328.7  338.2  329.3
  457.0   6570   -9.9  -19.9     44   1.73     87     30  329.3  335.5  329.6
  450.0   6689  -10.9  -14.8     73   2.71     88     31  329.5  339.0  330.0
  448.0   6723  -10.7  -19.7     48   1.80     88     32  330.1  336.6  330.5
  441.0   6845  -11.1  -19.1     52   1.93     89     34  331.1  338.1  331.5
  436.0   6932  -11.1  -31.1     17   0.66     89     35  332.2  334.7  332.3
  421.0   7199  -12.6  -31.8     18   0.64     90     39  333.7  336.1  333.8
  400.0   7590  -14.7  -32.7     20   0.61     90     35  335.8  338.2  335.9
  395.0   7685  -15.5  -31.5     24   0.70     89     35  336.0  338.7  336.1
  390.0   7781  -15.9  -24.9     46   1.31     89     34  336.7  341.6  336.9
  382.0   7937  -16.7  -33.7     22   0.58     87     33  337.6  339.9  337.7
  375.0   8076  -17.7  -23.7     59   1.52     86     33  338.1  343.8  338.4
  321.0   9223  -25.3  -39.3     26   0.40     78     27  342.9  344.5  343.0
  305.0   9591  -28.3  -37.8     40   0.49     75     25  343.7  345.7  343.8
  300.0   9710  -29.3  -37.3     46   0.52     70     23  344.0  346.1  344.1
  295.0   9830  -30.1  -40.1     37   0.40     67     23  344.5  346.1  344.6
  257.0  10797  -37.6  -55.1     14   0.08     45     19  347.3  347.7  347.3
  250.0  10990  -39.1  -58.1     12   0.06     50     19  347.8  348.1  347.8
  246.0  11100  -40.1  -60.1     10   0.05     51     20  347.9  348.1  347.9
  200.0  12470  -52.3                          70     27  349.8         349.8
  178.0  13199  -58.3                          85     21  351.8         351.8
  162.0  13788  -63.1                         120     23  353.3         353.3
  150.0  14270  -67.1                         120     25  354.3         354.3
  133.0  14969  -72.2                         130     25  357.6         357.6
  126.0  15283  -74.5                         110     25  359.0         359.0
  108.0  16179  -81.1                         185     10  362.7         362.7
  107.0  16233  -81.5                         181     11  362.9         362.9
  100.0  16610  -83.5                         155     16  366.2         366.2
   91.0  17128  -85.5                         130     25  372.1         372.1
   82.2  17687  -87.7                         130     12  378.7         378.7
   82.0  17700  -87.5                         125     12  379.2         379.2
   78.0  17975  -84.4                         120     21  391.2         391.2
   77.1  18038  -83.7                         112     21  394.0         394.0
   76.2  18104  -80.3                         104     22  402.4         402.4
   73.7  18293  -80.1                          81     23  406.7         406.7
   71.6  18458  -74.3                          61     24  422.4         422.4
   70.0  18590  -74.3                          45     25  425.1         425.1
   66.0  18928  -76.0                          25     25  428.5         428.5
   64.1  19096  -76.9                          34     18  430.2         430.2
   63.0  19196  -76.2                          40     14  433.8         433.8
   60.0  19479  -74.4                         125     12  444.1         444.1
   57.0  19776  -72.4                         130     25  455.1         455.1
   55.4  19941  -71.3                         122     30  461.4         461.4
   50.0  20550  -66.5                          95     49  486.4         486.4
   49.0  20674  -65.7                          90     51  491.1         491.1
   45.3  21153  -62.5                          77     36  510.0         510.0
   42.0  21622  -62.1                          65     21  522.2         522.2
   36.8  22440  -61.3                          92     21  544.2         544.2
   33.0  23128  -57.4                         115     21  571.9         571.9
   30.0  23730  -53.9                          65      8  597.1         597.1
   29.0  23950  -52.7                           5      6  606.2         606.2
   27.1  24389  -50.3                         251      6  624.8         624.8
   27.0  24413  -50.3                         245      6  625.4         625.4
   26.0  24660  -50.4                         350      4  632.0         632.0
   23.0  25461  -50.6                         300     27  653.8         653.8
   22.3  25663  -50.7                         276     23  659.4         659.4
   22.0  25752  -50.0                         265     21  663.9         663.9
   20.9  26089  -47.5                         262     23  681.4         681.4
   20.0  26380  -48.1                         260     25  688.2         688.2
   19.0  26716  -49.0                         240     25  695.5         695.5
   17.0  27443  -51.0                         250     17  711.6         711.6
   16.9  27482  -51.1                         232     17  712.5         712.5
   16.0  27844  -50.2                          70     16  726.5         726.5
   14.0  28726  -48.1                         345     14  761.9         761.9
   13.0  29215  -47.0                         335     10  782.2         782.2
   12.0  29744  -45.7                         280     14  804.8         804.8
   11.0  30318  -44.3                         220     10  830.0         830.0
   10.7  30501  -43.9                                     838.2         838.2
</PRE><H3>Station information and sounding indices</H3><PRE>
                         Station identifier: WIII
                             Station number: 96749
                           Observation time: 130415/0000
                           Station latitude: -6.11
                          Station longitude: 106.65
                          Station elevation: 8.0
                            Showalter index: 0.10
                               Lifted index: -3.07
    LIFT computed using virtual temperature: -3.79
                                SWEAT index: 198.60
                                    K index: 33.30
                         Cross totals index: 19.50
                      Vertical totals index: 25.50
                        Totals totals index: 45.00
      Convective Available Potential Energy: 565.07
             CAPE using virtual temperature: 672.96
                      Convective Inhibition: -119.39
             CINS using virtual temperature: -82.56
                           Equilibrum Level: 190.83
 Equilibrum Level using virtual temperature: 190.61
                   Level of Free Convection: 753.12
             LFCT using virtual temperature: 776.53
                     Bulk Richardson Number: 16.26
          Bulk Richardson Number using CAPV: 19.36
  Temp [K] of the Lifted Condensation Level: 293.69
Pres [hPa] of the Lifted Condensation Level: 915.76
   Equivalent potential temp [K] of the LCL: 351.17
     Mean mixed layer potential temperature: 301.19
              Mean mixed layer mixing ratio: 16.98
              1000 hPa to 500 hPa thickness: 5799.00
Precipitable water [mm] for entire sounding: 53.85
</PRE>
<P>Description of the 
<A HREF="/upperair/columns.html">data columns</A>
or <A HREF="/upperair/indices.html">sounding indices</A>.

<P>
<FORM>
<INPUT CLASS="button" TYPE="button" VALUE=" Close this window " 
 onClick="window.close();">
<INPUT CLASS="button" TYPE="button" VALUE=" Select another map " 
 onClick="window.blur();">
</FORM>
<HR SIZE="1">
<I>Interested in graduate studies in atmospheric science?
Check out our program at the
<a href="http://www.uwyo.edu/atsc/howtoapply/"
target=_top>University of Wyoming
</a></I>
<HR SIZE="1"><FONT SIZE="-1">
Questions about the weather data provided by this site can be
addressed to <A HREF="mailto:ldoolman@uwyo.edu">
Larry Oolman (ldoolman@uwyo.edu)</A></FONT>
<HR SIZE="1">
<SCRIPT TYPE="text/javascript">
<!--
window.focus();
// -->
</SCRIPT>
</BODY>
</HTML>
