2013-05-02 00
<HTML>
<TITLE>University of Wyoming - Radiosonde Data</TITLE>
<BODY BGCOLOR="white">
<H2>96749 WIII Jakarta Observations at 00Z 02 May 2013</H2>
<PRE>
-----------------------------------------------------------------------------
   PRES   HGHT   TEMP   DWPT   RELH   MIXR   DRCT   SKNT   THTA   THTE   THTV
    hPa     m      C      C      %    g/kg    deg   knot     K      K      K 
-----------------------------------------------------------------------------
 1008.0      8   25.0   23.1     89  18.02    140      2  297.5  349.9  300.7
 1000.0     78   25.4   21.9     81  16.85    130      2  298.6  347.8  301.6
  982.0    238   26.0   21.0     74  16.22    108      5  300.7  348.6  303.6
  975.0    302   25.9   20.5     72  15.82    100      6  301.2  348.0  304.1
  950.0    531   25.6   18.6     65  14.41     77      4  303.2  346.1  305.8
  943.0    596   25.0   18.3     66  14.21     70      4  303.2  345.6  305.8
  925.0    765   23.4   17.4     69  13.70     65      4  303.2  344.1  305.7
  911.0    897   22.4   16.9     71  13.46     65      4  303.6  343.8  306.0
  880.0   1198   20.2   15.7     75  12.90     80      6  304.3  343.0  306.6
  850.0   1499   18.0   14.5     80  12.36     10      2  305.0  342.2  307.2
  840.0   1600   17.2   14.3     83  12.35    333      2  305.2  342.4  307.4
  821.0   1794   16.2   13.3     83  11.79    260      2  306.1  341.8  308.2
  793.0   2087   14.6   11.7     83  10.99     50      2  307.4  340.9  309.5
  765.0   2390   12.9   10.0     83  10.20    245      4  308.9  340.2  310.7
  714.0   2973    9.8    6.9     82   8.82    317      4  311.5  339.0  313.2
  712.0   2997    9.8    6.0     77   8.32    320      4  311.8  337.9  313.4
  705.0   3079   10.0    3.0     62   6.78    308      6  312.9  334.3  314.2
  700.0   3138    9.8    2.8     62   6.73    300      8  313.3  334.6  314.6
  687.0   3293    8.9    1.4     59   6.19    285     12  313.9  333.7  315.1
  649.0   3762    6.0   -3.0     52   4.75    262     11  315.9  331.3  316.8
  645.0   3813    6.4   -6.6     39   3.63    259     11  316.9  328.9  317.6
  639.0   3889    6.8  -12.2     24   2.36    256     11  318.2  326.2  318.6
  615.0   4201    4.8   -8.7     37   3.24    240     10  319.4  330.2  320.0
  593.0   4498    2.9   -5.3     55   4.35    245      4  320.5  334.9  321.3
  592.0   4512    2.8   -5.2     56   4.41    243      4  320.5  335.2  321.4
  571.0   4803    1.1   -3.7     71   5.14    200      6  321.9  338.9  322.9
  558.0   4988    0.0   -2.7     82   5.65    206      7  322.7  341.4  323.8
  551.0   5089   -0.5   -4.0     77   5.18    210      8  323.3  340.6  324.3
  524.0   5490   -2.3   -9.3     59   3.63    170      8  325.8  338.2  326.5
  511.0   5688   -3.6  -13.8     45   2.59    150      8  326.6  335.6  327.1
  500.0   5860   -4.7  -17.7     35   1.91    125     10  327.2  334.1  327.6
  492.0   5985   -5.5  -19.7     32   1.64    100     10  327.8  333.7  328.1
  455.0   6593   -9.4  -29.3     18   0.75    120     10  330.2  333.1  330.4
  442.0   6818  -10.9  -32.9     14   0.55    119     13  331.1  333.3  331.3
  438.0   6888  -10.1  -43.1      5   0.19    118     14  333.0  333.8  333.1
  405.0   7485  -14.4  -42.2      7   0.23    115     21  335.0  335.9  335.0
  400.0   7580  -15.1  -42.1      8   0.24    115     19  335.3  336.2  335.3
  359.0   8379  -20.4  -47.8      7   0.14    135     12  338.7  339.3  338.8
  309.0   9488  -27.7  -55.7      5   0.07    176     17  343.3  343.6  343.3
  304.0   9605  -28.8  -55.7      6   0.07    180     17  343.4  343.7  343.4
  300.0   9700  -29.7  -55.7      6   0.07    175     16  343.4  343.7  343.4
  292.0   9888  -31.3  -55.8      7   0.07    165     10  343.8  344.1  343.8
  268.0  10486  -36.4  -56.0     11   0.07    280      6  344.9  345.2  344.9
  252.0  10916  -40.1  -56.1     16   0.08    258     10  345.5  345.9  345.5
  250.0  10970  -40.5                         255     10  345.7         345.7
  245.0  11104  -41.5                         250     12  346.2         346.2
  214.0  12001  -48.3                         245     25  349.3         349.3
  200.0  12450  -51.7                         260     33  350.7         350.7
  195.0  12608  -53.1                         270     35  351.0         351.0
  150.0  14250  -67.7                         265     23  353.3         353.3
  119.0  15580  -77.5                         265     14  359.4         359.4
  113.0  15878  -79.7                         280     12  360.6         360.6
  107.0  16191  -82.0                         260      6  361.9         361.9
  101.0  16523  -84.5                         215     10  363.2         363.2
  100.0  16580  -84.9                         215     12  363.4         363.4
   96.0  16803  -86.6                         220     14  364.5         364.5
   95.2  16849  -86.9                         215     14  364.7         364.7
   91.0  17095  -86.1                         175      8  371.0         371.0
   86.0  17404  -85.1                          75     12  379.0         379.0
   85.9  17410  -85.1                          75     12  379.2         379.2
   79.3  17860  -75.5                          86     23  407.8         407.8
   77.0  18028  -76.8                          90     27  408.4         408.4
   70.0  18570  -81.1                          80     31  410.6         410.6
   69.6  18602  -81.5                          80     31  410.4         410.4
   63.0  19175  -75.7                          55     16  435.1         435.1
   59.9  19465  -72.7                          98     15  448.0         448.0
   57.0  19758  -71.9                         140     14  456.3         456.3
   53.7  20110  -70.9                         120     18  466.4         466.4
   52.6  20233  -67.1                         112     20  478.0         478.0
   50.0  20540  -66.5                          95     23  486.4         486.4
   46.0  21045  -66.6                          70     21  497.8         497.8
   43.9  21328  -66.7                          29     14  504.3         504.3
   42.0  21603  -64.7                         350      8  515.6         515.6
   40.0  21907  -62.6                         120     12  528.2         528.2
   38.0  22226  -60.3                          70     10  541.8         541.8
   36.0  22563  -57.9                          80     17  556.5         556.5
   33.8  22955  -55.1                         349     21  573.9         573.9
   33.0  23109  -54.8                         315     23  578.6         578.6
   30.0  23720  -53.7                         265     35  597.6         597.6
   29.0  23940  -52.9                         265     39  605.6         605.6
   26.0  24647  -50.4                         290     23  631.9         631.9
   25.0  24901  -49.5                         295     27  641.6         641.6
   24.0  25168  -49.5                         300     31  649.3         649.3
   23.0  25446  -49.4                         270     23  657.3         657.3
   22.0  25737  -49.4                         265     21  665.9         665.9
   21.0  26041  -49.3                         300     25  674.9         674.9
   20.0  26360  -49.3                         295     27  684.5         684.5
   16.0  27829  -48.0                         265     23  733.8         733.8
   15.7  27953  -47.9                         266     24  738.1         738.1
   15.0  28257  -46.2                         270     25  753.5         753.5
   14.5  28482  -44.9                         274     27  765.1         765.1
   12.3  29578  -46.9                         292     34  794.9         794.9
   10.0  30960  -43.9                         315     43  854.5         854.5
    9.0  31671  -41.9                         305     47  888.3         888.3
    8.8  31822  -41.5                                     895.6         895.6
</PRE><H3>Station information and sounding indices</H3><PRE>
                         Station identifier: WIII
                             Station number: 96749
                           Observation time: 130502/0000
                           Station latitude: -6.11
                          Station longitude: 106.65
                          Station elevation: 8.0
                            Showalter index: 1.31
                               Lifted index: -0.83
    LIFT computed using virtual temperature: -1.46
                                SWEAT index: 188.01
                                    K index: 30.20
                         Cross totals index: 19.20
                      Vertical totals index: 22.70
                        Totals totals index: 41.90
      Convective Available Potential Energy: 154.32
             CAPE using virtual temperature: 297.97
                      Convective Inhibition: -79.45
             CINS using virtual temperature: -60.93
                           Equilibrum Level: 247.77
 Equilibrum Level using virtual temperature: 247.80
                   Level of Free Convection: 788.41
             LFCT using virtual temperature: 822.73
                     Bulk Richardson Number: 42.35
          Bulk Richardson Number using CAPV: 81.76
  Temp [K] of the Lifted Condensation Level: 292.76
Pres [hPa] of the Lifted Condensation Level: 912.16
   Equivalent potential temp [K] of the LCL: 347.71
     Mean mixed layer potential temperature: 300.57
              Mean mixed layer mixing ratio: 16.05
              1000 hPa to 500 hPa thickness: 5782.00
Precipitable water [mm] for entire sounding: 48.75
</PRE>
<P>Description of the 
<A HREF="/upperair/columns.html">data columns</A>
or <A HREF="/upperair/indices.html">sounding indices</A>.

<P>
<FORM>
<INPUT CLASS="button" TYPE="button" VALUE=" Close this window " 
 onClick="window.close();">
<INPUT CLASS="button" TYPE="button" VALUE=" Select another map " 
 onClick="window.blur();">
</FORM>
<HR SIZE="1">
<I>Interested in graduate studies in atmospheric science?
Check out our program at the
<a href="http://www.uwyo.edu/atsc/howtoapply/"
target=_top>University of Wyoming
</a></I>
<HR SIZE="1"><FONT SIZE="-1">
Questions about the weather data provided by this site can be
addressed to <A HREF="mailto:ldoolman@uwyo.edu">
Larry Oolman (ldoolman@uwyo.edu)</A></FONT>
<HR SIZE="1">
<SCRIPT TYPE="text/javascript">
<!--
window.focus();
// -->
</SCRIPT>
</BODY>
</HTML>
