2014-07-14 12
<HTML>
<TITLE>University of Wyoming - Radiosonde Data</TITLE>
<BODY BGCOLOR="white">
<H2>96749 WIII Jakarta Observations at 00Z 14 Jul 2014</H2>
<PRE>
-----------------------------------------------------------------------------
   PRES   HGHT   TEMP   DWPT   RELH   MIXR   DRCT   SKNT   THTA   THTE   THTV
    hPa     m      C      C      %    g/kg    deg   knot     K      K      K 
-----------------------------------------------------------------------------
 1010.0      8   22.4   20.1     87  14.89    250      2  294.7  337.5  297.3
 1002.0     77   25.6   18.6     65  13.65    238      5  298.6  338.5  301.0
 1000.0     95   25.6   18.6     65  13.67    235      6  298.8  338.8  301.2
  984.0    237   25.8   15.8     54  11.60    211     12  300.3  334.6  302.4
  977.0    300   25.7   15.7     54  11.64    200     14  300.9  335.4  303.0
  962.0    436   25.6   15.6     54  11.72    210     17  302.1  337.0  304.2
  925.0    781   24.4   12.4     47   9.87    235     25  304.2  334.0  306.1
  912.0    904   23.7   11.9     47   9.66    245     25  304.8  334.0  306.5
  850.0   1516   20.2    9.2     49   8.66    265     25  307.3  333.9  308.9
  847.0   1547   20.0    9.0     49   8.57    266     25  307.4  333.7  309.0
  823.0   1790   18.3    8.4     52   8.45    270     23  308.1  334.1  309.7
  794.0   2093   16.1    7.6     57   8.30    265     25  309.0  334.6  310.5
  700.0   3159    8.6    4.8     77   7.76    255     23  312.0  336.3  313.4
  681.0   3386    7.2    4.0     80   7.54    250     24  312.9  336.6  314.3
  664.0   3592    6.1    2.9     80   7.16    245     25  313.9  336.6  315.2
  617.0   4189    2.9   -0.2     80   6.14    210     16  316.9  336.7  318.0
  578.0   4719    0.0   -3.0     80   5.34    170     15  319.5  336.9  320.5
  551.0   5100   -1.6   -7.5     64   3.99    140     14  322.0  335.4  322.8
  523.0   5516   -3.3  -12.3     50   2.86    123     19  324.8  334.6  325.3
  522.0   5531   -3.3  -14.3     42   2.43    122     19  324.9  333.4  325.4
  519.0   5576   -3.3  -30.3     10   0.60    120     20  325.5  327.7  325.6
  511.0   5699   -4.2  -23.8     20   1.11    115     21  325.8  329.9  326.1
  503.0   5823   -5.1  -17.1     38   2.00    115     18  326.2  333.3  326.6
  501.0   5854   -4.9  -24.9     19   1.02    115     17  326.8  330.6  327.0
  500.0   5870   -5.1  -22.1     25   1.31    115     17  326.8  331.5  327.0
  487.0   6077   -6.5  -13.5     58   2.79    122     14  327.5  337.2  328.1
  473.0   6303   -7.9  -14.2     60   2.70    130     10  328.5  338.0  329.1
  455.0   6604   -9.8  -15.2     65   2.59    160     12  329.8  339.0  330.4
  437.0   6917  -11.7  -16.2     69   2.48    160     12  331.2  340.1  331.7
  421.0   7200  -13.5  -18.1     68   2.21    160     12  332.5  340.4  332.9
  405.0   7495  -15.3  -20.0     67   1.94    130      8  333.8  340.9  334.2
  400.0   7590  -15.9  -20.6     67   1.87    130      8  334.2  341.1  334.6
  374.0   8091  -19.4  -25.0     61   1.35    125     12  336.1  341.1  336.4
  362.0   8334  -21.1  -27.1     58   1.15    113     12  336.9  341.3  337.2
  355.0   8477  -22.3  -32.3     40   0.72    106     12  337.2  340.0  337.4
  345.0   8686  -23.9  -31.2     51   0.82     95     12  337.8  341.0  337.9
  344.0   8707  -24.1  -31.1     52   0.83     95     12  337.8  341.1  338.0
  337.0   8857  -24.9  -41.9     19   0.29     94     11  338.7  339.9  338.8
  314.0   9366  -28.9  -32.2     73   0.82     91      9  340.1  343.3  340.2
  304.0   9596  -30.5  -34.3     69   0.69     90      8  341.0  343.8  341.2
  300.0   9690  -31.1  -35.2     67   0.64     85     10  341.4  344.0  341.6
  255.0  10825  -40.1  -46.1     53   0.24     72     16  344.4  345.4  344.4
  250.0  10960  -41.1                          70     17  344.8         344.8
  245.0  11093  -42.2                          70     17  345.1         345.1
  214.0  11984  -49.7                          70     21  347.1         347.1
  200.0  12430  -53.5                          65     25  347.9         347.9
  150.0  14220  -68.7                          50     35  351.6         351.6
  139.0  14669  -71.4                          45     37  354.5         354.5
  126.0  15247  -74.9                          67     36  358.3         358.3
  119.0  15578  -76.3                          80     35  361.6         361.6
  118.0  15626  -76.5                          80     35  362.1         362.1
  107.0  16191  -75.7                          80     26  373.9         373.9
  102.0  16466  -76.8                          80     21  376.9         376.9
  100.0  16580  -77.3                          90     19  378.1         378.1
   87.0  17376  -77.3                         200     12  393.5         393.5
   82.0  17715  -77.3                         270     10  400.2         400.2
   79.8  17870  -77.3                         271     13  403.3         403.3
   70.0  18630  -71.9                         275     25  430.2         430.2
   67.9  18810  -70.7                         278     31  436.6         436.6
   67.0  18890  -70.5                         280     33  438.7         438.7
   55.0  20073  -67.3                         250     37  471.5         471.5
   51.8  20433  -66.3                         237     24  481.9         481.9
   51.1  20516  -62.9                         235     21  491.8         491.8
   50.0  20650  -61.9                         230     16  497.2         497.2
   47.0  21033  -61.9                         225      8  506.0         506.0
   45.0  21303  -62.0                         165     14  512.3         512.3
   41.0  21879  -62.0                          95     17  526.0         526.0
   33.3  23168  -62.1                          92     33  557.9         557.9
   30.0  23820  -58.5                          90     41  584.6         584.6
   28.0  24256  -56.1                          85     39  602.9         602.9
   27.2  24439  -55.1                         101     37  610.7         610.7
   27.0  24486  -55.1                         105     37  612.0         612.0
   20.0  26400  -54.5                          75     43  668.6         668.6
   18.0  27077  -53.3                          75     45  692.7         692.7
   17.0  27445  -52.7                          75     47  706.2         706.2
   16.7  27559  -52.5                          77     47  710.4         710.4
   12.0  29724  -48.1                         110     47  796.4         796.4
   11.0  30294  -46.9                         120     47  820.6         820.6
   10.5  30599  -46.3                                     833.9         833.9
</PRE><H3>Station information and sounding indices</H3><PRE>
                         Station identifier: WIII
                             Station number: 96749
                           Observation time: 140714/0000
                           Station latitude: -6.11
                          Station longitude: 106.65
                          Station elevation: 8.0
                            Showalter index: 4.44
                               Lifted index: 3.29
    LIFT computed using virtual temperature: 2.85
                                SWEAT index: 177.40
                                    K index: 30.70
                         Cross totals index: 14.30
                      Vertical totals index: 25.30
                        Totals totals index: 39.60
      Convective Available Potential Energy: 0.00
             CAPE using virtual temperature: 0.00
                      Convective Inhibition: 0.00
             CINS using virtual temperature: 0.00
                     Bulk Richardson Number: 0.00
          Bulk Richardson Number using CAPV: 0.00
  Temp [K] of the Lifted Condensation Level: 287.84
Pres [hPa] of the Lifted Condensation Level: 863.97
   Equivalent potential temp [K] of the LCL: 336.38
     Mean mixed layer potential temperature: 300.13
              Mean mixed layer mixing ratio: 12.36
              1000 hPa to 500 hPa thickness: 5775.00
Precipitable water [mm] for entire sounding: 44.25
</PRE>
<P>Description of the 
<A HREF="/upperair/columns.html">data columns</A>
or <A HREF="/upperair/indices.html">sounding indices</A>.

<P>
<FORM>
<INPUT CLASS="button" TYPE="button" VALUE=" Close this window " 
 onClick="window.close();">
<INPUT CLASS="button" TYPE="button" VALUE=" Select another map " 
 onClick="window.blur();">
</FORM>
<HR SIZE="1">
<I>Interested in graduate studies in atmospheric science?
Check out our program at the
<a href="http://www.uwyo.edu/atsc/howtoapply/"
target=_top>University of Wyoming
</a></I>
<HR SIZE="1"><FONT SIZE="-1">
Questions about the weather data provided by this site can be
addressed to <A HREF="mailto:ldoolman@uwyo.edu">
Larry Oolman (ldoolman@uwyo.edu)</A></FONT>
<HR SIZE="1">
<SCRIPT TYPE="text/javascript">
<!--
window.focus();
// -->
</SCRIPT>
</BODY>
</HTML>
