2015-11-03 12
<HTML>
<TITLE>University of Wyoming - Radiosonde Data</TITLE>
<BODY BGCOLOR="white">
<H2>96749 WIII Jakarta Observations at 00Z 03 Nov 2015</H2>
<PRE>
-----------------------------------------------------------------------------
   PRES   HGHT   TEMP   DWPT   RELH   MIXR   DRCT   SKNT   THTA   THTE   THTV
    hPa     m      C      C      %    g/kg    deg   knot     K      K      K 
-----------------------------------------------------------------------------
 1010.0      8   26.4   24.3     88  19.37    100      2  298.7  355.4  302.1
 1000.0     98   26.0   22.5     81  17.50    115      2  299.1  350.4  302.3
  977.0    303   24.8   22.1     85  17.43    155      4  299.9  351.2  303.1
  945.0    596   23.1   21.4     90  17.32     25      2  301.1  352.2  304.2
  925.0    784   22.0   21.0     94  17.25      0      4  301.8  352.9  304.9
  913.0    897   21.3   20.3     94  16.76    345      4  302.2  351.9  305.2
  882.0   1196   19.3   18.6     96  15.52    300      4  303.1  349.4  305.9
  852.0   1496   17.3   16.8     97  14.35    340      4  304.1  347.0  306.7
  850.0   1516   17.2   16.7     97  14.28    340      4  304.1  346.9  306.8
  823.0   1788   15.7   15.0     95  13.18    335      4  305.4  345.0  307.8
  794.0   2090   14.0   13.1     94  12.03    305      2  306.8  343.2  309.0
  766.0   2392   12.4   11.1     92  10.97    105      2  308.1  341.6  310.1
  713.0   2995    9.1    7.3     89   9.07    140      6  310.8  339.0  312.5
  700.0   3150    8.2    6.3     88   8.63    120      4  311.5  338.4  313.1
  688.0   3293    7.8    5.5     86   8.31    100      4  312.6  338.7  314.2
  683.0   3353    7.6    5.2     85   8.19    109      4  313.1  338.8  314.6
  663.0   3598    6.7    3.9     82   7.68    145      6  314.7  339.1  316.2
  656.0   3686    6.4    3.4     81   7.50    135      5  315.3  339.2  316.8
  621.0   4134    4.2   -7.8     41   3.44     83      2  317.8  329.2  318.5
  616.0   4200    3.7   -3.3     60   4.89     75      2  317.9  334.0  318.9
  615.0   4213    3.6   -2.4     65   5.24     77      2  318.0  335.1  319.0
  608.0   4306    3.6   -8.4     41   3.35     91      6  319.0  330.3  319.7
  594.0   4495    2.5  -14.1     28   2.17    120     12  319.9  327.3  320.3
  581.0   4673    1.4  -19.6     19   1.40    117     13  320.6  325.6  320.9
  572.0   4799    0.8  -18.9     21   1.51    115     14  321.4  326.7  321.7
  560.0   4969    0.0  -18.0     24   1.67     95     14  322.4  328.2  322.7
  551.0   5098   -0.9  -12.7     40   2.63     80     14  322.8  331.8  323.3
  547.0   5157   -1.3  -10.3     50   3.21     80     15  323.0  333.9  323.6
  544.0   5200   -0.9  -25.9     13   0.86     80     16  324.0  327.1  324.1
  532.0   5378   -1.7  -23.7     17   1.07     80     19  325.1  329.0  325.3
  531.0   5393   -1.8  -18.8     26   1.64     80     19  325.1  331.0  325.5
  530.0   5408   -1.9  -13.9     39   2.48     81     19  325.2  333.8  325.7
  514.0   5652   -2.5  -14.5     39   2.43     97     16  327.3  335.9  327.8
  511.0   5698   -2.8  -16.5     34   2.07    100     16  327.5  334.8  327.9
  500.0   5870   -4.1  -24.1     19   1.10    100     14  328.0  332.0  328.2
  499.0   5886   -4.3  -25.3     18   0.99    100     14  327.9  331.6  328.1
  482.0   6158   -6.7  -19.7     35   1.67     93     13  328.2  334.2  328.6
  466.0   6420   -8.5  -35.5      9   0.40     87     13  329.2  330.7  329.2
  458.0   6554   -9.5  -23.5     31   1.26     83     13  329.6  334.2  329.8
  457.0   6571   -9.7  -29.7     18   0.72     83     13  329.5  332.2  329.6
  454.0   6622   -9.9  -21.9     37   1.47     82     13  329.9  335.2  330.2
  452.0   6656   -9.9  -35.9     10   0.40     81     12  330.3  331.9  330.4
  447.0   6741  -10.1  -33.1     13   0.53     79     12  331.1  333.1  331.2
  444.0   6793  -10.5  -20.5     44   1.70     78     12  331.2  337.4  331.6
  439.0   6880  -10.1  -31.1     16   0.65     75     12  332.8  335.3  332.9
  438.0   6898  -10.2  -31.1     16   0.66     75     12  332.8  335.4  333.0
  413.0   7347  -13.9  -29.9     25   0.78    109     16  333.8  336.8  333.9
  407.0   7458  -14.7  -17.7     78   2.35    117     17  334.1  342.6  334.6
  405.0   7496  -14.1  -23.6     45   1.42    120     17  335.4  340.7  335.7
  403.0   7533  -13.5  -29.5     25   0.83    118     17  336.6  339.8  336.8
  401.0   7571  -13.5  -34.5     15   0.51    116     16  337.1  339.2  337.2
  400.0   7590  -13.7  -33.7     17   0.56    115     16  337.1  339.3  337.2
  374.0   8086  -17.5  -38.0     15   0.39    105     14  338.6  340.1  338.6
  318.0   9283  -26.7  -48.4     11   0.15    130     19  341.8  342.5  341.9
  304.0   9615  -29.3  -51.3     10   0.11    122     17  342.7  343.2  342.7
  300.0   9710  -30.1  -40.1     37   0.39    120     17  342.8  344.4  342.9
  291.0   9926  -32.1  -43.1     33   0.29    115     16  343.0  344.2  343.1
  289.0   9975  -32.3  -51.3     13   0.12    114     16  343.4  343.9  343.4
  256.0  10816  -39.0  -58.9     10   0.05     95     14  345.6  345.8  345.6
  251.0  10953  -40.1  -60.1     10   0.05     83     16  345.9  346.1  345.9
  250.0  10980  -40.3                          80     16  346.0         346.0
  235.0  11390  -43.9                          65     17  346.7         346.7
  200.0  12460  -53.3                          35     17  348.2         348.2
  195.0  12618  -54.5                          35     19  348.8         348.8
  161.0  13810  -63.9                          50     19  352.7         352.7
  154.0  14086  -66.0                          55     17  353.5         353.5
  150.0  14250  -67.3                          70     16  354.0         354.0
  146.0  14406  -68.6                          90     14  354.5         354.5
  139.0  14691  -70.9                         100     10  355.4         355.4
  132.0  14990  -73.3                          60      6  356.3         356.3
  126.0  15259  -75.6                         305      4  357.1         357.1
  107.0  16205  -83.3                         220      8  359.5         359.5
  101.0  16525  -83.6                          85      8  364.9         364.9
  100.0  16580  -83.7                          75      8  365.8         365.8
   96.0  16809  -82.3                          55     10  372.8         372.8
   91.0  17108  -80.5                         105      8  382.1         382.1
   90.5  17139  -80.3                         104      8  383.1         383.1
   86.0  17432  -75.7                          95      6  397.9         397.9
   83.5  17602  -73.1                           2     10  406.7         406.7
   82.0  17708  -73.2                         305     12  408.6         408.6
   74.1  18301  -73.5                         280     19  419.9         419.9
   74.0  18309  -73.0                         280     19  421.0         421.0
   73.3  18365  -69.9                         268     19  428.8         428.8
   70.0  18640  -69.3                         210     17  435.8         435.8
   67.0  18904  -68.6                         200     10  442.7         442.7
   64.0  19180  -67.9                         270      6  450.1         450.1
   61.0  19469  -67.2                         280      6  457.9         457.9
   58.0  19773  -66.4                         315     14  466.3         466.3
   52.5  20373  -64.9                         297     20  483.3         483.3
   52.0  20432  -65.0                         295     21  484.4         484.4
   50.0  20670  -65.5                         275     17  488.7         488.7
   45.0  21310  -66.3                         255     16  501.6         501.6
   44.1  21433  -66.5                         262     16  504.1         504.1
   43.0  21588  -65.7                         270     16  509.7         509.7
   41.0  21879  -64.3                         260     19  520.3         520.3
   39.2  22154  -62.9                         229     16  530.5         530.5
   39.0  22186  -62.6                         225     16  532.0         532.0
   37.0  22515  -59.6                         135      4  547.8         547.8
   35.2  22828  -56.7                         270      4  563.2         563.2
   35.0  22864  -56.6                         285      4  564.4         564.4
   30.0  23850  -53.7                         290     31  597.6         597.6
   29.9  23871  -53.7                         290     31  598.2         598.2
   28.0  24288  -55.5                         285     35  604.5         604.5
   25.1  24982  -58.5                         260     35  615.1         615.1
   25.0  25007  -58.4                         260     35  616.0         616.0
   24.0  25265  -57.7                         245     35  625.4         625.4
   21.0  26111  -55.4                         180     23  656.8         656.8
   20.0  26420  -54.5                         180     21  668.6         668.6
   19.0  26750  -54.0                         175     19  680.1         680.1
   17.0  27466  -52.9                         100      6  705.7         705.7
   16.0  27856  -52.2                         105     12  720.0         720.0
   15.8  27937  -52.1                          97     12  723.0         723.0
   14.0  28731  -47.6                          25     17  763.7         763.7
   13.3  29068  -45.7                                     781.5         781.5
</PRE><H3>Station information and sounding indices</H3><PRE>
                         Station identifier: WIII
                             Station number: 96749
                           Observation time: 151103/0000
                           Station latitude: -6.11
                          Station longitude: 106.65
                          Station elevation: 8.0
                            Showalter index: 0.11
                               Lifted index: -1.53
    LIFT computed using virtual temperature: -2.40
                                SWEAT index: 222.41
                                    K index: 36.10
                         Cross totals index: 20.80
                      Vertical totals index: 21.30
                        Totals totals index: 42.10
      Convective Available Potential Energy: 875.34
             CAPE using virtual temperature: 1059.15
                      Convective Inhibition: -18.35
             CINS using virtual temperature: -17.33
                           Equilibrum Level: 174.90
 Equilibrum Level using virtual temperature: 174.22
                   Level of Free Convection: 880.71
             LFCT using virtual temperature: 885.33
                     Bulk Richardson Number: 961.44
          Bulk Richardson Number using CAPV: 1163.34
  Temp [K] of the Lifted Condensation Level: 294.78
Pres [hPa] of the Lifted Condensation Level: 943.25
   Equivalent potential temp [K] of the LCL: 351.38
     Mean mixed layer potential temperature: 299.76
              Mean mixed layer mixing ratio: 17.61
              1000 hPa to 500 hPa thickness: 5772.00
Precipitable water [mm] for entire sounding: 54.27
</PRE>
<P>Description of the 
<A HREF="/upperair/columns.html">data columns</A>
or <A HREF="/upperair/indices.html">sounding indices</A>.

<P>
<FORM>
<INPUT CLASS="button" TYPE="button" VALUE=" Close this window " 
 onClick="window.close();">
<INPUT CLASS="button" TYPE="button" VALUE=" Select another map " 
 onClick="window.blur();">
</FORM>
<HR SIZE="1">
<I>Interested in graduate studies in atmospheric science?
Check out our program at the
<a href="http://www.uwyo.edu/atsc/howtoapply/"
target=_top>University of Wyoming
</a></I>
<HR SIZE="1"><FONT SIZE="-1">
Questions about the weather data provided by this site can be
addressed to <A HREF="mailto:ldoolman@uwyo.edu">
Larry Oolman (ldoolman@uwyo.edu)</A></FONT>
<HR SIZE="1">
<SCRIPT TYPE="text/javascript">
<!--
window.focus();
// -->
</SCRIPT>
</BODY>
</HTML>
