2015-09-29 12
<HTML>
<TITLE>University of Wyoming - Radiosonde Data</TITLE>
<BODY BGCOLOR="white">
<H2>96749 WIII Jakarta Observations at 00Z 29 Sep 2015</H2>
<PRE>
-----------------------------------------------------------------------------
   PRES   HGHT   TEMP   DWPT   RELH   MIXR   DRCT   SKNT   THTA   THTE   THTV
    hPa     m      C      C      %    g/kg    deg   knot     K      K      K 
-----------------------------------------------------------------------------
 1010.0      8   24.6   20.7     79  15.47    180      7  296.9  341.8  299.6
 1000.0     98   24.6   21.1     81  16.03    160      8  297.8  344.4  300.6
  977.0    302   23.6   20.7     84  15.99    105      8  298.7  345.4  301.6
  944.0    604   22.0   20.1     89  15.93     85     12  300.1  346.9  302.9
  935.0    688   21.6   19.9     90  15.91     85     13  300.5  347.3  303.3
  925.0    782   21.0   19.3     90  15.48     85     14  300.8  346.4  303.6
  913.0    895   20.5   18.6     88  14.96     90     16  301.4  345.7  304.1
  851.0   1502   18.0   14.6     80  12.40     70     12  304.9  342.2  307.2
  850.0   1512   18.0   14.5     80  12.36     75     12  305.0  342.2  307.2
  811.0   1914   16.0   13.3     84  11.97    116      9  307.0  343.3  309.2
  793.0   2105   15.6    5.6     51   7.24    135      8  308.5  331.0  309.9
  760.0   2464   13.2    9.3     77   9.77     81      8  309.7  339.8  311.5
  739.0   2699   12.0    7.4     73   8.83     45      8  310.9  338.4  312.6
  713.0   2999   10.6    5.0     69   7.74     40      6  312.5  336.8  314.0
  700.0   3153    9.8    3.8     66   7.23     95      4  313.3  336.2  314.7
  688.0   3296    8.8    2.8     66   6.85    145      4  313.8  335.5  315.1
  663.0   3602    6.7    0.7     66   6.10    180     10  314.7  334.2  315.9
  653.0   3727    5.8   -0.2     65   5.81    176     10  315.1  333.7  316.2
  649.0   3778    5.8   -5.2     45   4.02    174     10  315.6  328.8  316.4
  616.0   4203    3.7   -9.1     39   3.13    160     10  317.9  328.4  318.5
  612.0   4256    3.4   -9.6     38   3.03    159     10  318.2  328.4  318.8
  574.0   4773    0.0  -16.0     29   1.92    146      8  320.1  326.8  320.5
  572.0   4801   -0.1  -17.1     27   1.76    145      8  320.3  326.4  320.6
  551.0   5099   -1.4  -28.8     10   0.64    115      8  322.2  324.6  322.3
  546.0   5172   -1.7  -31.7      8   0.50     90      7  322.7  324.6  322.8
  543.0   5216   -0.3  -35.3      5   0.35     75      6  324.9  326.2  324.9
  531.0   5393   -1.5  -35.7      5   0.35     15      4  325.5  326.9  325.6
  500.0   5870   -4.7  -36.7      6   0.33     20      8  327.2  328.6  327.3
  492.0   5994   -5.5  -37.0      6   0.33     25     10  327.8  329.1  327.9
  455.0   6597   -9.1  -38.6      7   0.30    290     10  330.7  331.9  330.7
  438.0   6890  -10.9  -39.3      8   0.29    325      4  332.1  333.2  332.1
  421.0   7196  -12.7  -40.1      8   0.28     30      8  333.5  334.6  333.5
  405.0   7494  -14.5  -40.9      9   0.27     25     17  334.8  335.9  334.9
  400.0   7590  -15.1  -41.1      9   0.26     30     17  335.3  336.4  335.3
  359.0   8397  -20.3  -47.1      7   0.15     80     19  338.9  339.5  338.9
  350.0   8586  -21.5  -48.5      7   0.13     78     18  339.7  340.2  339.7
  304.0   9604  -30.3  -40.8     35   0.36     70     12  341.3  342.8  341.4
  300.0   9700  -31.1  -40.1     41   0.39     85     10  341.4  343.0  341.5
  294.0   9843  -32.1  -42.1     36   0.32    107      9  342.0  343.3  342.1
  292.0   9891  -32.5  -42.6     36   0.31    115      8  342.1  343.4  342.2
  279.0  10208  -35.0  -46.0     31   0.22    110      6  343.0  344.0  343.1
  267.0  10514  -37.4  -49.4     28   0.16     60      6  343.8  344.5  343.9
  256.0  10807  -39.7  -52.5     24   0.12     35      8  344.6  345.1  344.6
  254.0  10862  -40.1  -53.1     24   0.11     37      9  344.7  345.2  344.8
  250.0  10970  -40.9                          40     12  345.1         345.1
  204.0  12319  -52.6                          40     33  347.4         347.4
  200.0  12450  -53.7                          40     35  347.6         347.6
  169.0  13492  -62.5                          40     43  350.1         350.1
  150.0  14230  -68.7                          55     29  351.6         351.6
  138.0  14717  -72.0                          55     31  354.1         354.1
  118.0  15631  -78.3                          70     33  358.8         358.8
  112.0  15928  -78.5                          65     43  363.9         363.9
  110.0  16031  -78.5                          69     37  365.7         365.7
  107.0  16189  -75.1                          75     27  375.1         375.1
  103.0  16410  -75.7                          98     20  378.0         378.0
  101.0  16523  -76.2                         110     16  379.1         379.1
  100.0  16580  -76.5                         145     16  379.7         379.7
   99.4  16615  -76.5                         161     16  380.3         380.3
   96.9  16762  -73.7                         230     14  388.6         388.6
   96.0  16816  -74.0                         255     14  389.1         389.1
   87.0  17384  -76.6                         250     25  394.9         394.9
   82.0  17726  -78.2                         235     21  398.4         398.4
   81.0  17797  -78.5                         220     21  399.1         399.1
   78.0  18012  -78.4                         185     21  403.7         403.7
   74.0  18313  -78.2                         165     16  410.2         410.2
   71.1  18541  -78.1                         129     10  415.1         415.1
   70.0  18630  -77.1                         115      8  419.1         419.1
   59.5  19594  -63.7                         176     16  469.1         469.1
   50.2  20626  -67.7                         240     25  483.0         483.0
   50.0  20650  -67.5                         240     25  484.0         484.0
   40.6  21922  -60.9                         253     40  530.2         530.2
   30.5  23716  -56.5                         270     60  587.1         587.1
   30.0  23820  -56.3                         270     58  590.6         590.6
   25.4  24880  -53.7                         280     51  626.8         626.8
   22.7  25598  -55.1                         287     46  643.1         643.1
   20.0  26410  -52.1                         295     41  675.9         675.9
   18.8  26812  -50.7                                     692.4         692.4
   13.6  28914  -51.9                                     755.4         755.4
</PRE><H3>Station information and sounding indices</H3><PRE>
                         Station identifier: WIII
                             Station number: 96749
                           Observation time: 150929/0000
                           Station latitude: -6.11
                          Station longitude: 106.65
                          Station elevation: 8.0
                            Showalter index: 1.31
                               Lifted index: 0.22
    LIFT computed using virtual temperature: -0.59
                                SWEAT index: 206.01
                                    K index: 31.20
                         Cross totals index: 19.20
                      Vertical totals index: 22.70
                        Totals totals index: 41.90
      Convective Available Potential Energy: 31.24
             CAPE using virtual temperature: 114.96
                      Convective Inhibition: -126.10
             CINS using virtual temperature: -92.47
                           Equilibrum Level: 544.86
 Equilibrum Level using virtual temperature: 403.24
                   Level of Free Convection: 671.91
             LFCT using virtual temperature: 692.41
                     Bulk Richardson Number: 48.98
          Bulk Richardson Number using CAPV: 180.24
  Temp [K] of the Lifted Condensation Level: 293.15
Pres [hPa] of the Lifted Condensation Level: 939.47
   Equivalent potential temp [K] of the LCL: 344.93
     Mean mixed layer potential temperature: 298.44
              Mean mixed layer mixing ratio: 15.94
              1000 hPa to 500 hPa thickness: 5772.00
Precipitable water [mm] for entire sounding: 45.81
</PRE>
<P>Description of the 
<A HREF="/upperair/columns.html">data columns</A>
or <A HREF="/upperair/indices.html">sounding indices</A>.

<P>
<FORM>
<INPUT CLASS="button" TYPE="button" VALUE=" Close this window " 
 onClick="window.close();">
<INPUT CLASS="button" TYPE="button" VALUE=" Select another map " 
 onClick="window.blur();">
</FORM>
<HR SIZE="1">
<I>Interested in graduate studies in atmospheric science?
Check out our program at the
<a href="http://www.uwyo.edu/atsc/howtoapply/"
target=_top>University of Wyoming
</a></I>
<HR SIZE="1"><FONT SIZE="-1">
Questions about the weather data provided by this site can be
addressed to <A HREF="mailto:ldoolman@uwyo.edu">
Larry Oolman (ldoolman@uwyo.edu)</A></FONT>
<HR SIZE="1">
<SCRIPT TYPE="text/javascript">
<!--
window.focus();
// -->
</SCRIPT>
</BODY>
</HTML>
