2014-10-14 12
<HTML>
<TITLE>University of Wyoming - Radiosonde Data</TITLE>
<BODY BGCOLOR="white">
<H2>96749 WIII Jakarta Observations at 00Z 14 Oct 2014</H2>
<PRE>
-----------------------------------------------------------------------------
   PRES   HGHT   TEMP   DWPT   RELH   MIXR   DRCT   SKNT   THTA   THTE   THTV
    hPa     m      C      C      %    g/kg    deg   knot     K      K      K 
-----------------------------------------------------------------------------
 1011.0      8   25.8   22.9     84  17.74    255      3  298.0  349.7  301.2
 1000.0    105   25.0   22.3     85  17.28    220      4  298.1  348.5  301.2
  978.0    300   24.0   21.7     87  17.00    150      6  299.1  348.8  302.1
  945.0    602   22.5   20.7     89  16.56     85     10  300.5  349.3  303.5
  925.0    790   21.6   20.1     91  16.29     95      8  301.4  349.6  304.3
  913.0    903   20.9   19.4     91  15.80     95      8  301.9  348.6  304.7
  882.0   1201   19.2   17.6     90  14.54     55      4  303.1  346.4  305.7
  852.0   1500   17.5   15.7     89  13.36     35      6  304.3  344.3  306.7
  850.0   1520   17.4   15.6     89  13.29     35      6  304.4  344.2  306.8
  793.0   2110   13.9   11.5     86  10.89     45      2  306.7  339.8  308.7
  779.0   2262   13.0   10.5     85  10.34      4      2  307.3  338.8  309.2
  774.0   2316   13.2    5.2     58   7.21    349      2  308.1  330.4  309.4
  766.0   2403   12.9    2.8     50   6.13    325      2  308.7  327.8  309.8
  759.0   2481   12.6    0.6     44   5.29    334      2  309.2  325.9  310.2
  743.0   2659   11.4    7.3     76   8.71    355      2  309.8  336.7  311.4
  739.0   2705   11.7    0.9     47   5.54      0      2  310.6  328.1  311.6
  729.0   2819   12.6  -15.4     13   1.59    297      2  312.8  318.2  313.1
  725.0   2865   12.6  -15.4     13   1.60    272      2  313.2  318.7  313.6
  713.0   3004   11.8  -12.4     17   2.09    195      2  313.9  320.9  314.3
  700.0   3158   11.0   -9.0     24   2.78    170      2  314.6  323.9  315.2
  688.0   3300    9.9   -8.7     26   2.90    145      2  315.0  324.6  315.5
  663.0   3605    7.6   -7.9     32   3.19    225      4  315.7  326.3  316.3
  616.0   4209    2.9   -6.5     50   3.84    280     10  317.1  329.7  317.8
  613.0   4249    2.6   -6.4     52   3.88    283      9  317.1  329.9  317.9
  603.0   4382    2.2  -15.8     25   1.86    292      8  318.2  324.6  318.5
  594.0   4503    1.6  -16.7     24   1.76    300      6  318.9  324.9  319.2
  572.0   4807    0.1  -18.8     23   1.52    345      4  320.6  325.9  320.9
  570.0   4835    0.0  -19.0     22   1.50    346      4  320.7  326.0  321.0
  561.0   4963   -1.1   -5.1     74   4.69    350      5  320.9  336.4  321.8
  550.0   5121    0.8  -25.2     12   0.90    355      6  325.0  328.3  325.2
  524.0   5509   -1.9  -16.9     31   1.95      8      9  326.3  333.2  326.6
  500.0   5880   -4.5  -18.5     33   1.79     20     12  327.5  333.9  327.8
  492.0   6006   -4.9  -20.6     28   1.51     25     10  328.6  334.1  328.9
  491.0   6022   -4.9  -20.9     27   1.48     25     10  328.7  334.1  329.0
  477.0   6249   -4.9  -22.9     23   1.28     29      5  331.4  336.2  331.7
  473.0   6315   -5.4  -23.2     23   1.26     30      4  331.6  336.2  331.8
  455.0   6616   -7.9  -24.4     25   1.17     10      2  332.2  336.5  332.4
  448.0   6737   -8.9  -24.9     26   1.14     22      4  332.4  336.6  332.6
  438.0   6909  -10.2  -27.1     24   0.96     40      6  332.8  336.4  333.0
  405.0   7505  -14.9  -34.5     17   0.51     60      8  334.3  336.3  334.4
  400.0   7600  -15.7  -35.7     16   0.46     70      6  334.5  336.3  334.6
  374.0   8092  -19.4  -37.6     18   0.40    125      4  336.0  337.6  336.1
  359.0   8392  -21.7  -38.8     20   0.37     65      4  336.9  338.4  337.0
  330.0   9008  -26.4  -41.3     23   0.31     30     10  338.6  339.9  338.7
  308.0   9514  -30.3  -43.3     27   0.27     26     16  340.0  341.1  340.1
  304.0   9606  -31.0  -43.0     30   0.28     25     17  340.3  341.5  340.3
  300.0   9700  -31.7  -42.7     33   0.30     15     14  340.6  341.8  340.6
  291.0   9912  -33.1  -45.8     27   0.22    355      6  341.5  342.4  341.6
  279.0  10206  -35.1  -50.2     20   0.14    285     10  342.8  343.4  342.8
  251.0  10943  -40.1  -61.1      9   0.04    285     14  345.9  346.1  345.9
  250.0  10970  -40.3                         285     14  346.0         346.0
  224.0  11698  -46.5                         275     14  347.5         347.5
  200.0  12450  -52.9                         245     16  348.8         348.8
  177.0  13210  -59.4                         235     19  350.5         350.5
  153.0  14117  -67.2                         270     12  352.1         352.1
  150.0  14240  -68.3                         310     10  352.2         352.2
  146.0  14400  -69.3                           5      8  353.2         353.2
  138.0  14733  -71.5                          40     19  355.2         355.2
  132.0  14996  -73.1                          25     31  356.7         356.7
  130.0  15086  -73.7                          29     30  357.3         357.3
  125.0  15311  -75.2                          40     27  358.6         358.6
  119.0  15592  -77.0                         335     19  360.3         360.3
  113.0  15888  -79.0                         340     14  362.1         362.1
  105.0  16308  -81.7                           6     15  364.5         364.5
  101.0  16524  -83.0                          20     16  366.1         366.1
  100.0  16580  -83.3                          15     16  366.5         366.5
   98.5  16664  -83.9                          20     17  367.0         367.0
   86.0  17421  -81.0                         325     19  387.3         387.3
   84.0  17552  -80.5                         308     16  390.9         390.9
   77.0  18050  -75.9                         245      4  410.3         410.3
   75.2  18185  -74.7                         227     11  415.6         415.6
   74.0  18278  -74.8                         215     16  417.3         417.3
   70.0  18600  -75.3                         215     17  423.0         423.0
   66.0  18946  -74.4                         200     12  432.0         432.0
   63.0  19220  -73.7                         285      8  439.3         439.3
   60.0  19507  -73.0                         285     14  447.1         447.1
   57.0  19809  -72.2                         250     10  455.5         455.5
   54.0  20127  -71.4                         255      6  464.4         464.4
   51.0  20463  -70.6                         280      6  474.0         474.0
   50.0  20580  -70.3                         345      4  477.4         477.4
   49.0  20700  -70.5                          35      4  479.8         479.8
   46.0  21076  -71.0                          90      8  487.1         487.1
   45.7  21115  -71.1                          86      9  487.9         487.9
   44.0  21347  -70.0                          65     14  495.9         495.9
   40.0  21928  -67.2                         100     31  516.6         516.6
   33.0  23102  -61.6                          85     52  560.8         560.8
   31.4  23405  -60.1                          93     55  572.7         572.7
   30.0  23690  -61.3                         100     58  577.0         577.0
   28.4  24029  -62.7                          95     60  582.1         582.1
   28.2  24072  -62.9                          95     60  582.8         582.8
   28.0  24116  -62.0                          95     60  586.5         586.5
   27.2  24297  -58.3                          95     60  601.7         601.7
   20.0  26250  -53.9                          95     60  670.4         670.4
   19.0  26580  -53.7                          90     60  680.9         680.9
   18.0  26927  -53.5                          95     60  692.1         692.1
   17.0  27295  -53.4                          95     60  704.1         704.1
   15.8  27766  -53.1                          91     60  719.8         719.8
   13.0  29038  -48.6                          80     60  776.6         776.6
   12.4  29346  -47.5                                     791.0         791.0
</PRE><H3>Station information and sounding indices</H3><PRE>
                         Station identifier: WIII
                             Station number: 96749
                           Observation time: 141014/0000
                           Station latitude: -6.11
                          Station longitude: 106.65
                          Station elevation: 8.0
                            Showalter index: 0.72
                               Lifted index: -1.03
    LIFT computed using virtual temperature: -1.71
                                SWEAT index: 211.21
                                    K index: 17.50
                         Cross totals index: 20.10
                      Vertical totals index: 21.90
                        Totals totals index: 42.00
      Convective Available Potential Energy: 484.49
             CAPE using virtual temperature: 677.37
                      Convective Inhibition: -27.86
             CINS using virtual temperature: -23.57
                           Equilibrum Level: 218.30
 Equilibrum Level using virtual temperature: 218.26
                   Level of Free Convection: 846.60
             LFCT using virtual temperature: 861.74
                     Bulk Richardson Number: 141.90
          Bulk Richardson Number using CAPV: 198.38
  Temp [K] of the Lifted Condensation Level: 294.41
Pres [hPa] of the Lifted Condensation Level: 948.54
   Equivalent potential temp [K] of the LCL: 348.84
     Mean mixed layer potential temperature: 298.90
              Mean mixed layer mixing ratio: 17.09
              1000 hPa to 500 hPa thickness: 5775.00
Precipitable water [mm] for entire sounding: 45.19
</PRE>
<P>Description of the 
<A HREF="/upperair/columns.html">data columns</A>
or <A HREF="/upperair/indices.html">sounding indices</A>.

<P>
<FORM>
<INPUT CLASS="button" TYPE="button" VALUE=" Close this window " 
 onClick="window.close();">
<INPUT CLASS="button" TYPE="button" VALUE=" Select another map " 
 onClick="window.blur();">
</FORM>
<HR SIZE="1">
<I>Interested in graduate studies in atmospheric science?
Check out our program at the
<a href="http://www.uwyo.edu/atsc/howtoapply/"
target=_top>University of Wyoming
</a></I>
<HR SIZE="1"><FONT SIZE="-1">
Questions about the weather data provided by this site can be
addressed to <A HREF="mailto:ldoolman@uwyo.edu">
Larry Oolman (ldoolman@uwyo.edu)</A></FONT>
<HR SIZE="1">
<SCRIPT TYPE="text/javascript">
<!--
window.focus();
// -->
</SCRIPT>
</BODY>
</HTML>
