2014-03-04 00
<HTML>
<TITLE>University of Wyoming - Radiosonde Data</TITLE>
<BODY BGCOLOR="white">
<H2>96749 WIII Jakarta Observations at 00Z 04 Mar 2014</H2>
<PRE>
-----------------------------------------------------------------------------
   PRES   HGHT   TEMP   DWPT   RELH   MIXR   DRCT   SKNT   THTA   THTE   THTV
    hPa     m      C      C      %    g/kg    deg   knot     K      K      K 
-----------------------------------------------------------------------------
 1011.0      8   25.6   23.5     88  18.42    190      3  297.8  351.5  301.1
 1000.0    109   25.6   22.7     84  17.72    140      2  298.8  350.6  301.9
  979.0    295   24.5   21.2     82  16.53     35      2  299.4  347.9  302.4
  931.0    736   21.8   17.8     78  13.97     31      6  301.0  342.3  303.6
  925.0    792   22.0   15.0     64  11.72     30      6  301.8  336.6  303.9
  919.0    849   22.0   13.0     57  10.34     30      6  302.4  333.3  304.2
  914.0    896   21.8   12.6     56  10.09     30      6  302.6  332.8  304.4
  882.0   1204   20.2    9.6     51   8.59     40      4  304.1  330.1  305.6
  850.0   1524   18.6    6.6     45   7.24     20      4  305.6  327.8  306.9
  794.0   2105   15.9    1.7     38   5.49      5      6  308.8  326.0  309.8
  775.0   2311   15.0    0.0     36   4.96      2      7  309.9  325.6  310.9
  740.0   2699   11.6    4.1     60   6.99    355      8  310.3  332.2  311.6
  726.0   2860   10.2    5.8     74   8.03      7      7  310.5  335.5  312.0
  700.0   3163    9.0    3.0     66   6.83     30      6  312.4  334.0  313.7
  688.0   3305    8.2    2.1     65   6.50     35      6  313.1  333.7  314.4
  664.0   3598    6.7    0.1     63   5.85     40      4  314.6  333.3  315.7
  640.0   3901    5.1   -1.9     61   5.24     20      2  316.1  333.0  317.1
  636.0   3952    4.8   -2.2     60   5.15     24      2  316.3  333.0  317.3
  617.0   4199    3.3   -1.6     70   5.54     45      4  317.3  335.3  318.4
  604.0   4372    2.2   -1.2     78   5.84     34      3  318.0  337.0  319.1
  572.0   4811    0.5   -5.0     67   4.63      5      2  320.9  336.3  321.9
  564.0   4924    0.0   -6.0     64   4.36    350      3  321.7  336.2  322.6
  551.0   5110   -1.1   -8.3     58   3.74    325      4  322.6  335.2  323.3
  521.0   5556   -3.7  -13.7     46   2.56     32      5  324.6  333.5  325.1
  511.0   5709   -4.5  -17.9     35   1.85     55      6  325.4  332.0  325.8
  509.0   5740   -4.7  -18.7     33   1.73     58      6  325.6  331.7  325.9
  500.0   5880   -5.3  -20.3     30   1.53     70      8  326.5  332.0  326.8
  494.0   5974   -5.9  -17.9     38   1.90     76      8  326.9  333.7  327.3
  486.0   6102   -7.1  -12.1     67   3.13     83      8  327.0  337.8  327.6
  474.0   6296   -8.1  -19.1     41   1.79     95      8  328.1  334.5  328.4
  455.0   6611  -10.7  -14.9     71   2.66     97      8  328.7  338.0  329.2
  452.0   6662  -10.5  -18.5     52   1.98     97      8  329.5  336.6  329.9
  446.0   6765  -11.1  -19.1     52   1.90     98      8  330.1  336.9  330.4
  444.0   6799  -11.3  -25.3     30   1.11     98      8  330.2  334.3  330.4
  439.0   6886  -11.9  -26.9     28   0.97     98      8  330.5  334.1  330.7
  437.0   6920  -12.1  -21.1     47   1.64     98      8  330.7  336.6  331.0
  421.0   7203  -13.8  -21.8     51   1.60    100      8  332.0  337.9  332.4
  406.0   7478  -15.5  -22.5     55   1.56    119      6  333.3  339.1  333.6
  405.0   7497  -15.6  -23.3     52   1.45    120      6  333.4  338.8  333.7
  400.0   7590  -16.3  -27.3     38   1.02    120      8  333.7  337.6  333.9
  390.0   7781  -17.5  -26.5     45   1.13    116     10  334.6  338.8  334.8
  374.0   8093  -20.0  -27.1     53   1.12    110     12  335.2  339.4  335.4
  358.0   8418  -22.7  -27.7     64   1.10    126     11  335.9  340.1  336.1
  317.0   9303  -27.9  -36.3     44   0.54    170      8  340.6  342.7  340.7
  311.0   9442  -28.7  -37.7     42   0.48    173      8  341.3  343.2  341.4
  300.0   9700  -31.1  -39.1     45   0.43    180      8  341.4  343.2  341.5
  292.0   9888  -32.8  -40.0     48   0.41    185      8  341.7  343.4  341.8
  267.0  10509  -38.2  -42.9     61   0.33    130     14  342.6  343.9  342.6
  259.0  10720  -40.1  -43.9     67   0.30    123     15  342.8  344.1  342.9
  250.0  10960  -42.1                         115     16  343.3         343.3
  224.0  11683  -47.9                         100     19  345.4         345.4
  204.0  12300  -52.9                         110     25  346.9         346.9
  200.0  12430  -53.9                         110     25  347.2         347.2
  161.0  13780  -64.8                          50     16  351.2         351.2
  150.0  14220  -68.3                          65     17  352.2         352.2
  138.0  14701  -71.6                          90     27  355.0         355.0
  118.0  15604  -77.7                          50     25  359.9         359.9
  107.0  16169  -81.6                          55     35  362.8         362.8
  105.0  16278  -82.3                          60     37  363.4         363.4
  101.0  16495  -81.7                          75     45  368.6         368.6
  100.0  16550  -81.5                          80     43  370.0         370.0
   91.0  17083  -79.3                         110     17  384.4         384.4
   89.3  17190  -78.9                         107     18  387.4         387.4
   86.0  17406  -78.5                         100     21  392.5         392.5
   82.0  17679  -77.9                         125      6  399.0         399.0
   78.0  17965  -77.3                          80      2  406.0         406.0
   73.0  18345  -76.5                          65      7  415.4         415.4
   71.0  18507  -72.7                          58      9  426.8         426.8
   70.0  18590  -72.3                          55     10  429.4         429.4
   67.0  18849  -72.2                         345     12  434.9         434.9
   63.0  19213  -72.2                         305     17  442.8         442.8
   57.0  19805  -72.1                         300     19  455.9         455.9
   50.0  20580  -71.9                         230     29  473.6         473.6
   49.0  20699  -72.3                         220     29  475.5         475.5
   47.4  20893  -72.9                         200     23  478.5         478.5
   47.0  20944  -72.4                         195     21  480.9         480.9
   42.0  21614  -65.5                          95     10  513.7         513.7
   40.0  21914  -64.8                         110     10  522.7         522.7
   38.0  22229  -64.0                          45     10  532.4         532.4
   36.0  22561  -63.2                          90      8  542.7         542.7
   35.0  22733  -62.8                         105     14  548.2         548.2
   31.0  23479  -61.0                         170      6  572.4         572.4
   30.0  23680  -60.5                         265     12  579.1         579.1
   29.0  23891  -60.5                         280     19  584.8         584.8
   28.9  23913  -60.5                         280     19  585.3         585.3
   27.0  24337  -60.4                         270     17  597.1         597.1
   26.0  24572  -60.4                         285     12  603.7         603.7
   25.0  24816  -60.3                         275      8  610.7         610.7
   24.0  25071  -60.2                         225      2  618.0         618.0
   22.0  25613  -60.1                         240     10  633.9         633.9
   21.7  25699  -60.1                         212     10  636.5         636.5
   21.0  25904  -59.4                         145     10  644.6         644.6
   20.0  26210  -58.3                         110     19  657.0         657.0
   19.0  26541  -56.7                         105     29  671.6         671.6
   18.0  26889  -55.0                         105     54  687.3         687.3
   15.0  28065  -49.4                          80     52  742.8         742.8
   13.4  28793  -45.9                          88     61  779.1         779.1
   13.0  28995  -45.5                          90     64  787.3         787.3
   12.2  29418  -44.6                          75     93  804.8         804.8
   12.0  29529  -44.4                          75     93  809.4         809.4
   10.9  30170  -43.1                          83     87  836.7         836.7
   10.0  30750  -41.7                          90     82  862.8         862.8
    9.0  31469  -40.2                          85     93  894.9         894.9
    8.6  31779  -39.5                          85     93  909.2         909.2
    8.0  32272  -38.5                                     932.3         932.3
</PRE><H3>Station information and sounding indices</H3><PRE>
                         Station identifier: WIII
                             Station number: 96749
                           Observation time: 140304/0000
                           Station latitude: -6.11
                          Station longitude: 106.65
                          Station elevation: 8.0
                            Showalter index: 7.09
                               Lifted index: -1.63
    LIFT computed using virtual temperature: -2.34
                                SWEAT index: 95.21
                                    K index: 24.50
                         Cross totals index: 11.90
                      Vertical totals index: 23.90
                        Totals totals index: 35.80
      Convective Available Potential Energy: 683.14
             CAPE using virtual temperature: 815.21
                      Convective Inhibition: -93.50
             CINS using virtual temperature: -22.35
                           Equilibrum Level: 194.55
 Equilibrum Level using virtual temperature: 194.05
                   Level of Free Convection: 750.36
             LFCT using virtual temperature: 832.03
                     Bulk Richardson Number: 458.68
          Bulk Richardson Number using CAPV: 547.35
  Temp [K] of the Lifted Condensation Level: 293.94
Pres [hPa] of the Lifted Condensation Level: 939.56
   Equivalent potential temp [K] of the LCL: 348.28
     Mean mixed layer potential temperature: 299.24
              Mean mixed layer mixing ratio: 16.79
              1000 hPa to 500 hPa thickness: 5771.00
Precipitable water [mm] for entire sounding: 43.25
</PRE>
<P>Description of the 
<A HREF="/upperair/columns.html">data columns</A>
or <A HREF="/upperair/indices.html">sounding indices</A>.

<P>
<FORM>
<INPUT CLASS="button" TYPE="button" VALUE=" Close this window " 
 onClick="window.close();">
<INPUT CLASS="button" TYPE="button" VALUE=" Select another map " 
 onClick="window.blur();">
</FORM>
<HR SIZE="1">
<I>Interested in graduate studies in atmospheric science?
Check out our program at the
<a href="http://www.uwyo.edu/atsc/howtoapply/"
target=_top>University of Wyoming
</a></I>
<HR SIZE="1"><FONT SIZE="-1">
Questions about the weather data provided by this site can be
addressed to <A HREF="mailto:ldoolman@uwyo.edu">
Larry Oolman (ldoolman@uwyo.edu)</A></FONT>
<HR SIZE="1">
<SCRIPT TYPE="text/javascript">
<!--
window.focus();
// -->
</SCRIPT>
</BODY>
</HTML>
