2013-06-24 00
<HTML>
<TITLE>University of Wyoming - Radiosonde Data</TITLE>
<BODY BGCOLOR="white">
<H2>96749 WIII Jakarta Observations at 00Z 24 Jun 2013</H2>
<PRE>
-----------------------------------------------------------------------------
   PRES   HGHT   TEMP   DWPT   RELH   MIXR   DRCT   SKNT   THTA   THTE   THTV
    hPa     m      C      C      %    g/kg    deg   knot     K      K      K 
-----------------------------------------------------------------------------
 1009.0      8   25.2   24.3     95  19.39    200      4  297.6  354.0  301.0
 1000.0     90   25.6   24.0     91  19.21    175      6  298.8  355.0  302.2
  977.0    296   25.1   22.1     84  17.52    115      8  300.3  351.8  303.4
  962.0    432   24.8   20.9     79  16.47    158      5  301.3  349.9  304.2
  944.0    598   23.6   18.6     74  14.53    210      2  301.6  344.7  304.2
  925.0    776   22.2   16.2     69  12.68    250      4  302.0  339.7  304.3
  912.0    899   21.6   15.1     66  11.94    280      6  302.6  338.2  304.8
  878.0   1227   20.0   12.0     60  10.13    283     10  304.2  334.8  306.1
  850.0   1506   18.8    8.8     52   8.43    285     14  305.8  331.5  307.4
  793.0   2095   16.1    3.8     44   6.35    280     23  309.0  328.9  310.2
  711.0   3021   11.8   -4.2     32   3.96    271     15  314.1  327.0  314.9
  700.0   3151   10.6   -3.4     37   4.27    270     14  314.2  328.1  315.0
  687.0   3306    9.3   -3.1     42   4.46    270     10  314.5  328.9  315.3
  663.0   3599    6.9   -2.5     51   4.83    255      6  315.0  330.6  315.9
  652.0   3737    5.8   -2.2     56   5.02    319      5  315.2  331.4  316.2
  639.0   3902    5.4   -5.6     45   3.96     35      4  316.6  329.6  317.3
  630.0   4018    4.6   -1.4     65   5.51     45      7  316.9  334.8  318.0
  616.0   4201    4.5  -12.8     27   2.33     60     12  318.8  326.8  319.3
  609.0   4294    4.4  -18.6     17   1.46     54     12  319.8  324.9  320.1
  572.0   4799    1.3  -12.0     36   2.67     20     14  321.9  331.1  322.4
  560.0   4971    0.2   -9.8     47   3.26    354     12  322.6  333.7  323.2
  553.0   5071    0.0  -13.0     37   2.55    339     10  323.5  332.4  324.0
  551.0   5100   -0.2  -12.6     39   2.65    335     10  323.7  332.8  324.2
  539.0   5276   -1.1  -10.1     50   3.31    331      9  324.6  335.9  325.2
  529.0   5425   -1.9  -17.9     28   1.78    327      8  325.4  331.7  325.7
  511.0   5698   -4.1  -18.9     31   1.69    320      6  325.9  332.0  326.3
  500.0   5870   -5.5  -19.5     32   1.64    290      4  326.3  332.1  326.6
  492.0   5994   -6.5  -19.7     34   1.63    270      4  326.6  332.4  326.9
  455.0   6596  -11.2  -20.9     45   1.60    235      2  328.0  333.8  328.3
  438.0   6890  -13.6  -21.5     51   1.58     45      6  328.7  334.4  329.0
  420.0   7213  -16.1  -22.1     60   1.56     47     16  329.4  335.0  329.7
  411.0   7376  -17.1  -18.9     86   2.10     49     21  330.1  337.6  330.5
  400.0   7580  -17.5  -21.5     71   1.73     50     27  332.2  338.4  332.5
  373.0   8097  -19.7  -30.5     38   0.81     50     29  336.0  339.1  336.1
  343.0   8717  -22.3  -41.3     16   0.30     66     27  340.6  341.8  340.6
  304.0   9585  -30.2  -46.5     19   0.19     90     23  341.4  342.2  341.4
  300.0   9680  -31.1  -47.1     19   0.18     95     25  341.4  342.2  341.5
  259.0  10708  -40.1  -51.1     30   0.13     95     36  342.8  343.4  342.9
  250.0  10950  -41.9                          95     39  343.6         343.6
  234.0  11386  -45.1                          90     45  345.3         345.3
  223.0  11703  -47.4                         100     45  346.6         346.6
  200.0  12420  -52.7                         105     37  349.1         349.1
  169.0  13474  -60.7                         125     25  353.1         353.1
  153.0  14096  -65.4                         125     33  355.3         355.3
  150.0  14220  -66.3                         120     33  355.7         355.7
  119.0  15575  -76.3                          75     37  361.7         361.7
  113.0  15878  -78.5                          68     38  362.9         362.9
  107.0  16186  -79.5                          60     39  366.7         366.7
  106.0  16239  -79.7                          60     39  367.3         367.3
  100.0  16570  -77.3                          70     21  378.1         378.1
   98.5  16657  -77.3                          76     19  379.8         379.8
   96.0  16805  -76.7                          85     16  383.7         383.7
   91.6  17076  -75.7                          50     16  390.9         390.9
   91.0  17113  -75.9                          45     16  391.3         391.3
   87.0  17371  -77.1                          75     10  393.9         393.9
   82.0  17710  -78.7                         125     10  397.3         397.3
   78.0  17996  -80.1                         110     14  400.1         400.1
   70.0  18620  -72.9                         100     12  428.1         428.1
   67.8  18807  -71.3                         100      9  435.5         435.5
   67.0  18877  -71.4                         100      8  436.7         436.7
   63.0  19238  -72.1                         145      4  443.0         443.0
   61.6  19370  -72.3                         152      8  445.4         445.4
   60.0  19527  -70.3                         160     12  453.1         453.1
   57.0  19834  -66.5                         150     14  468.4         468.4
   55.0  20047  -63.9                         105      4  479.2         479.2
   52.0  20390  -63.4                         310      6  488.1         488.1
   50.0  20630  -63.1                         295     17  494.4         494.4
   47.0  21010  -64.1                         265     23  500.8         500.8
   45.2  21250  -64.7                         265     26  504.9         504.9
   41.0  21858  -61.2                         265     35  527.9         527.9
   39.0  22169  -59.5                         250     31  540.0         540.0
   36.3  22616  -56.9                         283     36  557.7         557.7
   35.0  22848  -56.6                         300     39  564.3         564.3
   31.0  23621  -55.7                         275     35  586.6         586.6
   30.1  23809  -55.5                         279     35  592.2         592.2
   30.0  23830  -55.3                         280     35  593.3         593.3
   28.2  24228  -51.3                         278     37  615.0         615.0
   22.0  25841  -51.3                         270     43  660.2         660.2
   20.0  26460  -51.3                         275     52  678.4         678.4
   18.0  27148  -50.2                         280     49  702.6         702.6
   16.2  27837  -49.1                         271     44  727.6         727.6
   16.0  27919  -49.0                         270     43  730.5         730.5
   13.0  29293  -47.5                         250     37  780.5         780.5
   10.0  31030  -45.5                         275     37  848.6         848.6
    8.3  32281  -42.1                         262     45  908.4         908.4
    8.0  32529  -42.3                         260     47  917.1         917.1
    7.0  33428  -43.1                         280     52  949.5         949.5
    6.1  34356  -43.9                         276     54  984.2         984.2
    6.0                                       275     54                     
</PRE><H3>Station information and sounding indices</H3><PRE>
                         Station identifier: WIII
                             Station number: 96749
                           Observation time: 130624/0000
                           Station latitude: -6.11
                          Station longitude: 106.65
                          Station elevation: 8.0
                            Showalter index: 5.10
                               Lifted index: -3.15
    LIFT computed using virtual temperature: -3.95
                                SWEAT index: 137.61
                                    K index: 19.10
                         Cross totals index: 14.30
                      Vertical totals index: 24.30
                        Totals totals index: 38.60
      Convective Available Potential Energy: 1182.57
             CAPE using virtual temperature: 1406.93
                      Convective Inhibition: -55.87
             CINS using virtual temperature: -9.00
                           Equilibrum Level: 180.64
 Equilibrum Level using virtual temperature: 180.25
                   Level of Free Convection: 707.47
             LFCT using virtual temperature: 903.78
                     Bulk Richardson Number: 61.89
          Bulk Richardson Number using CAPV: 73.64
  Temp [K] of the Lifted Condensation Level: 294.92
Pres [hPa] of the Lifted Condensation Level: 943.19
   Equivalent potential temp [K] of the LCL: 352.02
     Mean mixed layer potential temperature: 299.90
              Mean mixed layer mixing ratio: 17.79
              1000 hPa to 500 hPa thickness: 5780.00
Precipitable water [mm] for entire sounding: 40.24
</PRE>
<P>Description of the 
<A HREF="/upperair/columns.html">data columns</A>
or <A HREF="/upperair/indices.html">sounding indices</A>.

<P>
<FORM>
<INPUT CLASS="button" TYPE="button" VALUE=" Close this window " 
 onClick="window.close();">
<INPUT CLASS="button" TYPE="button" VALUE=" Select another map " 
 onClick="window.blur();">
</FORM>
<HR SIZE="1">
<I>Interested in graduate studies in atmospheric science?
Check out our program at the
<a href="http://www.uwyo.edu/atsc/howtoapply/"
target=_top>University of Wyoming
</a></I>
<HR SIZE="1"><FONT SIZE="-1">
Questions about the weather data provided by this site can be
addressed to <A HREF="mailto:ldoolman@uwyo.edu">
Larry Oolman (ldoolman@uwyo.edu)</A></FONT>
<HR SIZE="1">
<SCRIPT TYPE="text/javascript">
<!--
window.focus();
// -->
</SCRIPT>
</BODY>
</HTML>
