2014-02-16 12
<HTML>
<TITLE>University of Wyoming - Radiosonde Data</TITLE>
<BODY BGCOLOR="white">
<H2>96749 WIII Jakarta Observations at 00Z 16 Feb 2014</H2>
<PRE>
-----------------------------------------------------------------------------
   PRES   HGHT   TEMP   DWPT   RELH   MIXR   DRCT   SKNT   THTA   THTE   THTV
    hPa     m      C      C      %    g/kg    deg   knot     K      K      K 
-----------------------------------------------------------------------------
 1009.0      8   23.4   22.7     96  17.56      0      0  295.8  346.5  298.9
 1005.0     45   25.6   22.9     85  17.85    340      1  298.3  350.4  301.5
 1000.0     92   25.4   22.9     86  17.94    315      2  298.6  351.0  301.8
  977.0    296   24.4   21.5     84  16.84    315      6  299.6  349.0  302.6
  944.0    598   23.0   19.4     81  15.31    285      6  301.0  346.3  303.8
  940.0    636   22.8   19.2     80  15.13    288      6  301.2  345.9  304.0
  925.0    776   21.6   19.0     85  15.19    300      8  301.4  346.3  304.1
  912.0    898   20.8   18.4     86  14.79    310     10  301.8  345.6  304.5
  850.0   1506   16.8   15.2     90  12.94    305     16  303.7  342.4  306.1
  793.0   2096   13.6   10.9     84  10.41    290     16  306.4  337.9  308.3
  777.0   2269   12.6    9.6     82   9.75    281     16  307.1  336.9  308.9
  727.0   2827   10.4    6.4     76   8.36    250     16  310.6  336.6  312.2
  712.0   3000    9.8    5.3     73   7.90    240     16  311.8  336.6  313.3
  700.0   3142    9.4    4.4     71   7.55    240     16  312.9  336.6  314.3
  669.0   3517    7.0    0.0     61   5.75    240     16  314.2  332.7  315.3
  662.0   3603    6.3   -0.4     62   5.66    240     16  314.4  332.6  315.5
  618.0   4164    1.8   -2.7     72   5.10    221     10  315.5  332.0  316.4
  615.0   4203    1.7   -2.8     72   5.08    220     10  315.8  332.2  316.7
  593.0   4496    0.6   -3.7     73   4.93    171      7  317.8  333.9  318.8
  587.0   4578    0.0   -2.5     83   5.45    157      6  318.1  335.8  319.1
  571.0   4799   -1.3   -2.9     89   5.46    120      4  319.1  336.9  320.1
  561.0   4940   -2.1   -3.1     93   5.46     89      5  319.7  337.6  320.8
  550.0   5097   -2.8   -4.1     91   5.16     55      6  320.7  337.7  321.7
  529.0   5404   -4.1   -6.1     86   4.61     60      8  322.7  338.1  323.6
  510.0   5694   -5.4   -8.0     82   4.13     90      8  324.5  338.5  325.4
  500.0   5850   -6.1   -9.0     80   3.89     70      4  325.5  338.8  326.3
  491.0   5990   -6.9  -10.0     79   3.67     45      2  326.2  338.8  327.0
  472.0   6295   -8.7  -12.1     76   3.21    215      2  327.8  338.9  328.4
  420.0   7196  -13.9  -18.5     68   2.13    180      2  332.2  339.9  332.6
  407.0   7439  -15.3  -20.2     66   1.90    107      4  333.4  340.3  333.7
  404.0   7495  -15.6  -20.5     67   1.87     90      4  333.6  340.4  334.0
  400.0   7570  -16.1  -20.8     67   1.83     90      4  334.0  340.7  334.4
  343.0   8687  -25.1  -29.1     69   1.01     95     10  336.8  340.6  337.0
  300.0   9660  -32.9  -36.4     71   0.57    110     12  338.9  341.1  339.0
  278.0  10189  -36.8  -40.3     70   0.41    105     23  340.7  342.3  340.8
  261.0  10627  -40.1  -43.6     69   0.31     96     30  342.1  343.4  342.1
  250.0  10920  -42.5                          90     35  342.7         342.7
  243.0  11107  -44.1                          90     37  343.2         343.2
  200.0  12390  -54.9                         100     41  345.7         345.7
  184.0  12903  -59.5                         100     45  346.6         346.6
  150.0  14160  -70.7                          90     47  348.1         348.1
  130.0  14992  -77.9                          80     58  349.7         349.7
  123.0  15308  -78.3                          70     68  354.6         354.6
  119.0  15496  -78.5                          70     68  357.6         357.6
  117.0  15594  -77.6                          70     68  361.0         361.0
  109.0  16002  -73.7                          54     40  375.7         375.7
  105.0  16218  -75.4                          45     25  376.4         376.4
  100.0  16500  -77.7                          45     16  377.4         377.4
   90.0  17095  -80.8                         125     14  382.8         382.8
   87.8  17235  -81.5                         120     21  384.0         384.0
   85.0  17422  -79.9                         105     33  390.9         390.9
   81.0  17699  -77.4                          85     29  401.3         401.3
   73.0  18298  -72.2                         355     10  424.5         424.5
   70.3  18515  -70.3                         315     16  433.1         433.1
   70.0  18540  -70.3                         310     17  433.7         433.7
   69.0  18626  -70.4                         300     19  435.2         435.2
   63.0  19166  -71.0                         255     19  445.2         445.2
   51.0  20422  -72.6                         245     19  469.4         469.4
   50.0  20540  -72.7                         240     16  471.8         471.8
   48.7  20695  -72.3                         243     15  476.3         476.3
   46.0  21033  -71.1                         250     12  487.0         487.0
   42.0  21573  -69.2                         185     23  504.6         504.6
   40.3  21818  -68.3                         134     15  512.8         512.8
   40.0  21864  -67.8                         125     14  515.0         515.0
   36.6  22404  -62.5                         130     12  542.0         542.0
   34.0  22862  -61.2                         135     10  557.0         557.0
   30.0  23640  -58.9                          95     10  583.5         583.5
   28.0  24074  -57.5                         115      4  598.9         598.9
   27.7  24141  -57.3                          63      8  601.4         601.4
   27.0  24302  -57.4                         300     16  605.5         605.5
   25.0  24787  -57.8                         285     12  617.9         617.9
   22.0  25591  -58.4                         170      2  639.1         639.1
   20.5  26035  -58.7                         181     11  651.1         651.1
   20.0  26190  -57.5                         185     14  659.4         659.4
   17.2  27159  -49.9                         111     34  712.7         712.7
   16.0  27625  -51.7                          75     43  721.8         721.8
   13.3  28817  -56.3                          85     41  745.1         745.1
   13.0  28964  -55.5                          90     51  752.8         752.8
   12.0  29483  -52.6                          90     80  780.3         780.3
   10.4  30410  -47.5                          86     85  831.8         831.8
   10.1  30604  -47.0                          85     86  840.4         840.4
   10.0  30670  -46.9                          85     84  843.4         843.4
    8.0  32161  -43.1                          95     70  913.9         913.9
    7.9  32245  -42.9                                     918.1         918.1
</PRE><H3>Station information and sounding indices</H3><PRE>
                         Station identifier: WIII
                             Station number: 96749
                           Observation time: 140216/0000
                           Station latitude: -6.11
                          Station longitude: 106.65
                          Station elevation: 8.0
                            Showalter index: -0.19
                               Lifted index: -2.69
    LIFT computed using virtual temperature: -3.03
                                SWEAT index: 218.41
                                    K index: 33.10
                         Cross totals index: 21.30
                      Vertical totals index: 22.90
                        Totals totals index: 44.20
      Convective Available Potential Energy: 1193.69
             CAPE using virtual temperature: 1318.61
                      Convective Inhibition: -23.48
             CINS using virtual temperature: -17.17
                           Equilibrum Level: 140.32
 Equilibrum Level using virtual temperature: 139.44
                   Level of Free Convection: 874.03
             LFCT using virtual temperature: 886.47
                     Bulk Richardson Number: 400.77
          Bulk Richardson Number using CAPV: 442.71
  Temp [K] of the Lifted Condensation Level: 294.19
Pres [hPa] of the Lifted Condensation Level: 941.88
   Equivalent potential temp [K] of the LCL: 348.99
     Mean mixed layer potential temperature: 299.28
              Mean mixed layer mixing ratio: 17.00
              1000 hPa to 500 hPa thickness: 5758.00
Precipitable water [mm] for entire sounding: 55.10
</PRE>
<P>Description of the 
<A HREF="/upperair/columns.html">data columns</A>
or <A HREF="/upperair/indices.html">sounding indices</A>.

<P>
<FORM>
<INPUT CLASS="button" TYPE="button" VALUE=" Close this window " 
 onClick="window.close();">
<INPUT CLASS="button" TYPE="button" VALUE=" Select another map " 
 onClick="window.blur();">
</FORM>
<HR SIZE="1">
<I>Interested in graduate studies in atmospheric science?
Check out our program at the
<a href="http://www.uwyo.edu/atsc/howtoapply/"
target=_top>University of Wyoming
</a></I>
<HR SIZE="1"><FONT SIZE="-1">
Questions about the weather data provided by this site can be
addressed to <A HREF="mailto:ldoolman@uwyo.edu">
Larry Oolman (ldoolman@uwyo.edu)</A></FONT>
<HR SIZE="1">
<SCRIPT TYPE="text/javascript">
<!--
window.focus();
// -->
</SCRIPT>
</BODY>
</HTML>
