2014-10-22 12
<HTML>
<TITLE>University of Wyoming - Radiosonde Data</TITLE>
<BODY BGCOLOR="white">
<H2>96749 WIII Jakarta Observations at 00Z 22 Oct 2014</H2>
<PRE>
-----------------------------------------------------------------------------
   PRES   HGHT   TEMP   DWPT   RELH   MIXR   DRCT   SKNT   THTA   THTE   THTV
    hPa     m      C      C      %    g/kg    deg   knot     K      K      K 
-----------------------------------------------------------------------------
 1012.0      8   24.4   20.9     81  15.63    185      2  296.5  341.8  299.3
 1011.0     17   26.0   21.9     78  16.67    183      2  298.2  346.8  301.2
 1000.0    113   25.2   21.1     78  16.03    160      4  298.4  345.1  301.2
  979.0    299   24.3   20.8     81  16.10    120     10  299.3  346.5  302.2
  946.0    601   22.9   20.4     86  16.22     85     14  300.8  348.6  303.7
  925.0    798   22.0   20.1     89  16.29     95     16  301.8  350.0  304.7
  915.0    892   21.5   19.4     88  15.76     95     16  302.2  349.0  305.1
  850.0   1530   18.0   14.7     81  12.52     95     19  305.0  342.7  307.3
  845.0   1581   17.8   14.3     80  12.27     94     19  305.3  342.3  307.5
  795.0   2100   14.9    9.0     68   9.16     85     23  307.6  335.6  309.3
  773.0   2338   13.6    6.6     63   7.97     86     21  308.6  333.3  310.1
  721.0   2922   10.6    1.6     54   5.99     89     18  311.6  330.5  312.7
  704.0   3121    8.8    2.8     66   6.69     90     16  311.7  332.8  312.9
  700.0   3168    8.8   -5.2     37   3.73     90     16  312.2  324.3  312.9
  697.0   3204    8.6   -7.4     31   3.16     89     16  312.4  322.7  313.0
  664.0   3602    5.1    1.4     77   6.43     80     12  312.8  333.2  314.0
  659.0   3664    4.6    2.8     88   7.16     88     12  312.9  335.5  314.2
  641.0   3889    3.7   -0.1     76   5.97    115     10  314.3  333.4  315.5
  621.0   4147    2.6   -3.4     65   4.82    115     12  316.0  331.6  316.9
  617.0   4199    2.2   -1.4     77   5.63    115     12  316.1  334.2  317.2
  615.0   4226    2.0   -0.4     84   6.08    115     12  316.1  335.7  317.3
  611.0   4279    2.8   -8.2     44   3.39    114     12  317.7  328.9  318.3
  607.0   4332    2.8   -9.2     41   3.15    113     12  318.3  328.8  318.9
  571.0   4824    0.0   -7.0     59   3.98    105     14  320.6  333.9  321.4
  532.0   5388   -1.7  -24.6     16   0.98     95     16  325.0  328.6  325.2
  520.0   5570   -2.3  -30.3     10   0.60     95     19  326.5  328.8  326.6
  500.0   5880   -5.1  -29.1     13   0.69     95     23  326.8  329.4  326.9
  474.0   6294   -8.1  -27.0     20   0.89     90     19  328.1  331.4  328.3
  439.0   6890  -12.3  -24.0     37   1.26     50      8  330.0  334.7  330.3
  431.0   7032  -13.3  -23.3     43   1.37     51      9  330.5  335.5  330.8
  414.0   7339  -15.1  -29.1     29   0.84     53     12  332.0  335.2  332.2
  405.0   7506  -14.1  -48.1      4   0.12     54     13  335.4  335.9  335.4
  400.0   7600  -15.1  -51.1      3   0.09     55     14  335.3  335.6  335.3
  390.0   7785  -16.5  -51.0      3   0.09     65     16  335.9  336.3  335.9
  360.0   8369  -21.0  -50.7      5   0.10     90     21  337.7  338.1  337.7
  305.0   9579  -30.2  -50.2     12   0.13     90     23  341.1  341.7  341.1
  300.0   9700  -31.1  -50.1     14   0.13     95     21  341.4  342.0  341.4
  297.0   9771  -31.7  -49.7     15   0.14     98     20  341.6  342.2  341.6
  280.0  10183  -35.0  -52.6     15   0.10    115     14  342.6  343.0  342.6
  256.0  10808  -40.1  -57.1     15   0.07     99     14  344.0  344.3  344.0
  250.0  10970  -41.3                          95     14  344.5         344.5
  246.0  11076  -42.2                          90     14  344.8         344.8
  224.0  11693  -47.5                         120      4  346.0         346.0
  214.0  11994  -50.1                         245      4  346.5         346.5
  200.0  12440  -53.9                         285      8  347.2         347.2
  195.0  12597  -55.3                         300      6  347.6         347.6
  186.0  12889  -57.8                         305      6  348.2         348.2
  177.0  13196  -60.4                         340     10  348.9         348.9
  169.0  13482  -62.9                         345     10  349.4         349.4
  153.0  14097  -68.2                         275      4  350.4         350.4
  150.0  14220  -69.3                         305      6  350.5         350.5
  146.0  14376  -70.6                         355      8  351.0         351.0
  131.0  15003  -75.8                          20     17  352.7         352.7
  118.0  15607  -80.9                          20     17  354.1         354.1
  115.0  15756  -82.1                          30     20  354.4         354.4
  112.0  15903  -82.6                          40     23  356.1         356.1
  106.0  16210  -83.7                          35     31  359.7         359.7
  103.0  16371  -78.1                          41     24  373.4         373.4
  101.0  16483  -78.1                          45     19  375.5         375.5
  100.0  16540  -78.1                          35     17  376.6         376.6
   96.0  16773  -78.5                         340     12  380.3         380.3
   91.0  17077  -78.9                          10      8  385.3         385.3
   86.0  17399  -79.4                         160      4  390.6         390.6
   83.0  17602  -79.7                         160     11  393.9         393.9
   82.0  17671  -79.4                         160     14  395.9         395.9
   77.0  18033  -77.7                         225      8  406.7         406.7
   73.0  18339  -76.2                         250     10  416.0         416.0
   70.0  18580  -75.1                         230     19  423.4         423.4
   68.9  18671  -75.3                         229     18  424.9         424.9
   63.0  19188  -75.5                         220     10  435.6         435.6
   61.5  19327  -75.5                         193      6  438.5         438.5
   60.0  19473  -73.7                         165      2  445.5         445.5
   57.0  19776  -70.0                           5     12  460.4         460.4
   54.0  20095  -66.2                         355     10  476.6         476.6
   53.8  20117  -65.9                           2     10  477.7         477.7
   51.0  20440  -65.9                         105      6  485.0         485.0
   50.0  20560  -65.9                         115     12  487.8         487.8
   49.0  20683  -65.9                         125     17  490.6         490.6
   47.0  20935  -65.9                         110     25  496.4         496.4
   42.0  21618  -66.0                         115     27  512.4         512.4
   40.0  21913  -66.0                          95     37  519.6         519.6
   35.2  22689  -66.1                          92     48  538.7         538.7
   33.9  22919  -61.7                          92     51  556.1         556.1
   31.0  23476  -60.1                          90     58  574.8         574.8
   30.0  23680  -59.5                          95     56  581.9         581.9
   26.0  24584  -57.7                          90     60  611.3         611.3
   25.0  24831  -57.2                          85     62  619.7         619.7
   20.0  26240  -54.3                          85     56  669.2         669.2
   19.9  26272  -54.3                                     670.2         670.2
</PRE><H3>Station information and sounding indices</H3><PRE>
                         Station identifier: WIII
                             Station number: 96749
                           Observation time: 141022/0000
                           Station latitude: -6.11
                          Station longitude: 106.65
                          Station elevation: 8.0
                            Showalter index: 0.72
                               Lifted index: -0.71
    LIFT computed using virtual temperature: -1.50
                                SWEAT index: 237.39
                                    K index: 23.80
                         Cross totals index: 19.80
                      Vertical totals index: 23.10
                        Totals totals index: 42.90
      Convective Available Potential Energy: 282.74
             CAPE using virtual temperature: 436.23
                      Convective Inhibition: -88.49
             CINS using virtual temperature: -67.77
                           Equilibrum Level: 246.65
 Equilibrum Level using virtual temperature: 246.70
                   Level of Free Convection: 720.63
             LFCT using virtual temperature: 795.42
                     Bulk Richardson Number: 24.30
          Bulk Richardson Number using CAPV: 37.49
  Temp [K] of the Lifted Condensation Level: 293.25
Pres [hPa] of the Lifted Condensation Level: 933.40
   Equivalent potential temp [K] of the LCL: 346.32
     Mean mixed layer potential temperature: 299.10
              Mean mixed layer mixing ratio: 16.15
              1000 hPa to 500 hPa thickness: 5767.00
Precipitable water [mm] for entire sounding: 47.05
</PRE>
<P>Description of the 
<A HREF="/upperair/columns.html">data columns</A>
or <A HREF="/upperair/indices.html">sounding indices</A>.

<P>
<FORM>
<INPUT CLASS="button" TYPE="button" VALUE=" Close this window " 
 onClick="window.close();">
<INPUT CLASS="button" TYPE="button" VALUE=" Select another map " 
 onClick="window.blur();">
</FORM>
<HR SIZE="1">
<I>Interested in graduate studies in atmospheric science?
Check out our program at the
<a href="http://www.uwyo.edu/atsc/howtoapply/"
target=_top>University of Wyoming
</a></I>
<HR SIZE="1"><FONT SIZE="-1">
Questions about the weather data provided by this site can be
addressed to <A HREF="mailto:ldoolman@uwyo.edu">
Larry Oolman (ldoolman@uwyo.edu)</A></FONT>
<HR SIZE="1">
<SCRIPT TYPE="text/javascript">
<!--
window.focus();
// -->
</SCRIPT>
</BODY>
</HTML>
