2015-06-28 12
<HTML>
<TITLE>University of Wyoming - Radiosonde Data</TITLE>
<BODY BGCOLOR="white">
<H2>96749 WIII Jakarta Observations at 00Z 28 Jun 2015</H2>
<PRE>
-----------------------------------------------------------------------------
   PRES   HGHT   TEMP   DWPT   RELH   MIXR   DRCT   SKNT   THTA   THTE   THTV
    hPa     m      C      C      %    g/kg    deg   knot     K      K      K 
-----------------------------------------------------------------------------
 1014.0      8   25.2   22.1     83  16.83    200      7  297.2  346.0  300.2
 1000.0    132   25.4   23.1     87  18.17    165      8  298.6  351.6  301.8
  981.0    300   24.5   22.2     87  17.53    115      8  299.2  350.6  302.4
  948.0    601   22.8   20.6     88  16.44     85      8  300.5  348.9  303.4
  925.0    816   21.6   19.5     88  15.68    100      6  301.4  347.8  304.2
  917.0    891   21.1   19.1     88  15.40    105      6  301.7  347.3  304.5
  855.0   1495   17.5   15.7     89  13.28     80      6  304.0  343.7  306.4
  850.0   1546   17.2   15.4     89  13.11     85      6  304.1  343.4  306.5
  826.0   1790   16.1   13.2     83  11.66    110      6  305.5  340.6  307.6
  797.0   2095   14.7   10.4     75  10.03    115      6  307.1  337.7  309.0
  795.0   2116   14.6   10.2     75   9.92    115      6  307.2  337.5  309.1
  742.0   2695   12.0   -3.9     33   3.88    110      8  310.5  323.0  311.3
  716.0   2995   10.7  -11.2     20   2.29    145      8  312.2  319.9  312.7
  711.0   3054   10.4  -12.6     18   2.05    145      8  312.6  319.5  313.0
  700.0   3183    9.8  -10.2     23   2.53    145      8  313.3  321.7  313.8
  666.0   3591    7.8  -10.1     27   2.67    125     10  315.5  324.4  316.0
  619.0   4192    4.8  -10.1     33   2.89    120      8  318.7  328.5  319.3
  597.0   4489    3.3  -10.0     37   3.01    115      8  320.3  330.5  320.9
  593.0   4544    3.0  -10.0     38   3.03    109      8  320.6  330.9  321.2
  575.0   4792    1.1  -11.3     39   2.82     80      6  321.2  330.8  321.8
  565.0   4934    0.0  -12.0     40   2.71     78      5  321.6  330.8  322.1
  554.0   5089   -1.2  -12.6     42   2.64     75      4  321.9  331.0  322.4
  533.0   5395   -3.6  -13.7     46   2.51    175      4  322.7  331.3  323.2
  513.0   5697   -5.9  -14.8     50   2.38    215      4  323.4  331.6  323.8
  500.0   5900   -7.5  -15.5     53   2.30    100      2  323.8  331.8  324.3
  494.0   5993   -8.3  -15.6     56   2.31     45      2  324.0  332.0  324.4
  475.0   6296  -10.9  -15.9     67   2.34     57      7  324.4  332.6  324.9
  458.0   6574  -12.9  -17.2     70   2.18     67     11  325.3  332.9  325.7
  452.0   6675  -12.7  -22.7     43   1.37     71     13  326.8  331.8  327.1
  450.0   6709  -12.9  -17.9     66   2.09     73     13  326.9  334.3  327.4
  447.0   6760  -11.9  -23.9     36   1.25     75     14  328.8  333.4  329.1
  439.0   6897  -12.7  -25.1     35   1.14     80     16  329.5  333.7  329.7
  424.0   7161  -14.3  -27.3     32   0.97     66     12  330.8  334.4  331.0
  423.0   7179  -14.4  -24.4     42   1.26     65     12  330.9  335.5  331.1
  422.0   7197  -14.5  -21.5     55   1.64     66     12  330.9  336.9  331.3
  415.0   7323  -15.1  -30.1     27   0.76     72     13  331.8  334.7  331.9
  406.0   7488  -15.8  -34.4     19   0.51     80     14  332.9  334.9  333.0
  400.0   7600  -16.3  -37.3     15   0.39     75     14  333.7  335.3  333.8
  375.0   8083  -19.0  -40.8     13   0.29     65     14  336.4  337.6  336.4
  367.0   8244  -19.9  -41.9     12   0.26     68     13  337.2  338.3  337.3
  345.0   8694  -23.1  -47.0      9   0.16     75     10  338.8  339.5  338.9
  332.0   8973  -25.2  -50.1      8   0.12    100     16  339.8  340.3  339.8
  300.0   9710  -30.5  -58.5      5   0.05     95     19  342.3  342.5  342.3
  280.0  10197  -35.1  -57.1      9   0.06     95     19  342.5  342.7  342.5
  257.0  10791  -39.7  -50.7     30   0.14    105     23  344.2  344.8  344.2
  255.0  10845  -40.1  -50.1     33   0.15    104     24  344.4  345.0  344.4
  250.0  10980  -41.1                         100     25  344.8         344.8
  200.0  12450  -54.1                          85     25  346.9         346.9
  196.0  12577  -55.0                          80     25  347.5         347.5
  165.0  13657  -62.9                          84     22  351.8         351.8
  161.0  13807  -63.4                          85     21  353.4         353.4
  150.0  14240  -64.9                         115     12  358.1         358.1
  149.0  14281  -65.1                         116     12  358.4         358.4
  139.0  14686  -68.5                         130     10  359.7         359.7
  108.0  16161  -80.7                          85     14  363.5         363.5
  102.0  16480  -82.5                          85     16  366.0         366.0
  100.0  16590  -83.1                          75     16  366.9         366.9
   97.0  16759  -84.2                          55     16  368.1         368.1
   96.1  16811  -84.5                          50     16  368.4         368.4
   92.0  17055  -83.1                          95      8  375.8         375.8
   87.0  17368  -81.2                          85     12  385.5         385.5
   86.6  17393  -81.1                          82     12  386.4         386.4
   82.2  17692  -75.1                          51     14  404.4         404.4
   82.0  17706  -75.1                          50     14  404.6         404.6
   78.0  17997  -75.6                          35     16  409.5         409.5
   75.2  18209  -75.9                          49     20  413.1         413.1
   70.0  18630  -70.7                          75     27  432.8         432.8
   67.4  18855  -68.9                          71     43  441.4         441.4
   67.0  18891  -68.8                          70     45  442.3         442.3
   61.0  19454  -67.6                          95     41  457.1         457.1
   58.0  19756  -66.9                          90     45  465.3         465.3
   56.4  19924  -66.5                          98     42  469.9         469.9
   52.0  20419  -63.3                         120     33  488.4         488.4
   50.7  20574  -62.3                         120     33  494.3         494.3
   50.0  20660  -59.5                         120     33  502.8         502.8
   49.7  20698  -58.3                         119     32  506.5         506.5
   45.2  21296  -56.3                         103     24  525.3         525.3
   43.0  21609  -56.7                          95     19  531.8         531.8
   37.0  22553  -58.0                         115     19  552.0         552.0
   36.0  22725  -58.2                         110     23  555.7         555.7
   32.0  23465  -59.2                           0      6  572.1         572.1
   31.0  23664  -59.4                         355      4  576.6         576.6
   30.0  23870  -59.7                         320      8  581.3         581.3
   28.5  24190  -60.9                         298      7  586.6         586.6
   28.0  24302  -59.5                         290      6  593.3         593.3
   27.0  24531  -56.8                          35     10  607.3         607.3
   26.0  24770  -53.9                         325     19  622.0         622.0
   23.0  25560  -53.2                         250      8  646.1         646.1
   22.0  25846  -53.0                         265     17  655.1         655.1
   20.0  26460  -52.5                         265      6  674.7         674.7
   19.2  26723  -52.7                         301      9  682.0         682.0
   19.0  26792  -52.2                         310     10  685.7         685.7
   16.4  27758  -44.9                         263     21  738.7         738.7
   16.0  27923  -44.9                         255     23  744.0         744.0
   12.0  29845  -44.7                         280     41  808.3         808.3
   11.7  30015  -44.7                         279     40  814.2         814.2
   10.8  30553  -42.1                         277     39  842.5         842.5
   10.0  31070  -44.7                         275     37  851.6         851.6
    9.6  31342  -46.1                         270     37  856.3         856.3
    9.0  31774  -45.1                         255     33  876.0         876.0
    8.0  32563  -43.3                         250     16  913.2         913.2
    7.6  32907  -42.5                                     929.9         929.9
</PRE><H3>Station information and sounding indices</H3><PRE>
                         Station identifier: WIII
                             Station number: 96749
                           Observation time: 150628/0000
                           Station latitude: -6.11
                          Station longitude: 106.65
                          Station elevation: 8.0
                            Showalter index: -1.98
                               Lifted index: -4.45
    LIFT computed using virtual temperature: -5.08
                                SWEAT index: 198.81
                                    K index: 20.10
                         Cross totals index: 22.90
                      Vertical totals index: 24.70
                        Totals totals index: 47.60
      Convective Available Potential Energy: 968.99
             CAPE using virtual temperature: 1195.83
                      Convective Inhibition: -19.84
             CINS using virtual temperature: -14.57
                           Equilibrum Level: 180.01
 Equilibrum Level using virtual temperature: 179.54
                   Level of Free Convection: 872.65
             LFCT using virtual temperature: 887.62
                     Bulk Richardson Number: 1792.10
          Bulk Richardson Number using CAPV: 2211.64
  Temp [K] of the Lifted Condensation Level: 294.82
Pres [hPa] of the Lifted Condensation Level: 952.51
   Equivalent potential temp [K] of the LCL: 350.01
     Mean mixed layer potential temperature: 298.96
              Mean mixed layer mixing ratio: 17.47
              1000 hPa to 500 hPa thickness: 5768.00
Precipitable water [mm] for entire sounding: 45.18
</PRE>
<P>Description of the 
<A HREF="/upperair/columns.html">data columns</A>
or <A HREF="/upperair/indices.html">sounding indices</A>.

<P>
<FORM>
<INPUT CLASS="button" TYPE="button" VALUE=" Close this window " 
 onClick="window.close();">
<INPUT CLASS="button" TYPE="button" VALUE=" Select another map " 
 onClick="window.blur();">
</FORM>
<HR SIZE="1">
<I>Interested in graduate studies in atmospheric science?
Check out our program at the
<a href="http://www.uwyo.edu/atsc/howtoapply/"
target=_top>University of Wyoming
</a></I>
<HR SIZE="1"><FONT SIZE="-1">
Questions about the weather data provided by this site can be
addressed to <A HREF="mailto:ldoolman@uwyo.edu">
Larry Oolman (ldoolman@uwyo.edu)</A></FONT>
<HR SIZE="1">
<SCRIPT TYPE="text/javascript">
<!--
window.focus();
// -->
</SCRIPT>
</BODY>
</HTML>
