2014-10-08 12
<HTML>
<TITLE>University of Wyoming - Radiosonde Data</TITLE>
<BODY BGCOLOR="white">
<H2>96749 WIII Jakarta Observations at 00Z 08 Oct 2014</H2>
<PRE>
-----------------------------------------------------------------------------
   PRES   HGHT   TEMP   DWPT   RELH   MIXR   DRCT   SKNT   THTA   THTE   THTV
    hPa     m      C      C      %    g/kg    deg   knot     K      K      K 
-----------------------------------------------------------------------------
 1010.0      8   25.4   22.1     82  16.89    180      4  297.7  346.9  300.7
 1000.0     97   25.6   21.1     76  16.03    175      6  298.8  345.6  301.6
  977.0    302   25.0   20.5     76  15.81    165     10  300.1  346.7  303.0
  969.0    375   24.8   20.3     76  15.73    153      9  300.6  347.0  303.5
  944.0    604   23.0   19.7     82  15.59    115      6  301.1  347.1  303.9
  925.0    782   21.6   19.3     87  15.48    100     10  301.4  347.2  304.2
  912.0    904   20.9   18.2     84  14.60     90     14  301.9  345.2  304.5
  850.0   1511   17.4   12.5     73  10.82     95     21  304.4  336.9  306.3
  820.0   1818   15.8   11.0     73  10.15     98     15  305.8  336.6  307.7
  796.0   2070   13.8   13.2     96  12.12    100     11  306.3  342.9  308.5
  793.0   2102   13.6   13.0     96  12.02    100     10  306.4  342.8  308.6
  765.0   2402   11.7   11.3     97  11.10    110      4  307.5  341.3  309.6
  738.0   2702    9.8    9.6     98  10.23    215      4  308.6  340.0  310.5
  700.0   3144    7.0    7.0    100   9.06    305      2  310.2  338.2  311.9
  687.0   3298    5.9    4.7     92   7.83    340      2  310.6  335.0  312.1
  679.0   3394    5.2    3.2     87   7.14      6      3  310.9  333.3  312.2
  672.0   3479    5.8   -0.2     65   5.64     29      4  312.5  330.5  313.6
  669.0   3516    8.2    2.2     66   6.75     39      4  315.6  337.2  316.9
  661.0   3616    8.8  -16.2     15   1.64     65      5  317.4  323.0  317.7
  639.0   3893    7.2  -16.1     17   1.71    140      8  318.6  324.5  318.9
  616.0   4194    5.4  -16.1     20   1.78    145     12  319.9  326.1  320.3
  598.0   4437    4.0  -16.0     22   1.85    142     12  321.0  327.4  321.4
  576.0   4741    2.4  -10.6     38   2.98    138     13  322.6  332.8  323.2
  555.0   5040    1.0  -18.0     23   1.68    134     13  324.4  330.3  324.7
  547.0   5157    0.0  -12.0     40   2.80    133     14  324.5  334.2  325.1
  531.0   5392   -1.8  -11.8     46   2.94    130     14  325.2  335.3  325.8
  500.0   5870   -5.3  -11.3     63   3.24    145     10  326.5  337.7  327.1
  471.0   6336   -8.7  -14.7     62   2.61    151      9  327.9  337.1  328.4
  455.0   6602  -10.4  -16.4     61   2.34    155      8  329.0  337.3  329.5
  449.0   6704  -11.1  -17.1     61   2.24    149      8  329.4  337.4  329.9
  447.0   6739  -11.1  -22.1     40   1.46    147      8  329.8  335.2  330.1
  439.0   6877  -12.3  -22.3     43   1.47    139      7  330.0  335.4  330.3
  429.0   7052  -13.3  -29.3     25   0.79    128      6  330.9  333.9  331.1
  421.0   7195  -14.6  -27.2     33   0.98    120      6  331.1  334.8  331.3
  410.0   7395  -16.3  -24.3     50   1.31    126     10  331.4  336.2  331.6
  404.0   7505  -16.9  -26.7     42   1.07    130     12  332.0  336.0  332.2
  400.0   7580  -17.3  -28.3     38   0.93    125     14  332.4  335.9  332.6
  381.0   7944  -17.7  -61.7      1   0.02    102     15  336.5  336.7  336.6
  344.0   8686  -23.5  -51.0      6   0.10     55     17  338.6  339.1  338.6
  301.0   9656  -31.1  -37.1     56   0.53     65     33  341.1  343.2  341.2
  300.0   9680  -31.3  -37.3     55   0.52     65     33  341.1  343.2  341.2
  278.0  10212  -35.6  -41.6     54   0.36     70     27  342.4  343.9  342.5
  257.0  10761  -40.1  -46.1     53   0.24     52     23  343.6  344.6  343.6
  250.0  10950  -41.7                          45     21  343.9         343.9
  223.0  11703  -48.4                          45     25  345.1         345.1
  200.0  12420  -54.7                          55     29  346.0         346.0
  150.0  14190  -69.1                          70     43  350.9         350.9
  130.0  15032  -75.1                          70     56  354.8         354.8
  125.0  15262  -76.7                          65     52  355.9         355.9
  120.0  15501  -71.9                          43     38  368.8         368.8
  117.0  15649  -72.3                          30     29  370.7         370.7
  106.0  16229  -74.1                         305     16  378.0         378.0
  101.0  16512  -74.9                         240     12  381.7         381.7
  100.0  16570  -75.1                         240     12  382.4         382.4
   96.0  16803  -76.4                         235      6  384.2         384.2
   91.0  17108  -78.2                         305      4  386.7         386.7
   82.8  17647  -81.3                         140      4  390.9         390.9
   82.0  17703  -80.8                         160      4  393.0         393.0
   77.0  18063  -77.8                         155      6  406.5         406.5
   73.0  18369  -75.2                         100      4  418.2         418.2
   70.0  18610  -73.1                         235     12  427.7         427.7
   65.8  18973  -72.3                         238     16  437.0         437.0
   63.0  19229  -72.1                         240     19  442.9         442.9
   57.0  19818  -71.7                         270     10  456.8         456.8
   51.0  20473  -71.2                         200     14  472.6         472.6
   50.0  20590  -71.1                         165     12  475.5         475.5
   46.9  20969  -69.9                         100     16  487.2         487.2
   46.0  21086  -69.3                          80     17  491.2         491.2
   44.0  21354  -68.0                          45     27  500.7         500.7
   42.0  21634  -66.7                          40     19  510.8         510.8
   38.7  22127  -64.3                          81     32  528.9         528.9
   38.0  22239  -64.2                          90     35  532.0         532.0
   33.0  23105  -63.0                         105     45  556.8         556.8
   30.0  23690  -62.3                          90     51  574.2         574.2
   27.0  24348  -60.3                          75     56  597.4         597.4
   23.6  25188  -57.7                          83     58  628.4         628.4
   23.0  25351  -57.2                          85     58  634.6         634.6
   20.0  26240  -54.3                          90     51  669.2         669.2
   14.0  28542  -51.1                          96     40  751.9         751.9
   11.0  30133  -45.9                         100     33  824.3         824.3
   10.2  30631  -44.3                                     848.2         848.2
</PRE><H3>Station information and sounding indices</H3><PRE>
                         Station identifier: WIII
                             Station number: 96749
                           Observation time: 141008/0000
                           Station latitude: -6.11
                          Station longitude: 106.65
                          Station elevation: 8.0
                            Showalter index: 2.88
                               Lifted index: -0.95
    LIFT computed using virtual temperature: -1.33
                                SWEAT index: 202.00
                                    K index: 35.20
                         Cross totals index: 17.80
                      Vertical totals index: 22.70
                        Totals totals index: 40.50
      Convective Available Potential Energy: 341.22
             CAPE using virtual temperature: 426.93
                      Convective Inhibition: -48.66
             CINS using virtual temperature: -33.39
                           Equilibrum Level: 203.84
 Equilibrum Level using virtual temperature: 203.54
                   Level of Free Convection: 810.07
             LFCT using virtual temperature: 845.39
                     Bulk Richardson Number: 70.89
          Bulk Richardson Number using CAPV: 88.70
  Temp [K] of the Lifted Condensation Level: 292.84
Pres [hPa] of the Lifted Condensation Level: 922.21
   Equivalent potential temp [K] of the LCL: 346.42
     Mean mixed layer potential temperature: 299.71
              Mean mixed layer mixing ratio: 15.94
              1000 hPa to 500 hPa thickness: 5773.00
Precipitable water [mm] for entire sounding: 48.94
</PRE>
<P>Description of the 
<A HREF="/upperair/columns.html">data columns</A>
or <A HREF="/upperair/indices.html">sounding indices</A>.

<P>
<FORM>
<INPUT CLASS="button" TYPE="button" VALUE=" Close this window " 
 onClick="window.close();">
<INPUT CLASS="button" TYPE="button" VALUE=" Select another map " 
 onClick="window.blur();">
</FORM>
<HR SIZE="1">
<I>Interested in graduate studies in atmospheric science?
Check out our program at the
<a href="http://www.uwyo.edu/atsc/howtoapply/"
target=_top>University of Wyoming
</a></I>
<HR SIZE="1"><FONT SIZE="-1">
Questions about the weather data provided by this site can be
addressed to <A HREF="mailto:ldoolman@uwyo.edu">
Larry Oolman (ldoolman@uwyo.edu)</A></FONT>
<HR SIZE="1">
<SCRIPT TYPE="text/javascript">
<!--
window.focus();
// -->
</SCRIPT>
</BODY>
</HTML>
