2015-11-04 12
<HTML>
<TITLE>University of Wyoming - Radiosonde Data</TITLE>
<BODY BGCOLOR="white">
<H2>96749 WIII Jakarta Observations at 00Z 04 Nov 2015</H2>
<PRE>
-----------------------------------------------------------------------------
   PRES   HGHT   TEMP   DWPT   RELH   MIXR   DRCT   SKNT   THTA   THTE   THTV
    hPa     m      C      C      %    g/kg    deg   knot     K      K      K 
-----------------------------------------------------------------------------
 1009.0      8   25.4   23.1     87  18.00    200      3  297.8  350.2  301.0
 1000.0     90   25.4   21.9     81  16.85    175      4  298.6  347.8  301.6
  990.0    179   26.0   22.5     81  17.68    145      6  300.0  352.0  303.2
  977.0    295   25.3   22.1     83  17.53    105      8  300.4  352.0  303.6
  944.0    597   23.3   21.2     88  17.15     75      8  301.4  352.1  304.5
  925.0    776   22.2   20.7     91  16.92     80      6  302.0  352.2  305.1
  912.0    899   21.5   19.8     90  16.21     80      6  302.5  350.7  305.5
  851.0   1499   18.3   15.4     83  13.08    115      2  305.1  344.5  307.6
  850.0   1509   18.2   15.3     83  13.03    120      2  305.2  344.4  307.6
  793.0   2099   14.6   10.4     76  10.09     30      4  307.5  338.3  309.4
  762.0   2438   12.6    7.6     72   8.67     67      6  308.8  335.6  310.4
  739.0   2694   12.1   -2.4     37   4.37     95      8  310.9  324.9  311.8
  721.0   2901   11.6  -10.4     20   2.41     90      8  312.6  320.7  313.1
  700.0   3147   10.4   -7.6     27   3.10     85      8  314.0  324.2  314.6
  688.0   3290    9.5   -7.5     29   3.17     85      8  314.5  324.9  315.1
  665.0   3571    7.6   -7.4     34   3.31    101      8  315.5  326.4  316.1
  639.0   3898    5.1   -4.1     51   4.43    120      8  316.2  330.7  317.1
  638.0   3911    5.0   -4.0     52   4.48    119      8  316.3  330.9  317.1
  627.0   4053    6.4  -21.6     11   1.09    102      7  319.4  323.3  319.6
  621.0   4132    6.4  -24.6      9   0.84     93      6  320.3  323.4  320.5
  616.0   4198    6.0  -24.3      9   0.88     85      6  320.6  323.7  320.7
  594.0   4493    4.0  -22.9     12   1.03     50      6  321.6  325.4  321.8
  572.0   4799    2.0  -21.4     16   1.22     50      6  322.7  327.1  323.0
  564.0   4913    1.2  -20.8     18   1.30     22      6  323.1  327.8  323.4
  552.0   5085    0.1  -14.5     32   2.26    340      6  323.8  331.7  324.2
  551.0   5100    0.0  -14.0     34   2.36    341      6  323.9  332.1  324.3
  531.0   5393   -1.9  -19.3     25   1.57      5      6  325.1  330.7  325.4
  511.0   5697   -3.8  -24.8     18   1.01     90     10  326.3  330.0  326.5
  500.0   5870   -4.9  -27.9     15   0.78     95     12  327.0  329.9  327.1
  496.0   5933   -5.5  -26.5     17   0.89     95     12  327.0  330.3  327.2
  405.0   7494  -14.9  -39.7     10   0.30    100     23  334.3  335.5  334.4
  400.0   7590  -15.5  -40.5     10   0.28    105     21  334.8  335.9  334.8
  359.0   8392  -20.6  -43.7     11   0.22    105     17  338.5  339.4  338.5
  345.0   8687  -22.4  -44.8     11   0.21     90     17  339.9  340.7  339.9
  337.0   8861  -23.5  -45.5     11   0.19     90     16  340.6  341.5  340.7
  304.0   9605  -29.0  -53.6      7   0.08     90     12  343.1  343.5  343.1
  300.0   9700  -29.7  -54.7      7   0.08     95     10  343.4  343.7  343.4
  292.0   9889  -31.4  -54.4      8   0.08    105      4  343.7  344.0  343.7
  268.0  10487  -36.8  -53.6     16   0.10     60      8  344.4  344.8  344.4
  256.0  10807  -39.6  -53.2     22   0.11     60      8  344.7  345.2  344.7
  254.0  10862  -40.1  -53.1     24   0.11     57      9  344.7  345.2  344.8
  250.0  10970  -40.9                          50     10  345.1         345.1
  235.0  11380  -44.3                          20     10  346.1         346.1
  200.0  12450  -53.3                          25     14  348.2         348.2
  196.0  12576  -54.4                          30     14  348.5         348.5
  178.0  13175  -59.6                           5     12  349.6         349.6
  162.0  13761  -64.7                           0     16  350.6         350.6
  150.0  14240  -68.9                           5     16  351.2         351.2
  139.0  14680  -72.3                          15      4  353.0         353.0
  132.0  14978  -74.6                          35      4  354.1         354.1
  125.0  15293  -77.0                         330      8  355.3         355.3
  119.0  15577  -79.2                         305     12  356.3         356.3
  112.0  15927  -81.9                         315     12  357.5         357.5
  107.0  16182  -82.3                         320     12  361.4         361.4
  105.0  16287  -82.5                         328     16  363.0         363.0
  101.0  16504  -80.9                         345     23  370.1         370.1
  100.0  16560  -80.5                         350     21  371.9         371.9
   96.0  16795  -79.7                           0     16  378.0         378.0
   87.0  17360  -77.6                         225     10  392.9         392.9
   74.0  18290  -74.2                         195     16  418.6         418.6
   70.2  18593  -73.1                         214      8  427.3         427.3
   70.0  18610  -72.5                         215      8  428.9         428.9
   69.3  18669  -70.3                         220      9  434.9         434.9
   67.0  18872  -69.6                         235     14  440.6         440.6
   58.0  19738  -66.7                         260     12  465.7         465.7
   55.0  20057  -65.6                         295     17  475.3         475.3
   50.0  20630  -63.7                         300     14  492.9         492.9
   49.2  20729  -62.9                         296     14  497.1         497.1
   45.0  21275  -64.5                         275     17  506.2         506.2
   43.0  21554  -65.2                         245     16  510.9         510.9
   41.9  21712  -65.7                         283     15  513.5         513.5
   39.0  22158  -62.2                          30     14  533.1         533.1
   35.2  22794  -57.1                         314     30  562.1         562.1
   35.0  22830  -57.2                         310     31  562.8         562.8
   30.6  23676  -59.5                         249     33  578.6         578.6
   30.0  23800  -59.1                         240     33  582.9         582.9
   29.0  24016  -58.0                         230     35  591.6         591.6
   25.0  24960  -53.3                         155     19  630.8         630.8
   24.4  25115  -52.5                         130     19  637.5         637.5
   23.0  25497  -52.4                          70     19  648.7         648.7
   20.0  26400  -52.1                          40     16  675.9         675.9
   19.4  26597  -51.9                                     682.5         682.5
</PRE><H3>Station information and sounding indices</H3><PRE>
                         Station identifier: WIII
                             Station number: 96749
                           Observation time: 151104/0000
                           Station latitude: -6.11
                          Station longitude: 106.65
                          Station elevation: 8.0
                            Showalter index: 0.24
                               Lifted index: -2.23
    LIFT computed using virtual temperature: -3.14
                                SWEAT index: 199.61
                                    K index: 20.40
                         Cross totals index: 20.20
                      Vertical totals index: 23.10
                        Totals totals index: 43.30
      Convective Available Potential Energy: 791.19
             CAPE using virtual temperature: 1037.46
                      Convective Inhibition: -33.42
             CINS using virtual temperature: -26.49
                           Equilibrum Level: 155.40
 Equilibrum Level using virtual temperature: 155.10
                   Level of Free Convection: 832.62
             LFCT using virtual temperature: 855.27
                     Bulk Richardson Number: 587.84
          Bulk Richardson Number using CAPV: 770.83
  Temp [K] of the Lifted Condensation Level: 294.54
Pres [hPa] of the Lifted Condensation Level: 938.55
   Equivalent potential temp [K] of the LCL: 351.09
     Mean mixed layer potential temperature: 299.94
              Mean mixed layer mixing ratio: 17.43
              1000 hPa to 500 hPa thickness: 5780.00
Precipitable water [mm] for entire sounding: 43.75
</PRE>
<P>Description of the 
<A HREF="/upperair/columns.html">data columns</A>
or <A HREF="/upperair/indices.html">sounding indices</A>.

<P>
<FORM>
<INPUT CLASS="button" TYPE="button" VALUE=" Close this window " 
 onClick="window.close();">
<INPUT CLASS="button" TYPE="button" VALUE=" Select another map " 
 onClick="window.blur();">
</FORM>
<HR SIZE="1">
<I>Interested in graduate studies in atmospheric science?
Check out our program at the
<a href="http://www.uwyo.edu/atsc/howtoapply/"
target=_top>University of Wyoming
</a></I>
<HR SIZE="1"><FONT SIZE="-1">
Questions about the weather data provided by this site can be
addressed to <A HREF="mailto:ldoolman@uwyo.edu">
Larry Oolman (ldoolman@uwyo.edu)</A></FONT>
<HR SIZE="1">
<SCRIPT TYPE="text/javascript">
<!--
window.focus();
// -->
</SCRIPT>
</BODY>
</HTML>
