2015-12-30 12
<HTML>
<TITLE>University of Wyoming - Radiosonde Data</TITLE>
<BODY BGCOLOR="white">
<H2>96749 WIII Jakarta Observations at 00Z 30 Dec 2015</H2>
<PRE>
-----------------------------------------------------------------------------
   PRES   HGHT   TEMP   DWPT   RELH   MIXR   DRCT   SKNT   THTA   THTE   THTV
    hPa     m      C      C      %    g/kg    deg   knot     K      K      K 
-----------------------------------------------------------------------------
 1011.0      8   25.0   24.5     97  19.59      0      0  297.2  354.2  300.7
 1000.0    105   25.0   23.4     91  18.51    325      4  298.1  352.1  301.4
  978.0    300   24.1   22.7     92  18.18    325     10  299.1  352.4  302.4
  945.0    601   22.7   21.7     94  17.67    255      6  300.6  352.7  303.8
  925.0    788   21.8   21.1     96  17.36    235      8  301.6  352.9  304.7
  913.0    901   21.2   20.4     95  16.85    225     10  302.1  352.0  305.1
  882.0   1201   19.6   18.6     94  15.56    250      8  303.4  349.8  306.2
  852.0   1501   17.9   16.8     93  14.35    255      8  304.7  347.7  307.3
  850.0   1521   17.8   16.7     93  14.28    255      8  304.8  347.6  307.4
  823.0   1797   16.8   14.5     86  12.76    235      6  306.5  345.1  308.9
  794.0   2103   15.7   12.0     79  11.24    250      6  308.5  342.9  310.6
  773.0   2331   14.8   10.2     74  10.21    246      4  309.9  341.4  311.8
  767.0   2397   14.4    9.9     74  10.05    245      4  310.2  341.2  312.1
  740.0   2699   12.5    8.3     75   9.37    200      4  311.4  340.5  313.1
  714.0   3000   10.7    6.8     77   8.73    245      2  312.5  339.8  314.1
  713.0   3011   10.6    6.7     77   8.71    245      2  312.5  339.8  314.2
  700.0   3165   11.0   -1.0     43   5.11    245      4  314.6  331.1  315.6
  677.0   3443    9.2    0.2     53   5.77    242      5  315.6  334.2  316.7
  637.0   3945    7.0  -20.0     13   1.23    237      7  318.7  323.0  318.9
  624.0   4114    6.0  -11.0     28   2.66    236      8  319.4  328.4  319.9
  618.0   4192    5.5  -12.4     26   2.40    235      8  319.7  327.9  320.2
  597.0   4474    3.6  -17.4     20   1.64    242      9  320.7  326.5  321.0
  576.0   4763    1.6  -10.4     41   3.02    249     10  321.6  331.9  322.2
  574.0   4791    2.0  -21.0     16   1.26    250     10  322.4  326.9  322.7
  573.0   4805    1.9  -21.0     16   1.26    250     10  322.4  326.9  322.7
  566.0   4904    0.8  -21.2     18   1.25    260     11  322.3  326.8  322.6
  559.0   5003    0.0   -5.0     69   4.74    270     11  322.5  338.4  323.4
  552.0   5104   -0.5   -3.2     82   5.51    280     12  323.1  341.4  324.2
  546.0   5192   -0.9   -1.6     95   6.27    281     12  323.6  344.4  324.9
  537.0   5324   -1.1   -2.2     92   6.10    284     12  324.9  345.2  326.1
  513.0   5688   -3.7   -3.7    100   5.71    290     12  326.1  345.2  327.2
  512.0   5703   -3.8   -4.4     96   5.44    290     12  326.1  344.4  327.2
  502.0   5859   -5.1  -11.1     63   3.28    273      9  326.4  337.7  327.0
  500.0   5890   -4.5  -12.5     54   2.94    270      8  327.5  337.7  328.1
  488.0   6082   -3.9  -31.9      9   0.54    239      7  330.5  332.6  330.6
  475.0   6296   -4.7  -25.7     18   1.00    205      6  332.1  335.8  332.3
  457.0   6600   -6.9  -23.9     24   1.22    245      6  333.0  337.6  333.3
  440.0   6893   -8.9  -30.2     16   0.71    165      6  334.1  336.8  334.2
  406.0   7515  -13.3  -43.6      6   0.20    150     12  336.2  337.0  336.2
  400.0   7630  -14.1  -46.1      5   0.15    150     12  336.6  337.2  336.6
  382.0   7978  -15.9  -48.9      4   0.12    147     14  338.7  339.2  338.7
  333.0   8992  -23.8  -40.8     19   0.33    140     21  341.4  342.7  341.4
  319.0   9309  -26.3  -38.3     31   0.44    132     19  342.1  343.9  342.2
  304.0   9655  -28.7  -39.7     34   0.40    123     17  343.5  345.2  343.6
  300.0   9750  -29.3  -38.3     41   0.47    120     16  344.0  345.9  344.1
  293.0   9914  -30.6  -38.9     44   0.45    115     12  344.4  346.3  344.5
  281.0  10206  -33.0  -39.8     50   0.43     55     10  345.2  347.0  345.3
  250.0  11020  -39.5  -42.6     72   0.36     10     10  347.2  348.7  347.3
  247.0  11103  -40.1  -43.0     74   0.35     10     10  347.5  349.0  347.6
  226.0  11695  -45.0                          50     10  349.0         349.0
  206.0  12313  -50.1                          50     10  350.3         350.3
  200.0  12510  -51.7                          60     12  350.7         350.7
  188.0  12897  -55.1                          75      8  351.6         351.6
  171.0  13490  -60.2                          85     12  352.7         352.7
  155.0  14105  -65.5                         115     14  353.7         353.7
  150.0  14310  -67.3                          90     14  354.0         354.0
  148.0  14390  -67.9                          80     14  354.4         354.4
  135.0  14940  -71.7                          63     27  357.0         357.0
  133.0  15025  -72.3                          60     29  357.4         357.4
  127.0  15290  -74.2                          60     29  358.8         358.8
  109.0  16167  -80.4                         100     14  363.1         363.1
  103.0  16492  -82.7                         130     14  364.6         364.6
  101.0  16605  -83.5                         135     16  365.1         365.1
  100.0  16660  -83.5                         130     17  366.2         366.2
   97.0  16828  -83.7                         125     19  369.0         369.0
   92.0  17120  -84.0                          85     19  374.0         374.0
   84.4  17596  -84.5                          81     10  382.3         382.3
   83.0  17691  -83.7                          80      8  385.7         385.7
   78.0  18041  -80.9                         120     10  398.5         398.5
   74.0  18337  -78.5                         105      2  409.7         409.7
   71.0  18570  -76.5                         285     14  418.6         418.6
   70.0  18650  -75.9                         285     14  421.7         421.7
   65.2  19064  -73.1                         281     18  436.4         436.4
   58.0  19754  -72.0                         275     25  453.9         453.9
   50.0  20630  -70.5                         225     10  476.9         476.9
   49.0  20750  -70.2                         215      6  480.5         480.5
   47.0  20999  -69.5                         140      4  488.0         488.0
   45.5  21192  -68.9                         110      4  493.8         493.8
   45.0  21259  -68.4                         100      4  496.6         496.6
   41.0  21829  -64.4                         355     14  520.0         520.0
   37.0  22457  -60.0                         290      2  546.8         546.8
   36.6  22524  -59.5                         277      2  549.7         549.7
   35.0  22804  -59.3                         225      2  557.2         557.2
   32.0  23365  -59.0                         245     16  572.7         572.7
   30.0  23770  -58.7                         245     12  584.0         584.0
   28.0  24206  -58.3                         180     10  596.8         596.8
   26.0  24674  -57.9                         115     14  610.8         610.8
   25.0  24921  -57.6                         180      6  618.4         618.4
   23.0  25448  -57.1                         215     19  634.7         634.7
   21.0  26022  -56.6                         245     16  653.0         653.0
   20.0  26330  -56.3                         240     16  663.1         663.1
   18.0  27001  -55.0                         165      8  687.3         687.3
   17.5  27181  -54.7                         140     11  694.0         694.0
   17.0  27368  -54.1                         115     14  701.6         701.6
   16.0  27759  -52.9                          90     17  717.8         717.8
   14.2  28530  -50.5                         121     17  750.8         750.8
   14.0                                       125     17                     
</PRE><H3>Station information and sounding indices</H3><PRE>
                         Station identifier: WIII
                             Station number: 96749
                           Observation time: 151230/0000
                           Station latitude: -6.11
                          Station longitude: 106.65
                          Station elevation: 8.0
                            Showalter index: -0.57
                               Lifted index: -2.30
    LIFT computed using virtual temperature: -2.90
                                SWEAT index: 224.41
                                    K index: 27.00
                         Cross totals index: 21.20
                      Vertical totals index: 22.30
                        Totals totals index: 43.50
      Convective Available Potential Energy: 612.62
             CAPE using virtual temperature: 815.83
                      Convective Inhibition: -10.96
             CINS using virtual temperature: -9.56
                           Equilibrum Level: 181.25
 Equilibrum Level using virtual temperature: 180.97
                   Level of Free Convection: 879.74
             LFCT using virtual temperature: 889.65
                     Bulk Richardson Number: 113.77
          Bulk Richardson Number using CAPV: 151.51
  Temp [K] of the Lifted Condensation Level: 295.81
Pres [hPa] of the Lifted Condensation Level: 964.75
   Equivalent potential temp [K] of the LCL: 352.48
     Mean mixed layer potential temperature: 298.87
              Mean mixed layer mixing ratio: 18.34
              1000 hPa to 500 hPa thickness: 5785.00
Precipitable water [mm] for entire sounding: 53.27
</PRE>
<P>Description of the 
<A HREF="/upperair/columns.html">data columns</A>
or <A HREF="/upperair/indices.html">sounding indices</A>.

<P>
<FORM>
<INPUT CLASS="button" TYPE="button" VALUE=" Close this window " 
 onClick="window.close();">
<INPUT CLASS="button" TYPE="button" VALUE=" Select another map " 
 onClick="window.blur();">
</FORM>
<HR SIZE="1">
<I>Interested in graduate studies in atmospheric science?
Check out our program at the
<a href="http://www.uwyo.edu/atsc/howtoapply/"
target=_top>University of Wyoming
</a></I>
<HR SIZE="1"><FONT SIZE="-1">
Questions about the weather data provided by this site can be
addressed to <A HREF="mailto:ldoolman@uwyo.edu">
Larry Oolman (ldoolman@uwyo.edu)</A></FONT>
<HR SIZE="1">
<SCRIPT TYPE="text/javascript">
<!--
window.focus();
// -->
</SCRIPT>
</BODY>
</HTML>
