2013-11-08 00
<HTML>
<TITLE>University of Wyoming - Radiosonde Data</TITLE>
<BODY BGCOLOR="white">
<H2>96749 WIII Jakarta Observations at 00Z 08 Nov 2013</H2>
<PRE>
-----------------------------------------------------------------------------
   PRES   HGHT   TEMP   DWPT   RELH   MIXR   DRCT   SKNT   THTA   THTE   THTV
    hPa     m      C      C      %    g/kg    deg   knot     K      K      K 
-----------------------------------------------------------------------------
 1007.0      8   26.0   23.9     88  18.96    170      4  298.6  354.0  301.9
 1000.0     73   26.8   20.8     70  15.73    160      4  299.9  346.2  302.8
  989.0    171   27.0   21.0     70  16.11    143      4  301.1  348.7  304.0
  975.0    297   26.1   20.7     72  16.00    120      4  301.5  348.8  304.4
  942.0    600   24.1   19.8     77  15.73     30      8  302.4  349.1  305.2
  925.0    761   23.0   19.4     80  15.58     55      6  302.8  349.2  305.6
  910.0    903   22.1   18.7     81  15.19     75      6  303.3  348.6  306.0
  850.0   1495   18.2   16.0     87  13.64     65      6  305.2  346.2  307.7
  849.0   1505   18.1   15.9     87  13.60     65      6  305.2  346.1  307.7
  792.0   2092   14.7   12.3     86  11.45     60      8  307.6  342.5  309.8
  711.0   3003    9.2    6.6     83   8.65     75     10  311.3  338.2  312.9
  702.0   3110    8.6    5.9     83   8.36     67     10  311.7  337.8  313.3
  700.0   3134    8.6    5.5     81   8.16     65     10  312.0  337.5  313.5
  670.0   3495    7.0    1.0     66   6.18     38     12  314.1  333.8  315.3
  661.0   3606    6.4    0.8     67   6.16     30     12  314.7  334.4  315.8
  640.0   3871    5.0    0.2     71   6.10     37     13  316.0  335.6  317.1
  614.0   4207    3.5   -2.2     66   5.35     45     14  318.1  335.5  319.1
  578.0   4697    1.4   -5.6     60   4.38     31     12  321.1  335.7  321.9
  559.0   4965    0.0   -7.0     59   4.07     23     10  322.5  336.2  323.3
  529.0   5403   -2.4   -8.9     61   3.70     10      8  324.8  337.3  325.5
  500.0   5850   -4.9  -10.9     63   3.35     25      8  327.0  338.6  327.7
  472.0   6302   -7.8  -12.9     67   3.01     35      4  328.8  339.3  329.4
  462.0   6470   -8.9  -13.7     68   2.89     29      7  329.5  339.6  330.1
  454.0   6605   -9.6  -14.7     66   2.70     25     10  330.3  339.8  330.9
  437.0   6899  -11.0  -17.0     61   2.32     30     10  332.1  340.4  332.6
  420.0   7204  -12.5  -19.4     56   1.97     10     10  334.0  341.2  334.4
  400.0   7580  -14.3  -22.3     51   1.61     10     12  336.3  342.3  336.6
  373.0   8103  -17.6  -26.1     48   1.23     10      6  338.7  343.3  338.9
  358.0   8410  -19.6  -28.3     46   1.04     25      6  340.0  344.1  340.3
  344.0   8708  -21.5  -30.5     44   0.88     10      4  341.4  344.8  341.5
  330.0   9009  -24.1  -32.1     47   0.79    310      4  341.9  345.0  342.1
  304.0   9604  -29.1  -35.4     55   0.62    340      6  343.0  345.5  343.1
  300.0   9700  -29.9  -35.9     56   0.60    325      4  343.1  345.5  343.2
  291.0   9912  -31.7  -37.5     56   0.52    305      2  343.5  345.6  343.6
  279.0  10206  -34.2  -39.8     57   0.43    210      2  344.1  345.8  344.1
  256.0  10806  -39.4  -44.5     58   0.29    185      4  345.0  346.2  345.1
  253.0  10889  -40.1  -45.1     59   0.27    170      3  345.1  346.3  345.2
  250.0  10970  -40.7                         155      2  345.4         345.4
  245.0  11103  -41.9                         130      2  345.7         345.7
  234.0  11406  -44.5                          20      4  346.3         346.3
  214.0  11994  -49.6                          55      6  347.2         347.2
  204.0  12310  -52.4                          25     10  347.7         347.7
  200.0  12440  -53.5                          25     10  347.9         347.9
  177.0  13200  -60.3                          30     17  349.1         349.1
  150.0  14230  -69.5                          40     29  350.2         350.2
  131.0  15010  -75.2                          55     37  353.7         353.7
  125.0  15279  -77.2                          60     37  354.9         354.9
  112.0  15912  -81.9                          60     27  357.5         357.5
  108.0  16114  -82.1                          83     22  360.8         360.8
  101.0  16485  -84.4                         125     12  363.4         363.4
  100.0  16540  -84.7                         130     12  363.8         363.8
   95.0  16822  -86.2                         175     14  366.2         366.2
   92.3  16980  -87.1                         150     16  367.5         367.5
   87.8  17253  -85.5                         111     17  376.0         376.0
   86.0  17371  -82.5                          95     17  384.4         384.4
   81.0  17712  -73.6                          55      2  409.1         409.1
   80.6  17740  -72.9                          47      3  411.2         411.2
   77.0  18011  -69.7                         335     12  423.3         423.3
   75.5  18128  -68.3                         324     13  428.6         428.6
   73.0  18329  -69.1                         305     16  431.0         431.0
   70.0  18580  -70.1                         225      8  434.1         434.1
   66.0  18930  -70.0                         140      4  441.6         441.6
   63.0  19206  -70.0                         335     14  447.7         447.7
   61.0  19398  -69.9                         305     20  451.9         451.9
   60.0  19498  -69.3                         290     23  455.4         455.4
   51.6  20408  -64.1                         261     30  487.6         487.6
   50.0  20600  -65.5                         255     31  488.7         488.7
   48.0  20848  -67.3                         248     24  490.2         490.2
   47.0  20975  -67.2                         245     21  493.2         493.2
   45.0  21238  -67.1                         260     21  499.7         499.7
   41.2  21772  -66.9                         265     19  513.0         513.0
   35.0  22774  -62.7                         275     16  548.4         548.4
   32.6  23211  -60.9                         279     13  564.5         564.5
   32.0  23327  -60.6                         280     12  568.2         568.2
   30.0  23730  -59.7                         265     10  581.3         581.3
   26.0  24635  -56.2                         235      8  615.5         615.5
   25.0  24883  -55.2                         260      6  625.2         625.2
   24.0  25141  -54.2                           0     14  635.5         635.5
   23.3  25328  -53.5                         347     17  643.0         643.0
   23.0  25412  -49.1                         341     18  658.3         658.3
   21.2  25947  -47.7                         304     26  678.0         678.0
   21.0  26009  -47.9                         300     27  679.4         679.4
   20.0  26330  -48.7                         300     27  686.3         686.3
   16.0  27781  -50.7                         285     27  724.9         724.9
   15.0  28201  -51.3                         255     23  736.4         736.4
   14.0  28650  -52.0                         220     12  748.9         748.9
   13.2  29033  -52.5                         117     22  759.8         759.8
   13.0  29133  -51.3                          90     25  767.2         767.2
   12.0  29661  -45.1                          20     35  806.9         806.9
   11.6  29885  -42.5                          27     31  824.1         824.1
   10.0  30880  -44.9                          55     14  850.8         850.8
    9.0  31580  -46.6                          75     31  870.4         870.4
    8.6  31882  -47.3                          79     36  879.0         879.0
    8.0  32368  -39.9                          85     43  926.7         926.7
    7.0  33287  -36.5                                     976.8         976.8
</PRE><H3>Station information and sounding indices</H3><PRE>
                         Station identifier: WIII
                             Station number: 96749
                           Observation time: 131108/0000
                           Station latitude: -6.11
                          Station longitude: 106.65
                          Station elevation: 8.0
                            Showalter index: -0.45
                               Lifted index: -1.35
    LIFT computed using virtual temperature: -1.77
                                SWEAT index: 212.01
                                    K index: 36.00
                         Cross totals index: 20.90
                      Vertical totals index: 23.10
                        Totals totals index: 44.00
      Convective Available Potential Energy: 341.17
             CAPE using virtual temperature: 452.57
                      Convective Inhibition: -61.15
             CINS using virtual temperature: -52.15
                           Equilibrum Level: 197.19
 Equilibrum Level using virtual temperature: 196.89
                   Level of Free Convection: 795.05
             LFCT using virtual temperature: 812.36
                     Bulk Richardson Number: 51.35
          Bulk Richardson Number using CAPV: 68.12
  Temp [K] of the Lifted Condensation Level: 292.74
Pres [hPa] of the Lifted Condensation Level: 906.47
   Equivalent potential temp [K] of the LCL: 348.58
     Mean mixed layer potential temperature: 301.08
              Mean mixed layer mixing ratio: 16.13
              1000 hPa to 500 hPa thickness: 5777.00
Precipitable water [mm] for entire sounding: 55.48
</PRE>
<P>Description of the 
<A HREF="/upperair/columns.html">data columns</A>
or <A HREF="/upperair/indices.html">sounding indices</A>.

<P>
<FORM>
<INPUT CLASS="button" TYPE="button" VALUE=" Close this window " 
 onClick="window.close();">
<INPUT CLASS="button" TYPE="button" VALUE=" Select another map " 
 onClick="window.blur();">
</FORM>
<HR SIZE="1">
<I>Interested in graduate studies in atmospheric science?
Check out our program at the
<a href="http://www.uwyo.edu/atsc/howtoapply/"
target=_top>University of Wyoming
</a></I>
<HR SIZE="1"><FONT SIZE="-1">
Questions about the weather data provided by this site can be
addressed to <A HREF="mailto:ldoolman@uwyo.edu">
Larry Oolman (ldoolman@uwyo.edu)</A></FONT>
<HR SIZE="1">
<SCRIPT TYPE="text/javascript">
<!--
window.focus();
// -->
</SCRIPT>
</BODY>
</HTML>
