2013-06-23 12
<HTML>
<TITLE>University of Wyoming - Radiosonde Data</TITLE>
<BODY BGCOLOR="white">
<H2>96749 WIII Jakarta Observations at 00Z 23 Jun 2013</H2>
<PRE>
-----------------------------------------------------------------------------
   PRES   HGHT   TEMP   DWPT   RELH   MIXR   DRCT   SKNT   THTA   THTE   THTV
    hPa     m      C      C      %    g/kg    deg   knot     K      K      K 
-----------------------------------------------------------------------------
 1008.0      8   27.6   24.7     84  19.90    120      4  300.1  358.7  303.6
 1000.0     79   26.2   22.5     80  17.50    115      6  299.4  350.7  302.5
  975.0    302   25.0   21.3     80  16.65     95     12  300.3  349.3  303.3
  943.0    595   23.3   19.7     80  15.59    110      8  301.5  347.6  304.3
  925.0    765   22.4   18.8     80  15.00     95      4  302.2  346.7  304.9
  911.0    898   21.8   18.1     80  14.57      0      0  302.9  346.3  305.6
  893.0   1072   21.0   17.2     79  14.02    337      5  303.8  345.7  306.4
  880.0   1199   20.3   16.1     77  13.28    320      8  304.4  344.2  306.8
  850.0   1499   18.6   13.6     73  11.65    305     14  305.6  340.8  307.8
  821.0   1793   16.9   11.9     72  10.78    290     16  306.9  339.7  308.9
  793.0   2086   15.2   10.2     72   9.97    290      8  308.1  338.7  310.0
  713.0   2985   10.1    5.1     71   7.77    285     14  312.0  336.4  313.4
  703.0   3104    9.4    4.4     71   7.51    297     12  312.5  336.1  313.9
  700.0   3140    9.0    4.6     74   7.65    300     12  312.4  336.5  313.9
  695.0   3199    8.6    5.3     80   8.10    306     11  312.6  338.0  314.1
  687.0   3296   10.2   -5.8     32   3.63    315     10  315.4  327.4  316.1
  666.0   3553    8.0   -1.0     53   5.37    319      9  315.8  333.1  316.8
  663.0   3590    8.4  -11.6     23   2.39    320      9  316.6  324.7  317.1
  649.0   3766    7.6  -20.4     12   1.17    323      8  317.7  321.8  317.9
  639.0   3894    7.0   -3.0     49   4.82    325      8  318.4  334.2  319.3
  632.0   3985    6.4   -3.6     49   4.66    316      7  318.7  334.1  319.6
  629.0   4024    6.8  -10.2     29   2.81    312      6  319.6  329.1  320.1
  626.0   4063    6.4   -4.6     45   4.36    308      6  319.6  334.0  320.4
  624.0   4089    6.6  -10.4     29   2.79    306      5  320.1  329.6  320.6
  618.0   4169    6.2  -14.8     21   1.97    298      4  320.5  327.4  320.9
  616.0   4195    6.0  -12.6     25   2.38    295      4  320.5  328.7  321.0
  610.0   4275    5.2   -5.8     45   4.09    303      5  320.6  334.2  321.4
  607.0   4315    5.6  -15.4     20   1.91    307      5  321.5  328.1  321.9
  583.0   4644    3.0   -7.0     48   3.90    341      9  322.2  335.3  322.9
  573.0   4783    2.0   -8.4     46   3.57    355     10  322.6  334.7  323.3
  554.0   5055    0.0  -11.0     43   3.00    350      8  323.4  333.6  323.9
  552.0   5084   -0.1  -12.1     40   2.76    350      8  323.5  333.0  324.1
  535.0   5334   -1.3  -21.3     20   1.31    298      8  325.0  329.8  325.3
  531.0   5394   -1.7  -20.9     22   1.37    285      8  325.3  330.2  325.5
  512.0   5682   -3.6  -19.1     29   1.66    260      8  326.3  332.3  326.6
  500.0   5870   -4.9  -17.9     35   1.88    260     10  327.0  333.7  327.4
  474.0   6282   -8.3  -18.6     43   1.87    265     12  327.8  334.4  328.1
  438.0   6891  -13.4  -19.7     59   1.85    315      8  328.8  335.4  329.2
  424.0   7141  -15.5  -20.1     68   1.84     17     13  329.2  335.8  329.6
  421.0   7195  -15.7  -20.4     67   1.80     30     14  329.7  336.1  330.0
  400.0   7580  -16.9  -22.9     60   1.52     50     25  332.9  338.5  333.2
  369.0   8180  -20.5  -34.5     27   0.56     72     25  335.9  338.1  336.0
  359.0   8381  -21.6  -36.0     26   0.50     80     25  337.0  339.0  337.1
  337.0   8844  -24.3  -39.3     24   0.38    111     19  339.6  341.1  339.6
  317.0   9285  -27.3  -43.6     20   0.25    140     14  341.3  342.4  341.4
  307.0   9516  -28.9  -45.9     18   0.20    125     13  342.3  343.1  342.3
  300.0   9680  -30.3  -46.3     19   0.20    115     12  342.6  343.4  342.6
  292.0   9869  -32.1  -47.0     21   0.19    100     14  342.6  343.4  342.6
  260.0  10682  -40.1  -50.1     33   0.15     85     24  342.4  343.1  342.5
  250.0  10950  -42.3                          80     27  343.0         343.0
  224.0  11673  -47.7                          55     43  345.7         345.7
  200.0  12420  -53.3                          40     64  348.2         348.2
  195.0  12578  -54.5                          40     68  348.8         348.8
  186.0  12874  -56.7                          40     68  349.9         349.9
  150.0  14220  -66.9                          60     35  354.6         354.6
  139.0  14664  -70.4                          70     23  356.3         356.3
  125.0  15283  -75.3                         115     21  358.5         358.5
  112.0  15924  -80.3                          94     29  360.5         360.5
  102.0  16449  -81.7                          77     36  367.6         367.6
  101.0  16504  -81.9                          75     37  368.2         368.2
  100.0  16560  -82.1                          70     35  368.9         368.9
   98.5  16644  -82.3                          65     35  370.1         370.1
   96.0  16789  -81.9                          65     31  373.6         373.6
   91.0  17089  -81.0                          70     27  381.1         381.1
   88.0  17277  -80.5                          99     23  385.8         385.8
   82.6  17641  -73.1                         154     15  407.9         407.9
   82.0  17684  -73.1                         160     14  408.8         408.8
   78.0  17977  -73.2                         175     19  414.5         414.5
   70.0  18610  -73.3                         120     14  427.2         427.2
   67.0  18867  -72.0                         110     14  435.4         435.4
   66.3  18928  -71.7                          95     12  437.4         437.4
   63.0  19232  -67.9                          20      4  452.3         452.3
   62.7  19261  -67.5                          17      4  453.7         453.7
   57.0  19837  -66.3                         310      8  468.9         468.9
   55.0  20053  -65.9                         330     14  474.7         474.7
   50.0  20630  -64.7                         325     10  490.6         490.6
   49.8  20654  -64.7                         322     11  491.2         491.2
   48.7  20792  -60.7                         308     15  503.8         503.8
   45.0  21284  -60.5                         255     31  515.8         515.8
   43.0  21567  -60.4                         250     25  522.8         522.8
   38.1  22319  -60.1                         286     36  541.9         541.9
   37.0  22504  -58.6                         295     39  550.4         550.4
   35.4  22782  -56.3                         282     38  563.3         563.3
   34.0  23037  -56.5                         270     37  569.4         569.4
   31.0  23622  -56.8                         280     47  583.8         583.8
   30.0  23830  -56.9                         270     45  588.9         588.9
   28.9  24067  -57.1                         259     43  594.7         594.7
   28.0  24271  -56.3                         250     41  602.3         602.3
   25.0  24999  -53.5                         250     39  630.1         630.1
   23.4  25425  -51.9                         266     39  646.9         646.9
   22.0  25827  -51.2                         280     39  660.5         660.5
   20.0  26450  -50.1                         280     47  682.1         682.1
   18.0  27143  -49.5                         275     54  704.9         704.9
   15.0  28343  -48.4                         295     47  746.1         746.1
   12.0  29811  -47.1                         285     45  799.9         799.9
   11.6  30034  -46.9                         275     46  808.4         808.4
   11.0  30390  -44.8                         260     47  828.5         828.5
   10.0  31030  -40.9                         265     51  865.7         865.7
    9.6  31308  -40.1                         267     49  878.9         878.9
    8.0  32541  -42.8                         275     41  915.3         915.3
    7.2  33253  -44.3                                     937.0         937.0
</PRE><H3>Station information and sounding indices</H3><PRE>
                         Station identifier: WIII
                             Station number: 96749
                           Observation time: 130623/0000
                           Station latitude: -6.11
                          Station longitude: 106.65
                          Station elevation: 8.0
                            Showalter index: 1.67
                               Lifted index: -1.85
    LIFT computed using virtual temperature: -2.54
                                SWEAT index: 201.21
                                    K index: 32.70
                         Cross totals index: 18.50
                      Vertical totals index: 23.50
                        Totals totals index: 42.00
      Convective Available Potential Energy: 815.44
             CAPE using virtual temperature: 987.66
                      Convective Inhibition: -59.37
             CINS using virtual temperature: -37.16
                           Equilibrum Level: 189.41
 Equilibrum Level using virtual temperature: 189.39
                   Level of Free Convection: 784.37
             LFCT using virtual temperature: 827.04
                     Bulk Richardson Number: 29.41
          Bulk Richardson Number using CAPV: 35.62
  Temp [K] of the Lifted Condensation Level: 293.96
Pres [hPa] of the Lifted Condensation Level: 929.65
   Equivalent potential temp [K] of the LCL: 349.99
     Mean mixed layer potential temperature: 300.16
              Mean mixed layer mixing ratio: 16.99
              1000 hPa to 500 hPa thickness: 5791.00
Precipitable water [mm] for entire sounding: 47.68
</PRE>
<P>Description of the 
<A HREF="/upperair/columns.html">data columns</A>
or <A HREF="/upperair/indices.html">sounding indices</A>.

<P>
<FORM>
<INPUT CLASS="button" TYPE="button" VALUE=" Close this window " 
 onClick="window.close();">
<INPUT CLASS="button" TYPE="button" VALUE=" Select another map " 
 onClick="window.blur();">
</FORM>
<HR SIZE="1">
<I>Interested in graduate studies in atmospheric science?
Check out our program at the
<a href="http://www.uwyo.edu/atsc/howtoapply/"
target=_top>University of Wyoming
</a></I>
<HR SIZE="1"><FONT SIZE="-1">
Questions about the weather data provided by this site can be
addressed to <A HREF="mailto:ldoolman@uwyo.edu">
Larry Oolman (ldoolman@uwyo.edu)</A></FONT>
<HR SIZE="1">
<SCRIPT TYPE="text/javascript">
<!--
window.focus();
// -->
</SCRIPT>
</BODY>
</HTML>
