2015-02-05 12
<HTML>
<TITLE>University of Wyoming - Radiosonde Data</TITLE>
<BODY BGCOLOR="white">
<H2>96749 WIII Jakarta Observations at 00Z 05 Feb 2015</H2>
<PRE>
-----------------------------------------------------------------------------
   PRES   HGHT   TEMP   DWPT   RELH   MIXR   DRCT   SKNT   THTA   THTE   THTV
    hPa     m      C      C      %    g/kg    deg   knot     K      K      K 
-----------------------------------------------------------------------------
 1011.0      8   24.8   22.9     89  17.74    180      2  297.0  348.5  300.2
 1000.0    110   25.4   22.7     85  17.72    205      2  298.6  350.3  301.7
  979.0    297   24.8   21.2     80  16.48    245      4  299.8  348.2  302.7
  964.0    433   24.4   20.1     77  15.62    268      7  300.7  346.7  303.5
  946.0    598   23.1   19.4     80  15.24    295     10  301.0  346.0  303.8
  925.0    795   21.6   18.6     83  14.80    300     12  301.4  345.2  304.1
  914.0    898   20.9   18.1     84  14.54    305     14  301.7  344.7  304.3
  850.0   1523   16.4   15.3     93  13.03    315     10  303.3  342.2  305.7
  823.0   1798   15.0   14.5     97  12.75    305      6  304.6  342.9  307.0
  808.0   1955   14.2   14.0     99  12.59    313      5  305.4  343.3  307.7
  794.0   2101   13.4   13.2     98  12.13    320      4  306.1  342.8  308.3
  767.0   2391   11.9   11.5     98  11.26    350      2  307.5  341.7  309.6
  740.0   2691   10.3    9.8     97  10.41     95      4  308.9  340.8  310.8
  714.0   2991    8.7    8.1     96   9.61     85      6  310.3  340.0  312.1
  700.0   3157    7.8    7.2     96   9.18    105      4  311.1  339.6  312.8
  663.0   3603    6.3    4.6     89   8.07    170      2  314.2  339.7  315.8
  638.0   3919    5.2    2.7     84   7.34    194      4  316.5  339.9  317.9
  617.0   4191    3.4    1.3     86   6.88    215      6  317.5  339.6  318.8
  594.0   4498    1.4   -0.2     89   6.39    195      6  318.6  339.4  319.9
  578.0   4719    0.0   -1.3     91   6.06    162      6  319.5  339.2  320.6
  572.0   4802   -0.4   -2.1     88   5.76    150      6  320.0  338.9  321.1
  519.0   5576   -3.7   -9.7     63   3.55    137      9  325.0  337.1  325.7
  511.0   5699   -4.4  -12.0     55   2.99    135     10  325.6  335.9  326.2
  500.0   5870   -5.3  -15.3     45   2.34    140     10  326.5  334.7  327.0
  492.0   5995   -6.1  -16.9     42   2.08    145     10  327.0  334.4  327.4
  474.0   6282   -8.0  -20.6     36   1.58    130      8  328.2  333.9  328.5
  433.0   6981  -12.5  -29.5     23   0.77    130     14  331.1  334.0  331.2
  422.0   7177  -14.3  -25.3     39   1.17    130     16  331.2  335.5  331.4
  411.0   7376  -15.1  -29.1     29   0.84    130     18  332.7  335.9  332.9
  409.0   7413  -15.5  -23.5     50   1.41    130     18  332.6  337.9  332.9
  405.0   7487  -15.8  -26.1     41   1.13    130     19  333.1  337.4  333.3
  400.0   7580  -16.3  -29.3     32   0.85    125     19  333.7  337.0  333.9
  380.0   7965  -18.9  -33.9     25   0.58    122     20  335.2  337.5  335.3
  374.0   8083  -19.7  -29.7     41   0.88    120     21  335.7  339.0  335.9
  363.0   8305  -20.9  -42.9     12   0.24    118     22  337.0  337.9  337.0
  345.0   8678  -23.3  -41.1     18   0.30    115     23  338.7  339.9  338.7
  329.0   9026  -25.5  -39.5     26   0.38    115     22  340.2  341.8  340.3
  311.0   9433  -28.5  -39.5     34   0.40    115     20  341.6  343.2  341.6
  304.0   9595  -29.9  -42.8     27   0.29    115     19  341.8  343.0  341.9
  300.0   9690  -30.7  -44.7     24   0.24    110     17  342.0  343.0  342.0
  268.0  10472  -37.5  -49.4     28   0.16     95     12  343.2  343.9  343.2
  257.0  10763  -40.1  -51.1     30   0.14     95     15  343.6  344.2  343.6
  250.0  10950  -41.7                          95     17  343.9         343.9
  200.0  12420  -54.5                         100     21  346.3         346.3
  150.0  14200  -70.1                         100     21  349.1         349.1
  138.0  14691  -73.4                         105     19  351.7         351.7
  137.0  14734  -73.7                         108     19  351.9         351.9
  131.0  14997  -72.3                         123     17  359.0         359.0
  125.0  15267  -73.9                         140     16  360.9         360.9
  112.0  15901  -77.8                          65     12  365.2         365.2
  107.0  16165  -79.4                          85     10  367.0         367.0
  106.0  16219  -79.7                          61      9  367.3         367.3
  101.0  16493  -78.7                         295      6  374.4         374.4
  100.0  16550  -79.1                         290      8  374.6         374.6
   96.0  16778  -79.8                         265     17  377.6         377.6
   91.0  17077  -80.8                         270     12  381.5         381.5
   86.0  17393  -81.8                         330     10  385.6         385.6
   77.0  18011  -83.8                         300      8  393.9         393.9
   74.2  18218  -84.5                          58      4  396.6         396.6
   73.0  18308  -84.0                         110      2  399.4         399.4
   70.0  18540  -82.9                         100      8  406.7         406.7
   66.1  18859  -82.9                          98     15  413.4         413.4
   62.0  19228  -75.3                          95     23  437.8         437.8
   58.8  19534  -69.1                          66     19  458.5         458.5
   56.0  19822  -70.5                          40     16  461.6         461.6
   54.0  20036  -71.6                          50     14  464.0         464.0
   51.0  20373  -73.3                          85     21  467.7         467.7
   50.0  20490  -73.9                          85     23  468.9         468.9
   45.6  21033  -70.7                          94     34  489.2         489.2
   42.1  21506  -72.1                         102     44  497.0         497.0
   41.0  21669  -70.6                         105     47  504.5         504.5
   32.0  23193  -56.7                          95     66  578.6         578.6
   31.2  23348  -55.3                          95     64  586.7         586.7
   30.0  23600  -53.9                          95     62  597.1         597.1
   27.2  24235  -49.9                          87     54  625.3         625.3
   25.0  24780  -51.4                          80     47  636.1         636.1
   20.7  26000  -54.9                          88     53  660.9         660.9
   20.0  26220  -54.7                          90     54  668.0         668.0
   18.0  26896  -54.2                          90     56  689.9         689.9
   15.0  28065  -53.4                         100     62  729.5         729.5
   14.7  28195  -53.3                         105     70  734.0         734.0
   14.6  28239  -53.3                                     735.5         735.5
</PRE><H3>Station information and sounding indices</H3><PRE>
                         Station identifier: WIII
                             Station number: 96749
                           Observation time: 150205/0000
                           Station latitude: -6.11
                          Station longitude: 106.65
                          Station elevation: 8.0
                            Showalter index: 0.71
                               Lifted index: -1.63
    LIFT computed using virtual temperature: -2.20
                                SWEAT index: 213.61
                                    K index: 36.40
                         Cross totals index: 20.60
                      Vertical totals index: 21.70
                        Totals totals index: 42.30
      Convective Available Potential Energy: 731.24
             CAPE using virtual temperature: 847.21
                      Convective Inhibition: -25.17
             CINS using virtual temperature: -18.84
                           Equilibrum Level: 171.42
 Equilibrum Level using virtual temperature: 167.62
                   Level of Free Convection: 877.34
             LFCT using virtual temperature: 887.35
                     Bulk Richardson Number: 1223.35
          Bulk Richardson Number using CAPV: 1417.37
  Temp [K] of the Lifted Condensation Level: 293.81
Pres [hPa] of the Lifted Condensation Level: 936.18
   Equivalent potential temp [K] of the LCL: 348.28
     Mean mixed layer potential temperature: 299.42
              Mean mixed layer mixing ratio: 16.71
              1000 hPa to 500 hPa thickness: 5760.00
Precipitable water [mm] for entire sounding: 56.90
</PRE>
<P>Description of the 
<A HREF="/upperair/columns.html">data columns</A>
or <A HREF="/upperair/indices.html">sounding indices</A>.

<P>
<FORM>
<INPUT CLASS="button" TYPE="button" VALUE=" Close this window " 
 onClick="window.close();">
<INPUT CLASS="button" TYPE="button" VALUE=" Select another map " 
 onClick="window.blur();">
</FORM>
<HR SIZE="1">
<I>Interested in graduate studies in atmospheric science?
Check out our program at the
<a href="http://www.uwyo.edu/atsc/howtoapply/"
target=_top>University of Wyoming
</a></I>
<HR SIZE="1"><FONT SIZE="-1">
Questions about the weather data provided by this site can be
addressed to <A HREF="mailto:ldoolman@uwyo.edu">
Larry Oolman (ldoolman@uwyo.edu)</A></FONT>
<HR SIZE="1">
<SCRIPT TYPE="text/javascript">
<!--
window.focus();
// -->
</SCRIPT>
</BODY>
</HTML>
