2013-08-24 12
<HTML>
<TITLE>University of Wyoming - Radiosonde Data</TITLE>
<BODY BGCOLOR="white">
<H2>96749 WIII Jakarta Observations at 00Z 24 Aug 2013</H2>
<PRE>
-----------------------------------------------------------------------------
   PRES   HGHT   TEMP   DWPT   RELH   MIXR   DRCT   SKNT   THTA   THTE   THTV
    hPa     m      C      C      %    g/kg    deg   knot     K      K      K 
-----------------------------------------------------------------------------
 1010.0      8   24.2   22.5     90  17.32    170      4  296.5  346.6  299.6
 1000.0     99   25.0   20.3     75  15.24    170      6  298.1  342.6  300.9
  994.0    152   25.6   20.6     74  15.62    171      7  299.3  345.1  302.1
  977.0    303   24.6   19.4     73  14.74    175      8  299.8  343.1  302.4
  945.0    595   22.8   17.1     70  13.14    120     12  300.8  339.6  303.1
  925.0    783   21.6   15.6     69  12.19    115     16  301.4  337.5  303.6
  913.0    896   20.9   14.6     67  11.57    115     17  301.8  336.2  303.9
  887.0   1146   19.4   12.4     64  10.30    109     19  302.8  333.6  304.6
  851.0   1501   17.0    7.0     52   7.44    100     23  303.8  326.4  305.2
  850.0   1511   16.8    7.8     55   7.87    100     23  303.7  327.6  305.2
  822.0   1796   14.7   10.7     77   9.92     85     21  304.4  334.3  306.2
  821.0   1806   14.6   10.8     78  10.00     84     21  304.4  334.6  306.3
  793.0   2099   13.8    6.3     61   7.62     65     23  306.6  330.0  308.0
  774.0   2304   13.2    3.2     51   6.26     71     22  308.1  327.6  309.3
  761.0   2447   13.4   -5.6     26   3.32     75     21  309.8  320.6  310.4
  700.0   3145   10.0   -7.0     30   3.25     95     16  313.5  324.2  314.1
  687.0   3301    9.0   -4.0     40   4.16    101     16  314.1  327.6  314.9
  661.0   3620    8.6  -14.4     18   1.91    114     15  317.1  323.7  317.5
  639.0   3897    6.4  -15.2     20   1.85    125     14  317.8  324.1  318.1
  616.0   4197    4.1  -16.0     22   1.79    120     14  318.4  324.6  318.7
  600.0   4412    2.4  -16.6     23   1.75     92     11  318.9  324.9  319.2
  571.0   4811    0.2  -24.2     14   0.95     40      6  320.9  324.3  321.0
  568.0   4853    0.0  -25.0     13   0.89     41      6  321.1  324.3  321.2
  510.0   5704   -6.6  -22.6     27   1.23     70      6  323.1  327.6  323.4
  504.0   5798   -7.3  -22.3     29   1.28     61      5  323.3  327.9  323.6
  500.0   5860   -7.7  -21.7     32   1.36     55      4  323.6  328.4  323.9
  472.0   6303  -11.4  -22.1     41   1.39     20      6  324.4  329.4  324.7
  458.0   6534  -13.3  -22.3     47   1.40     47     11  324.8  329.8  325.1
  454.0   6601  -13.0  -28.7     25   0.79     55     12  326.0  329.0  326.2
  448.0   6702  -12.5  -38.5      9   0.31     59     14  327.9  329.1  327.9
  400.0   7560  -15.9  -48.9      4   0.11     90     27  334.2  334.7  334.3
  372.0   8102  -19.1  -48.7      5   0.12    115     29  337.0  337.5  337.0
  367.0   8203  -19.7  -48.7      6   0.13    115     28  337.5  338.0  337.5
  310.0   9428  -30.3  -43.3     27   0.27    115     20  339.4  340.5  339.4
  302.0   9613  -32.0  -45.0     26   0.23    115     19  339.4  340.4  339.5
  300.0   9660  -32.5  -45.5     26   0.22    115     19  339.4  340.4  339.5
  277.0  10211  -37.5  -49.9     26   0.15     85     19  340.0  340.6  340.0
  266.0  10491  -40.1  -52.1     27   0.12     81     22  340.2  340.7  340.2
  250.0  10910  -43.3                          75     27  341.6         341.6
  212.0  11996  -51.6                          45     43  345.1         345.1
  200.0  12380  -54.5                          55     52  346.3         346.3
  193.0  12602  -56.1                          70     54  347.3         347.3
  152.0  14088  -66.7                         115     47  353.6         353.6
  150.0  14170  -67.3                         110     47  354.0         354.0
  119.0  15536  -75.9                          90     42  362.4         362.4
  112.0  15884  -77.6                          85     41  365.4         365.4
  111.0  15936  -77.9                          80     39  365.9         365.9
  107.0  16147  -74.7                          61     32  375.8         375.8
  100.0  16540  -75.3                          25     19  382.0         382.0
   91.0  17087  -73.9                         350     12  395.2         395.2
   86.2  17402  -73.1                         259      4  403.0         403.0
   86.0  17415  -72.9                         255      4  403.7         403.7
   83.2  17610  -69.9                         250      5  413.6         413.6
   78.0  17991  -70.5                         240      8  420.1         420.1
   70.0  18630  -71.5                         185      4  431.1         431.1
   69.5  18673  -71.1                         193      5  432.8         432.8
   68.1  18795  -66.9                         214      8  444.4         444.4
   64.0  19174  -66.3                         280     16  453.6         453.6
   61.0  19467  -65.9                         305     21  460.8         460.8
   55.0  20098  -65.0                         280     17  476.8         476.8
   50.0  20680  -64.1                         235     17  492.0         492.0
   41.0  21910  -61.3                         280     23  527.7         527.7
   35.1  22873  -59.1                         280     31  557.4         557.4
   33.0  23263  -55.1                         280     34  577.9         577.9
   32.0  23459  -55.5                         280     35  581.8         581.8
   30.0  23870  -56.5                         285     27  590.0         590.0
   28.0  24308  -56.2                         285     25  602.6         602.6
   26.0  24779  -55.9                         250     25  616.4         616.4
   23.0  25558  -55.4                         270     10  639.9         639.9
   22.0  25841  -55.2                         295     16  648.7         648.7
   21.7  25928  -55.1                         294     18  651.4         651.4
   20.0  26450  -53.5                         285     27  671.7         671.7
   18.0  27132  -51.0                         275     25  700.1         700.1
   16.9  27541  -49.5                         270     24  717.6         717.6
   15.0  28322  -49.3                         260     23  743.2         743.2
   14.0  28774  -49.1                         270     16  758.5         758.5
   13.0  29259  -49.0                         245     16  775.2         775.2
   12.0  29783  -48.9                         255     10  793.7         793.7
   11.1  30293  -48.7                         313     10  812.1         812.1
   11.0  30353  -48.6                         320     10  814.6         814.6
   10.0  30980  -47.3                         340     12  841.9         841.9
    9.0  31682  -45.7                         345     23  873.8         873.8
    8.0  32466  -43.9                                     910.8         910.8
</PRE><H3>Station information and sounding indices</H3><PRE>
                         Station identifier: WIII
                             Station number: 96749
                           Observation time: 130824/0000
                           Station latitude: -6.11
                          Station longitude: 106.65
                          Station elevation: 8.0
                            Showalter index: 4.81
                               Lifted index: -2.07
    LIFT computed using virtual temperature: -2.67
                                SWEAT index: 143.60
                                    K index: 15.30
                         Cross totals index: 15.50
                      Vertical totals index: 24.50
                        Totals totals index: 40.00
      Convective Available Potential Energy: 172.23
             CAPE using virtual temperature: 262.47
                      Convective Inhibition: -64.08
             CINS using virtual temperature: -38.08
                           Equilibrum Level: 247.84
 Equilibrum Level using virtual temperature: 247.86
                   Level of Free Convection: 821.02
             LFCT using virtual temperature: 850.21
                     Bulk Richardson Number: 9.11
          Bulk Richardson Number using CAPV: 13.89
  Temp [K] of the Lifted Condensation Level: 291.73
Pres [hPa] of the Lifted Condensation Level: 914.59
   Equivalent potential temp [K] of the LCL: 343.08
     Mean mixed layer potential temperature: 299.28
              Mean mixed layer mixing ratio: 15.00
              1000 hPa to 500 hPa thickness: 5761.00
Precipitable water [mm] for entire sounding: 33.86
</PRE>
<P>Description of the 
<A HREF="/upperair/columns.html">data columns</A>
or <A HREF="/upperair/indices.html">sounding indices</A>.

<P>
<FORM>
<INPUT CLASS="button" TYPE="button" VALUE=" Close this window " 
 onClick="window.close();">
<INPUT CLASS="button" TYPE="button" VALUE=" Select another map " 
 onClick="window.blur();">
</FORM>
<HR SIZE="1">
<I>Interested in graduate studies in atmospheric science?
Check out our program at the
<a href="http://www.uwyo.edu/atsc/howtoapply/"
target=_top>University of Wyoming
</a></I>
<HR SIZE="1"><FONT SIZE="-1">
Questions about the weather data provided by this site can be
addressed to <A HREF="mailto:ldoolman@uwyo.edu">
Larry Oolman (ldoolman@uwyo.edu)</A></FONT>
<HR SIZE="1">
<SCRIPT TYPE="text/javascript">
<!--
window.focus();
// -->
</SCRIPT>
</BODY>
</HTML>
