2013-08-19 00
<HTML>
<TITLE>University of Wyoming - Radiosonde Data</TITLE>
<BODY BGCOLOR="white">
<H2>96749 WIII Jakarta Observations at 00Z 19 Aug 2013</H2>
<PRE>
-----------------------------------------------------------------------------
   PRES   HGHT   TEMP   DWPT   RELH   MIXR   DRCT   SKNT   THTA   THTE   THTV
    hPa     m      C      C      %    g/kg    deg   knot     K      K      K 
-----------------------------------------------------------------------------
 1010.0      8   24.6   21.9     85  16.68    160      3  296.9  345.3  299.9
 1000.0     95   24.0   20.9     83  15.83    150      4  297.1  343.1  300.0
  977.0    299   23.2   20.1     83  15.40    120      8  298.3  343.2  301.0
  941.0    628   21.8   18.8     83  14.74    120     12  300.1  343.5  302.8
  937.0    665   22.6   15.6     65  12.03    120     13  301.3  337.0  303.5
  925.0    778   21.8   13.8     60  10.83    120     14  301.6  333.8  303.6
  912.0    900   21.1   12.4     58  10.03    120     16  302.1  332.1  303.9
  850.0   1507   17.6    5.6     45   6.75    110     19  304.6  325.2  305.8
  821.0   1803   15.6    6.1     53   7.24    110     12  305.5  327.7  306.8
  815.0   1865   15.2    6.2     55   7.35    108     10  305.7  328.2  307.1
  793.0   2096   13.1    8.5     74   8.87    100      2  305.8  332.8  307.5
  782.0   2214   12.0    9.7     86   9.75    129      4  305.9  335.5  307.7
  775.0   2289   12.2    8.1     76   8.82    148      6  306.9  333.9  308.5
  765.0   2398   12.9   -5.3     28   3.38    175      8  308.8  319.7  309.4
  763.0   2420   13.0   -8.0     22   2.76    174      8  309.1  318.1  309.7
  730.0   2791   12.0  -11.0     19   2.27    149      5  312.0  319.6  312.4
  712.0   2998   10.2   -3.9     37   4.06    135      4  312.2  325.4  313.0
  700.0   3140    9.0    1.0     57   5.91    110      4  312.4  331.2  313.5
  687.0   3295    7.9    1.9     66   6.46     85      2  312.9  333.3  314.1
  681.0   3367    7.4    2.4     71   6.73     82      3  313.1  334.4  314.4
  667.0   3538    6.8   -0.2     61   5.69     75      4  314.3  332.5  315.4
  664.0   3575    7.2   -6.8     36   3.48     74      5  315.1  326.6  315.8
  656.0   3675    6.6   -3.4     49   4.56     69      6  315.6  330.4  316.4
  654.0   3700    7.0  -11.0     26   2.54     68      6  316.3  324.8  316.8
  639.0   3890    5.8  -17.2     17   1.56     61      8  317.0  322.4  317.3
  638.0   3903    5.7  -16.7     18   1.63     60      8  317.1  322.7  317.4
  621.0   4122    3.8   -8.2     41   3.33     67      9  317.3  328.4  318.0
  615.0   4201    4.2  -14.8     24   1.98     70     10  318.7  325.5  319.1
  593.0   4495    2.4  -14.4     28   2.12     85     12  319.9  327.2  320.3
  566.0   4871    0.0  -14.0     34   2.30     73     12  321.4  329.3  321.8
  550.0   5098   -1.7  -13.9     39   2.38     65     12  322.1  330.3  322.5
  513.0   5649   -5.7  -13.7     53   2.60     74      8  323.6  332.6  324.1
  510.0   5695   -5.8  -15.2     48   2.32     75      8  324.1  332.1  324.5
  500.0   5850   -6.1  -20.1     32   1.56     70      8  325.5  331.1  325.9
  491.0   5992   -6.5  -25.9     20   0.95     60     10  326.7  330.3  326.9
  469.0   6350   -7.5  -40.5      5   0.24     60     10  329.8  330.8  329.9
  437.0   6892  -11.0  -39.5      8   0.28     60     10  332.1  333.3  332.2
  420.0   7196  -12.9  -39.0      9   0.31     40     10  333.4  334.7  333.5
  400.0   7570  -15.3  -38.3     12   0.35     40     10  335.0  336.4  335.1
  373.0   8094  -18.6  -42.9     10   0.23     55      6  337.4  338.3  337.4
  360.0   8359  -20.3  -45.3      9   0.19     72      9  338.6  339.4  338.6
  358.0   8400  -20.7  -45.3      9   0.19     75     10  338.6  339.4  338.6
  344.0   8689  -23.2  -45.0     12   0.20     70     14  339.0  339.8  339.0
  330.0   8990  -25.9  -44.7     15   0.22     90     10  339.4  340.3  339.4
  316.0   9304  -28.7  -44.4     21   0.23     85      6  339.7  340.7  339.7
  300.0   9680  -32.1  -44.1     29   0.26     35      6  340.0  341.1  340.1
  290.0   9915  -34.4  -45.3     32   0.23     20      6  340.0  341.0  340.1
  267.0  10486  -40.1  -48.1     42   0.18     49     12  339.9  340.6  339.9
  266.0  10511  -40.3                          50     12  339.9         339.9
  250.0  10930  -43.7                          55     16  341.0         341.0
  200.0  12390  -55.9                          45     49  344.1         344.1
  184.0  12920  -58.7                          50     67  347.8         347.8
  168.0  13485  -61.6                          55     86  352.1         352.1
  150.0  14190  -65.3                          60     58  357.4         357.4
  145.0  14395  -67.1                          60     50  357.8         357.8
  131.0  14989  -71.5                          60     27  360.4         360.4
  114.0  15803  -77.5                          38      8  363.9         363.9
  112.0  15904  -77.5                          35      6  365.7         365.7
  106.0  16218  -77.5                         210      6  371.5         371.5
  103.0  16382  -77.5                         225      7  374.6         374.6
  101.0  16493  -78.0                         235      8  375.6         375.6
  100.0  16550  -78.3                         220      8  376.2         376.2
   96.0  16783  -79.8                         145      4  377.7         377.7
   95.7  16801  -79.9                         140      4  377.8         377.8
   83.8  17569  -72.7                          80      9  407.1         407.1
   82.0  17697  -73.0                          70     10  409.0         409.0
   78.0  17990  -73.7                          70      8  413.4         413.4
   74.0  18304  -67.9                          70      6  431.9         431.9
   73.2  18369  -66.7                          36      6  435.8         435.8
   70.0  18640  -67.5                         255      4  439.6         439.6
   67.0  18904  -66.6                         325      8  447.1         447.1
   65.4  19050  -66.1                         304     12  451.3         451.3
   64.1  19172  -63.3                         286     16  460.1         460.1
   64.0  19181  -63.3                         285     16  460.2         460.2
   58.0  19783  -63.8                         290     17  472.3         472.3
   52.0  20450  -64.3                         270     25  486.0         486.0
   50.2  20666  -64.5                         279     27  490.5         490.5
   50.0  20690  -64.5                         280     27  491.1         491.1
   45.0  21338  -60.2                         280     17  516.4         516.4
   43.3  21575  -58.7                         266     20  525.9         525.9
   41.0  21916  -58.6                         245     25  534.4         534.4
   37.0  22557  -58.5                         235     19  550.6         550.6
   36.0  22728  -58.5                         210     19  555.0         555.0
   32.3  23405  -58.3                         238      9  572.9         572.9
   32.0  23464  -58.0                         240      8  575.4         575.4
   31.0  23664  -56.7                         270      4  583.9         583.9
   30.0  23870  -55.5                         265      6  592.7         592.7
   28.0  24313  -54.7                         250     10  606.9         606.9
   27.0  24547  -54.2                         280     16  614.4         614.4
   23.4  25466  -52.5                         283     26  645.1         645.1
   22.0  25865  -52.8                         285     31  655.7         655.7
   20.0  26480  -53.3                         270     25  672.3         672.3
   18.0  27167  -52.5                         255     25  695.4         695.4
   17.0  27539  -52.0                         225     19  708.2         708.2
   16.0  27935  -51.6                         190      4  722.1         722.1
   15.0  28355  -51.1                          10      8  737.2         737.2
   13.0  29288  -50.0                         290     16  771.8         771.8
   11.0  30377  -48.7                         265     16  814.2         814.2
   10.2  30869  -48.1                         210      8  834.2         834.2
   10.0  31000  -47.5                         195      6  841.1         841.1
    9.0  31698  -46.8                          35      8  869.4         869.4
    8.0  32478  -46.1                                     902.1         902.1
</PRE><H3>Station information and sounding indices</H3><PRE>
                         Station identifier: WIII
                             Station number: 96749
                           Observation time: 130819/0000
                           Station latitude: -6.11
                          Station longitude: 106.65
                          Station elevation: 8.0
                            Showalter index: 7.59
                               Lifted index: -0.56
    LIFT computed using virtual temperature: -1.13
                                SWEAT index: 113.20
                                    K index: 21.30
                         Cross totals index: 11.70
                      Vertical totals index: 23.70
                        Totals totals index: 35.40
      Convective Available Potential Energy: 72.33
             CAPE using virtual temperature: 140.52
                      Convective Inhibition: -90.75
             CINS using virtual temperature: -48.43
                           Equilibrum Level: 225.62
 Equilibrum Level using virtual temperature: 225.05
                   Level of Free Convection: 798.69
             LFCT using virtual temperature: 823.43
                     Bulk Richardson Number: 44.35
          Bulk Richardson Number using CAPV: 86.16
  Temp [K] of the Lifted Condensation Level: 292.75
Pres [hPa] of the Lifted Condensation Level: 939.15
   Equivalent potential temp [K] of the LCL: 343.33
     Mean mixed layer potential temperature: 298.07
              Mean mixed layer mixing ratio: 15.55
              1000 hPa to 500 hPa thickness: 5755.00
Precipitable water [mm] for entire sounding: 35.25
</PRE>
<P>Description of the 
<A HREF="/upperair/columns.html">data columns</A>
or <A HREF="/upperair/indices.html">sounding indices</A>.

<P>
<FORM>
<INPUT CLASS="button" TYPE="button" VALUE=" Close this window " 
 onClick="window.close();">
<INPUT CLASS="button" TYPE="button" VALUE=" Select another map " 
 onClick="window.blur();">
</FORM>
<HR SIZE="1">
<I>Interested in graduate studies in atmospheric science?
Check out our program at the
<a href="http://www.uwyo.edu/atsc/howtoapply/"
target=_top>University of Wyoming
</a></I>
<HR SIZE="1"><FONT SIZE="-1">
Questions about the weather data provided by this site can be
addressed to <A HREF="mailto:ldoolman@uwyo.edu">
Larry Oolman (ldoolman@uwyo.edu)</A></FONT>
<HR SIZE="1">
<SCRIPT TYPE="text/javascript">
<!--
window.focus();
// -->
</SCRIPT>
</BODY>
</HTML>
