2015-05-02 00
<HTML>
<TITLE>University of Wyoming - Radiosonde Data</TITLE>
<BODY BGCOLOR="white">
<H2>96749 WIII Jakarta Observations at 00Z 02 May 2015</H2>
<PRE>
-----------------------------------------------------------------------------
   PRES   HGHT   TEMP   DWPT   RELH   MIXR   DRCT   SKNT   THTA   THTE   THTV
    hPa     m      C      C      %    g/kg    deg   knot     K      K      K 
-----------------------------------------------------------------------------
 1011.0      8   24.4   23.2     93  18.08      0      0  296.6  349.0  299.8
 1009.0     25   25.8   23.7     88  18.69    337      1  298.2  352.7  301.5
 1000.0    104   25.4   23.3     88  18.39    235      4  298.6  352.3  301.8
  978.0    299   24.5   22.1     86  17.43    235     12  299.5  350.7  302.6
  925.0    788   22.2   19.0     82  15.19    220     14  302.0  347.0  304.8
  913.0    901   21.5   18.2     82  14.66    220     14  302.4  345.9  305.0
  851.0   1509   17.5   14.2     81  12.08    240      8  304.3  340.6  306.5
  850.0   1519   17.4   14.1     81  12.04    240      8  304.4  340.5  306.6
  822.0   1805   16.5   11.9     74  10.77    275      4  306.3  339.0  308.3
  813.0   1899   16.2   11.2     72  10.38    277      5  307.0  338.6  308.9
  801.0   2026   16.4    5.4     48   7.07    279      7  308.5  330.4  309.8
  793.0   2111   15.8    8.7     63   8.98    280      8  308.8  336.4  310.4
  787.0   2176   15.4   11.2     76  10.73    281      8  309.0  341.9  311.0
  739.0   2707   12.5    8.6     77   9.55    290      6  311.4  341.1  313.2
  738.0   2719   12.4    8.5     77   9.52    292      6  311.4  341.0  313.2
  722.0   2903   12.0    4.0     58   7.11    316      7  313.0  335.4  314.3
  713.0   3007   11.1    3.9     61   7.16    330      8  313.1  335.7  314.5
  700.0   3161    9.8    3.8     66   7.23    320      8  313.3  336.2  314.7
  688.0   3302    8.9    3.4     68   7.13    310      8  313.9  336.5  315.2
  639.0   3907    5.2    1.5     77   6.71    350      2  316.3  337.9  317.6
  616.0   4207    3.3    0.6     82   6.51    255      4  317.5  338.5  318.8
  594.0   4504    1.5   -0.4     88   6.31    265      6  318.7  339.2  319.9
  577.0   4742    0.0   -1.1     92   6.16    246      4  319.6  339.7  320.8
  572.0   4811   -0.3   -1.5     92   6.01    240      4  320.0  339.6  321.2
  551.0   5108   -1.8   -3.4     89   5.43    255      4  321.7  339.6  322.7
  531.0   5402   -3.3   -5.3     86   4.89    155      4  323.3  339.7  324.3
  511.0   5707   -4.8   -7.2     83   4.38    140      6  325.1  339.9  325.9
  500.0   5880   -5.7   -8.3     82   4.11    160      6  326.0  340.0  326.8
  492.0   6005   -6.5   -9.2     81   3.88    175      6  326.6  339.8  327.3
  473.0   6311   -8.4  -11.6     78   3.36    125      2  327.8  339.5  328.5
  463.0   6478   -9.5  -12.8     77   3.10    117      8  328.5  339.3  329.1
  455.0   6610  -10.4  -13.5     78   2.98    110     12  329.1  339.5  329.7
  404.0   7515  -16.2  -18.5     83   2.21    110     12  332.8  340.8  333.3
  402.0   7553  -16.5  -18.7     83   2.19    110     13  333.0  340.9  333.4
  400.0   7590  -16.7  -18.4     87   2.25    110     14  333.2  341.3  333.6
  382.0   7936  -18.5  -23.1     67   1.57     96     15  335.2  341.0  335.6
  377.0   8034  -19.3  -27.3     49   1.09     92     15  335.4  339.6  335.7
  376.0   8054  -19.3  -20.0     94   2.09     92     15  335.7  343.3  336.1
  358.0   8418  -21.5  -23.7     82   1.59     77     16  337.5  343.4  337.8
  344.0   8711  -23.6  -23.7     99   1.65     65     17  338.6  344.7  338.9
  343.0   8733  -23.7  -23.7    100   1.66     65     17  338.6  344.8  339.0
  300.0   9700  -30.7  -34.7     68   0.67     65     16  342.0  344.7  342.1
  299.0   9724  -30.9  -39.9     41   0.40     65     16  342.0  343.7  342.1
  291.0   9916  -32.1  -34.4     80   0.72     63     16  343.0  345.8  343.1
  279.0  10209  -34.6  -36.9     79   0.58     60     17  343.6  345.9  343.7
  254.0  10862  -40.1  -42.5     78   0.36     64     19  344.7  346.2  344.8
  250.0  10970  -40.9                          65     19  345.1         345.1
  214.0  11994  -49.8                          65     23  346.9         346.9
  200.0  12440  -53.7                          65     21  347.6         347.6
  150.0  14220  -69.5                          65     33  350.2         350.2
  131.0  15016  -75.7                          70     41  352.9         352.9
  118.0  15620  -75.6                          65     29  363.8         363.8
  112.0  15922  -75.5                          85      6  369.4         369.4
  111.0  15974  -75.5                         109      6  370.4         370.4
  106.0  16237  -77.9                         235      4  370.8         370.8
  101.0  16513  -80.4                         130      2  371.1         371.1
  100.0  16570  -80.9                         155      2  371.2         371.2
   96.0  16802  -80.5                         305      8  376.2         376.2
   91.0  17107  -80.0                         300      4  383.0         383.0
   82.0  17699  -79.1                         295      8  396.5         396.5
   77.0  18058  -78.6                           0     10  404.8         404.8
   73.0  18361  -78.1                          95      6  412.1         412.1
   70.0  18600  -77.7                          90      2  417.8         417.8
   66.0  18936  -77.7                          65      8  424.9         424.9
   64.7  19050  -77.7                          70      9  427.3         427.3
   60.0  19481  -76.9                          90     12  438.4         438.4
   58.7  19607  -76.7                         109     10  441.6         441.6
   57.0  19777  -75.7                         135      8  447.8         447.8
   51.9  20321  -72.3                         106     38  467.7         467.7
   51.0  20424  -72.6                         100     43  469.4         469.4
   50.0  20540  -72.9                          90     43  471.3         471.3
   46.0  21028  -72.6                          85     47  483.4         483.4
   44.5  21223  -72.5                          87     52  488.2         488.2
   38.2  22128  -67.7                          96     74  522.2         522.2
   36.0  22489  -62.4                         100     82  545.0         545.0
   35.9  22506  -62.1                         100     82  546.0         546.0
   35.8  22524  -62.0                         100     82  546.7         546.7
   34.0  22847  -60.2                          95     82  559.5         559.5
   30.0  23630  -55.9                          90     70  591.6         591.6
   26.0  24556  -50.9                          90     64  630.5         630.5
   25.0  24810  -49.5                          75     47  641.5         641.5
   24.4  24968  -48.7                          62     41  648.4         648.4
   23.8  25133  -45.5                          48     35  662.4         662.4
   22.0  25652  -48.0                           5     16  670.1         670.1
   21.0  25959  -49.4                         340     12  674.7         674.7
   20.4  26150  -50.3                         275      8  677.6         677.6
   20.0  26280  -49.7                         225      6  683.3         683.3
   19.0  26622  -48.8                         100      4  696.3         696.3
   18.0  26983  -47.7                         240      6  710.3         710.3
   17.0  27365  -46.7                         230      4  725.5         725.5
   16.0  27769  -45.5                         340      2  741.8         741.8
   14.0  28660  -43.1                         320     14  779.1         779.1
   13.0  29155  -41.7                         285     35  800.5         800.5
   12.6  29363  -41.1                         282     35  809.7         809.7
   11.1  30222  -42.9                         271     33  833.1         833.1
   11.0  30283  -42.7                         270     33  836.1         836.1
   10.0  30930  -40.1                         245     35  868.7         868.7
    9.0  31651  -39.4                         270     37  898.1         898.1
    8.2  32288  -38.7                         258     37  924.9         924.9
    8.0                                       255     37                     
</PRE><H3>Station information and sounding indices</H3><PRE>
                         Station identifier: WIII
                             Station number: 96749
                           Observation time: 150502/0000
                           Station latitude: -6.11
                          Station longitude: 106.65
                          Station elevation: 8.0
                            Showalter index: 0.99
                               Lifted index: -2.95
    LIFT computed using virtual temperature: -3.31
                                SWEAT index: 191.21
                                    K index: 31.20
                         Cross totals index: 19.80
                      Vertical totals index: 23.10
                        Totals totals index: 42.90
      Convective Available Potential Energy: 1072.37
             CAPE using virtual temperature: 1193.13
                      Convective Inhibition: -25.74
             CINS using virtual temperature: -17.02
                           Equilibrum Level: 145.84
 Equilibrum Level using virtual temperature: 145.52
                   Level of Free Convection: 867.49
             LFCT using virtual temperature: 886.43
                     Bulk Richardson Number: 594.07
          Bulk Richardson Number using CAPV: 660.97
  Temp [K] of the Lifted Condensation Level: 294.91
Pres [hPa] of the Lifted Condensation Level: 949.81
   Equivalent potential temp [K] of the LCL: 350.86
     Mean mixed layer potential temperature: 299.29
              Mean mixed layer mixing ratio: 17.63
              1000 hPa to 500 hPa thickness: 5776.00
Precipitable water [mm] for entire sounding: 57.14
</PRE>
<P>Description of the 
<A HREF="/upperair/columns.html">data columns</A>
or <A HREF="/upperair/indices.html">sounding indices</A>.

<P>
<FORM>
<INPUT CLASS="button" TYPE="button" VALUE=" Close this window " 
 onClick="window.close();">
<INPUT CLASS="button" TYPE="button" VALUE=" Select another map " 
 onClick="window.blur();">
</FORM>
<HR SIZE="1">
<I>Interested in graduate studies in atmospheric science?
Check out our program at the
<a href="http://www.uwyo.edu/atsc/howtoapply/"
target=_top>University of Wyoming
</a></I>
<HR SIZE="1"><FONT SIZE="-1">
Questions about the weather data provided by this site can be
addressed to <A HREF="mailto:ldoolman@uwyo.edu">
Larry Oolman (ldoolman@uwyo.edu)</A></FONT>
<HR SIZE="1">
<SCRIPT TYPE="text/javascript">
<!--
window.focus();
// -->
</SCRIPT>
</BODY>
</HTML>
