2014-03-20 00
<HTML>
<TITLE>University of Wyoming - Radiosonde Data</TITLE>
<BODY BGCOLOR="white">
<H2>96749 WIII Jakarta Observations at 00Z 20 Mar 2014</H2>
<PRE>
-----------------------------------------------------------------------------
   PRES   HGHT   TEMP   DWPT   RELH   MIXR   DRCT   SKNT   THTA   THTE   THTV
    hPa     m      C      C      %    g/kg    deg   knot     K      K      K 
-----------------------------------------------------------------------------
 1009.0      8   24.6   21.9     85  16.70    260      3  297.0  345.4  299.9
 1000.0     88   25.0   23.8     93  18.98    230      4  298.1  353.5  301.5
  976.0    302   25.0   22.1     84  17.50    155      8  300.2  351.7  303.4
  947.0    568   25.0   20.0     74  15.80    155      4  302.8  349.9  305.7
  944.0    596   24.8   19.8     74  15.68    155      4  302.9  349.5  305.7
  925.0    774   23.2   18.7     76  14.90    135      6  303.0  347.4  305.7
  912.0    897   22.5   18.2     77  14.61    120      6  303.5  347.1  306.1
  881.0   1197   20.7   16.9     79  13.90     85      8  304.6  346.4  307.2
  850.0   1508   18.8   15.5     81  13.20    120      6  305.8  345.6  308.2
  821.0   1801   17.0   14.0     83  12.39    145      6  306.9  344.5  309.2
  793.0   2095   15.2   12.5     84  11.61    130      8  308.1  343.5  310.2
  712.0   3005    9.5    7.8     89   9.43    170     10  311.4  340.8  313.2
  700.0   3149    8.6    7.1     90   9.12    165     10  312.0  340.4  313.7
  690.0   3268    7.8    6.4     91   8.81    163     10  312.4  339.9  314.0
  634.0   3963    4.0   -5.0     52   4.18    154     12  315.7  329.4  316.5
  625.0   4080    3.2    0.3     81   6.30    152     12  316.1  336.3  317.3
  621.0   4132    3.4   -3.6     60   4.75    151     12  316.9  332.4  317.8
  620.0   4145    3.4    1.0     84   6.68    151     12  317.0  338.5  318.3
  618.0   4171    4.0   -4.0     56   4.63    151     12  318.0  333.2  318.9
  615.0   4211    4.0   -4.0     56   4.65    150     12  318.4  333.7  319.3
  612.0   4251    4.0   -4.0     56   4.67    149     12  318.9  334.3  319.8
  608.0   4304    4.4  -21.6     13   1.12    147     12  319.9  324.0  320.2
  563.0   4926    0.6  -11.4     40   2.86    126     15  322.6  332.4  323.1
  561.0   4955    0.6  -19.4     21   1.48    125     15  322.9  328.1  323.2
  555.0   5041    0.0  -23.0     16   1.09    122     16  323.2  327.1  323.4
  550.0   5113   -0.4  -22.7     17   1.13    120     16  323.5  327.6  323.7
  523.0   5515   -2.9  -20.9     24   1.39    113     18  325.2  330.2  325.5
  519.0   5576   -3.3   -9.3     63   3.66    112     18  325.5  338.0  326.2
  510.0   5714   -4.4   -8.2     75   4.07    110     19  325.7  339.6  326.5
  500.0   5870   -5.7   -6.9     91   4.59    115     21  326.0  341.5  326.9
  498.0   5901   -5.9   -7.0     92   4.57    115     21  326.1  341.6  327.1
  455.0   6599  -11.0  -12.6     88   3.21    125     19  328.3  339.4  328.9
  440.0   6858  -12.9  -14.7     86   2.80    126     18  329.1  338.9  329.6
  422.0   7175  -13.7  -22.7     47   1.47    128     18  332.0  337.4  332.3
  400.0   7580  -15.9  -24.9     46   1.28    130     17  334.2  339.0  334.5
  395.0   7675  -16.5  -25.5     46   1.22    129     17  334.7  339.2  334.9
  373.0   8100  -19.3  -27.9     46   1.04    125     16  336.5  340.5  336.7
  358.0   8404  -21.3  -29.6     47   0.92    115     10  337.8  341.4  338.0
  344.0   8700  -23.2  -31.3     47   0.82    130     12  339.1  342.2  339.2
  339.0   8809  -23.9  -31.9     48   0.78    127     12  339.5  342.6  339.7
  316.0   9317  -27.6  -32.3     64   0.81    110     12  341.2  344.4  341.4
  311.0   9433  -28.5  -32.4     69   0.81    115     14  341.6  344.8  341.7
  300.0   9690  -30.5  -36.5     56   0.56    125     17  342.3  344.5  342.4
  291.0   9906  -32.1  -38.1     55   0.49    135     19  342.9  344.9  343.0
  287.0  10004  -32.9  -38.9     55   0.46    128     19  343.2  345.1  343.3
  270.0  10431  -36.3  -42.3     54   0.34     96     21  344.3  345.7  344.4
  267.0  10508  -37.0  -43.5     50   0.30     90     21  344.4  345.7  344.5
  255.0  10825  -39.7  -48.7     38   0.18     90     21  344.9  345.7  345.0
  252.0  10906  -40.1  -47.1     47   0.22     90     21  345.5  346.5  345.6
  250.0  10960  -40.5                          90     21  345.7         345.7
  204.0  12309  -51.8                          70     21  348.6         348.6
  200.0  12440  -52.9                          60     23  348.8         348.8
  195.0  12598  -54.3                          50     25  349.1         349.1
  161.0  13790  -65.0                          55     25  350.8         350.8
  150.0  14230  -68.9                          60     25  351.2         351.2
  118.0  15611  -80.0                          85     33  355.6         355.6
  112.0  15912  -82.5                          80     33  356.4         356.4
  110.0  16016  -83.3                          90     35  356.7         356.7
  106.0  16223  -81.7                         100     33  363.5         363.5
  101.0  16494  -79.7                         110     33  372.4         372.4
  100.0  16550  -78.1                         115     31  376.6         376.6
   99.6  16573  -76.9                         116     30  379.3         379.3
   96.0  16783  -77.4                         125     23  382.3         382.3
   91.0  17087  -78.2                         105     19  386.6         386.6
   82.0  17680  -79.7                          35     10  395.2         395.2
   78.9  17899  -80.3                          44     14  398.4         398.4
   77.0  18040  -78.5                          50     17  404.9         404.9
   74.0  18269  -75.7                          25     12  415.5         415.5
   70.0  18590  -71.7                         160      8  430.7         430.7
   69.8  18607  -71.3                         162      8  431.9         431.9
   60.0  19497  -71.8                         245     12  449.9         449.9
   57.0  19799  -71.9                         225     12  456.2         456.2
   54.0  20117  -72.1                         180      4  462.9         462.9
   51.0  20454  -71.7                         205     16  471.6         471.6
   50.0  20570  -71.5                         200     14  474.6         474.6
   49.0  20689  -71.5                         200     12  477.3         477.3
   47.0  20935  -71.5                         114      5  483.1         483.1
   46.0  21063  -70.1                          70      2  489.4         489.4
   44.0  21329  -67.2                         255      2  502.8         502.8
   43.4  21411  -66.3                         256      4  506.9         506.9
   42.0  21613  -65.7                         260     10  513.1         513.1
   38.0  22228  -64.0                         225     14  532.4         532.4
   36.0  22560  -63.1                         250     14  543.1         543.1
   33.0  23094  -61.5                         250     16  560.8         560.8
   31.0  23479  -60.5                         195      6  573.8         573.8
   30.0  23680  -59.9                          35      6  580.8         580.8
   27.0  24343  -58.9                         250     12  601.4         601.4
   26.0  24581  -58.5                         270      8  608.9         608.9
   25.0  24828  -58.1                         160     14  616.9         616.9
   22.9  25380  -57.3                         109     13  635.0         635.0
   22.0  25635  -56.9                          85     12  643.5         643.5
   21.0  25930  -56.4                          85     17  653.6         653.6
   20.0  26240  -55.9                         105     23  664.3         664.3
   19.0  26567  -54.5                          99     25  678.5         678.5
   16.4  27503  -56.7                          83     30  700.5         700.5
   16.0  27663  -55.8                          80     31  708.2         708.2
   13.1  28951  -48.9                          94     55  773.9         773.9
   12.0  29532  -47.5                         100     66  798.5         798.5
   11.0  30109  -46.0                          95     52  823.8         823.8
   10.0  30740  -44.5                         100     68  852.3         852.3
    9.0  31455  -42.5                         100     76  886.2         886.2
    8.5  31843  -41.4                          90     78  905.0         905.0
    7.1  33065  -37.9                          95     72  967.1         967.1
    7.0                                        95     72                     
</PRE><H3>Station information and sounding indices</H3><PRE>
                         Station identifier: WIII
                             Station number: 96749
                           Observation time: 140320/0000
                           Station latitude: -6.11
                          Station longitude: 106.65
                          Station elevation: 8.0
                            Showalter index: -1.03
                               Lifted index: -3.11
    LIFT computed using virtual temperature: -3.41
                                SWEAT index: 219.00
                                    K index: 38.50
                         Cross totals index: 21.20
                      Vertical totals index: 24.50
                        Totals totals index: 45.70
      Convective Available Potential Energy: 1031.75
             CAPE using virtual temperature: 1183.43
                      Convective Inhibition: -68.37
             CINS using virtual temperature: -51.41
                           Equilibrum Level: 150.40
 Equilibrum Level using virtual temperature: 150.38
                   Level of Free Convection: 806.86
             LFCT using virtual temperature: 827.28
                     Bulk Richardson Number: 239.89
          Bulk Richardson Number using CAPV: 275.15
  Temp [K] of the Lifted Condensation Level: 294.76
Pres [hPa] of the Lifted Condensation Level: 943.07
   Equivalent potential temp [K] of the LCL: 351.31
     Mean mixed layer potential temperature: 299.76
              Mean mixed layer mixing ratio: 17.61
              1000 hPa to 500 hPa thickness: 5782.00
Precipitable water [mm] for entire sounding: 54.58
</PRE>
<P>Description of the 
<A HREF="/upperair/columns.html">data columns</A>
or <A HREF="/upperair/indices.html">sounding indices</A>.

<P>
<FORM>
<INPUT CLASS="button" TYPE="button" VALUE=" Close this window " 
 onClick="window.close();">
<INPUT CLASS="button" TYPE="button" VALUE=" Select another map " 
 onClick="window.blur();">
</FORM>
<HR SIZE="1">
<I>Interested in graduate studies in atmospheric science?
Check out our program at the
<a href="http://www.uwyo.edu/atsc/howtoapply/"
target=_top>University of Wyoming
</a></I>
<HR SIZE="1"><FONT SIZE="-1">
Questions about the weather data provided by this site can be
addressed to <A HREF="mailto:ldoolman@uwyo.edu">
Larry Oolman (ldoolman@uwyo.edu)</A></FONT>
<HR SIZE="1">
<SCRIPT TYPE="text/javascript">
<!--
window.focus();
// -->
</SCRIPT>
</BODY>
</HTML>
