2014-08-24 00
<HTML>
<TITLE>University of Wyoming - Radiosonde Data</TITLE>
<BODY BGCOLOR="white">
<H2>96749 WIII Jakarta Observations at 00Z 24 Aug 2014</H2>
<PRE>
-----------------------------------------------------------------------------
   PRES   HGHT   TEMP   DWPT   RELH   MIXR   DRCT   SKNT   THTA   THTE   THTV
    hPa     m      C      C      %    g/kg    deg   knot     K      K      K 
-----------------------------------------------------------------------------
 1010.0      8   24.6   23.0     91  17.87    220      6  296.9  348.7  300.1
 1000.0     94   24.6   23.4     93  18.51    195      6  297.8  351.6  301.0
  977.0    299   24.1   22.0     89  17.41    135      4  299.2  350.2  302.3
  950.0    545   23.4   20.4     83  16.16    102      9  300.9  348.6  303.8
  944.0    600   23.1   19.9     82  15.78     95     10  301.1  347.7  304.0
  925.0    778   22.0   18.4     80  14.62    100     12  301.8  345.1  304.4
  912.0    900   21.2   17.9     82  14.40    100     12  302.2  344.9  304.8
  850.0   1508   17.0   15.7     92  13.37     95     17  303.9  343.9  306.4
  829.0   1722   16.4   13.1     81  11.56     91     17  305.5  340.4  307.6
  793.0   2099   13.7   11.7     87  10.98     85     16  306.5  339.8  308.5
  789.0   2142   13.4   11.5     88  10.92     83     15  306.6  339.8  308.6
  770.0   2347   13.2    5.2     58   7.25     75     13  308.6  331.0  309.9
  739.0   2691   10.7    3.6     61   6.75     60      8  309.5  330.6  310.8
  735.0   2737   10.4    3.4     62   6.69     64      8  309.6  330.5  310.9
  717.0   2944   10.8   -7.2     28   3.12     82      8  312.3  322.5  312.9
  700.0   3143    9.8   -7.2     29   3.20    100      8  313.3  323.8  313.9
  691.0   3250    9.2   -2.8     43   4.53    111      8  313.8  328.4  314.7
  663.0   3591    7.6  -11.7     24   2.36    145      8  315.7  323.7  316.2
  653.0   3716    7.0  -15.0     19   1.84    145      8  316.4  322.7  316.8
  616.0   4191    2.7   -4.2     61   4.59    145      6  316.8  331.8  317.7
  605.0   4337    1.4   -0.8     85   6.00    164      5  316.9  336.3  318.1
  600.0   4404    2.2   -4.8     60   4.49    173      5  318.6  333.4  319.5
  593.0   4499    2.1   -9.9     41   3.06    185      4  319.6  329.9  320.2
  578.0   4706    2.0  -21.0     16   1.25    157     10  321.8  326.3  322.1
  572.0   4790    1.8  -23.1     14   1.04    145     12  322.6  326.4  322.8
  563.0   4917    1.6  -26.4     10   0.79    147     12  323.8  326.7  323.9
  545.0   5178    0.0  -29.0      9   0.64    151     11  324.9  327.3  325.0
  530.0   5399   -1.6  -31.6      8   0.52    155     10  325.5  327.5  325.6
  500.0   5860   -5.1  -37.1      6   0.32    135     14  326.8  328.0  326.8
  486.0   6084   -5.9  -44.9      3   0.14    125     16  328.4  329.0  328.5
  473.0   6293   -7.1  -46.9      3   0.12    115     17  329.5  330.0  329.5
  438.0   6888  -10.5  -52.7      2   0.07    105     19  332.5  332.8  332.5
  405.0   7494  -13.9  -58.6      1   0.03     90     17  335.6  335.7  335.6
  400.0   7590  -14.5  -59.5      1   0.03     95     17  336.1  336.2  336.1
  394.0   7704  -15.3  -60.3      1   0.03    100     17  336.5  336.6  336.5
  389.0   7799  -16.0  -59.0      1   0.03    105     17  336.8  336.9  336.8
  337.0   8863  -23.9  -44.9     13   0.21     96     22  340.1  341.0  340.1
  331.0   8994  -25.2  -42.2     19   0.28     95     23  340.0  341.2  340.1
  328.0   9060  -25.9  -40.9     23   0.33     96     23  340.0  341.3  340.1
  326.0   9104  -25.7  -58.7      3   0.04     97     23  340.9  341.1  340.9
  300.0   9700  -30.3  -70.3      1   0.01    105     25  342.6  342.6  342.6
  256.0  10799  -40.1  -69.1      3   0.01    125     23  344.0  344.0  344.0
  250.0  10960  -41.5                         120     21  344.2         344.2
  205.0  12267  -52.9                          75     31  346.4         346.4
  200.0  12430  -54.3                          75     29  346.6         346.6
  161.0  13772  -65.2                         105     19  350.5         350.5
  153.0  14087  -67.7                          95     21  351.3         351.3
  150.0  14210  -68.7                         100     21  351.6         351.6
  138.0  14704  -71.6                         105     21  355.0         355.0
  132.0  14967  -73.1                          86     20  356.8         356.8
  113.0  15861  -77.7                          20     16  364.5         364.5
  107.0  16175  -79.3                          50     10  367.2         367.2
  104.0  16339  -80.1                          55     12  368.6         368.6
  101.0  16504  -80.4                          40     14  371.1         371.1
  100.0  16560  -80.5                          45     12  371.9         371.9
   91.0  17095  -79.0                          85      6  385.2         385.2
   88.5  17253  -78.5                         122      9  389.2         389.2
   87.7  17306  -76.1                         134     10  395.0         395.0
   86.0  17418  -76.4                         160     12  396.6         396.6
   83.3  17602  -76.9                         147      7  399.2         399.2
   82.0  17694  -73.8                         140      4  407.4         407.4
   81.4  17737  -72.3                         115      4  411.3         411.3
   78.0  17989  -71.6                         330      6  417.8         417.8
   74.0  18301  -70.7                         335     16  426.0         426.0
   72.2  18446  -70.3                         317     18  429.8         429.8
   70.0  18630  -70.9                         295     21  432.4         432.4
   67.0  18890  -70.6                         270     21  438.5         438.5
   61.1  19437  -69.9                         270     25  451.7         451.7
   61.0  19447  -69.9                         270     25  452.0         452.0
   55.0  20068  -68.0                         240     17  469.9         469.9
   52.0  20405  -67.0                         250     12  479.8         479.8
   50.1  20628  -66.3                         236      8  486.6         486.6
   50.0  20640  -66.1                         235      8  487.3         487.3
   47.0  21020  -62.7                          50     12  504.1         504.1
   45.8  21178  -61.3                          56     15  511.3         511.3
   39.0  22167  -63.7                          95     37  529.1         529.1
   36.6  22558  -64.7                          93     41  536.3         536.3
   30.0  23790  -58.5                          85     54  584.6         584.6
   28.5  24113  -57.1                          83     55  597.1         597.1
   27.0  24458  -54.6                          80     56  613.5         613.5
   26.5  24577  -53.7                          80     56  619.2         619.2
   20.9  26098  -54.9                          84     52  659.0         659.0
   20.0  26380  -54.1                          85     51  669.8         669.8
   13.0  29172  -49.4                          90     54  773.9         773.9
   12.9  29222  -49.3                                     775.9         775.9
</PRE><H3>Station information and sounding indices</H3><PRE>
                         Station identifier: WIII
                             Station number: 96749
                           Observation time: 140824/0000
                           Station latitude: -6.11
                          Station longitude: 106.65
                          Station elevation: 8.0
                            Showalter index: 0.22
                               Lifted index: -2.09
    LIFT computed using virtual temperature: -3.04
                                SWEAT index: 236.40
                                    K index: 20.80
                         Cross totals index: 20.80
                      Vertical totals index: 22.10
                        Totals totals index: 42.90
      Convective Available Potential Energy: 747.22
             CAPE using virtual temperature: 989.95
                      Convective Inhibition: -25.02
             CINS using virtual temperature: -17.23
                           Equilibrum Level: 166.87
 Equilibrum Level using virtual temperature: 166.29
                   Level of Free Convection: 874.09
             LFCT using virtual temperature: 887.44
                     Bulk Richardson Number: 134.18
          Bulk Richardson Number using CAPV: 177.77
  Temp [K] of the Lifted Condensation Level: 294.93
Pres [hPa] of the Lifted Condensation Level: 954.85
   Equivalent potential temp [K] of the LCL: 350.12
     Mean mixed layer potential temperature: 298.86
              Mean mixed layer mixing ratio: 17.56
              1000 hPa to 500 hPa thickness: 5766.00
Precipitable water [mm] for entire sounding: 43.20
</PRE>
<P>Description of the 
<A HREF="/upperair/columns.html">data columns</A>
or <A HREF="/upperair/indices.html">sounding indices</A>.

<P>
<FORM>
<INPUT CLASS="button" TYPE="button" VALUE=" Close this window " 
 onClick="window.close();">
<INPUT CLASS="button" TYPE="button" VALUE=" Select another map " 
 onClick="window.blur();">
</FORM>
<HR SIZE="1">
<I>Interested in graduate studies in atmospheric science?
Check out our program at the
<a href="http://www.uwyo.edu/atsc/howtoapply/"
target=_top>University of Wyoming
</a></I>
<HR SIZE="1"><FONT SIZE="-1">
Questions about the weather data provided by this site can be
addressed to <A HREF="mailto:ldoolman@uwyo.edu">
Larry Oolman (ldoolman@uwyo.edu)</A></FONT>
<HR SIZE="1">
<SCRIPT TYPE="text/javascript">
<!--
window.focus();
// -->
</SCRIPT>
</BODY>
</HTML>
