2013-07-09 00
<HTML>
<TITLE>University of Wyoming - Radiosonde Data</TITLE>
<BODY BGCOLOR="white">
<H2>96749 WIII Jakarta Observations at 00Z 09 Jul 2013</H2>
<PRE>
-----------------------------------------------------------------------------
   PRES   HGHT   TEMP   DWPT   RELH   MIXR   DRCT   SKNT   THTA   THTE   THTV
    hPa     m      C      C      %    g/kg    deg   knot     K      K      K 
-----------------------------------------------------------------------------
 1009.0      8   24.4   23.2     93  18.11    200      3  296.8  349.3  300.0
 1000.0     85   25.4   22.7     85  17.72    190      4  298.6  350.3  301.7
  988.0    192   26.0   22.3     80  17.50    178      4  300.2  351.7  303.3
  976.0    299   25.3   21.7     81  17.05    165      4  300.5  350.7  303.6
  943.0    601   23.2   20.0     82  15.84    125      4  301.3  348.1  304.2
  925.0    770   22.0   19.0     83  15.19    145      6  301.8  346.8  304.5
  911.0    902   21.2   18.3     83  14.71    160      6  302.3  345.9  304.9
  880.0   1201   19.3   16.6     84  13.67    125      8  303.3  344.1  305.8
  850.0   1501   17.4   14.9     85  12.69    115     12  304.4  342.4  306.7
  843.0   1572   17.8    9.8     59   9.10    114     12  305.5  333.1  307.2
  797.0   2050   15.0   11.2     78  10.59    106     10  307.4  339.7  309.4
  792.0   2103   14.8   10.2     74   9.97    105     10  307.8  338.2  309.6
  776.0   2276   14.0    7.0     63   8.16    101     10  308.7  333.9  310.2
  712.0   2996    9.2    6.3     82   8.50     85     12  311.1  337.5  312.7
  700.0   3138    8.2    6.2     87   8.57     95     12  311.5  338.2  313.1
  686.0   3305    7.2    5.3     88   8.21    105     12  312.2  337.9  313.8
  662.0   3595    5.8    2.3     78   6.86     95     14  313.9  335.6  315.2
  615.0   4194    3.0   -4.0     60   4.66    110     14  317.3  332.6  318.2
  577.0   4714    0.6   -9.4     47   3.27    101     13  320.3  331.3  321.0
  570.0   4812    0.0   -8.0     55   3.69    100     13  320.7  333.1  321.5
  560.0   4953   -0.9  -12.9     40   2.54     97     13  321.3  330.0  321.8
  546.0   5155   -2.1   -9.1     59   3.54     94     12  322.2  334.1  322.9
  530.0   5390   -3.3  -13.5     45   2.56     90     12  323.5  332.4  324.0
  507.0   5741   -5.1  -20.1     30   1.54    109     14  325.5  331.0  325.8
  500.0   5850   -5.9  -20.9     30   1.45    115     14  325.8  331.0  326.1
  491.0   5992   -6.8  -18.3     40   1.86    120     14  326.3  332.9  326.7
  485.0   6088   -7.5  -16.5     49   2.18    118     14  326.7  334.4  327.1
  482.0   6137   -7.1  -26.1     20   0.95    116     14  327.7  331.3  327.9
  478.0   6202   -6.9  -25.9     20   0.97    115     14  328.8  332.4  329.0
  449.0   6688  -10.5  -14.7     71   2.74    103     14  330.2  339.8  330.7
  420.0   7198  -13.7  -20.1     59   1.85     90     14  332.4  339.1  332.8
  400.0   7570  -16.1  -24.1     50   1.37     80     14  334.0  339.1  334.2
  373.0   8093  -18.7  -32.7     28   0.66     75     21  337.3  339.9  337.4
  359.0   8378  -19.9  -49.9      5   0.11     78     20  339.4  339.9  339.4
  303.0   9608  -30.1  -45.0     22   0.23     90     14  341.9  342.8  341.9
  300.0   9680  -30.7  -44.7     24   0.24     85     14  342.0  343.0  342.0
  256.0  10779  -40.1  -52.1     27   0.12     85     17  344.0  344.5  344.0
  250.0  10940  -41.5                          85     17  344.2         344.2
  213.0  11995  -50.7                          70     17  346.1         346.1
  200.0  12410  -54.3                          55     17  346.6         346.6
  185.0  12892  -58.3                          40     19  347.9         347.9
  152.0  14108  -68.4                          40     10  350.7         350.7
  150.0  14190  -69.1                          50     10  350.9         350.9
  130.0  15034  -74.8                         120     14  355.3         355.3
  127.0  15171  -75.7                         117     15  356.1         356.1
  112.0  15886  -79.8                         100     23  361.5         361.5
  101.0  16475  -83.1                          68     25  365.9         365.9
  100.0  16530  -83.3                          65     25  366.5         366.5
   95.0  16814  -85.3                          75     23  368.1         368.1
   94.9  16820  -85.3                          75     23  368.1         368.1
   90.0  17114  -82.3                         110     19  379.8         379.8
   89.1  17170  -81.7                         109     21  382.0         382.0
   86.8  17319  -77.3                         107     25  393.7         393.7
   85.0  17439  -76.8                         105     29  397.1         397.1
   81.6  17675  -75.9                          80     26  403.6         403.6
   81.0  17718  -75.2                          75     25  406.0         406.0
   77.3  17992  -70.5                          70     17  421.1         421.1
   77.0  18015  -70.5                          70     16  421.5         421.5
   70.1  18572  -71.1                           6      6  431.8         431.8
   70.0  18580  -70.9                           5      6  432.4         432.4
   67.6  18788  -66.1                         327     10  447.1         447.1
   63.0  19219  -65.0                         250     19  458.5         458.5
   60.0  19517  -64.3                         205     19  466.6         466.6
   57.0  19830  -63.5                         235     19  475.3         475.3
   52.0  20390  -62.1                         240     27  491.2         491.2
   50.0  20630  -61.5                         245     25  498.1         498.1
   45.0  21292  -60.3                         265     29  516.1         516.1
   41.0  21877  -59.3                         255     27  532.6         532.6
   37.0  22522  -58.2                         265     41  551.4         551.4
   31.0  23634  -56.3                         255     31  585.2         585.2
   30.0  23840  -55.9                         260     33  591.6         591.6
   28.0  24281  -55.3                         270     35  605.1         605.1
   24.0  25266  -54.0                         290     19  636.2         636.2
   23.8  25320  -53.9                         290     19  637.9         637.9
   20.0  26440  -52.5                         300     21  674.7         674.7
   18.0  27129  -51.1                         265     23  699.6         699.6
   14.7  28452  -48.5                         270     25  750.1         750.1
   12.0  29789  -48.7                         275     27  794.1         794.1
   10.0  30990  -48.9                         240     31  835.9         835.9
    8.0  32446  -50.6                         215     39  884.2         884.2
    7.0  33317  -51.6                         220     47  914.5         914.5
    6.9  33411  -51.7                                     917.8         917.8
    6.6  33701  -47.7                                     946.3         946.3
</PRE><H3>Station information and sounding indices</H3><PRE>
                         Station identifier: WIII
                             Station number: 96749
                           Observation time: 130709/0000
                           Station latitude: -6.11
                          Station longitude: 106.65
                          Station elevation: 8.0
                            Showalter index: 0.01
                               Lifted index: -2.95
    LIFT computed using virtual temperature: -3.72
                                SWEAT index: 216.81
                                    K index: 36.20
                         Cross totals index: 20.80
                      Vertical totals index: 23.30
                        Totals totals index: 44.10
      Convective Available Potential Energy: 982.77
             CAPE using virtual temperature: 1157.90
                      Convective Inhibition: -25.08
             CINS using virtual temperature: -17.07
                           Equilibrum Level: 159.34
 Equilibrum Level using virtual temperature: 158.45
                   Level of Free Convection: 863.31
             LFCT using virtual temperature: 881.54
                     Bulk Richardson Number: 97.83
          Bulk Richardson Number using CAPV: 115.26
  Temp [K] of the Lifted Condensation Level: 294.27
Pres [hPa] of the Lifted Condensation Level: 936.19
   Equivalent potential temp [K] of the LCL: 350.27
     Mean mixed layer potential temperature: 299.88
              Mean mixed layer mixing ratio: 17.18
              1000 hPa to 500 hPa thickness: 5765.00
Precipitable water [mm] for entire sounding: 50.68
</PRE>
<P>Description of the 
<A HREF="/upperair/columns.html">data columns</A>
or <A HREF="/upperair/indices.html">sounding indices</A>.

<P>
<FORM>
<INPUT CLASS="button" TYPE="button" VALUE=" Close this window " 
 onClick="window.close();">
<INPUT CLASS="button" TYPE="button" VALUE=" Select another map " 
 onClick="window.blur();">
</FORM>
<HR SIZE="1">
<I>Interested in graduate studies in atmospheric science?
Check out our program at the
<a href="http://www.uwyo.edu/atsc/howtoapply/"
target=_top>University of Wyoming
</a></I>
<HR SIZE="1"><FONT SIZE="-1">
Questions about the weather data provided by this site can be
addressed to <A HREF="mailto:ldoolman@uwyo.edu">
Larry Oolman (ldoolman@uwyo.edu)</A></FONT>
<HR SIZE="1">
<SCRIPT TYPE="text/javascript">
<!--
window.focus();
// -->
</SCRIPT>
</BODY>
</HTML>
