2013-08-13 00
<HTML>
<TITLE>University of Wyoming - Radiosonde Data</TITLE>
<BODY BGCOLOR="white">
<H2>96749 WIII Jakarta Observations at 00Z 13 Aug 2013</H2>
<PRE>
-----------------------------------------------------------------------------
   PRES   HGHT   TEMP   DWPT   RELH   MIXR   DRCT   SKNT   THTA   THTE   THTV
    hPa     m      C      C      %    g/kg    deg   knot     K      K      K 
-----------------------------------------------------------------------------
 1009.0      8   24.0   19.9     78  14.72    160      4  296.4  339.0  299.0
 1000.0     89   23.2   17.2     69  12.50    155      6  296.4  332.6  298.6
  976.0    301   23.0   16.2     66  12.02    135     10  298.2  333.4  300.3
  943.0    602   22.6   14.8     61  11.36     90     12  300.8  334.4  302.9
  938.0    648   22.6   14.6     61  11.26     94     10  301.2  334.6  303.2
  925.0    770   21.6   13.6     60  10.69    105      6  301.4  333.2  303.3
  911.0    901   20.4   13.8     66  10.98    110      2  301.5  334.2  303.5
  880.0   1199   17.8   14.2     79  11.67    215      6  301.8  336.4  303.9
  862.0   1377   16.2   14.4     89  12.11    206      7  301.9  337.9  304.1
  850.0   1496   16.4    9.4     63   8.78    200      8  303.3  329.8  304.9
  845.0   1546   16.8    3.8     42   5.98    196      9  304.2  322.6  305.3
  841.0   1587   16.6    9.6     63   9.00    193      9  304.4  331.7  306.1
  837.0   1627   16.8    5.8     48   6.95    190      9  305.1  326.4  306.4
  808.0   1927   14.8    4.8     51   6.72    168     12  306.0  326.7  307.3
  792.0   2096   15.9   -3.2     27   3.82    155     14  308.9  321.1  309.6
  787.0   2150   16.2   -5.8     22   3.17    157     14  309.9  320.1  310.4
  764.0   2401   15.8  -16.9      9   1.33    165     12  312.1  316.6  312.3
  753.0   2524   15.6  -22.4      6   0.85    179     12  313.1  316.1  313.3
  712.0   2994   12.7  -20.7      8   1.04    235     10  315.0  318.6  315.2
  700.0   3137   11.8  -20.2      9   1.10    205      8  315.5  319.4  315.7
  662.0   3593    8.7  -21.2     10   1.07    105      4  317.1  320.9  317.3
  615.0   4194    4.6  -22.5     12   1.03     75     12  319.1  322.8  319.4
  571.0   4800    0.5  -23.8     14   0.98     85     12  321.1  324.7  321.3
  566.0   4872    0.0  -24.0     14   0.98     92     12  321.4  324.9  321.6
  530.0   5390   -3.7  -25.5     17   0.91    145      8  323.1  326.4  323.3
  500.0   5850   -6.9  -26.9     19   0.85    135      6  324.6  327.7  324.7
  491.0   5991   -7.8  -31.1     14   0.59    135      4  325.2  327.4  325.3
  472.0   6296   -9.7  -40.1      6   0.25     80     10  326.5  327.5  326.5
  455.0   6580  -11.5  -48.5      3   0.10     87     11  327.7  328.1  327.7
  437.0   6887  -12.9  -52.6      2   0.07     95     12  329.8  330.0  329.8
  404.0   7485  -15.5  -60.5      1   0.03     77     22  333.8  333.9  333.8
  400.0   7560  -16.1  -61.1      1   0.03     75     23  334.0  334.1  334.0
  387.0   7806  -17.9  -54.8      2   0.06     70     23  334.7  335.0  334.7
  353.0   8489  -23.1  -37.1     27   0.45     79     23  336.7  338.5  336.8
  329.0   9001  -26.9  -33.3     55   0.71     85     23  338.3  341.0  338.4
  328.0   9023  -27.1  -33.1     57   0.72     85     23  338.3  341.1  338.5
  300.0   9660  -32.1  -35.9     69   0.60     75     16  340.0  342.4  340.1
  263.0  10576  -40.1  -43.7     68   0.30     75     17  341.3  342.6  341.4
  250.0  10920  -42.9                          75     17  342.1         342.1
  243.0  11106  -44.4                          75     19  342.6         342.6
  233.0  11381  -46.7                          80     23  343.4         343.4
  203.0  12283  -54.1                          40     29  345.5         345.5
  200.0  12380  -54.9                          40     31  345.7         345.7
  159.0  13799  -65.1                          50     70  351.8         351.8
  150.0  14160  -67.7                          60     60  353.3         353.3
  124.0  15269  -76.3                          80     49  357.4         357.4
  113.0  15810  -80.5                          65     45  359.2         359.2
  111.0  15912  -77.8                          60     41  366.0         366.0
  109.0  16016  -75.1                          52     30  373.1         373.1
  106.0  16179  -73.3                          40     14  379.4         379.4
  104.0  16290  -72.1                         348     11  383.8         383.8
  100.0  16520  -73.1                         240      4  386.2         386.2
   96.0  16758  -73.9                          90      4  389.2         389.2
   91.0  17071  -75.0                          40      4  393.1         393.1
   88.6  17227  -75.5                          35      4  395.0         395.0
   86.0  17399  -75.8                          40      2  397.7         397.7
   82.7  17626  -76.3                          69      4  401.2         401.2
   82.0  17675  -76.0                          75      4  402.8         402.8
   75.4  18164  -73.1                         169      9  418.7         418.7
   74.0  18274  -73.2                         190     10  420.6         420.6
   70.0  18600  -73.7                         170     19  426.4         426.4
   67.0  18857  -71.9                         145     16  435.6         435.6
   66.0  18945  -71.3                         161     14  438.8         438.8
   63.0  19227  -66.6                         210      6  455.1         455.1
   60.0  19522  -61.6                         250     16  472.5         472.5
   59.8  19543  -61.3                         251     16  473.7         473.7
   55.0  20065  -59.9                         270     21  488.4         488.4
   52.0  20415  -58.9                         240     23  498.6         498.6
   50.1  20647  -58.3                         254     25  505.4         505.4
   50.0  20660  -58.3                         255     25  505.7         505.7
   47.0  21046  -59.1                         275     19  512.7         512.7
   41.0  21899  -61.0                         260     35  528.4         528.4
   40.1  22038  -61.3                         258     32  531.0         531.0
   39.0  22211  -61.0                         255     29  536.1         536.1
   37.0  22539  -60.4                         280     35  545.7         545.7
   32.9  23272  -59.1                         269     39  567.8         567.8
   30.0  23850  -58.9                         260     43  583.5         583.5
   29.0  24064  -58.8                         260     43  589.4         589.4
   27.5  24398  -58.7                         262     42  598.7         598.7
   21.9  25853  -52.9                         271     35  656.3         656.3
   20.0  26440  -53.3                         275     33  672.3         672.3
   18.0  27123  -52.5                         280     33  695.3         695.3
   17.0  27494  -52.1                         270     27  708.1         708.1
   13.0  29233  -50.1                         275     29  771.5         771.5
   12.7  29385  -49.9                         274     29  777.2         777.2
   12.0  29758  -46.5                         270     30  802.0         802.0
   11.0  30336  -46.0                         265     31  823.9         823.9
   10.0  30970  -45.5                         270     23  848.6         848.6
    9.0  31674  -44.8                         235     10  877.2         877.2
    8.6  31977  -44.5                         291     12  889.9         889.9
    8.1  32382  -40.5                           5     14  921.0         921.0
    8.0  32466  -40.6                          20     14  924.0         924.0
    7.0  33372  -41.4                         100     14  956.6         956.6
    6.0  34417  -42.3                                     995.7         995.7
</PRE><H3>Station information and sounding indices</H3><PRE>
                         Station identifier: WIII
                             Station number: 96749
                           Observation time: 130813/0000
                           Station latitude: -6.11
                          Station longitude: 106.65
                          Station elevation: 8.0
                            Showalter index: 4.54
                               Lifted index: 2.73
    LIFT computed using virtual temperature: 2.27
                                SWEAT index: 134.81
                                    K index: 0.70
                         Cross totals index: 16.30
                      Vertical totals index: 23.30
                        Totals totals index: 39.60
      Convective Available Potential Energy: 0.00
             CAPE using virtual temperature: 0.00
                      Convective Inhibition: 0.00
             CINS using virtual temperature: 0.00
                     Bulk Richardson Number: 0.00
          Bulk Richardson Number using CAPV: 0.00
  Temp [K] of the Lifted Condensation Level: 288.26
Pres [hPa] of the Lifted Condensation Level: 891.77
   Equivalent potential temp [K] of the LCL: 333.60
     Mean mixed layer potential temperature: 297.86
              Mean mixed layer mixing ratio: 12.28
              1000 hPa to 500 hPa thickness: 5761.00
Precipitable water [mm] for entire sounding: 26.89
</PRE>
<P>Description of the 
<A HREF="/upperair/columns.html">data columns</A>
or <A HREF="/upperair/indices.html">sounding indices</A>.

<P>
<FORM>
<INPUT CLASS="button" TYPE="button" VALUE=" Close this window " 
 onClick="window.close();">
<INPUT CLASS="button" TYPE="button" VALUE=" Select another map " 
 onClick="window.blur();">
</FORM>
<HR SIZE="1">
<I>Interested in graduate studies in atmospheric science?
Check out our program at the
<a href="http://www.uwyo.edu/atsc/howtoapply/"
target=_top>University of Wyoming
</a></I>
<HR SIZE="1"><FONT SIZE="-1">
Questions about the weather data provided by this site can be
addressed to <A HREF="mailto:ldoolman@uwyo.edu">
Larry Oolman (ldoolman@uwyo.edu)</A></FONT>
<HR SIZE="1">
<SCRIPT TYPE="text/javascript">
<!--
window.focus();
// -->
</SCRIPT>
</BODY>
</HTML>
