2014-12-11 12
<HTML>
<TITLE>University of Wyoming - Radiosonde Data</TITLE>
<BODY BGCOLOR="white">
<H2>96749 WIII Jakarta Observations at 00Z 11 Dec 2014</H2>
<PRE>
-----------------------------------------------------------------------------
   PRES   HGHT   TEMP   DWPT   RELH   MIXR   DRCT   SKNT   THTA   THTE   THTV
    hPa     m      C      C      %    g/kg    deg   knot     K      K      K 
-----------------------------------------------------------------------------
 1008.0      8   26.0   23.9     88  18.94    310      3  298.5  353.8  301.8
 1000.0     82   25.8   22.3     81  17.28    295      6  298.9  349.5  302.0
  976.0    295   24.5   21.6     84  16.90    245     14  299.7  349.3  302.7
  925.0    767   21.6   19.9     90  16.09    260     16  301.4  348.9  304.3
  911.0    899   21.0   18.8     87  15.19    270     16  302.1  347.1  304.8
  890.0   1102   20.0   17.0     83  13.89    272     17  303.1  344.5  305.6
  850.0   1499   18.8   12.8     68  11.04    275     19  305.8  339.2  307.9
  849.0   1509   18.8   12.8     68  11.03    275     19  305.9  339.3  307.9
  814.0   1870   17.6   11.6     68  10.65    257     16  308.4  340.9  310.3
  792.0   2102   16.2   10.8     70  10.34    245     14  309.2  341.0  311.2
  737.0   2710   12.4    8.5     77   9.54    200      4  311.6  341.2  313.4
  709.0   3037   10.4    7.3     81   9.13    155     10  312.8  341.4  314.6
  700.0   3144   10.6    4.6     66   7.65    140     12  314.2  338.4  315.6
  685.0   3323    9.5    3.5     66   7.23    125     17  314.9  337.9  316.3
  642.0   3859    6.2    0.2     65   6.09    119     17  317.1  336.7  318.2
  614.0   4221    3.9   -2.9     61   5.07    115     17  318.4  335.0  319.4
  570.0   4824    0.0   -8.0     55   3.69    132      8  320.7  333.1  321.5
  549.0   5122   -2.1   -7.4     67   4.02    140      4  321.7  335.2  322.5
  529.0   5416   -4.1   -6.8     82   4.38    245      2  322.7  337.4  323.6
  518.0   5583   -5.3   -6.4     92   4.60    230      3  323.2  338.6  324.1
  500.0   5860   -6.7   -8.8     85   3.95    205      6  324.8  338.2  325.6
  490.0   6017   -7.3  -10.6     78   3.51    190      6  325.9  337.9  326.6
  466.0   6409   -8.9  -14.9     62   2.60    168      5  328.7  337.8  329.2
  453.0   6628   -9.7  -16.9     56   2.26    155      4  330.3  338.4  330.8
  444.0   6783  -10.3  -18.3     52   2.05    159      5  331.5  338.9  331.9
  442.0   6818  -10.7  -14.9     71   2.74    160      5  331.4  341.1  331.9
  439.0   6870  -10.5  -19.5     48   1.87    161      6  332.3  339.1  332.7
  422.0   7173  -13.1  -23.1     43   1.42    169      7  332.7  338.0  333.0
  419.0   7228  -13.5  -17.1     74   2.40    171      8  332.9  341.5  333.4
  400.0   7580  -15.3  -22.3     55   1.61    180     10  335.0  340.9  335.3
  372.0   8125  -19.5  -28.5     45   0.99    190     12  336.5  340.2  336.7
  353.0   8513  -22.3  -30.3     48   0.88    203      9  337.8  341.1  337.9
  351.0   8555  -22.3  -36.3     27   0.49    204      9  338.3  340.3  338.4
  343.0   8723  -23.6  -34.5     36   0.60    210      8  338.7  341.1  338.9
  331.0   8983  -25.7  -31.7     57   0.82    203     10  339.4  342.6  339.5
  316.0   9317  -28.1  -35.8     47   0.57    195     12  340.6  342.9  340.7
  306.0   9549  -29.7  -38.7     41   0.44    203     10  341.5  343.3  341.6
  303.0   9619  -30.3  -37.8     48   0.49    205     10  341.6  343.6  341.7
  300.0   9690  -30.9  -36.9     56   0.54    205     10  341.7  343.9  341.8
  299.0   9714  -31.1  -38.1     50   0.48    204     10  341.8  343.7  341.9
  295.0   9808  -32.1  -40.1     45   0.40    199     10  341.6  343.3  341.7
  278.0  10222  -35.2  -44.7     37   0.26    180     12  343.1  344.2  343.1
  273.0  10348  -36.1  -46.1     35   0.23    183     11  343.5  344.5  343.6
  254.0  10842  -40.1  -49.1     38   0.17    197      7  344.7  345.5  344.8
  250.0  10950  -40.7                         200      6  345.4         345.4
  244.0  11111  -42.0                         195      4  345.8         345.8
  233.0  11417  -44.6                         175      2  346.5         346.5
  223.0  11708  -47.0                          70      6  347.1         347.1
  203.0  12331  -52.3                          45     23  348.3         348.3
  200.0  12430  -53.1                          45     23  348.5         348.5
  160.0  13818  -64.7                          60     31  351.8         351.8
  150.0  14220  -68.1                          70     29  352.6         352.6
  147.0  14341  -68.9                          74     25  353.2         353.2
  138.0  14714  -70.8                          85     14  356.4         356.4
  131.0  15021  -72.3                         145     12  359.0         359.0
  125.0  15298  -73.7                         160     12  361.4         361.4
  124.0  15345  -73.9                         158     13  361.8         361.8
  105.0  16297  -81.3                         107     24  365.3         365.3
  101.0  16514  -82.4                          95     27  367.2         367.2
  100.0  16570  -82.7                          95     27  367.7         367.7
   96.0  16796  -83.8                          80     27  369.9         369.9
   93.6  16937  -84.5                          80     27  371.2         371.2
   86.0  17405  -84.3                          90     31  380.6         380.6
   81.0  17736  -84.2                          70     25  387.5         387.5
   78.0  17944  -84.1                          89     15  391.9         391.9
   77.0  18017  -82.6                          95     12  396.4         396.4
   73.0  18318  -76.5                          95     20  415.4         415.4
   70.0  18560  -75.9                          95     27  421.7         421.7
   69.0  18644  -75.0                          90     27  425.3         425.3
   67.1  18806  -73.3                          70     25  432.4         432.4
   66.4  18868  -71.3                          63     24  438.1         438.1
   62.0  19272  -71.6                          15     19  446.1         446.1
   56.0  19872  -72.1                           0      8  458.1         458.1
   54.0  20086  -72.2                         300      4  462.6         462.6
   51.1  20411  -72.5                         141      6  469.3         469.3
   51.0  20423  -72.2                         135      6  470.2         470.2
   50.0  20540  -69.7                         125     10  478.8         478.8
   48.9  20673  -67.1                         117     15  488.0         488.0
   48.0  20787  -66.6                         110     19  491.8         491.8
   36.0  22556  -59.2                          90     47  553.1         553.1
   35.6  22624  -58.9                          91     46  555.6         555.6
   31.0  23486  -61.2                         100     35  571.9         571.9
   30.0  23690  -61.7                         105     41  575.9         575.9
   28.0  24115  -62.0                         110     49  586.4         586.4
   26.4  24478  -62.3                         105     53  595.6         595.6
   20.0  26210  -56.3                          80     70  663.1         663.1
   19.0  26539  -55.2                          80     68  676.3         676.3
   17.1  27213  -52.9                          94     77  704.3         704.3
   17.0  27252  -52.5                          95     78  706.7         706.7
   16.8  27330  -51.8                          95     78  711.4         711.4
   16.0  27652  -48.8                          90     78  731.3         731.3
   14.6  28256  -43.1                          88     64  769.6         769.6
   13.0  29035  -44.8                          85     47  789.8         789.8
   12.7  29192  -45.1                          82     46  794.0         794.0
   12.0  29573  -44.4                          75     43  809.5         809.5
   11.0  30159  -43.3                         100     41  833.8         833.8
   10.0  30800  -42.1                          90     49  861.3         861.3
    9.3  31292  -41.3                          87     45  882.4         882.4
    9.0                                        85     43                     
</PRE><H3>Station information and sounding indices</H3><PRE>
                         Station identifier: WIII
                             Station number: 96749
                           Observation time: 141211/0000
                           Station latitude: -6.11
                          Station longitude: 106.65
                          Station elevation: 8.0
                            Showalter index: 0.50
                               Lifted index: -3.50
    LIFT computed using virtual temperature: -3.86
                                SWEAT index: 197.60
                                    K index: 32.30
                         Cross totals index: 19.50
                      Vertical totals index: 25.50
                        Totals totals index: 45.00
      Convective Available Potential Energy: 691.34
             CAPE using virtual temperature: 803.49
                      Convective Inhibition: -77.43
             CINS using virtual temperature: -44.39
                           Equilibrum Level: 193.45
 Equilibrum Level using virtual temperature: 192.71
                   Level of Free Convection: 731.18
             LFCT using virtual temperature: 756.90
                     Bulk Richardson Number: 111.02
          Bulk Richardson Number using CAPV: 129.03
  Temp [K] of the Lifted Condensation Level: 294.23
Pres [hPa] of the Lifted Condensation Level: 939.21
   Equivalent potential temp [K] of the LCL: 349.60
     Mean mixed layer potential temperature: 299.56
              Mean mixed layer mixing ratio: 17.08
              1000 hPa to 500 hPa thickness: 5778.00
Precipitable water [mm] for entire sounding: 54.12
</PRE>
<P>Description of the 
<A HREF="/upperair/columns.html">data columns</A>
or <A HREF="/upperair/indices.html">sounding indices</A>.

<P>
<FORM>
<INPUT CLASS="button" TYPE="button" VALUE=" Close this window " 
 onClick="window.close();">
<INPUT CLASS="button" TYPE="button" VALUE=" Select another map " 
 onClick="window.blur();">
</FORM>
<HR SIZE="1">
<I>Interested in graduate studies in atmospheric science?
Check out our program at the
<a href="http://www.uwyo.edu/atsc/howtoapply/"
target=_top>University of Wyoming
</a></I>
<HR SIZE="1"><FONT SIZE="-1">
Questions about the weather data provided by this site can be
addressed to <A HREF="mailto:ldoolman@uwyo.edu">
Larry Oolman (ldoolman@uwyo.edu)</A></FONT>
<HR SIZE="1">
<SCRIPT TYPE="text/javascript">
<!--
window.focus();
// -->
</SCRIPT>
</BODY>
</HTML>
