2013-10-08 00
<HTML>
<TITLE>University of Wyoming - Radiosonde Data</TITLE>
<BODY BGCOLOR="white">
<H2>96749 WIII Jakarta Observations at 00Z 08 Oct 2013</H2>
<PRE>
-----------------------------------------------------------------------------
   PRES   HGHT   TEMP   DWPT   RELH   MIXR   DRCT   SKNT   THTA   THTE   THTV
    hPa     m      C      C      %    g/kg    deg   knot     K      K      K 
-----------------------------------------------------------------------------
 1011.0      8   24.6   22.7     89  17.52    190      4  296.8  347.6  299.9
 1000.0    103   25.6   21.3     77  16.23    160      6  298.8  346.2  301.6
  979.0    290   25.6   20.6     74  15.87     98     10  300.6  347.3  303.4
  978.0    299   25.5   20.6     74  15.88     95     10  300.6  347.4  303.4
  945.0    601   23.0   20.5     85  16.31     75     12  301.0  349.2  303.9
  929.0    750   21.8   20.4     92  16.53     75     10  301.2  350.1  304.2
  925.0    788   21.8   19.9     89  16.09     75     10  301.6  349.2  304.5
  913.0    901   21.2   18.9     87  15.31     75      8  302.1  347.5  304.9
  882.0   1200   19.6   16.3     81  13.39     65      8  303.4  343.4  305.8
  850.0   1520   17.8   13.5     76  11.57     70      8  304.8  339.6  306.9
  793.0   2108   14.3    7.2     62   8.10     70     10  307.2  332.1  308.7
  765.0   2413   12.5    4.0     56   6.68     60     10  308.4  329.2  309.6
  757.0   2502   12.0    3.0     54   6.31     69      8  308.8  328.5  309.9
  739.0   2702   10.7    3.2     60   6.55     90      2  309.5  329.9  310.7
  712.0   3012    8.7    3.5     70   6.94    220      4  310.6  332.3  311.9
  700.0   3153    7.8    3.6     75   7.13    235      6  311.1  333.4  312.4
  698.0   3177    7.8    3.6     75   7.15    236      6  311.3  333.8  312.7
  688.0   3296    7.6   -1.4     53   5.05    243      8  312.4  328.5  313.4
  665.0   3575    5.8    1.3     73   6.36    258     12  313.4  333.6  314.6
  662.0   3612    5.7    0.8     71   6.15    260     12  313.7  333.2  314.8
  615.0   4211    3.1   -8.1     44   3.41    250     16  317.4  328.8  318.1
  595.0   4479    2.0  -12.0     35   2.57    259     12  319.1  327.9  319.6
  593.0   4506    1.9  -12.8     33   2.42    260     12  319.3  327.6  319.8
  561.0   4952    0.0  -26.0     12   0.82    238     12  322.2  325.2  322.4
  550.0   5109   -1.5  -21.1     21   1.30    230     12  322.3  326.9  322.5
  534.0   5344   -3.7  -13.7     46   2.50    208     13  322.4  330.9  322.8
  515.0   5629   -5.3  -30.3     12   0.60    182     13  323.8  326.0  323.9
  500.0   5860   -7.1  -32.1     12   0.52    160     14  324.3  326.3  324.4
  490.0   6016   -8.0  -31.8     13   0.55    150     16  325.0  327.1  325.1
  472.0   6305   -9.8  -31.3     15   0.60    140     16  326.4  328.6  326.5
  453.0   6622  -11.7  -30.7     19   0.66     88     14  327.8  330.3  328.0
  446.0   6741  -10.7  -38.7      8   0.30     69     13  330.6  331.8  330.6
  436.0   6914  -11.7  -39.7      8   0.28     40     12  331.5  332.6  331.5
  403.0   7513  -15.0  -43.0      7   0.21     50     10  334.7  335.6  334.8
  400.0   7570  -15.3  -43.3      7   0.21     55     10  335.0  335.9  335.1
  388.0   7798  -16.6  -44.0      7   0.20     75      8  336.2  337.0  336.2
  347.0   8633  -21.5  -46.5      9   0.17    109      9  340.5  341.2  340.6
  330.0   8998  -24.5  -46.8     11   0.17    125     10  341.3  342.0  341.3
  300.0   9690  -30.3  -47.3     17   0.18    110     16  342.6  343.3  342.6
  266.0  10526  -38.5  -50.5     27   0.14    110     21  342.5  343.1  342.5
  260.0  10684  -40.1  -51.1     30   0.13    110     20  342.4  343.0  342.5
  250.0  10950  -42.1                         110     19  343.3         343.3
  233.0  11414  -46.0                          95     16  344.4         344.4
  203.0  12322  -53.7                          45     23  346.1         346.1
  200.0  12420  -54.5                          45     23  346.3         346.3
  150.0  14190  -70.1                          60     37  349.1         349.1
  144.0  14431  -72.0                          55     39  349.9         349.9
  137.0  14726  -74.3                          62     48  350.9         350.9
  130.0  15028  -75.3                          70     58  354.5         354.5
  111.0  15940  -78.2                          60     21  365.4         365.4
  102.0  16427  -79.7                          85      8  371.4         371.4
  100.0  16540  -79.5                          75      8  373.9         373.9
   90.0  17142  -77.4                          40      8  389.5         389.5
   87.8  17283  -76.9                          73      8  393.2         393.2
   81.0  17756  -73.1                         180      8  410.2         410.2
   77.0  18052  -70.7                         310     17  421.2         421.2
   75.4  18175  -69.7                         301     19  425.8         425.8
   70.0  18620  -68.3                         270     25  437.9         437.9
   67.0  18883  -68.3                         255     31  443.4         443.4
   60.0  19544  -68.3                         295     27  457.6         457.6
   59.4  19605  -68.3                         291     28  459.0         459.0
   52.0  20404  -67.5                         235     35  478.6         478.6
   50.0  20640  -67.3                         235     29  484.5         484.5
   47.0  21012  -67.2                         225     14  493.4         493.4
   45.0  21274  -67.1                         240     12  499.8         499.8
   43.0  21547  -67.0                         275     16  506.6         506.6
   41.6  21746  -66.9                         278     17  511.6         511.6
   39.0  22143  -62.3                         285     19  532.8         532.8
   36.9  22483  -58.3                         275     27  551.5         551.5
   35.0  22814  -58.4                         265     35  559.8         559.8
   30.0  23780  -58.5                         260     25  584.6         584.6
   29.7  23843  -58.5                         257     23  586.2         586.2
   29.0  23996  -58.0                         250     19  591.6         591.6
   28.0  24220  -57.3                         225     23  599.5         599.5
   25.0  24945  -55.0                         270     17  625.9         625.9
   24.0  25206  -54.2                         270     16  635.6         635.6
   22.1  25734  -52.5                         298     32  655.7         655.7
   22.0  25763  -52.5                         300     33  656.5         656.5
   20.0  26380  -53.3                         295     35  672.3         672.3
   17.0  27429  -51.6                         275     25  709.8         709.8
   16.9  27467  -51.5                         273     25  711.2         711.2
   16.0  27826  -50.9                         255     29  724.2         724.2
   14.0  28702  -49.6                         235     31  757.0         757.0
   13.0  29189  -48.8                         205     19  775.9         775.9
   11.0  30285  -47.1                         240     14  820.1         820.1
   10.0  30910  -46.1                         330     17  846.4         846.4
    9.0  31614  -43.5                                     882.2         882.2
</PRE><H3>Station information and sounding indices</H3><PRE>
                         Station identifier: WIII
                             Station number: 96749
                           Observation time: 131008/0000
                           Station latitude: -6.11
                          Station longitude: 106.65
                          Station elevation: 8.0
                            Showalter index: -0.04
                               Lifted index: -3.05
    LIFT computed using virtual temperature: -3.89
                                SWEAT index: 192.01
                                    K index: 34.20
                         Cross totals index: 20.60
                      Vertical totals index: 24.90
                        Totals totals index: 45.50
      Convective Available Potential Energy: 471.85
             CAPE using virtual temperature: 659.50
                      Convective Inhibition: -52.70
             CINS using virtual temperature: -39.31
                           Equilibrum Level: 192.05
 Equilibrum Level using virtual temperature: 190.11
                   Level of Free Convection: 797.66
             LFCT using virtual temperature: 834.83
                     Bulk Richardson Number: 91.37
          Bulk Richardson Number using CAPV: 127.70
  Temp [K] of the Lifted Condensation Level: 293.15
Pres [hPa] of the Lifted Condensation Level: 925.26
   Equivalent potential temp [K] of the LCL: 347.23
     Mean mixed layer potential temperature: 299.75
              Mean mixed layer mixing ratio: 16.20
              1000 hPa to 500 hPa thickness: 5757.00
Precipitable water [mm] for entire sounding: 44.32
</PRE>
<P>Description of the 
<A HREF="/upperair/columns.html">data columns</A>
or <A HREF="/upperair/indices.html">sounding indices</A>.

<P>
<FORM>
<INPUT CLASS="button" TYPE="button" VALUE=" Close this window " 
 onClick="window.close();">
<INPUT CLASS="button" TYPE="button" VALUE=" Select another map " 
 onClick="window.blur();">
</FORM>
<HR SIZE="1">
<I>Interested in graduate studies in atmospheric science?
Check out our program at the
<a href="http://www.uwyo.edu/atsc/howtoapply/"
target=_top>University of Wyoming
</a></I>
<HR SIZE="1"><FONT SIZE="-1">
Questions about the weather data provided by this site can be
addressed to <A HREF="mailto:ldoolman@uwyo.edu">
Larry Oolman (ldoolman@uwyo.edu)</A></FONT>
<HR SIZE="1">
<SCRIPT TYPE="text/javascript">
<!--
window.focus();
// -->
</SCRIPT>
</BODY>
</HTML>
