2014-04-19 12
<HTML>
<TITLE>University of Wyoming - Radiosonde Data</TITLE>
<BODY BGCOLOR="white">
<H2>96749 WIII Jakarta Observations at 00Z 19 Apr 2014</H2>
<PRE>
-----------------------------------------------------------------------------
   PRES   HGHT   TEMP   DWPT   RELH   MIXR   DRCT   SKNT   THTA   THTE   THTV
    hPa     m      C      C      %    g/kg    deg   knot     K      K      K 
-----------------------------------------------------------------------------
 1010.0      8   24.4   23.4     94  18.32    160      4  296.7  349.8  299.9
 1005.0     52   25.6   23.1     86  18.07    170      6  298.3  351.1  301.5
 1000.0     96   25.2   22.7     86  17.72    180      8  298.4  350.1  301.5
  977.0    300   24.5   21.3     82  16.59    230     17  299.6  348.3  302.6
  925.0    779   22.8   17.9     74  14.15    230     14  302.6  344.7  305.2
  916.0    865   22.8   16.8     69  13.31    227     13  303.5  343.2  305.9
  912.0    902   22.5   16.6     69  13.25    225     12  303.6  343.2  306.0
  881.0   1202   20.4   15.5     73  12.73    200     10  304.4  342.6  306.7
  851.0   1503   18.3   14.3     78  12.22    215      6  305.2  342.0  307.4
  850.0   1513   18.2   14.3     78  12.20    220      6  305.2  341.9  307.4
  822.0   1796   16.6   12.8     78  11.39    255      6  306.4  340.9  308.5
  794.0   2089   14.8   11.2     79  10.61    210      4  307.6  340.0  309.6
  739.0   2695   11.3    7.9     79   9.11    220      6  310.1  338.3  311.8
  713.0   2998    9.6    6.2     80   8.42    210      6  311.4  337.6  313.0
  708.0   3058    9.2    5.9     80   8.29    202      6  311.6  337.5  313.2
  700.0   3152    9.4    3.4     66   7.03    190      6  312.9  335.1  314.2
  690.0   3271    9.2   -0.8     50   5.26    171      6  313.9  330.8  314.9
  673.0   3478    8.2    5.5     83   8.49    139      6  315.1  341.9  316.7
  663.0   3600    7.5    4.7     83   8.17    120      6  315.6  341.5  317.1
  640.0   3887    5.8    3.0     82   7.45     60      2  316.9  340.7  318.3
  616.0   4198    4.0    1.0     81   6.73     40      4  318.3  340.0  319.6
  594.0   4494    2.2   -0.8     80   6.10     35      2  319.6  339.4  320.7
  572.0   4802    0.4   -2.8     79   5.49    240      2  320.9  339.0  322.0
  567.0   4873    0.0   -3.2     79   5.36    258      2  321.2  338.9  322.3
  531.0   5394   -4.1   -5.8     88   4.71     30      6  322.3  338.0  323.2
  528.0   5439   -4.5   -6.0     89   4.65     30      6  322.4  337.9  323.3
  525.0   5484   -2.7   -6.5     75   4.50     31      7  325.1  340.3  326.0
  500.0   5870   -4.3  -12.3     54   2.99     35     10  327.7  338.1  328.3
  492.0   5997   -5.3  -13.3     53   2.80     32     10  328.0  337.8  328.6
  473.0   6301   -7.3  -15.1     54   2.51     25     10  329.2  338.1  329.7
  456.0   6584   -9.2  -16.8     54   2.27    350     10  330.3  338.4  330.8
  415.0   7311  -14.1  -21.1     55   1.72     40      9  333.1  339.3  333.4
  400.0   7590  -14.9  -22.9     51   1.52     60      8  335.5  341.2  335.9
  389.0   7799  -16.7  -23.9     54   1.44     70     10  335.8  341.2  336.1
  374.0   8094  -19.3  -25.3     59   1.32     55     12  336.2  341.1  336.5
  369.0   8194  -19.5  -24.1     67   1.49     61     12  337.2  342.8  337.6
  362.0   8336  -19.9  -33.9     28   0.60     68     13  338.6  340.9  338.7
  334.0   8927  -24.3  -37.3     29   0.47    101     14  340.4  342.3  340.5
  331.0   8993  -24.7  -38.8     26   0.40    105     14  340.7  342.4  340.8
  323.0   9170  -25.9  -42.9     19   0.27    104     14  341.5  342.6  341.5
  307.0   9536  -28.9  -40.9     31   0.35    101     14  342.3  343.7  342.3
  300.0   9700  -30.3  -44.3     24   0.25    100     14  342.6  343.6  342.6
  288.0   9989  -32.7  -41.7     40   0.34     97     16  343.1  344.6  343.2
  279.0  10212  -34.7  -48.7     23   0.16     94     18  343.4  344.1  343.4
  252.0  10916  -40.1  -59.1     11   0.05     86     23  345.5  345.8  345.5
  250.0  10970  -40.5                          85     23  345.7         345.7
  215.0  11970  -49.1                          80     23  347.5         347.5
  200.0  12450  -53.3                          90     25  348.2         348.2
  178.0  13175  -59.3                          80     27  350.2         350.2
  150.0  14240  -68.1                          65     25  352.6         352.6
  142.0  14566  -70.9                          54     19  353.3         353.3
  139.0  14690  -71.5                          50     16  354.4         354.4
  132.0  14988  -72.9                          25     12  357.1         357.1
  119.0  15588  -75.8                         275     10  362.5         362.5
  113.0  15887  -77.2                         245      4  365.2         365.2
  107.0  16202  -78.8                         175      2  368.1         368.1
  102.0  16478  -80.1                          80      6  370.6         370.6
  100.0  16590  -80.7                          95      4  371.6         371.6
   91.0  17116  -82.6                          95      4  377.9         377.9
   87.1  17361  -83.5                          95      6  380.9         380.9
   87.0  17367  -83.5                          85      4  381.1         381.1
   82.0  17698  -81.8                         355     14  390.9         390.9
   78.0  17977  -80.4                         340     21  399.4         399.4
   77.6  18006  -80.3                         341     21  400.3         400.3
   74.0  18278  -75.1                         350     25  416.7         416.7
   73.3  18332  -74.1                         347     22  420.0         420.0
   70.0  18600  -74.1                         335     10  425.5         425.5
   67.5  18812  -74.3                         298      8  429.6         429.6
   67.0  18856  -73.5                         290      8  432.1         432.1
   65.4  18998  -71.1                         285     13  440.4         440.4
   60.0  19509  -71.2                         265     31  451.2         451.2
   54.0  20133  -71.3                         240     27  464.8         464.8
   52.6  20288  -71.3                         245     28  468.2         468.2
   50.0  20590  -69.1                         255     31  480.2         480.2
   49.0  20712  -68.8                         260     31  483.8         483.8
   47.0  20964  -68.1                         250     23  491.2         491.2
   42.0  21643  -66.2                         275     19  511.8         511.8
   40.0  21938  -65.4                         255     12  521.0         521.0
   38.0  22247  -64.6                         280     12  530.9         530.9
   37.0  22408  -64.2                         285      8  536.0         536.0
   36.4  22507  -63.9                         272      9  539.2         539.2
   35.0  22750  -62.0                         240     10  550.3         550.3
   33.0  23115  -59.1                         255     16  567.3         567.3
   32.6  23190  -58.5                         247     12  570.9         570.9
   32.0  23306  -58.8                         235      6  573.2         573.2
   30.0  23710  -59.7                          65      4  581.3         581.3
   29.0  23922  -59.3                          15      8  588.0         588.0
   27.5  24255  -58.7                          17     15  598.7         598.7
   26.0  24612  -55.9                          20     23  616.4         616.4
   25.0  24861  -53.9                          55     25  629.0         629.0
   24.2  25068  -52.3                          73     28  639.5         639.5
   23.0  25397  -52.3                         100     33  648.9         648.9
   20.0  26300  -52.3                          85     51  675.3         675.3
   19.7  26398  -51.9                          85     52  679.5         679.5
   19.0  26630  -53.2                          85     54  682.6         682.6
   18.0  26978  -55.1                          85     55  687.1         687.1
   16.8  27423  -50.7                          85     57  715.0         715.0
   16.0  27746  -49.9                          85     58  727.7         727.7
   14.0  28630  -47.6                          95     49  763.5         763.5
   13.0  29120  -46.4                         100     66  784.2         784.2
   12.5  29380  -45.8                         100     66  795.3         795.3
   11.0  30226  -43.6                          85     56  832.7         832.7
   10.8  30348  -43.3                                     838.1         838.1
</PRE><H3>Station information and sounding indices</H3><PRE>
                         Station identifier: WIII
                             Station number: 96749
                           Observation time: 140419/0000
                           Station latitude: -6.11
                          Station longitude: 106.65
                          Station elevation: 8.0
                            Showalter index: 1.81
                               Lifted index: -0.74
    LIFT computed using virtual temperature: -1.22
                                SWEAT index: 193.61
                                    K index: 30.80
                         Cross totals index: 18.60
                      Vertical totals index: 22.50
                        Totals totals index: 41.10
      Convective Available Potential Energy: 422.09
             CAPE using virtual temperature: 532.15
                      Convective Inhibition: -76.95
             CINS using virtual temperature: -55.24
                           Equilibrum Level: 207.46
 Equilibrum Level using virtual temperature: 207.37
                   Level of Free Convection: 791.24
             LFCT using virtual temperature: 822.40
                     Bulk Richardson Number: 51.00
          Bulk Richardson Number using CAPV: 64.29
  Temp [K] of the Lifted Condensation Level: 294.01
Pres [hPa] of the Lifted Condensation Level: 939.43
   Equivalent potential temp [K] of the LCL: 348.60
     Mean mixed layer potential temperature: 299.32
              Mean mixed layer mixing ratio: 16.86
              1000 hPa to 500 hPa thickness: 5774.00
Precipitable water [mm] for entire sounding: 54.73
</PRE>
<P>Description of the 
<A HREF="/upperair/columns.html">data columns</A>
or <A HREF="/upperair/indices.html">sounding indices</A>.

<P>
<FORM>
<INPUT CLASS="button" TYPE="button" VALUE=" Close this window " 
 onClick="window.close();">
<INPUT CLASS="button" TYPE="button" VALUE=" Select another map " 
 onClick="window.blur();">
</FORM>
<HR SIZE="1">
<I>Interested in graduate studies in atmospheric science?
Check out our program at the
<a href="http://www.uwyo.edu/atsc/howtoapply/"
target=_top>University of Wyoming
</a></I>
<HR SIZE="1"><FONT SIZE="-1">
Questions about the weather data provided by this site can be
addressed to <A HREF="mailto:ldoolman@uwyo.edu">
Larry Oolman (ldoolman@uwyo.edu)</A></FONT>
<HR SIZE="1">
<SCRIPT TYPE="text/javascript">
<!--
window.focus();
// -->
</SCRIPT>
</BODY>
</HTML>
